$name
[1] "bay1"

$leafarea
[1] 27.39454

$startbasevolt
            timestamp record LWSmV  SEmV CSEmV CSEmV.sd      loadmV  loadmV.sd
1 2013-08-06 13:07:45      3 265.1 149.8 149.8        0 -0.12088989 0.09534357
2 2013-08-06 13:08:00      4 265.1 149.9 149.9        0 -0.02088989 0.09534357
3 2013-08-06 13:08:15      5 265.1 150.0 150.0        0  0.07911011 0.09534357
4 2013-08-06 13:08:30      6 265.1 150.0 150.0        0  0.07911011 0.09534357

$endbasevolt
            timestamp record LWSmV  SEmV    CSEmV     CSEmV.sd      loadmV  loadmV.sd
1 2013-08-06 14:02:30    222 265.1 149.5 150.0327 4.388769e-05  0.11177979 0.09534358
2 2013-08-06 14:02:45    223 265.1 149.5 150.0351 4.388769e-05  0.11424585 0.09534358
3 2013-08-06 14:03:00    224 265.1 149.3 149.8376 4.388769e-05 -0.08328808 0.09534358
4 2013-08-06 14:03:15    225 265.1 149.3 149.8401 4.388769e-05 -0.08082202 0.09534358
5 2013-08-06 14:03:30    226 265.1 149.3 149.8425 4.388769e-05 -0.07835596 0.09534358

$dryragvolt
            timestamp record LWSmV  SEmV    CSEmV     CSEmV.sd   loadmV  loadmV.sd
1 2013-08-06 13:59:00    208 331.0 267.2 267.6981 4.388769e-05 117.7773 0.09534358
2 2013-08-06 13:59:15    209 330.7 267.1 267.6006 4.388769e-05 117.6797 0.09534358
3 2013-08-06 13:59:30    210 330.4 267.0 267.5031 4.388769e-05 117.5822 0.09534358

$wetragvolt
            timestamp record LWSmV  SEmV    CSEmV     CSEmV.sd   loadmV  loadmV.sd
1 2013-08-06 14:00:15    213 266.5 268.5 269.0105 4.388769e-05 119.0896 0.09534358
2 2013-08-06 14:00:30    214 266.3 268.4 268.9129 4.388769e-05 118.9921 0.09534358
3 2013-08-06 14:00:45    215 265.8 268.2 268.7154 4.388769e-05 118.7945 0.09534358

$rundata
              timestamp record LWSmV  SEmV    CSEmV     CSEmV.sd   loadmV  loadmV.sd     watermass watermass.sd surfacedensity surfacedensity.sd runfilter      LWSwater LWSwater.stdev LWSsurfacedensity LWSsurfacedensity.stdev
1   2013-08-06 13:13:00     24 265.1 165.3 165.3444 4.388769e-05 15.42350 0.09534358 -0.0007123417  0.004409746  -2.600305e-05      0.0001609717         0 -2.843756e-03    0.001285489     -8.739263e-05            3.950488e-05
2   2013-08-06 13:13:15     25 265.6 165.2 165.2469 4.388769e-05 15.32597 0.09534358 -0.0049568548  0.004409690  -1.809431e-04      0.0001609697         0 -2.334580e-03    0.001282210     -7.174492e-05            3.940413e-05
3   2013-08-06 13:13:30     26 265.8 165.5 165.5493 4.388769e-05 15.62843 0.09534358  0.0082059601  0.004409864   2.995473e-04      0.0001609760         0 -2.130909e-03    0.001280903     -6.548584e-05            3.936394e-05
4   2013-08-06 13:13:45     27 265.8 165.5 165.5518 4.388769e-05 15.63090 0.09534358  0.0083132791  0.004409866   3.034648e-04      0.0001609761         0 -2.130909e-03    0.001280903     -6.548584e-05            3.936394e-05
5   2013-08-06 13:14:00     28 266.2 165.5 165.5543 4.388769e-05 15.63336 0.09534358  0.0084205980  0.004409867   3.073823e-04      0.0001609761         0 -1.723568e-03    0.001278294     -5.296767e-05            3.928377e-05
6   2013-08-06 13:14:15     29 266.5 165.5 165.5567 4.388769e-05 15.63583 0.09534358  0.0085279169  0.004409868   3.112998e-04      0.0001609762         0 -1.418062e-03    0.001276343     -4.357904e-05            3.922382e-05
7   2013-08-06 13:14:30     30 266.5 165.4 165.4592 4.388769e-05 15.53830 0.09534358  0.0042834039  0.004409812   1.563598e-04      0.0001609741         0 -1.418062e-03    0.001276343     -4.357904e-05            3.922382e-05
8   2013-08-06 13:14:45     31 267.0 165.6 165.6617 4.388769e-05 15.74076 0.09534358  0.0130943868  0.004409930   4.779925e-04      0.0001609784         0 -9.088854e-04    0.001273103     -2.793133e-05            3.912424e-05
9   2013-08-06 13:15:00     32 267.1 165.5 165.5641 4.388769e-05 15.64323 0.09534358  0.0088498737  0.004409873   3.230524e-04      0.0001609763         0 -8.070501e-04    0.001272456     -2.480179e-05            3.910438e-05
10  2013-08-06 13:15:15     33 267.4 165.3 165.3666 4.388769e-05 15.44569 0.09534358  0.0002535287  0.004409759   9.254715e-06      0.0001609722         0 -5.015442e-04    0.001270520     -1.541316e-05            3.904488e-05
11  2013-08-06 13:15:30     34 267.8 165.4 165.4690 4.388769e-05 15.54816 0.09534358  0.0047126796  0.004409818   1.720299e-04      0.0001609743         0 -9.420292e-05    0.001267947     -2.894988e-06            3.896579e-05
12  2013-08-06 13:15:45     35 268.0 165.6 165.6715 4.388769e-05 15.75063 0.09534358  0.0135236625  0.004409935   4.936626e-04      0.0001609786         0  1.094677e-04    0.001266664      3.364097e-06            3.892635e-05
13  2013-08-06 13:16:00     36 268.5 165.4 165.4740 4.388769e-05 15.55309 0.09534358  0.0049273175  0.004409820   1.798649e-04      0.0001609744         0  6.186443e-04    0.001263465      1.901181e-05            3.882805e-05
14  2013-08-06 13:16:15     37 268.6 165.7 165.7764 4.388769e-05 15.85556 0.09534358  0.0180901324  0.004409997   6.603553e-04      0.0001609809         0  7.204796e-04    0.001262827      2.214135e-05            3.880844e-05
15  2013-08-06 13:16:30     38 269.2 165.5 165.5789 4.388769e-05 15.65802 0.09534358  0.0094937873  0.004409881   3.465576e-04      0.0001609766         0  1.331491e-03    0.001259010      4.091861e-05            3.869116e-05
16  2013-08-06 13:16:45     39 269.2 165.5 165.5814 4.388769e-05 15.66049 0.09534358  0.0096011063  0.004409883   3.504751e-04      0.0001609767         0  1.331491e-03    0.001259010      4.091861e-05            3.869116e-05
17  2013-08-06 13:17:00     40 269.8 165.3 165.3838 4.388769e-05 15.46296 0.09534358  0.0010047612  0.004409768   3.667742e-05      0.0001609725         0  1.942503e-03    0.001255214      5.969586e-05            3.857450e-05
18  2013-08-06 13:17:15     41 269.9 165.3 165.3863 4.388769e-05 15.46542 0.09534358  0.0011120801  0.004409770   4.059495e-05      0.0001609726         0  2.044339e-03    0.001254584      6.282540e-05            3.855512e-05
19  2013-08-06 13:17:30     42 270.5 165.4 165.4888 4.388769e-05 15.56789 0.09534358  0.0055712311  0.004409829   2.033701e-04      0.0001609747         0  2.655350e-03    0.001250812      8.160266e-05            3.843921e-05
20  2013-08-06 13:17:45     43 270.6 165.4 165.4912 4.388769e-05 15.57035 0.09534358  0.0056785500  0.004409830   2.072876e-04      0.0001609748         0  2.757186e-03    0.001250185      8.473220e-05            3.841995e-05
21  2013-08-06 13:18:00     44 271.2 165.4 165.4937 4.388769e-05 15.57282 0.09534358  0.0057858689  0.004409832   2.112052e-04      0.0001609748         0  3.368198e-03    0.001246438      1.035095e-04            3.830479e-05
22  2013-08-06 13:18:15     45 271.3 165.5 165.5962 4.388769e-05 15.67529 0.09534358  0.0102450199  0.004409891   3.739803e-04      0.0001609770         0  3.470033e-03    0.001245815      1.066390e-04            3.828566e-05
23  2013-08-06 13:18:30     46 271.9 165.4 165.4986 4.388769e-05 15.57775 0.09534358  0.0060005068  0.004409835   2.190402e-04      0.0001609749         0  4.081045e-03    0.001242093      1.254163e-04            3.817126e-05
24  2013-08-06 13:18:45     47 272.0 165.7 165.8011 4.388769e-05 15.88022 0.09534358  0.0191633217  0.004410012   6.995306e-04      0.0001609814         0  4.182880e-03    0.001241474      1.285458e-04            3.815226e-05
25  2013-08-06 13:19:00     48 272.6 165.5 165.6036 4.388769e-05 15.68268 0.09534358  0.0105669767  0.004409896   3.857329e-04      0.0001609772         0  4.793892e-03    0.001237777      1.473230e-04            3.803862e-05
26  2013-08-06 13:19:15     49 272.8 165.5 165.6060 4.388769e-05 15.68515 0.09534358  0.0106742956  0.004409897   3.896504e-04      0.0001609772         0  4.997563e-03    0.001236549      1.535821e-04            3.800089e-05
27  2013-08-06 13:19:30     50 273.3 165.7 165.8085 4.388769e-05 15.88762 0.09534358  0.0194852785  0.004410016   7.112832e-04      0.0001609816         0  5.506739e-03    0.001233490      1.692298e-04            3.790688e-05
28  2013-08-06 13:19:45     51 273.5 165.5 165.6110 4.388769e-05 15.69008 0.09534358  0.0108889335  0.004409900   3.974855e-04      0.0001609773         0  5.710410e-03    0.001232271      1.754889e-04            3.786941e-05
29  2013-08-06 13:20:00     52 273.9 165.4 165.5134 4.388769e-05 15.59255 0.09534358  0.0066444204  0.004409843   2.425454e-04      0.0001609752         0  6.117751e-03    0.001229839      1.880071e-04            3.779469e-05
30  2013-08-06 13:20:15     53 274.4 165.6 165.7159 4.388769e-05 15.79502 0.09534358  0.0154554033  0.004409961   5.641782e-04      0.0001609796         1  6.626928e-03    0.001226814      2.036548e-04            3.770171e-05
31  2013-08-06 13:20:30     54 274.6 165.8 165.9184 4.388769e-05 15.99748 0.09534358  0.0242663862  0.004410081   8.858110e-04      0.0001609839         1  6.830598e-03    0.001225608      2.099139e-04            3.766465e-05
32  2013-08-06 13:20:45     55 275.1 165.7 165.8208 4.388769e-05 15.89995 0.09534358  0.0200218732  0.004410023   7.308709e-04      0.0001609818         1  7.339775e-03    0.001222604      2.255616e-04            3.757234e-05
33  2013-08-06 13:21:00     56 275.3 165.5 165.6233 4.388769e-05 15.70241 0.09534358  0.0114255281  0.004409907   4.170731e-04      0.0001609776         0  7.543445e-03    0.001221407      2.318207e-04            3.753555e-05
34  2013-08-06 13:21:15     57 275.9 165.5 165.6258 4.388769e-05 15.70488 0.09534358  0.0115328471  0.004409909   4.209907e-04      0.0001609776         0  8.154457e-03    0.001217830      2.505979e-04            3.742563e-05
35  2013-08-06 13:21:30     58 276.1 165.7 165.8282 4.388769e-05 15.90735 0.09534358  0.0203438300  0.004410028   7.426235e-04      0.0001609820         1  8.358128e-03    0.001216643      2.568570e-04            3.738915e-05
36  2013-08-06 13:21:45     59 276.6 165.9 166.0307 4.388769e-05 16.10981 0.09534358  0.0291548129  0.004410148   1.064256e-03      0.0001609864         1  8.867304e-03    0.001213686      2.725047e-04            3.729828e-05
37  2013-08-06 13:22:00     60 276.9 165.7 165.8332 4.388769e-05 15.91228 0.09534358  0.0205584678  0.004410031   7.504585e-04      0.0001609821         1  9.172810e-03    0.001211920      2.818934e-04            3.724399e-05
38  2013-08-06 13:22:15     61 277.3 165.7 165.8356 4.388769e-05 15.91474 0.09534358  0.0206657868  0.004410032   7.543760e-04      0.0001609821         1  9.580152e-03    0.001209573      2.944115e-04            3.717189e-05
39  2013-08-06 13:22:30     62 277.7 165.7 165.8381 4.388769e-05 15.91721 0.09534358  0.0207731057  0.004410033   7.582936e-04      0.0001609822         1  9.987493e-03    0.001207237      3.069297e-04            3.710009e-05
40  2013-08-06 13:22:45     63 278.0 165.7 165.8406 4.388769e-05 15.91968 0.09534358  0.0208804246  0.004410035   7.622111e-04      0.0001609822         1  1.029300e-02    0.001205492      3.163183e-04            3.704646e-05
41  2013-08-06 13:23:00     64 278.6 166.0 166.1430 4.388769e-05 16.22214 0.09534358  0.0340432396  0.004410216   1.242702e-03      0.0001609888         1  1.090401e-02    0.001202019      3.350956e-04            3.693973e-05
42  2013-08-06 13:23:15     65 278.7 166.0 166.1455 4.388769e-05 16.22461 0.09534358  0.0341505585  0.004410217   1.246619e-03      0.0001609889         1  1.100585e-02    0.001201442      3.382251e-04            3.692201e-05
43  2013-08-06 13:23:30     66 279.3 165.9 166.0480 4.388769e-05 16.12707 0.09534358  0.0299060454  0.004410158   1.091679e-03      0.0001609868         1  1.161686e-02    0.001197997      3.570024e-04            3.681612e-05
44  2013-08-06 13:23:45     67 279.5 165.8 165.9504 4.388769e-05 16.02954 0.09534358  0.0256615324  0.004410100   9.367388e-04      0.0001609846         1  1.182053e-02    0.001196853      3.632615e-04            3.678099e-05
45  2013-08-06 13:24:00     68 280.1 165.9 166.0529 4.388769e-05 16.13201 0.09534358  0.0301206833  0.004410161   1.099514e-03      0.0001609869         1  1.243154e-02    0.001193440      3.820387e-04            3.667608e-05
46  2013-08-06 13:24:15     69 280.2 165.8 165.9554 4.388769e-05 16.03447 0.09534358  0.0258761702  0.004410103   9.445739e-04      0.0001609847         1  1.253338e-02    0.001192873      3.851683e-04            3.665867e-05
47  2013-08-06 13:24:30     70 280.7 165.8 165.9578 4.388769e-05 16.03694 0.09534358  0.0259834892  0.004410105   9.484914e-04      0.0001609848         1  1.304255e-02    0.001190050      4.008160e-04            3.657191e-05
48  2013-08-06 13:24:45     71 281.1 165.9 166.0603 4.388769e-05 16.13940 0.09534358  0.0304426401  0.004410166   1.111267e-03      0.0001609870         1  1.344989e-02    0.001187804      4.133342e-04            3.650288e-05
49  2013-08-06 13:25:00     72 281.4 165.9 166.0628 4.388769e-05 16.14187 0.09534358  0.0305499590  0.004410167   1.115184e-03      0.0001609871         1  1.375540e-02    0.001186126      4.227228e-04            3.645133e-05
50  2013-08-06 13:25:15     73 281.9 165.9 166.0652 4.388769e-05 16.14434 0.09534358  0.0306572780  0.004410169   1.119102e-03      0.0001609871         1  1.426458e-02    0.001183344      4.383705e-04            3.636582e-05
51  2013-08-06 13:25:30     74 282.1 165.9 166.0677 4.388769e-05 16.14680 0.09534358  0.0307645969  0.004410170   1.123019e-03      0.0001609872         1  1.446825e-02    0.001182236      4.446296e-04            3.633177e-05
52  2013-08-06 13:25:45     75 282.7 165.9 166.0702 4.388769e-05 16.14927 0.09534358  0.0308719158  0.004410172   1.126937e-03      0.0001609872         1  1.507926e-02    0.001178928      4.634068e-04            3.623011e-05
53  2013-08-06 13:26:00     76 282.8 166.0 166.1726 4.388769e-05 16.25173 0.09534358  0.0353310668  0.004410233   1.289712e-03      0.0001609895         1  1.518109e-02    0.001178379      4.665364e-04            3.621324e-05
54  2013-08-06 13:26:15     77 283.4 166.0 166.1751 4.388769e-05 16.25420 0.09534358  0.0354383857  0.004410235   1.293629e-03      0.0001609895         1  1.579211e-02    0.001175100      4.853136e-04            3.611248e-05
55  2013-08-06 13:26:30     78 283.6 165.9 166.0776 4.388769e-05 16.15667 0.09534358  0.0311938726  0.004410176   1.138689e-03      0.0001609874         1  1.599578e-02    0.001174013      4.915727e-04            3.607907e-05
56  2013-08-06 13:26:45     79 284.1 165.8 165.9800 4.388769e-05 16.05913 0.09534358  0.0269493596  0.004410118   9.837492e-04      0.0001609853         1  1.650495e-02    0.001171307      5.072204e-04            3.599591e-05
57  2013-08-06 13:27:00     80 284.4 165.8 165.9825 4.388769e-05 16.06160 0.09534358  0.0270566785  0.004410119   9.876667e-04      0.0001609853         1  1.681046e-02    0.001169692      5.166091e-04            3.594627e-05
58  2013-08-06 13:27:15     81 284.8 165.8 165.9850 4.388769e-05 16.06406 0.09534358  0.0271639974  0.004410121   9.915843e-04      0.0001609854         1  1.721780e-02    0.001167548      5.291272e-04            3.588040e-05
59  2013-08-06 13:27:30     82 285.3 165.8 165.9874 4.388769e-05 16.06653 0.09534358  0.0272713164  0.004410122   9.955018e-04      0.0001609854         1  1.772698e-02    0.001164885      5.447749e-04            3.579855e-05
60  2013-08-06 13:27:45     83 285.5 165.6 165.7899 4.388769e-05 15.86900 0.09534358  0.0186749713  0.004410005   6.817041e-04      0.0001609811         1  1.793065e-02    0.001163825      5.510340e-04            3.576597e-05
61  2013-08-06 13:28:00     84 286.0 165.9 166.0924 4.388769e-05 16.17146 0.09534358  0.0318377862  0.004410185   1.162194e-03      0.0001609877         1  1.843982e-02    0.001161187      5.666817e-04            3.568490e-05
62  2013-08-06 13:28:15     85 286.3 165.8 165.9948 4.388769e-05 16.07393 0.09534358  0.0275932732  0.004410127   1.007254e-03      0.0001609856         1  1.874533e-02    0.001159612      5.760704e-04            3.563652e-05
63  2013-08-06 13:28:30     86 286.9 165.8 165.9973 4.388769e-05 16.07640 0.09534358  0.0277005921  0.004410128   1.011172e-03      0.0001609856         1  1.935634e-02    0.001156484      5.948476e-04            3.554037e-05
64  2013-08-06 13:28:45     87 287.0 166.0 166.1998 4.388769e-05 16.27886 0.09534358  0.0365115750  0.004410250   1.332805e-03      0.0001609901         1  1.945818e-02    0.001155965      5.979772e-04            3.552443e-05
65  2013-08-06 13:29:00     88 287.5 165.8 166.0022 4.388769e-05 16.08133 0.09534358  0.0279152300  0.004410131   1.019007e-03      0.0001609858         1  1.996735e-02    0.001153382      6.136249e-04            3.544504e-05
66  2013-08-06 13:29:15     89 287.8 165.8 166.0047 4.388769e-05 16.08379 0.09534358  0.0280225489  0.004410133   1.022924e-03      0.0001609858         1  2.027286e-02    0.001151841      6.230135e-04            3.539768e-05
67  2013-08-06 13:29:30     90 288.2 165.8 166.0071 4.388769e-05 16.08626 0.09534358  0.0281298678  0.004410134   1.026842e-03      0.0001609859         1  2.068020e-02    0.001149796      6.355317e-04            3.533486e-05
68  2013-08-06 13:29:45     91 288.6 165.9 166.1096 4.388769e-05 16.18873 0.09534358  0.0325890188  0.004410195   1.189617e-03      0.0001609881         1  2.108754e-02    0.001147764      6.480498e-04            3.527240e-05
69  2013-08-06 13:30:00     92 288.9 165.9 166.1121 4.388769e-05 16.19119 0.09534358  0.0326963377  0.004410197   1.193535e-03      0.0001609882         1  2.139305e-02    0.001146247      6.574385e-04            3.522580e-05
70  2013-08-06 13:30:15     93 289.4 165.8 166.0145 4.388769e-05 16.09366 0.09534358  0.0284518247  0.004410138   1.038595e-03      0.0001609860         1  2.190222e-02    0.001143735      6.730862e-04            3.514860e-05
71  2013-08-06 13:30:30     94 289.6 165.9 166.1170 4.388769e-05 16.19612 0.09534358  0.0329109756  0.004410200   1.201370e-03      0.0001609883         1  2.210589e-02    0.001142736      6.793453e-04            3.511788e-05
72  2013-08-06 13:30:45     95 290.2 165.8 166.0195 4.388769e-05 16.09859 0.09534358  0.0286664625  0.004410141   1.046430e-03      0.0001609861         1  2.271691e-02    0.001139755      6.981225e-04            3.502629e-05
73  2013-08-06 13:31:00     96 290.4 166.0 166.2219 4.388769e-05 16.30106 0.09534358  0.0374774454  0.004410263   1.368062e-03      0.0001609906         1  2.292058e-02    0.001138768      7.043816e-04            3.499594e-05
74  2013-08-06 13:31:15     97 290.9 165.9 166.1244 4.388769e-05 16.20352 0.09534358  0.0332329324  0.004410204   1.213122e-03      0.0001609884         1  2.342975e-02    0.001136313      7.200293e-04            3.492050e-05
75  2013-08-06 13:31:30     98 291.1 165.9 166.1269 4.388769e-05 16.20599 0.09534358  0.0333402513  0.004410206   1.217040e-03      0.0001609885         1  2.363342e-02    0.001135337      7.262884e-04            3.489049e-05
76  2013-08-06 13:31:45     99 291.6 165.8 166.0293 4.388769e-05 16.10845 0.09534358  0.0290957383  0.004410147   1.062100e-03      0.0001609863         1  2.414260e-02    0.001132909      7.419361e-04            3.481589e-05
77  2013-08-06 13:32:00    100 292.0 165.7 165.9318 4.388769e-05 16.01092 0.09534358  0.0248512252  0.004410089   9.071597e-04      0.0001609842         1  2.454994e-02    0.001130981      7.544543e-04            3.475664e-05
78  2013-08-06 13:32:15    101 292.3 165.8 166.0343 4.388769e-05 16.11339 0.09534358  0.0293103761  0.004410150   1.069935e-03      0.0001609865         1  2.485545e-02    0.001129543      7.638429e-04            3.471245e-05
79  2013-08-06 13:32:30    102 292.8 166.0 166.2367 4.388769e-05 16.31585 0.09534358  0.0381213590  0.004410272   1.391568e-03      0.0001609909         1  2.536462e-02    0.001127163      7.794906e-04            3.463929e-05
80  2013-08-06 13:32:45    103 293.0 165.9 166.1392 4.388769e-05 16.21832 0.09534358  0.0338768460  0.004410213   1.236628e-03      0.0001609888         1  2.556830e-02    0.001126216      7.857497e-04            3.461020e-05
81  2013-08-06 13:33:00    104 293.6 165.9 166.1417 4.388769e-05 16.22078 0.09534358  0.0339841649  0.004410215   1.240545e-03      0.0001609888         1  2.617931e-02    0.001123395      8.045270e-04            3.452351e-05
82  2013-08-06 13:33:15    105 293.8 165.9 166.1441 4.388769e-05 16.22325 0.09534358  0.0340914838  0.004410216   1.244463e-03      0.0001609889         1  2.638298e-02    0.001122461      8.107860e-04            3.449481e-05
83  2013-08-06 13:33:30    106 294.3 166.0 166.2466 4.388769e-05 16.32572 0.09534358  0.0385506348  0.004410278   1.407238e-03      0.0001609911         1  2.689215e-02    0.001120141      8.264337e-04            3.442350e-05
84  2013-08-06 13:33:45    107 294.6 166.2 166.4491 4.388769e-05 16.52818 0.09534358  0.0473616177  0.004410402   1.728871e-03      0.0001609956         1  2.719766e-02    0.001118758      8.358224e-04            3.438101e-05
85  2013-08-06 13:34:00    108 295.0 166.3 166.5515 4.388769e-05 16.63065 0.09534358  0.0518207686  0.004410465   1.891646e-03      0.0001609979         1  2.760500e-02    0.001116926      8.483405e-04            3.432470e-05
86  2013-08-06 13:34:15    109 295.4 166.1 166.3540 4.388769e-05 16.43311 0.09534358  0.0432244236  0.004410344   1.577848e-03      0.0001609935         1  2.801234e-02    0.001115107      8.608587e-04            3.426880e-05
87  2013-08-06 13:34:30    110 295.7 166.2 166.4565 4.388769e-05 16.53558 0.09534358  0.0476835745  0.004410406   1.740623e-03      0.0001609958         1  2.831785e-02    0.001113751      8.702473e-04            3.422713e-05
88  2013-08-06 13:34:45    111 296.3 166.3 166.5589 4.388769e-05 16.63805 0.09534358  0.0521427254  0.004410470   1.903398e-03      0.0001609981         1  2.892886e-02    0.001111062      8.890246e-04            3.414449e-05
89  2013-08-06 13:35:00    112 296.4 166.2 166.4614 4.388769e-05 16.54051 0.09534358  0.0478982124  0.004410410   1.748458e-03      0.0001609959         1  2.903070e-02    0.001110616      8.921541e-04            3.413080e-05
90  2013-08-06 13:35:15    113 297.0 166.1 166.3639 4.388769e-05 16.44298 0.09534358  0.0436536993  0.004410350   1.593518e-03      0.0001609937         1  2.964171e-02    0.001107962      9.109314e-04            3.404923e-05
91  2013-08-06 13:35:30    114 297.3 166.2 166.4663 4.388769e-05 16.54544 0.09534358  0.0481128502  0.004410413   1.756293e-03      0.0001609960         1  2.994721e-02    0.001106646      9.203200e-04            3.400879e-05
92  2013-08-06 13:35:45    115 297.7 166.1 166.3688 4.388769e-05 16.44791 0.09534358  0.0438683372  0.004410353   1.601353e-03      0.0001609938         1  3.035455e-02    0.001104903      9.328382e-04            3.395523e-05
93  2013-08-06 13:36:00    116 297.9 166.2 166.4713 4.388769e-05 16.55038 0.09534358  0.0483274881  0.004410416   1.764128e-03      0.0001609961         1  3.055823e-02    0.001104037      9.390973e-04            3.392861e-05
94  2013-08-06 13:36:15    117 298.4 166.0 166.2737 4.388769e-05 16.35284 0.09534358  0.0397311430  0.004410295   1.450331e-03      0.0001609917         1  3.106740e-02    0.001101886      9.547450e-04            3.386250e-05
95  2013-08-06 13:36:30    118 298.8 166.2 166.4762 4.388769e-05 16.55531 0.09534358  0.0485421260  0.004410419   1.771963e-03      0.0001609962         1  3.147474e-02    0.001100180      9.672632e-04            3.381009e-05
96  2013-08-06 13:36:45    119 299.1 166.3 166.5787 4.388769e-05 16.65778 0.09534358  0.0530012769  0.004410482   1.934739e-03      0.0001609986         1  3.178025e-02    0.001098910      9.766518e-04            3.377105e-05
97  2013-08-06 13:37:00    120 299.6 166.3 166.5811 4.388769e-05 16.66024 0.09534358  0.0531085958  0.004410483   1.938656e-03      0.0001609986         1  3.228943e-02    0.001096810      9.922995e-04            3.370652e-05
98  2013-08-06 13:37:15    121 299.8 166.4 166.6836 4.388769e-05 16.76271 0.09534358  0.0575677467  0.004410547   2.101431e-03      0.0001610009         1  3.249310e-02    0.001095976      9.985586e-04            3.368089e-05
99  2013-08-06 13:37:30    122 300.4 166.3 166.5861 4.388769e-05 16.66517 0.09534358  0.0533232337  0.004410486   1.946491e-03      0.0001609987         1  3.310411e-02    0.001093495      1.017336e-03            3.360465e-05
100 2013-08-06 13:37:45    123 300.6 166.4 166.6885 4.388769e-05 16.76764 0.09534358  0.0577823846  0.004410550   2.109266e-03      0.0001610010         1  3.330778e-02    0.001092675      1.023595e-03            3.357945e-05
101 2013-08-06 13:38:00    124 301.1 166.3 166.5910 4.388769e-05 16.67011 0.09534358  0.0535378715  0.004410489   1.954326e-03      0.0001609988         1  3.381696e-02    0.001090640      1.039243e-03            3.351691e-05
102 2013-08-06 13:38:15    125 301.5 166.3 166.5935 4.388769e-05 16.67257 0.09534358  0.0536451905  0.004410491   1.958244e-03      0.0001609989         1  3.422430e-02    0.001089028      1.051761e-03            3.346737e-05
103 2013-08-06 13:38:30    126 301.8 166.1 166.3959 4.388769e-05 16.47504 0.09534358  0.0450488454  0.004410369   1.644446e-03      0.0001609944         1  3.452980e-02    0.001087828      1.061149e-03            3.343050e-05
104 2013-08-06 13:38:45    127 302.2 166.3 166.5984 4.388769e-05 16.67750 0.09534358  0.0538598284  0.004410494   1.966079e-03      0.0001609990         1  3.493714e-02    0.001086241      1.073668e-03            3.338171e-05
105 2013-08-06 13:39:00    128 302.6 166.3 166.6009 4.388769e-05 16.67997 0.09534358  0.0539671473  0.004410496   1.969996e-03      0.0001609991         1  3.534448e-02    0.001084668      1.086186e-03            3.333336e-05
106 2013-08-06 13:39:15    129 303.2 166.5 166.8033 4.388769e-05 16.88244 0.09534358  0.0627781302  0.004410622   2.291629e-03      0.0001610037         1  3.595550e-02    0.001082335      1.104963e-03            3.326166e-05
107 2013-08-06 13:39:30    130 303.3 166.4 166.7058 4.388769e-05 16.78490 0.09534358  0.0585336171  0.004410561   2.136689e-03      0.0001610014         1  3.605733e-02    0.001081949      1.108093e-03            3.324981e-05
108 2013-08-06 13:39:45    131 303.8 166.5 166.8083 4.388769e-05 16.88737 0.09534358  0.0629927681  0.004410625   2.299464e-03      0.0001610038         1  3.656651e-02    0.001080034      1.123740e-03            3.319096e-05
109 2013-08-06 13:40:00    132 304.3 166.6 166.9107 4.388769e-05 16.98983 0.09534358  0.0674519190  0.004410690   2.462239e-03      0.0001610061         1  3.707569e-02    0.001078141      1.139388e-03            3.313280e-05
110 2013-08-06 13:40:15    133 304.5 166.6 166.9132 4.388769e-05 16.99230 0.09534358  0.0675592379  0.004410691   2.466157e-03      0.0001610062         1  3.727936e-02    0.001077391      1.145647e-03            3.310973e-05
111 2013-08-06 13:40:30    134 305.0 166.6 166.9157 4.388769e-05 16.99477 0.09534358  0.0676665569  0.004410693   2.470074e-03      0.0001610063         1  3.778853e-02    0.001075530      1.161295e-03            3.305254e-05
112 2013-08-06 13:40:45    135 305.2 166.5 166.8181 4.388769e-05 16.89723 0.09534358  0.0634220438  0.004410631   2.315134e-03      0.0001610040         1  3.799220e-02    0.001074792      1.167554e-03            3.302987e-05
113 2013-08-06 13:41:00    136 305.9 166.5 166.8206 4.388769e-05 16.89970 0.09534358  0.0635293627  0.004410633   2.319052e-03      0.0001610041         1  3.870505e-02    0.001072238      1.189461e-03            3.295138e-05
114 2013-08-06 13:41:15    137 306.0 166.5 166.8231 4.388769e-05 16.90216 0.09534358  0.0636366817  0.004410634   2.322969e-03      0.0001610041         1  3.880689e-02    0.001071877      1.192590e-03            3.294029e-05
115 2013-08-06 13:41:30    138 306.6 166.3 166.6255 4.388769e-05 16.70463 0.09534358  0.0550403366  0.004410511   2.009172e-03      0.0001609996         1  3.941790e-02    0.001069729      1.211367e-03            3.287429e-05
116 2013-08-06 13:41:45    139 306.9 166.2 166.5280 4.388769e-05 16.60710 0.09534358  0.0507958236  0.004410451   1.854231e-03      0.0001609974         1  3.972340e-02    0.001068668      1.220756e-03            3.284168e-05
117 2013-08-06 13:42:00    140 307.2 166.3 166.6305 4.388769e-05 16.70956 0.09534358  0.0552549745  0.004410514   2.017007e-03      0.0001609997         1  4.002891e-02    0.001067615      1.230145e-03            3.280933e-05
118 2013-08-06 13:42:15    141 307.7 166.4 166.7329 4.388769e-05 16.81203 0.09534358  0.0597141254  0.004410578   2.179782e-03      0.0001610021         1  4.053809e-02    0.001065879      1.245792e-03            3.275598e-05
119 2013-08-06 13:42:30    142 308.2 166.4 166.7354 4.388769e-05 16.81449 0.09534358  0.0598214443  0.004410579   2.183699e-03      0.0001610021         1  4.104726e-02    0.001064167      1.261440e-03            3.270335e-05
120 2013-08-06 13:42:45    143 308.6 166.6 166.9379 4.388769e-05 17.01696 0.09534358  0.0686324273  0.004410707   2.505332e-03      0.0001610068         1  4.145460e-02    0.001062814      1.273958e-03            3.266177e-05
121 2013-08-06 13:43:00    144 308.7 166.6 166.9403 4.388769e-05 17.01943 0.09534358  0.0687397462  0.004410708   2.509250e-03      0.0001610068         1  4.155644e-02    0.001062478      1.277088e-03            3.265145e-05
122 2013-08-06 13:43:15    145 309.3 166.6 166.9428 4.388769e-05 17.02189 0.09534358  0.0688470651  0.004410710   2.513167e-03      0.0001610069         1  4.216745e-02    0.001060483      1.295865e-03            3.259012e-05
123 2013-08-06 13:43:30    146 309.5 166.6 166.9452 4.388769e-05 17.02436 0.09534358  0.0689543841  0.004410711   2.517085e-03      0.0001610069         1  4.237112e-02    0.001059825      1.302124e-03            3.256992e-05
124 2013-08-06 13:43:45    147 310.0 166.6 166.9477 4.388769e-05 17.02683 0.09534358  0.0690617030  0.004410713   2.521002e-03      0.0001610070         1  4.288030e-02    0.001058198      1.317772e-03            3.251991e-05
125 2013-08-06 13:44:00    148 310.3 166.3 166.6502 4.388769e-05 16.72929 0.09534358  0.0561135260  0.004410526   2.048347e-03      0.0001610002         1  4.318580e-02    0.001057233      1.327161e-03            3.249027e-05
126 2013-08-06 13:44:15    149 310.6 166.7 167.0526 4.388769e-05 17.13176 0.09534358  0.0736281729  0.004410780   2.687695e-03      0.0001610094         1  4.349131e-02    0.001056277      1.336549e-03            3.246089e-05
127 2013-08-06 13:44:30    150 311.1 166.6 166.9551 4.388769e-05 17.03422 0.09534358  0.0693836598  0.004410718   2.532755e-03      0.0001610072         1  4.400049e-02    0.001054703      1.352197e-03            3.241251e-05
128 2013-08-06 13:44:45    151 311.3 166.5 166.8576 4.388769e-05 16.93669 0.09534358  0.0651391467  0.004410656   2.377815e-03      0.0001610049         1  4.420416e-02    0.001054080      1.358456e-03            3.239337e-05
129 2013-08-06 13:45:00    152 311.8 166.6 166.9600 4.388769e-05 17.03916 0.09534358  0.0695982977  0.004410721   2.540590e-03      0.0001610073         1  4.471333e-02    0.001052540      1.374104e-03            3.234603e-05
130 2013-08-06 13:45:15    153 312.1 166.8 167.1625 4.388769e-05 17.24162 0.09534358  0.0784092806  0.004410850   2.862223e-03      0.0001610120         1  4.501884e-02    0.001051628      1.383492e-03            3.231799e-05
131 2013-08-06 13:45:30    154 312.7 166.7 167.0650 4.388769e-05 17.14409 0.09534358  0.0741647675  0.004410787   2.707283e-03      0.0001610097         1  4.562985e-02    0.001049829      1.402270e-03            3.226273e-05
132 2013-08-06 13:45:45    155 312.9 166.7 167.0674 4.388769e-05 17.14655 0.09534358  0.0742720865  0.004410789   2.711200e-03      0.0001610098         1  4.583352e-02    0.001049237      1.408529e-03            3.224454e-05
133 2013-08-06 13:46:00    156 313.4 166.7 167.0699 4.388769e-05 17.14902 0.09534358  0.0743794054  0.004410791   2.715118e-03      0.0001610098         1  4.634270e-02    0.001047776      1.424176e-03            3.219962e-05
134 2013-08-06 13:46:15    157 313.7 166.8 167.1724 4.388769e-05 17.25149 0.09534358  0.0788385563  0.004410856   2.877893e-03      0.0001610122         1  4.664820e-02    0.001046910      1.433565e-03            3.217303e-05
135 2013-08-06 13:46:30    158 314.0 166.8 167.1748 4.388769e-05 17.25395 0.09534358  0.0789458752  0.004410858   2.881810e-03      0.0001610123         1  4.695371e-02    0.001046054      1.442954e-03            3.214671e-05
136 2013-08-06 13:46:45    159 314.5 166.9 167.2773 4.388769e-05 17.35642 0.09534358  0.0834050262  0.004410924   3.044585e-03      0.0001610147         1  4.746289e-02    0.001044647      1.458601e-03            3.210347e-05
137 2013-08-06 13:47:00    160 314.8 166.9 167.2798 4.388769e-05 17.35888 0.09534358  0.0835123451  0.004410925   3.048503e-03      0.0001610147         1  4.776839e-02    0.001043814      1.467990e-03            3.207788e-05
138 2013-08-06 13:47:15    161 315.3 166.7 167.0822 4.388769e-05 17.16135 0.09534358  0.0749160001  0.004410798   2.734705e-03      0.0001610101         1  4.827757e-02    0.001042447      1.483638e-03            3.203586e-05
139 2013-08-06 13:47:30    162 315.5 166.5 166.8847 4.388769e-05 16.96382 0.09534358  0.0663196550  0.004410673   2.420908e-03      0.0001610055         1  4.848124e-02    0.001041907      1.489897e-03            3.201927e-05
140 2013-08-06 13:47:45    163 316.1 166.7 167.0872 4.388769e-05 17.16628 0.09534358  0.0751306379  0.004410802   2.742540e-03      0.0001610102         1  4.909225e-02    0.001040311      1.508674e-03            3.197023e-05
141 2013-08-06 13:48:00    164 316.3 166.8 167.1896 4.388769e-05 17.26875 0.09534358  0.0795897889  0.004410867   2.905315e-03      0.0001610126         1  4.929592e-02    0.001039788      1.514933e-03            3.195414e-05
142 2013-08-06 13:48:15    165 316.8 166.6 166.9921 4.388769e-05 17.07121 0.09534358  0.0709934438  0.004410741   2.591518e-03      0.0001610080         1  4.980510e-02    0.001038496      1.530581e-03            3.191444e-05
143 2013-08-06 13:48:30    166 317.2 166.7 167.0946 4.388769e-05 17.17368 0.09534358  0.0754525947  0.004410806   2.754293e-03      0.0001610104         1  5.021244e-02    0.001037481      1.543099e-03            3.188324e-05
144 2013-08-06 13:48:45    167 317.4 166.9 167.2970 4.388769e-05 17.37615 0.09534358  0.0842635776  0.004410936   3.075926e-03      0.0001610151         1  5.041611e-02    0.001036979      1.549358e-03            3.186783e-05
145 2013-08-06 13:49:00    168 318.0 167.0 167.3995 4.388769e-05 17.47861 0.09534358  0.0887227286  0.004411003   3.238701e-03      0.0001610176         1  5.102712e-02    0.001035499      1.568135e-03            3.182235e-05
146 2013-08-06 13:49:15    169 318.2 167.1 167.5020 4.388769e-05 17.58108 0.09534358  0.0931818795  0.004411069   3.401476e-03      0.0001610200         1  5.123079e-02    0.001035014      1.574394e-03            3.180744e-05
147 2013-08-06 13:49:30    170 318.8 166.8 167.2044 4.388769e-05 17.28354 0.09534358  0.0802337025  0.004410877   2.928821e-03      0.0001610130         1  5.184181e-02    0.001033583      1.593172e-03            3.176347e-05
148 2013-08-06 13:49:45    171 319.0 166.8 167.2069 4.388769e-05 17.28601 0.09534358  0.0803410214  0.004410878   2.932738e-03      0.0001610130         1  5.204548e-02    0.001033115      1.599431e-03            3.174907e-05
149 2013-08-06 13:50:00    172 319.5 166.5 166.9094 4.388769e-05 16.98848 0.09534358  0.0673928443  0.004410689   2.460083e-03      0.0001610061         1  5.255465e-02    0.001031961      1.615078e-03            3.171361e-05
150 2013-08-06 13:50:15    173 319.7 166.9 167.3118 4.388769e-05 17.39094 0.09534358  0.0849074912  0.004410946   3.099431e-03      0.0001610155         1  5.275832e-02    0.001031507      1.621338e-03            3.169965e-05
151 2013-08-06 13:50:30    174 320.2 166.7 167.1143 4.388769e-05 17.19341 0.09534358  0.0763111462  0.004410819   2.785633e-03      0.0001610109         1  5.326750e-02    0.001030389      1.636985e-03            3.166531e-05
152 2013-08-06 13:50:45    175 320.6 166.7 167.1168 4.388769e-05 17.19587 0.09534358  0.0764184651  0.004410820   2.789551e-03      0.0001610109         1  5.367484e-02    0.001029514      1.649503e-03            3.163842e-05
153 2013-08-06 13:51:00    176 320.9 166.8 167.2192 4.388769e-05 17.29834 0.09534358  0.0808776161  0.004410886   2.952326e-03      0.0001610133         1  5.398035e-02    0.001028869      1.658892e-03            3.161858e-05
154 2013-08-06 13:51:15    177 321.5 166.8 167.2217 4.388769e-05 17.30081 0.09534358  0.0809849350  0.004410888   2.956243e-03      0.0001610134         1  5.459136e-02    0.001027606      1.677669e-03            3.157977e-05
155 2013-08-06 13:51:30    178 321.6 166.7 167.1242 4.388769e-05 17.20327 0.09534358  0.0767404219  0.004410825   2.801303e-03      0.0001610111         1  5.469319e-02    0.001027399      1.680799e-03            3.157342e-05
156 2013-08-06 13:51:45    179 322.2 166.8 167.2266 4.388769e-05 17.30574 0.09534358  0.0811995729  0.004410891   2.964078e-03      0.0001610135         1  5.530421e-02    0.001026180      1.699576e-03            3.153596e-05
157 2013-08-06 13:52:00    180 322.3 166.9 167.3291 4.388769e-05 17.40821 0.09534358  0.0856587238  0.004410957   3.126854e-03      0.0001610159         1  5.540604e-02    0.001025981      1.702706e-03            3.152983e-05
158 2013-08-06 13:52:15    181 322.9 167.0 167.4316 4.388769e-05 17.51067 0.09534358  0.0901178747  0.004411023   3.289629e-03      0.0001610183         1  5.601705e-02    0.001024806      1.721483e-03            3.149374e-05
159 2013-08-06 13:52:30    182 323.2 167.0 167.4340 4.388769e-05 17.51314 0.09534358  0.0902251936  0.004411025   3.293546e-03      0.0001610184         1  5.632256e-02    0.001024233      1.730872e-03            3.147613e-05
160 2013-08-06 13:52:45    183 323.6 167.1 167.5365 4.388769e-05 17.61560 0.09534358  0.0946843446  0.004411092   3.456321e-03      0.0001610208         1  5.672990e-02    0.001023484      1.743390e-03            3.145310e-05
161 2013-08-06 13:53:00    184 324.0 167.0 167.4390 4.388769e-05 17.51807 0.09534358  0.0904398315  0.004411028   3.301381e-03      0.0001610185         1  5.713724e-02    0.001022752      1.755908e-03            3.143060e-05
162 2013-08-06 13:53:15    185 324.3 167.0 167.4414 4.388769e-05 17.52054 0.09534358  0.0905471504  0.004411030   3.305299e-03      0.0001610186         1  5.744275e-02    0.001022214      1.765296e-03            3.141407e-05
163 2013-08-06 13:53:30    186 324.9 166.9 167.3439 4.388769e-05 17.42300 0.09534358  0.0863026374  0.004410967   3.150359e-03      0.0001610163         1  5.805376e-02    0.001021166      1.784074e-03            3.138188e-05
164 2013-08-06 13:53:45    187 325.0 167.1 167.5464 4.388769e-05 17.62547 0.09534358  0.0951136203  0.004411098   3.471992e-03      0.0001610211         1  5.815559e-02    0.001020996      1.787203e-03            3.137663e-05
165 2013-08-06 13:54:00    188 325.6 167.0 167.4488 4.388769e-05 17.52793 0.09534358  0.0908691072  0.004411035   3.317051e-03      0.0001610187         1  5.876661e-02    0.001019993      1.805981e-03            3.134583e-05
166 2013-08-06 13:54:15    189 325.8 167.0 167.4513 4.388769e-05 17.53040 0.09534358  0.0909764262  0.004411036   3.320969e-03      0.0001610188         1  5.897028e-02    0.001019668      1.812240e-03            3.133582e-05
167 2013-08-06 13:54:30    190 326.3 166.9 167.3538 4.388769e-05 17.43287 0.09534358  0.0867319131  0.004410973   3.166029e-03      0.0001610165         1  5.947945e-02    0.001018873      1.827887e-03            3.131139e-05
168 2013-08-06 13:54:45    191 326.6 167.1 167.5562 4.388769e-05 17.63533 0.09534358  0.0955428960  0.004411105   3.487662e-03      0.0001610213         1  5.978496e-02    0.001018408      1.837276e-03            3.129712e-05
169 2013-08-06 13:55:00    192 327.0 167.2 167.6587 4.388769e-05 17.73780 0.09534358  0.1000020470  0.004411172   3.650437e-03      0.0001610238         1  6.019230e-02    0.001017804      1.849794e-03            3.127856e-05
170 2013-08-06 13:55:15    193 327.4 167.0 167.4612 4.388769e-05 17.54026 0.09534358  0.0914057019  0.004411043   3.336639e-03      0.0001610190         1  6.059964e-02    0.001017218      1.862312e-03            3.126054e-05
171 2013-08-06 13:55:30    194 327.6 167.0 167.4636 4.388769e-05 17.54273 0.09534358  0.0915130208  0.004411044   3.340557e-03      0.0001610191         1  6.080331e-02    0.001016931      1.868571e-03            3.125172e-05
172 2013-08-06 13:55:45    195 328.1 166.9 167.3661 4.388769e-05 17.44520 0.09534358  0.0872685078  0.004410981   3.185617e-03      0.0001610168         1  6.131249e-02    0.001016233      1.884219e-03            3.123027e-05
173 2013-08-06 13:56:00    196 328.4 166.9 167.3686 4.388769e-05 17.44766 0.09534358  0.0873758267  0.004410983   3.189534e-03      0.0001610168         1  6.161799e-02    0.001015827      1.893608e-03            3.121779e-05
174 2013-08-06 13:56:15    197 329.0 166.9 167.3710 4.388769e-05 17.45013 0.09534358  0.0874831457  0.004410984   3.193452e-03      0.0001610169         1  6.222901e-02    0.001015045      1.912385e-03            3.119375e-05
175 2013-08-06 13:56:30    198 329.1 166.9 167.3735 4.388769e-05 17.45259 0.09534358  0.0875904646  0.004410986   3.197369e-03      0.0001610170         1  6.233084e-02    0.001014918      1.915515e-03            3.118986e-05
176 2013-08-06 13:56:45    199 329.7 166.9 167.3760 4.388769e-05 17.45506 0.09534358  0.0876977835  0.004410987   3.201287e-03      0.0001610170         1  6.294185e-02    0.001014181      1.934292e-03            3.116722e-05
177 2013-08-06 13:57:00    200 330.1 166.8 167.2784 4.388769e-05 17.35753 0.09534358  0.0834532705  0.004410924   3.046347e-03      0.0001610147         1  6.334920e-02    0.001013712      1.946810e-03            3.115279e-05
178 2013-08-06 13:57:15    201 330.4 166.9 167.3809 4.388769e-05 17.45999 0.09534358  0.0879124214  0.004410991   3.209122e-03      0.0001610171         1  6.365470e-02    0.001013371      1.956199e-03            3.114232e-05
179 2013-08-06 13:57:30    202 330.6 166.8 167.2833 4.388769e-05 17.36246 0.09534358  0.0836679083  0.004410927   3.054182e-03      0.0001610148         1  6.385837e-02    0.001013150      1.962458e-03            3.113551e-05
180 2013-08-06 13:57:45    203 331.0 167.0 167.4858 4.388769e-05 17.56492 0.09534358  0.0924788912  0.004411059   3.375814e-03      0.0001610196         1  6.426571e-02    0.001012720      1.974976e-03            3.112230e-05
181 2013-08-06 13:58:00    204 331.4 167.1 167.5883 4.388769e-05 17.66739 0.09534358  0.0969380422  0.004411126   3.538590e-03      0.0001610221         1  6.467305e-02    0.001012307      1.987494e-03            3.110962e-05

$dryleafvolt
            timestamp record LWSmV  SEmV    CSEmV     CSEmV.sd   loadmV  loadmV.sd
1 2013-08-06 13:11:15     17 265.1 165.5 165.5271 4.388769e-05 15.60624 0.09534358
2 2013-08-06 13:11:30     18 265.1 165.1 165.1296 4.388769e-05 15.20870 0.09534358
3 2013-08-06 13:11:45     19 265.1 165.3 165.3321 4.388769e-05 15.41117 0.09534358
4 2013-08-06 13:12:00     20 265.1 165.4 165.4345 4.388769e-05 15.51363 0.09534358
5 2013-08-06 13:12:15     21 265.1 165.5 165.5370 4.388769e-05 15.61610 0.09534358
6 2013-08-06 13:12:30     22 265.1 165.3 165.3395 4.388769e-05 15.41857 0.09534358
7 2013-08-06 13:12:45     23 265.1 165.2 165.2419 4.388769e-05 15.32103 0.09534358
8 2013-08-06 13:13:00     24 265.1 165.3 165.3444 4.388769e-05 15.42350 0.09534358

$runtime
Time difference of 45 mins

$startcalibvolt
            timestamp record LWSmV  SEmV    CSEmV     CSEmV.sd   loadmV  loadmV.sd
1 2013-08-06 13:09:00      8 265.1 272.2 272.2049 4.388769e-05 122.2840 0.09534358
2 2013-08-06 13:09:15      9 265.1 272.2 272.2074 4.388769e-05 122.2865 0.09534358
3 2013-08-06 13:09:30     10 265.1 272.8 272.8099 4.388769e-05 122.8890 0.09534358
4 2013-08-06 13:09:45     11 265.1 272.4 272.4123 4.388769e-05 122.4914 0.09534358
5 2013-08-06 13:10:00     12 265.1 272.2 272.2148 4.388769e-05 122.2939 0.09534358
6 2013-08-06 13:10:15     13 265.1 272.5 272.5173 4.388769e-05 122.5964 0.09534358
7 2013-08-06 13:10:30     14 265.1 272.4 272.4197 4.388769e-05 122.4988 0.09534358

$endcalibvolt
            timestamp record LWSmV  SEmV
1 2013-08-06 14:01:15    217 265.1 272.1
2 2013-08-06 14:01:30    218 265.1 272.1
3 2013-08-06 14:01:45    219 265.1 272.1
4 2013-08-06 14:02:00    220 265.1 272.1

$lastLWSvolt
[1] 330.4

$maxLWSvolt
[1] 331.7

$species
[1] "bay"

$trial
[1] "1"

$replicate
[1] "1"

$isvertical
[1] FALSE

$conversionfactor
         avg        stdev
1 0.04351832 1.280441e-05

$LWSwatermass
        avg       stdev
1 0.0556598 0.003387841

$dryleafmass
        avg       stdev
1 0.6719171 0.001480223

$lwsmodel

Call:
lm(formula = LWSsurfacedensity ~ record, data = rd[rd$runfilter == 
    1, ])

Coefficients:
(Intercept)       record  
 -4.326e-04    1.188e-05  


$leafmodel

Call:
lm(formula = surfacedensity ~ record, data = rd[rd$runfilter == 
    1, ])

Coefficients:
(Intercept)       record  
 -4.626e-04    1.958e-05  


