$name
[1] "bay2rep3"

$leafarea
[1] 28.74857

$startbasevolt
            timestamp record LWSmV  SEmV CSEmV CSEmV.sd      loadmV  loadmV.sd
1 2013-09-24 12:14:45      2 265.8 148.6 148.6        0 -0.02228881 0.04949536
2 2013-09-24 12:15:00      3 265.8 148.6 148.6        0 -0.02228881 0.04949536
3 2013-09-24 12:15:15      4 265.8 148.6 148.6        0 -0.02228881 0.04949536
4 2013-09-24 12:15:30      5 265.8 148.7 148.7        0  0.07771119 0.04949536

$endbasevolt
            timestamp record LWSmV  SEmV    CSEmV  CSEmV.sd      loadmV  loadmV.sd
1 2013-09-24 13:09:15    220 266.5 148.2 148.6663 2.325e-05  0.04403539 0.04949537
2 2013-09-24 13:09:30    221 266.5 148.1 148.5685 2.325e-05 -0.05379566 0.04949537
3 2013-09-24 13:09:45    222 266.5 148.2 148.6707 2.325e-05  0.04837329 0.04949537
4 2013-09-24 13:10:00    223 266.5 148.1 148.5728 2.325e-05 -0.04945776 0.04949537

$dryragvolt
            timestamp record LWSmV  SEmV    CSEmV  CSEmV.sd   loadmV  loadmV.sd
1 2013-09-24 13:05:45    206 559.5 294.6 295.0360 2.325e-05 146.4137 0.04949537
2 2013-09-24 13:06:00    207 559.5 294.7 295.1381 2.325e-05 146.5158 0.04949537
3 2013-09-24 13:06:15    208 559.3 294.5 294.9403 2.325e-05 146.3180 0.04949537

$wetragvolt
            timestamp record LWSmV  SEmV    CSEmV  CSEmV.sd   loadmV  loadmV.sd
1 2013-09-24 13:07:00    211 267.2 302.0 302.4468 2.325e-05 153.8245 0.04949537
2 2013-09-24 13:07:15    212 266.9 301.8 302.2490 2.325e-05 153.6267 0.04949537
3 2013-09-24 13:07:30    213 266.5 301.7 302.1511 2.325e-05 153.5289 0.04949537

$rundata
              timestamp record LWSmV  SEmV    CSEmV  CSEmV.sd   loadmV  loadmV.sd   watermass watermass.sd surfacedensity surfacedensity.sd runfilter      LWSwater LWSwater.stdev LWSsurfacedensity LWSsurfacedensity.stdev
1   2013-09-24 12:19:45     22 265.8 161.3 161.3369 2.325e-05 12.71458 0.04949537 0.001685569  0.002332256   5.863139e-05      8.112599e-05         0 -0.0021309091    0.001280903     -6.548584e-05            3.936394e-05
2   2013-09-24 12:20:00     23 266.4 161.4 161.4390 2.325e-05 12.81675 0.04949537 0.006129115  0.002332313   2.131972e-04      8.112799e-05         0 -0.0015198973    0.001276993     -4.670858e-05            3.924379e-05
3   2013-09-24 12:20:15     24 266.7 161.6 161.6412 2.325e-05 13.01892 0.04949537 0.014921875  0.002332429   5.190476e-04      8.113200e-05         0 -0.0012143913    0.001275045     -3.731995e-05            3.918394e-05
4   2013-09-24 12:20:30     25 267.3 161.4 161.4434 2.325e-05 12.82109 0.04949537 0.006317779  0.002332316   2.197598e-04      8.112808e-05         0 -0.0006033795    0.001271165     -1.854270e-05            3.906470e-05
5   2013-09-24 12:20:45     26 268.0 161.6 161.6455 2.325e-05 13.02326 0.04949537 0.015110539  0.002332431   5.256102e-04      8.113208e-05         0  0.0001094677    0.001266664      3.364097e-06            3.892635e-05
6   2013-09-24 12:21:00     27 268.9 161.7 161.7477 2.325e-05 13.12543 0.04949537 0.019554085  0.002332490   6.801760e-04      8.113413e-05         0  0.0010259855    0.001260916      3.152998e-05            3.874972e-05
7   2013-09-24 12:21:15     28 269.7 161.6 161.6499 2.325e-05 13.02760 0.04949537 0.015299204  0.002332434   5.321727e-04      8.113217e-05         0  0.0018406680    0.001255846      5.656632e-05            3.859390e-05
8   2013-09-24 12:21:30     29 270.8 161.7 161.7521 2.325e-05 13.12977 0.04949537 0.019742750  0.002332493   6.867386e-04      8.113422e-05         0  0.0029608564    0.001248934      9.099128e-05            3.838150e-05
9   2013-09-24 12:21:45     30 271.8 161.8 161.8542 2.325e-05 13.23193 0.04949537 0.024186296  0.002332552   8.413044e-04      8.113628e-05         0  0.0039792095    0.001242712      1.222867e-04            3.819028e-05
10  2013-09-24 12:22:00     31 272.9 161.7 161.7564 2.325e-05 13.13410 0.04949537 0.019931414  0.002332495   6.933011e-04      8.113431e-05         0  0.0050993979    0.001235936      1.567117e-04            3.798205e-05
11  2013-09-24 12:22:15     32 274.2 162.0 162.0586 2.325e-05 13.43627 0.04949537 0.033073388  0.002332672   1.150436e-03      8.114046e-05         1  0.0064232569    0.001228022      1.973957e-04            3.773885e-05
12  2013-09-24 12:22:30     33 275.3 161.9 161.9607 2.325e-05 13.33844 0.04949537 0.028818506  0.002332614   1.002433e-03      8.113845e-05         1  0.0075434453    0.001221407      2.318207e-04            3.753555e-05
13  2013-09-24 12:22:45     34 276.5 161.9 161.9629 2.325e-05 13.34061 0.04949537 0.028912839  0.002332616   1.005714e-03      8.113850e-05         1  0.0087654690    0.001214276      2.693752e-04            3.731642e-05
14  2013-09-24 12:23:00     35 277.7 162.2 162.2651 2.325e-05 13.64278 0.04949537 0.042054812  0.002332795   1.462849e-03      8.114475e-05         1  0.0099874928    0.001207237      3.069297e-04            3.710009e-05
15  2013-09-24 12:23:15     36 278.9 162.1 162.1672 2.325e-05 13.54495 0.04949537 0.037799931  0.002332737   1.314846e-03      8.114271e-05         1  0.0112095165    0.001200291      3.444842e-04            3.688663e-05
16  2013-09-24 12:23:30     37 280.2 162.1 162.1694 2.325e-05 13.54712 0.04949537 0.037894263  0.002332738   1.318127e-03      8.114276e-05         1  0.0125333755    0.001192873      3.851683e-04            3.665867e-05
17  2013-09-24 12:23:45     38 281.4 162.4 162.4716 2.325e-05 13.84929 0.04949537 0.051036237  0.002332920   1.775262e-03      8.114910e-05         1  0.0137553992    0.001186126      4.227228e-04            3.645133e-05
18  2013-09-24 12:24:00     39 282.7 162.3 162.3737 2.325e-05 13.75146 0.04949537 0.046781355  0.002332861   1.627259e-03      8.114703e-05         1  0.0150792582    0.001178928      4.634068e-04            3.623011e-05
19  2013-09-24 12:24:15     40 284.0 162.4 162.4759 2.325e-05 13.85362 0.04949537 0.051224901  0.002332923   1.781824e-03      8.114920e-05         1  0.0164031173    0.001171847      5.040909e-04            3.601250e-05
20  2013-09-24 12:24:30     41 285.3 162.5 162.5781 2.325e-05 13.95579 0.04949537 0.055668447  0.002332986   1.936390e-03      8.115137e-05         1  0.0177269763    0.001164885      5.447749e-04            3.579855e-05
21  2013-09-24 12:24:45     42 286.7 162.5 162.5803 2.325e-05 13.95796 0.04949537 0.055762780  0.002332987   1.939672e-03      8.115142e-05         1  0.0191526706    0.001157524      5.885885e-04            3.557233e-05
22  2013-09-24 12:25:00     43 288.0 162.5 162.5824 2.325e-05 13.96013 0.04949537 0.055857112  0.002332988   1.942953e-03      8.115147e-05         1  0.0204765297    0.001150817      6.292726e-04            3.536622e-05
23  2013-09-24 12:25:15     44 289.4 162.6 162.6846 2.325e-05 14.06230 0.04949537 0.060300658  0.002333052   2.097519e-03      8.115366e-05         1  0.0219022240    0.001143735      6.730862e-04            3.514860e-05
24  2013-09-24 12:25:30     45 290.8 162.7 162.7868 2.325e-05 14.16447 0.04949537 0.064744204  0.002333115   2.252085e-03      8.115587e-05         1  0.0233279183    0.001136803      7.168998e-04            3.493554e-05
25  2013-09-24 12:25:45     46 292.1 162.7 162.7889 2.325e-05 14.16664 0.04949537 0.064838536  0.002333116   2.255366e-03      8.115592e-05         1  0.0246517774    0.001130501      7.575838e-04            3.474188e-05
26  2013-09-24 12:26:00     47 293.4 162.7 162.7911 2.325e-05 14.16881 0.04949537 0.064932868  0.002333118   2.258647e-03      8.115597e-05         1  0.0259756364    0.001124332      7.982679e-04            3.455231e-05
27  2013-09-24 12:26:15     48 294.8 162.8 162.8933 2.325e-05 14.27098 0.04949537 0.069376415  0.002333182   2.413213e-03      8.115820e-05         1  0.0274013307    0.001117840      8.420815e-04            3.435280e-05
28  2013-09-24 12:26:30     49 296.2 162.8 162.8954 2.325e-05 14.27314 0.04949537 0.069470747  0.002333183   2.416494e-03      8.115824e-05         1  0.0288270251    0.001111508      8.858951e-04            3.415820e-05
29  2013-09-24 12:26:45     50 297.6 162.8 162.8976 2.325e-05 14.27531 0.04949537 0.069565079  0.002333185   2.419776e-03      8.115829e-05         1  0.0302527194    0.001105338      9.297086e-04            3.396858e-05
30  2013-09-24 12:27:00     51 298.9 162.9 162.9998 2.325e-05 14.37748 0.04949537 0.074008625  0.002333249   2.574341e-03      8.116053e-05         1  0.0315765784    0.001099756      9.703927e-04            3.379705e-05
31  2013-09-24 12:27:15     52 300.3 162.9 163.0019 2.325e-05 14.37965 0.04949537 0.074102957  0.002333250   2.577623e-03      8.116058e-05         1  0.0330022728    0.001093907      1.014206e-03            3.361729e-05
32  2013-09-24 12:27:30     53 301.8 163.1 163.2041 2.325e-05 14.58182 0.04949537 0.082895717  0.002333379   2.883473e-03      8.116507e-05         1  0.0345298024    0.001087828      1.061149e-03            3.343050e-05
33  2013-09-24 12:27:45     54 303.2 163.1 163.2063 2.325e-05 14.58399 0.04949537 0.082990050  0.002333381   2.886754e-03      8.116512e-05         1  0.0359554968    0.001082335      1.104963e-03            3.326166e-05
34  2013-09-24 12:28:00     55 304.6 163.3 163.4084 2.325e-05 14.78616 0.04949537 0.091782809  0.002333512   3.192605e-03      8.116967e-05         1  0.0373811911    0.001077017      1.148777e-03            3.309823e-05
35  2013-09-24 12:28:15     56 306.0 163.1 163.2106 2.325e-05 14.58833 0.04949537 0.083178714  0.002333384   2.893317e-03      8.116522e-05         1  0.0388068854    0.001071877      1.192590e-03            3.294029e-05
36  2013-09-24 12:28:30     57 307.5 163.2 163.3128 2.325e-05 14.69050 0.04949537 0.087622260  0.002333450   3.047883e-03      8.116751e-05         1  0.0403344151    0.001066571      1.239533e-03            3.277723e-05
37  2013-09-24 12:28:45     58 309.0 163.2 163.3150 2.325e-05 14.69267 0.04949537 0.087716592  0.002333451   3.051164e-03      8.116756e-05         1  0.0418619447    0.001061476      1.286476e-03            3.262065e-05
38  2013-09-24 12:29:00     59 310.4 163.2 163.3171 2.325e-05 14.69483 0.04949537 0.087810925  0.002333452   3.054445e-03      8.116761e-05         1  0.0432876391    0.001056914      1.330290e-03            3.248044e-05
39  2013-09-24 12:29:15     60 311.8 163.3 163.4193 2.325e-05 14.79700 0.04949537 0.092254471  0.002333519   3.209011e-03      8.116992e-05         1  0.0447133334    0.001052540      1.374104e-03            3.234603e-05
40  2013-09-24 12:29:30     61 313.2 163.3 163.4215 2.325e-05 14.79917 0.04949537 0.092348803  0.002333520   3.212292e-03      8.116997e-05         1  0.0461390277    0.001048357      1.417917e-03            3.221750e-05
41  2013-09-24 12:29:45     62 314.5 163.3 163.4236 2.325e-05 14.80134 0.04949537 0.092443135  0.002333522   3.215574e-03      8.117002e-05         1  0.0474628868    0.001044647      1.458601e-03            3.210347e-05
42  2013-09-24 12:30:00     63 315.9 163.4 163.5258 2.325e-05 14.90351 0.04949537 0.096886681  0.002333589   3.370139e-03      8.117234e-05         1  0.0488885811    0.001040839      1.502415e-03            3.198646e-05
43  2013-09-24 12:30:15     64 317.3 163.5 163.6280 2.325e-05 15.00568 0.04949537 0.101330227  0.002333656   3.524705e-03      8.117468e-05         1  0.0503142754    0.001037229      1.546229e-03            3.187552e-05
44  2013-09-24 12:30:30     65 318.8 163.4 163.5301 2.325e-05 14.90785 0.04949537 0.097075346  0.002333591   3.376702e-03      8.117244e-05         1  0.0518418051    0.001033583      1.593172e-03            3.176347e-05
45  2013-09-24 12:30:45     66 320.4 163.3 163.4323 2.325e-05 14.81002 0.04949537 0.092820464  0.002333527   3.228699e-03      8.117021e-05         1  0.0534711700    0.001029950      1.643244e-03            3.165180e-05
46  2013-09-24 12:31:00     67 321.8 163.5 163.6345 2.325e-05 15.01219 0.04949537 0.101613224  0.002333660   3.534549e-03      8.117483e-05         1  0.0548968644    0.001026989      1.687058e-03            3.156080e-05
47  2013-09-24 12:31:15     68 323.3 163.5 163.6366 2.325e-05 15.01436 0.04949537 0.101707556  0.002333662   3.537830e-03      8.117488e-05         1  0.0564243940    0.001024044      1.734001e-03            3.147032e-05
48  2013-09-24 12:31:30     69 324.9 163.7 163.8388 2.325e-05 15.21652 0.04949537 0.110500316  0.002333796   3.843681e-03      8.117957e-05         1  0.0580537590    0.001021166      1.784074e-03            3.138188e-05
49  2013-09-24 12:31:45     70 326.3 163.8 163.9410 2.325e-05 15.31869 0.04949537 0.114943862  0.002333865   3.998247e-03      8.118196e-05         1  0.0594794533    0.001018873      1.827887e-03            3.131139e-05
50  2013-09-24 12:32:00     71 327.7 163.8 163.9432 2.325e-05 15.32086 0.04949537 0.115038195  0.002333866   4.001528e-03      8.118201e-05         1  0.0609051477    0.001016789      1.871701e-03            3.124736e-05
51  2013-09-24 12:32:15     72 329.1 163.8 163.9453 2.325e-05 15.32303 0.04949537 0.115132527  0.002333868   4.004809e-03      8.118206e-05         1  0.0623308420    0.001014918      1.915515e-03            3.118986e-05
52  2013-09-24 12:32:30     73 330.6 163.8 163.9475 2.325e-05 15.32520 0.04949537 0.115226859  0.002333869   4.008091e-03      8.118211e-05         1  0.0638583716    0.001013150      1.962458e-03            3.113551e-05
53  2013-09-24 12:32:45     74 331.9 163.9 164.0497 2.325e-05 15.42737 0.04949537 0.119670405  0.002333939   4.162656e-03      8.118452e-05         1  0.0651822307    0.001011816      2.003142e-03            3.109453e-05
54  2013-09-24 12:33:00     75 333.6 164.0 164.1518 2.325e-05 15.52954 0.04949537 0.124113951  0.002334008   4.317222e-03      8.118694e-05         1  0.0669134309    0.001010352      2.056344e-03            3.104954e-05
55  2013-09-24 12:33:15     76 335.1 164.1 164.2540 2.325e-05 15.63171 0.04949537 0.128557497  0.002334078   4.471788e-03      8.118938e-05         1  0.0684409606    0.001009325      2.103287e-03            3.101797e-05
56  2013-09-24 12:33:30     77 336.6 164.1 164.2562 2.325e-05 15.63388 0.04949537 0.128651830  0.002334080   4.475069e-03      8.118944e-05         1  0.0699684902    0.001008546      2.150230e-03            3.099405e-05
57  2013-09-24 12:33:45     78 338.2 164.2 164.3583 2.325e-05 15.73604 0.04949537 0.133095376  0.002334151   4.629635e-03      8.119189e-05         1  0.0715978552    0.001007991      2.200303e-03            3.097698e-05
58  2013-09-24 12:34:00     79 339.8 164.2 164.3605 2.325e-05 15.73821 0.04949537 0.133189708  0.002334152   4.632916e-03      8.119194e-05         1  0.0732272201    0.001007720      2.250376e-03            3.096864e-05
59  2013-09-24 12:34:15     80 341.3 164.2 164.3627 2.325e-05 15.74038 0.04949537 0.133284040  0.002334154   4.636198e-03      8.119200e-05         1  0.0747547498    0.001007724      2.297319e-03            3.096876e-05
60  2013-09-24 12:34:30     81 343.0 164.2 164.3648 2.325e-05 15.74255 0.04949537 0.133378373  0.002334155   4.639479e-03      8.119205e-05         1  0.0764859501    0.001008030      2.350521e-03            3.097819e-05
61  2013-09-24 12:34:45     82 344.7 164.2 164.3670 2.325e-05 15.74472 0.04949537 0.133472705  0.002334157   4.642760e-03      8.119210e-05         1  0.0782171503    0.001008658      2.403723e-03            3.099747e-05
62  2013-09-24 12:35:00     83 346.5 164.3 164.4692 2.325e-05 15.84689 0.04949537 0.137916251  0.002334228   4.797326e-03      8.119458e-05         1  0.0800501859    0.001009671      2.460055e-03            3.102862e-05
63  2013-09-24 12:35:15     84 348.3 164.3 164.4713 2.325e-05 15.84906 0.04949537 0.138010583  0.002334229   4.800607e-03      8.119463e-05         1  0.0818832215    0.001011043      2.516387e-03            3.107076e-05
64  2013-09-24 12:35:30     85 350.1 164.4 164.5735 2.325e-05 15.95123 0.04949537 0.142454129  0.002334301   4.955173e-03      8.119712e-05         1  0.0837162571    0.001012770      2.572718e-03            3.112386e-05
65  2013-09-24 12:35:45     86 352.0 164.5 164.6757 2.325e-05 16.05340 0.04949537 0.146897675  0.002334373   5.109739e-03      8.119962e-05         1  0.0856511279    0.001014979      2.632180e-03            3.119172e-05
66  2013-09-24 12:36:00     87 353.7 164.6 164.7779 2.325e-05 16.15557 0.04949537 0.151341221  0.002334445   5.264305e-03      8.120214e-05         1  0.0873823282    0.001017287      2.685382e-03            3.126267e-05
67  2013-09-24 12:36:15     88 355.6 164.5 164.6800 2.325e-05 16.05773 0.04949537 0.147086340  0.002334376   5.116302e-03      8.119973e-05         1  0.0893171991    0.001020237      2.744843e-03            3.135332e-05
68  2013-09-24 12:36:30     89 357.7 164.6 164.7822 2.325e-05 16.15990 0.04949537 0.151529886  0.002334448   5.270867e-03      8.120225e-05         1  0.0914557406    0.001023947      2.810564e-03            3.146732e-05
69  2013-09-24 12:36:45     90 359.6 164.7 164.8844 2.325e-05 16.26207 0.04949537 0.155973432  0.002334521   5.425433e-03      8.120479e-05         1  0.0933906115    0.001027706      2.870025e-03            3.158284e-05
70  2013-09-24 12:37:00     91 361.5 164.7 164.8865 2.325e-05 16.26424 0.04949537 0.156067764  0.002334523   5.428715e-03      8.120484e-05         1  0.0953254824    0.001031843      2.929486e-03            3.170998e-05
71  2013-09-24 12:37:15     92 363.5 164.9 165.0887 2.325e-05 16.46641 0.04949537 0.164860524  0.002334669   5.734565e-03      8.120991e-05         1  0.0973621886    0.001036601      2.992077e-03            3.185620e-05
72  2013-09-24 12:37:30     93 365.4 164.9 165.0909 2.325e-05 16.46858 0.04949537 0.164954856  0.002334670   5.737846e-03      8.120997e-05         1  0.0992970594    0.001041500      3.051538e-03            3.200675e-05
73  2013-09-24 12:37:45     94 367.4 164.8 164.9930 2.325e-05 16.37075 0.04949537 0.160699975  0.002334599   5.589843e-03      8.120751e-05         1  0.1013337656    0.001047048      3.114129e-03            3.217727e-05
74  2013-09-24 12:38:00     95 369.4 164.7 164.8952 2.325e-05 16.27292 0.04949537 0.156445093  0.002334529   5.441840e-03      8.120506e-05         1  0.1033704718    0.001052994      3.176720e-03            3.235997e-05
75  2013-09-24 12:38:15     96 371.5 164.7 164.8974 2.325e-05 16.27509 0.04949537 0.156539426  0.002334531   5.445121e-03      8.120511e-05         1  0.1055090133    0.001059655      3.242440e-03            3.256469e-05
76  2013-09-24 12:38:30     97 373.7 164.8 164.9995 2.325e-05 16.37725 0.04949537 0.160982972  0.002334604   5.599687e-03      8.120767e-05         1  0.1077493902    0.001067085      3.311290e-03            3.279304e-05
77  2013-09-24 12:38:45     98 375.8 164.7 164.9017 2.325e-05 16.27942 0.04949537 0.156728090  0.002334534   5.451684e-03      8.120522e-05         1  0.1098879317    0.001074601      3.377011e-03            3.302400e-05
78  2013-09-24 12:39:00     99 377.9 165.0 165.2039 2.325e-05 16.58159 0.04949537 0.169870064  0.002334753   5.908818e-03      8.121283e-05         1  0.1120264732    0.001082520      3.442731e-03            3.326737e-05
79  2013-09-24 12:39:15    100 380.2 165.1 165.3061 2.325e-05 16.68376 0.04949537 0.174313610  0.002334827   6.063384e-03      8.121543e-05         1  0.1143686853    0.001091647      3.514711e-03            3.354785e-05
80  2013-09-24 12:39:30    101 382.6 164.9 165.1082 2.325e-05 16.48593 0.04949537 0.165709514  0.002334683   5.764096e-03      8.121041e-05         1  0.1168127327    0.001101664      3.589820e-03            3.385567e-05
81  2013-09-24 12:39:45    102 384.9 165.1 165.3104 2.325e-05 16.68810 0.04949537 0.174502274  0.002334831   6.069947e-03      8.121555e-05         1  0.1191549449    0.001111723      3.661799e-03            3.416480e-05
82  2013-09-24 12:40:00    103 387.4 165.2 165.4126 2.325e-05 16.79027 0.04949537 0.178945820  0.002334906   6.224513e-03      8.121817e-05         1  0.1217008276    0.001123152      3.740038e-03            3.451605e-05
83  2013-09-24 12:40:15    104 389.7 165.2 165.4147 2.325e-05 16.79244 0.04949537 0.179040153  0.002334908   6.227794e-03      8.121822e-05         1  0.1240430397    0.001134111      3.812017e-03            3.485283e-05
84  2013-09-24 12:40:30    105 391.9 165.3 165.5169 2.325e-05 16.89461 0.04949537 0.183483699  0.002334983   6.382360e-03      8.122086e-05         1  0.1262834165    0.001144979      3.880867e-03            3.518683e-05
85  2013-09-24 12:40:45    106 394.7 165.3 165.5191 2.325e-05 16.89678 0.04949537 0.183578031  0.002334985   6.385641e-03      8.122091e-05         1  0.1291348052    0.001159341      3.968494e-03            3.562817e-05
86  2013-09-24 12:41:00    107 397.2 165.5 165.7212 2.325e-05 17.09894 0.04949537 0.192370791  0.002335136   6.691491e-03      8.122618e-05         1  0.1316806880    0.001172647      4.046733e-03            3.603710e-05
87  2013-09-24 12:41:15    108 399.7 165.6 165.8234 2.325e-05 17.20111 0.04949537 0.196814337  0.002335213   6.846057e-03      8.122886e-05         1  0.1342265707    0.001186394      4.124971e-03            3.645957e-05
88  2013-09-24 12:41:30    109 402.3 165.7 165.9256 2.325e-05 17.30328 0.04949537 0.201257883  0.002335291   7.000623e-03      8.123156e-05         1  0.1368742888    0.001201143      4.206340e-03            3.691281e-05
89  2013-09-24 12:41:45    110 404.9 165.6 165.8277 2.325e-05 17.20545 0.04949537 0.197003002  0.002335217   6.852620e-03      8.122898e-05         1  0.1395220068    0.001216335      4.287708e-03            3.737969e-05
90  2013-09-24 12:42:00    111 407.1 165.7 165.9299 2.325e-05 17.30762 0.04949537 0.201446548  0.002335294   7.007186e-03      8.123168e-05         1  0.1417623836    0.001229524      4.356558e-03            3.778501e-05
91  2013-09-24 12:42:15    112 409.2 165.8 166.0321 2.325e-05 17.40979 0.04949537 0.205890094  0.002335372   7.161751e-03      8.123440e-05         1  0.1439009251    0.001242390      4.422278e-03            3.818040e-05
92  2013-09-24 12:42:30    113 411.6 165.7 165.9342 2.325e-05 17.31196 0.04949537 0.201635212  0.002335298   7.013748e-03      8.123179e-05         1  0.1463449726    0.001257414      4.497387e-03            3.864210e-05
93  2013-09-24 12:42:45    114 413.6 165.7 165.9364 2.325e-05 17.31413 0.04949537 0.201729544  0.002335299   7.017030e-03      8.123185e-05         1  0.1483816788    0.001270186      4.559978e-03            3.903460e-05
94  2013-09-24 12:43:00    115 415.6 165.7 165.9386 2.325e-05 17.31630 0.04949537 0.201823877  0.002335301   7.020311e-03      8.123191e-05         1  0.1504183850    0.001283180      4.622569e-03            3.943392e-05
95  2013-09-24 12:43:15    116 417.4 165.8 166.0408 2.325e-05 17.41846 0.04949537 0.206267423  0.002335379   7.174877e-03      8.123463e-05         1  0.1522514205    0.001295058      4.678900e-03            3.979897e-05
96  2013-09-24 12:43:30    117 419.2 165.8 166.0429 2.325e-05 17.42063 0.04949537 0.206361755  0.002335381   7.178158e-03      8.123469e-05         1  0.1540844561    0.001307107      4.735232e-03            4.016923e-05
97  2013-09-24 12:43:45    118 421.3 165.9 166.1451 2.325e-05 17.52280 0.04949537 0.210805301  0.002335459   7.332724e-03      8.123742e-05         1  0.1562229976    0.001321371      4.800953e-03            4.060760e-05
98  2013-09-24 12:44:00    119 423.1 165.9 166.1473 2.325e-05 17.52497 0.04949537 0.210899633  0.002335461   7.336005e-03      8.123748e-05         1  0.1580560332    0.001333771      4.857284e-03            4.098868e-05
99  2013-09-24 12:44:15    120 424.8 165.9 166.1494 2.325e-05 17.52714 0.04949537 0.210993966  0.002335463   7.339286e-03      8.123754e-05         1  0.1597872335    0.001345625      4.910487e-03            4.135296e-05
100 2013-09-24 12:44:30    121 427.0 165.9 166.1516 2.325e-05 17.52931 0.04949537 0.211088298  0.002335464   7.342568e-03      8.123759e-05         1  0.1620276103    0.001361165      4.979337e-03            4.183053e-05
101 2013-09-24 12:44:45    122 428.8 166.0 166.2538 2.325e-05 17.63148 0.04949537 0.215531844  0.002335544   7.497133e-03      8.124035e-05         1  0.1638606459    0.001374042      5.035668e-03            4.222626e-05
102 2013-09-24 12:45:00    123 430.5 166.1 166.3559 2.325e-05 17.73365 0.04949537 0.219975390  0.002335623   7.651699e-03      8.124311e-05         1  0.1655918461    0.001386335      5.088871e-03            4.260402e-05
103 2013-09-24 12:45:15    124 432.2 166.2 166.4581 2.325e-05 17.83582 0.04949537 0.224418936  0.002335703   7.806265e-03      8.124590e-05         1  0.1673230464    0.001398750      5.142073e-03            4.298557e-05
104 2013-09-24 12:45:30    125 433.8 166.3 166.5603 2.325e-05 17.93799 0.04949537 0.228862482  0.002335784   7.960831e-03      8.124870e-05         1  0.1689524114    0.001410545      5.192145e-03            4.334804e-05
105 2013-09-24 12:45:45    126 435.3 166.1 166.3624 2.325e-05 17.74015 0.04949537 0.220258387  0.002335628   7.661543e-03      8.124329e-05         1  0.1704799410    0.001421697      5.239089e-03            4.369076e-05
106 2013-09-24 12:46:00    127 437.0 166.2 166.4646 2.325e-05 17.84232 0.04949537 0.224701933  0.002335708   7.816109e-03      8.124607e-05         1  0.1722111413    0.001434444      5.292291e-03            4.408248e-05
107 2013-09-24 12:46:15    128 438.6 166.3 166.5668 2.325e-05 17.94449 0.04949537 0.229145479  0.002335789   7.970675e-03      8.124887e-05         1  0.1738405062    0.001446542      5.342363e-03            4.445428e-05
108 2013-09-24 12:46:30    129 440.1 166.3 166.5689 2.325e-05 17.94666 0.04949537 0.229239811  0.002335790   7.973956e-03      8.124893e-05         1  0.1753680359    0.001457972      5.389307e-03            4.480554e-05
109 2013-09-24 12:46:45    130 441.8 166.3 166.5711 2.325e-05 17.94883 0.04949537 0.229334143  0.002335792   7.977237e-03      8.124899e-05         1  0.1770992361    0.001471026      5.442509e-03            4.520669e-05
110 2013-09-24 12:47:00    131 443.3 166.5 166.7733 2.325e-05 18.15100 0.04949537 0.238126903  0.002335953   8.283088e-03      8.125458e-05         1  0.1786267658    0.001482629      5.489452e-03            4.556328e-05
111 2013-09-24 12:47:15    132 445.0 166.5 166.7755 2.325e-05 18.15317 0.04949537 0.238221236  0.002335955   8.286369e-03      8.125464e-05         1  0.1803579661    0.001495875      5.542654e-03            4.597033e-05
112 2013-09-24 12:47:30    133 446.6 166.6 166.8776 2.325e-05 18.25534 0.04949537 0.242664782  0.002336036   8.440935e-03      8.125749e-05         1  0.1819873310    0.001508431      5.592727e-03            4.635619e-05
113 2013-09-24 12:47:45    134 448.4 166.7 166.9798 2.325e-05 18.35751 0.04949537 0.247108328  0.002336119   8.595501e-03      8.126036e-05         1  0.1838203666    0.001522657      5.649059e-03            4.679341e-05
114 2013-09-24 12:48:00    135 450.1 166.7 166.9820 2.325e-05 18.35967 0.04949537 0.247202660  0.002336121   8.598782e-03      8.126042e-05         1  0.1855515669    0.001536190      5.702261e-03            4.720927e-05
115 2013-09-24 12:48:15    136 451.8 166.7 166.9841 2.325e-05 18.36184 0.04949537 0.247296992  0.002336122   8.602063e-03      8.126048e-05         1  0.1872827671    0.001549813      5.755463e-03            4.762793e-05
116 2013-09-24 12:48:30    137 453.5 166.6 166.8863 2.325e-05 18.26401 0.04949537 0.243042111  0.002336043   8.454060e-03      8.125773e-05         1  0.1890139674    0.001563524      5.808665e-03            4.804929e-05
117 2013-09-24 12:48:45    138 455.0 166.8 167.0885 2.325e-05 18.46618 0.04949537 0.251834871  0.002336207   8.759910e-03      8.126342e-05         1  0.1905414970    0.001575694      5.855608e-03            4.842328e-05
118 2013-09-24 12:49:00    139 456.7 166.8 167.0906 2.325e-05 18.46835 0.04949537 0.251929203  0.002336209   8.763192e-03      8.126348e-05         1  0.1922726973    0.001589565      5.908811e-03            4.884957e-05
119 2013-09-24 12:49:15    140 458.3 167.0 167.2928 2.325e-05 18.67052 0.04949537 0.260721963  0.002336374   9.069042e-03      8.126923e-05         1  0.1939020623    0.001602695      5.958883e-03            4.925307e-05
120 2013-09-24 12:49:30    141 459.9 166.8 167.0950 2.325e-05 18.47269 0.04949537 0.252117867  0.002336212   8.769754e-03      8.126360e-05         1  0.1955314272    0.001615896      6.008956e-03            4.965875e-05
121 2013-09-24 12:49:45    142 461.5 166.7 166.9971 2.325e-05 18.37486 0.04949537 0.247862986  0.002336133   8.621751e-03      8.126084e-05         1  0.1971607922    0.001629166      6.059029e-03            5.006655e-05
122 2013-09-24 12:50:00    143 462.9 166.8 167.0993 2.325e-05 18.47703 0.04949537 0.252306532  0.002336216   8.776317e-03      8.126373e-05         1  0.1985864865    0.001640832      6.102842e-03            5.042507e-05
123 2013-09-24 12:50:15    144 464.6 166.9 167.2015 2.325e-05 18.57920 0.04949537 0.256750078  0.002336299   8.930883e-03      8.126662e-05         1  0.2003176868    0.001655066      6.156044e-03            5.086250e-05
124 2013-09-24 12:50:30    145 466.1 166.8 167.1037 2.325e-05 18.48136 0.04949537 0.252495196  0.002336219   8.782879e-03      8.126385e-05         1  0.2018452164    0.001667685      6.202988e-03            5.125032e-05
125 2013-09-24 12:50:45    146 467.6 167.0 167.3058 2.325e-05 18.68353 0.04949537 0.261287956  0.002336385   9.088730e-03      8.126960e-05         1  0.2033727461    0.001680360      6.249931e-03            5.163984e-05
126 2013-09-24 12:51:00    147 469.5 166.8 167.1080 2.325e-05 18.48570 0.04949537 0.252683861  0.002336223   8.789442e-03      8.126397e-05         1  0.2053076170    0.001696492      6.309392e-03            5.213560e-05
127 2013-09-24 12:51:15    148 471.4 166.9 167.2102 2.325e-05 18.58787 0.04949537 0.257127407  0.002336306   8.944008e-03      8.126687e-05         1  0.2072424878    0.001712708      6.368853e-03            5.263394e-05
128 2013-09-24 12:51:30    149 472.8 167.0 167.3123 2.325e-05 18.69004 0.04949537 0.261570953  0.002336390   9.098574e-03      8.126979e-05         1  0.2086681822    0.001724710      6.412667e-03            5.300275e-05
129 2013-09-24 12:51:45    150 474.4 167.0 167.3145 2.325e-05 18.69221 0.04949537 0.261665285  0.002336392   9.101855e-03      8.126985e-05         1  0.2102975471    0.001738478      6.462740e-03            5.342588e-05
130 2013-09-24 12:52:00    151 475.7 167.2 167.5167 2.325e-05 18.89438 0.04949537 0.270458045  0.002336559   9.407705e-03      8.127567e-05         1  0.2116214062    0.001749706      6.503424e-03            5.377093e-05
131 2013-09-24 12:52:15    152 477.5 167.2 167.5188 2.325e-05 18.89655 0.04949537 0.270552377  0.002336561   9.410987e-03      8.127573e-05         1  0.2134544417    0.001765312      6.559755e-03            5.425051e-05
132 2013-09-24 12:52:30    153 479.2 167.1 167.4210 2.325e-05 18.79872 0.04949537 0.266297496  0.002336480   9.262983e-03      8.127291e-05         1  0.2151856420    0.001780112      6.612958e-03            5.470534e-05
133 2013-09-24 12:52:45    154 481.1 167.3 167.6232 2.325e-05 19.00088 0.04949537 0.275090256  0.002336648   9.568834e-03      8.127876e-05         1  0.2171205129    0.001796722      6.672419e-03            5.521579e-05
134 2013-09-24 12:53:00    155 482.8 167.4 167.7253 2.325e-05 19.10305 0.04949537 0.279533802  0.002336733   9.723399e-03      8.128174e-05         1  0.2188517132    0.001811643      6.725621e-03            5.567435e-05
135 2013-09-24 12:53:15    156 484.4 167.6 167.9275 2.325e-05 19.30522 0.04949537 0.288326562  0.002336904   1.002925e-02      8.128768e-05         1  0.2204810781    0.001825738      6.775694e-03            5.610749e-05
136 2013-09-24 12:53:30    157 485.7 167.7 168.0297 2.325e-05 19.40739 0.04949537 0.292770108  0.002336991   1.018382e-02      8.129071e-05         1  0.2218049371    0.001837225      6.816378e-03            5.646050e-05
137 2013-09-24 12:53:45    158 487.2 167.7 168.0318 2.325e-05 19.40956 0.04949537 0.292864440  0.002336993   1.018710e-02      8.129077e-05         1  0.2233324668    0.001850518      6.863321e-03            5.686901e-05
138 2013-09-24 12:54:00    159 488.7 167.7 168.0340 2.325e-05 19.41173 0.04949537 0.292958772  0.002336995   1.019038e-02      8.129084e-05         1  0.2248599964    0.001863851      6.910264e-03            5.727875e-05
139 2013-09-24 12:54:15    160 490.0 167.8 168.1362 2.325e-05 19.51390 0.04949537 0.297402318  0.002337083   1.034494e-02      8.129388e-05         1  0.2261838555    0.001875438      6.950948e-03            5.763485e-05
140 2013-09-24 12:54:30    161 491.6 167.9 168.2384 2.325e-05 19.61607 0.04949537 0.301845865  0.002337171   1.049951e-02      8.129694e-05         1  0.2278132204    0.001889739      7.001021e-03            5.807434e-05
141 2013-09-24 12:54:45    162 493.1 167.8 168.1405 2.325e-05 19.51824 0.04949537 0.297590983  0.002337086   1.035151e-02      8.129401e-05         1  0.2293407501    0.001903186      7.047964e-03            5.848758e-05
142 2013-09-24 12:55:00    163 494.4 168.0 168.3427 2.325e-05 19.72041 0.04949537 0.306383743  0.002337261   1.065736e-02      8.130008e-05         1  0.2306646091    0.001914870      7.088648e-03            5.884664e-05
143 2013-09-24 12:55:15    164 496.0 168.1 168.4449 2.325e-05 19.82257 0.04949537 0.310827289  0.002337350   1.081192e-02      8.130317e-05         1  0.2322939740    0.001929287      7.138721e-03            5.928971e-05
144 2013-09-24 12:55:30    165 497.6 167.9 168.2470 2.325e-05 19.62474 0.04949537 0.302223194  0.002337178   1.051264e-02      8.129720e-05         1  0.2339233390    0.001943745      7.188793e-03            5.973403e-05
145 2013-09-24 12:55:45    166 499.0 168.0 168.3492 2.325e-05 19.72691 0.04949537 0.306666740  0.002337267   1.066720e-02      8.130028e-05         1  0.2353490333    0.001956429      7.232607e-03            6.012381e-05
146 2013-09-24 12:56:00    167 500.9 168.1 168.4514 2.325e-05 19.82908 0.04949537 0.311110286  0.002337355   1.082177e-02      8.130337e-05         1  0.2372839042    0.001973689      7.292068e-03            6.065425e-05
147 2013-09-24 12:56:15    168 502.6 168.0 168.3535 2.325e-05 19.73125 0.04949537 0.306855404  0.002337270   1.067376e-02      8.130041e-05         1  0.2390151045    0.001989178      7.345271e-03            6.113025e-05
148 2013-09-24 12:56:30    169 504.4 168.1 168.4557 2.325e-05 19.83342 0.04949537 0.311298950  0.002337359   1.082833e-02      8.130350e-05         1  0.2408481401    0.002005624      7.401602e-03            6.163565e-05
149 2013-09-24 12:56:45    170 506.1 168.2 168.5579 2.325e-05 19.93559 0.04949537 0.315742496  0.002337449   1.098290e-02      8.130661e-05         1  0.2425793403    0.002021198      7.454805e-03            6.211426e-05
150 2013-09-24 12:57:00    171 508.0 168.3 168.6600 2.325e-05 20.03776 0.04949537 0.320186042  0.002337538   1.113746e-02      8.130974e-05         1  0.2445142112    0.002038651      7.514266e-03            6.265062e-05
151 2013-09-24 12:57:15    172 510.0 168.3 168.6622 2.325e-05 20.03993 0.04949537 0.320280375  0.002337540   1.114074e-02      8.130980e-05         1  0.2465509174    0.002057075      7.576857e-03            6.321682e-05
152 2013-09-24 12:57:30    173 511.8 168.2 168.5644 2.325e-05 19.94209 0.04949537 0.316025493  0.002337454   1.099274e-02      8.130681e-05         1  0.2483839530    0.002073702      7.633188e-03            6.372778e-05
153 2013-09-24 12:57:45    174 513.2 168.2 168.5666 2.325e-05 19.94426 0.04949537 0.316119825  0.002337456   1.099602e-02      8.130688e-05         1  0.2498096473    0.002086662      7.677002e-03            6.412607e-05
154 2013-09-24 12:58:00    175 514.8 168.3 168.6687 2.325e-05 20.04643 0.04949537 0.320563371  0.002337546   1.115059e-02      8.131000e-05         1  0.2514390123    0.002101504      7.727075e-03            6.458218e-05
155 2013-09-24 12:58:15    176 516.7 168.2 168.5709 2.325e-05 19.94860 0.04949537 0.316308490  0.002337460   1.100258e-02      8.130701e-05         1  0.2533738832    0.002119169      7.786536e-03            6.512506e-05
156 2013-09-24 12:58:30    177 518.5 168.1 168.4731 2.325e-05 19.85077 0.04949537 0.312053608  0.002337374   1.085458e-02      8.130403e-05         1  0.2552069188    0.002135945      7.842868e-03            6.564059e-05
157 2013-09-24 12:58:45    178 520.3 168.4 168.7752 2.325e-05 20.15294 0.04949537 0.325195582  0.002337640   1.131171e-02      8.131328e-05         1  0.2570399543    0.002152758      7.899200e-03            6.615728e-05
158 2013-09-24 12:59:00    179 522.0 168.3 168.6774 2.325e-05 20.05511 0.04949537 0.320940700  0.002337554   1.116371e-02      8.131027e-05         1  0.2587711546    0.002168671      7.952402e-03            6.664631e-05
159 2013-09-24 12:59:15    180 523.8 168.4 168.7796 2.325e-05 20.15728 0.04949537 0.325384247  0.002337644   1.131828e-02      8.131341e-05         1  0.2606041902    0.002185555      8.008734e-03            6.716519e-05
160 2013-09-24 12:59:30    181 525.5 168.6 168.9817 2.325e-05 20.35945 0.04949537 0.334177006  0.002337824   1.162413e-02      8.131968e-05         1  0.2623353904    0.002201534      8.061936e-03            6.765623e-05
161 2013-09-24 12:59:45    182 527.5 168.5 168.8839 2.325e-05 20.26162 0.04949537 0.329922125  0.002337737   1.147612e-02      8.131664e-05         1  0.2643720966    0.002220371      8.124527e-03            6.823514e-05
162 2013-09-24 13:00:00    183 529.2 168.4 168.7861 2.325e-05 20.16378 0.04949537 0.325667243  0.002337650   1.132812e-02      8.131361e-05         1  0.2661032969    0.002236416      8.177729e-03            6.872822e-05
163 2013-09-24 13:00:15    184 531.1 168.3 168.6882 2.325e-05 20.06595 0.04949537 0.321412362  0.002337563   1.118012e-02      8.131060e-05         1  0.2680381678    0.002254383      8.237190e-03            6.928038e-05
164 2013-09-24 13:00:30    185 532.8 168.3 168.6904 2.325e-05 20.06812 0.04949537 0.321506694  0.002337565   1.118340e-02      8.131067e-05         1  0.2697693681    0.002270490      8.290392e-03            6.977534e-05
165 2013-09-24 13:00:45    186 534.7 168.5 168.8926 2.325e-05 20.27029 0.04949537 0.330299454  0.002337745   1.148925e-02      8.131691e-05         1  0.2717042389    0.002288524      8.349854e-03            7.032956e-05
166 2013-09-24 13:01:00    187 536.4 168.4 168.7947 2.325e-05 20.17246 0.04949537 0.326044572  0.002337658   1.134125e-02      8.131388e-05         1  0.2734354392    0.002304689      8.403056e-03            7.082634e-05
167 2013-09-24 13:01:15    188 538.0 168.5 168.8969 2.325e-05 20.27463 0.04949537 0.330488118  0.002337749   1.149581e-02      8.131704e-05         1  0.2750648042    0.002319928      8.453129e-03            7.129464e-05
168 2013-09-24 13:01:30    189 539.4 168.7 169.0991 2.325e-05 20.47680 0.04949537 0.339280878  0.002337930   1.180166e-02      8.132335e-05         1  0.2764904985    0.002333281      8.496942e-03            7.170500e-05
169 2013-09-24 13:01:45    190 540.8 168.7 169.1013 2.325e-05 20.47897 0.04949537 0.339375211  0.002337932   1.180494e-02      8.132342e-05         1  0.2779161928    0.002346651      8.540756e-03            7.211589e-05
170 2013-09-24 13:02:00    191 542.2 168.7 169.1034 2.325e-05 20.48114 0.04949537 0.339469543  0.002337934   1.180822e-02      8.132348e-05         1  0.2793418872    0.002360039      8.584569e-03            7.252732e-05
171 2013-09-24 13:02:15    192 543.7 168.6 169.0056 2.325e-05 20.38330 0.04949537 0.335214661  0.002337846   1.166022e-02      8.132043e-05         1  0.2808694168    0.002374402      8.631513e-03            7.296871e-05
172 2013-09-24 13:02:30    193 545.1 168.8 169.2078 2.325e-05 20.58547 0.04949537 0.344007421  0.002338028   1.196607e-02      8.132676e-05         1  0.2822951112    0.002387824      8.675326e-03            7.338121e-05
173 2013-09-24 13:02:45    194 546.4 168.7 169.1099 2.325e-05 20.48764 0.04949537 0.339752540  0.002337940   1.181807e-02      8.132369e-05         1  0.2836189702    0.002400303      8.716010e-03            7.376469e-05
174 2013-09-24 13:03:00    195 547.8 168.9 169.3121 2.325e-05 20.68981 0.04949537 0.348545300  0.002338123   1.212392e-02      8.133006e-05         1  0.2850446645    0.002413757      8.759824e-03            7.417814e-05
175 2013-09-24 13:03:15    196 549.2 169.0 169.4143 2.325e-05 20.79198 0.04949537 0.352988846  0.002338216   1.227848e-02      8.133330e-05         1  0.2864703589    0.002427227      8.803637e-03            7.459209e-05
176 2013-09-24 13:03:30    197 550.8 169.0 169.4164 2.325e-05 20.79415 0.04949537 0.353083178  0.002338218   1.228177e-02      8.133337e-05         1  0.2880997238    0.002442640      8.853710e-03            7.506575e-05
177 2013-09-24 13:03:45    198 552.1 169.0 169.4186 2.325e-05 20.79632 0.04949537 0.353177510  0.002338220   1.228505e-02      8.133344e-05         1  0.2894235828    0.002455177      8.894394e-03            7.545106e-05
178 2013-09-24 13:04:00    199 553.7 169.0 169.4208 2.325e-05 20.79849 0.04949537 0.353271842  0.002338222   1.228833e-02      8.133351e-05         1  0.2910529478    0.002470626      8.944467e-03            7.592583e-05
179 2013-09-24 13:04:15    200 554.9 169.2 169.6229 2.325e-05 21.00066 0.04949537 0.362064602  0.002338408   1.259418e-02      8.133997e-05         1  0.2922749715    0.002482226      8.982021e-03            7.628229e-05
180 2013-09-24 13:04:30    201 555.8 169.1 169.5251 2.325e-05 20.90283 0.04949537 0.357809721  0.002338317   1.244618e-02      8.133684e-05         1  0.2931914893    0.002490932      9.010187e-03            7.654986e-05
181 2013-09-24 13:04:45    202 556.8 169.0 169.4273 2.325e-05 20.80499 0.04949537 0.353554839  0.002338228   1.229817e-02      8.133371e-05         1  0.2942098424    0.002500613      9.041483e-03            7.684737e-05
182 2013-09-24 13:05:00    203 558.1 170.0 170.4295 2.325e-05 21.80716 0.04949537 0.397141310  0.002339167   1.381430e-02      8.136638e-05         1  0.2955337014    0.002513210      9.082167e-03            7.723447e-05

$dryleafvolt
            timestamp record LWSmV  SEmV    CSEmV  CSEmV.sd   loadmV  loadmV.sd
1 2013-09-24 12:18:30     17 265.8 161.4 161.4260 2.325e-05 12.80374 0.04949537
2 2013-09-24 12:18:45     18 265.8 161.4 161.4282 2.325e-05 12.80591 0.04949537
3 2013-09-24 12:19:00     19 265.8 161.2 161.2304 2.325e-05 12.60808 0.04949537
4 2013-09-24 12:19:15     20 265.8 161.2 161.2325 2.325e-05 12.61025 0.04949537
5 2013-09-24 12:19:30     21 265.8 161.1 161.1347 2.325e-05 12.51241 0.04949537
6 2013-09-24 12:19:45     22 265.8 161.3 161.3369 2.325e-05 12.71458 0.04949537

$runtime
Time difference of 45.25 mins

$startcalibvolt
            timestamp record LWSmV  SEmV    CSEmV  CSEmV.sd   loadmV  loadmV.sd
1 2013-09-24 12:16:00      7 265.8 271.1 271.1043 2.325e-05 122.4820 0.04949537
2 2013-09-24 12:16:15      8 265.8 271.1 271.1065 2.325e-05 122.4842 0.04949537
3 2013-09-24 12:16:30      9 265.8 271.3 271.3087 2.325e-05 122.6864 0.04949537

$endcalibvolt
            timestamp record LWSmV  SEmV
1 2013-09-24 13:08:00    215 266.5 271.2
2 2013-09-24 13:08:15    216 266.5 271.2
3 2013-09-24 13:08:30    217 266.5 271.0
4 2013-09-24 13:08:45    218 266.5 270.9

$lastLWSvolt
[1] 559.3

$maxLWSvolt
[1] 559.5

$species
[1] "bay"

$trial
[1] "2"

$replicate
[1] "3"

$isvertical
[1] FALSE

$conversionfactor
         avg        stdev
1 0.04349214 1.014141e-05

$LWSwatermass
        avg       stdev
1 0.3150648 0.001759174

$dryleafmass
        avg        stdev
1 0.5512988 0.0008881717

$lwsmodel

Call:
lm(formula = LWSsurfacedensity ~ record, data = rd[rd$runfilter == 
    1, ])

Coefficients:
(Intercept)       record  
 -1.851e-03    5.485e-05  


$leafmodel

Call:
lm(formula = surfacedensity ~ record, data = rd[rd$runfilter == 
    1, ])

Coefficients:
(Intercept)       record  
 -8.329e-04    6.782e-05  


