$name
[1] "bay2"

$leafarea
[1] 28.74857

$startbasevolt
            timestamp record LWSmV  SEmV CSEmV CSEmV.sd      loadmV  loadmV.sd
1 2013-08-06 14:05:15      3 265.1 150.2 150.2        0 -0.12991588 0.09613593
2 2013-08-06 14:05:30      4 265.1 150.4 150.4        0  0.07008412 0.09613593
3 2013-08-06 14:05:45      5 265.1 150.4 150.4        0  0.07008412 0.09613593

$endbasevolt
            timestamp record LWSmV  SEmV    CSEmV     CSEmV.sd      loadmV  loadmV.sd
1 2013-08-06 15:24:00    318 265.8 149.5 150.2488 3.154574e-05 -0.08115142 0.09613594
2 2013-08-06 15:24:15    319 265.8 149.5 150.2512 3.154574e-05 -0.07875920 0.09613594
3 2013-08-06 15:24:30    320 265.8 149.7 150.4535 3.154574e-05  0.12363302 0.09613594
4 2013-08-06 15:24:45    321 265.7 149.6 150.3559 3.154574e-05  0.02602524 0.09613594

$dryragvolt
            timestamp record LWSmV  SEmV    CSEmV     CSEmV.sd   loadmV  loadmV.sd
1 2013-08-06 15:20:30    304 370.5 261.6 262.3153 3.154574e-05 111.9854 0.09613594
2 2013-08-06 15:20:45    305 370.1 261.7 262.4177 3.154574e-05 112.0877 0.09613594
3 2013-08-06 15:21:00    306 369.8 261.6 262.3201 3.154574e-05 111.9901 0.09613594

$wetragvolt
            timestamp record LWSmV  SEmV    CSEmV     CSEmV.sd   loadmV  loadmV.sd
1 2013-08-06 15:21:45    309 266.9 264.4 265.1272 3.154574e-05 114.7973 0.09613594
2 2013-08-06 15:22:00    310 266.5 264.4 265.1296 3.154574e-05 114.7997 0.09613594
3 2013-08-06 15:22:15    311 266.4 264.3 265.0320 3.154574e-05 114.7021 0.09613594
4 2013-08-06 15:22:30    312 265.9 264.2 264.9344 3.154574e-05 114.6045 0.09613594

$rundata
              timestamp record LWSmV  SEmV    CSEmV     CSEmV.sd   loadmV  loadmV.sd     watermass watermass.sd surfacedensity surfacedensity.sd runfilter      LWSwater LWSwater.stdev LWSsurfacedensity LWSsurfacedensity.stdev
1   2013-08-06 14:09:00     18 265.1 165.0 165.0311 3.154574e-05 14.70118 0.09613594  0.0009324737  0.004479182   3.243548e-05      0.0001558054         0 -2.843756e-03    0.001285489     -8.739263e-05            3.950488e-05
2   2013-08-06 14:09:15     19 265.3 165.1 165.1335 3.154574e-05 14.80358 0.09613594  0.0053810993  0.004479279   1.871780e-04      0.0001558088         0 -2.640086e-03    0.001284176     -8.113355e-05            3.946453e-05
3   2013-08-06 14:09:30     20 265.7 165.0 165.0359 3.154574e-05 14.70597 0.09613594  0.0011403427  0.004479186   3.966607e-05      0.0001558055         0 -2.232744e-03    0.001281556     -6.861538e-05            3.938403e-05
4   2013-08-06 14:09:45     21 265.8 164.9 164.9383 3.154574e-05 14.60836 0.09613594 -0.0031004139  0.004479094  -1.078459e-04      0.0001558023         0 -2.130909e-03    0.001280903     -6.548584e-05            3.936394e-05
5   2013-08-06 14:10:00     22 265.8 165.0 165.0407 3.154574e-05 14.71075 0.09613594  0.0013482118  0.004479191   4.689666e-05      0.0001558057         0 -2.130909e-03    0.001280903     -6.548584e-05            3.936394e-05
6   2013-08-06 14:10:15     23 266.0 165.0 165.0431 3.154574e-05 14.71314 0.09613594  0.0014521463  0.004479193   5.051195e-05      0.0001558058         0 -1.927238e-03    0.001279597     -5.922675e-05            3.932383e-05
7   2013-08-06 14:10:30     24 266.5 165.2 165.2455 3.154574e-05 14.91554 0.09613594  0.0102454630  0.004479387   3.563817e-04      0.0001558125         0 -1.418062e-03    0.001276343     -4.357904e-05            3.922382e-05
8   2013-08-06 14:10:45     25 266.5 165.1 165.1478 3.154574e-05 14.81793 0.09613594  0.0060047064  0.004479293   2.088698e-04      0.0001558093         0 -1.418062e-03    0.001276343     -4.357904e-05            3.922382e-05
9   2013-08-06 14:11:00     26 266.7 165.1 165.1502 3.154574e-05 14.82032 0.09613594  0.0061086409  0.004479295   2.124851e-04      0.0001558093         0 -1.214391e-03    0.001275045     -3.731995e-05            3.918394e-05
10  2013-08-06 14:11:15     27 267.1 165.0 165.0526 3.154574e-05 14.72271 0.09613594  0.0018678843  0.004479202   6.497313e-05      0.0001558061         0 -8.070501e-04    0.001272456     -2.480179e-05            3.910438e-05
11  2013-08-06 14:11:30     28 267.1 165.2 165.2550 3.154574e-05 14.92511 0.09613594  0.0106612010  0.004479396   3.708429e-04      0.0001558128         0 -8.070501e-04    0.001272456     -2.480179e-05            3.910438e-05
12  2013-08-06 14:11:45     29 267.7 165.3 165.3574 3.154574e-05 15.02750 0.09613594  0.0151098267  0.004479495   5.255854e-04      0.0001558163         0 -1.960382e-04    0.001268590     -6.024531e-06            3.898554e-05
13  2013-08-06 14:12:00     30 267.8 165.2 165.2598 3.154574e-05 14.92989 0.09613594  0.0108690701  0.004479401   3.780735e-04      0.0001558130         0 -9.420292e-05    0.001267947     -2.894988e-06            3.896579e-05
14  2013-08-06 14:12:15     31 268.1 165.3 165.3622 3.154574e-05 15.03228 0.09613594  0.0153176957  0.004479500   5.328160e-04      0.0001558165         0  2.113030e-04    0.001266023      6.493639e-06            3.890666e-05
15  2013-08-06 14:12:30     32 268.5 165.3 165.3646 3.154574e-05 15.03467 0.09613594  0.0154216302  0.004479502   5.364313e-04      0.0001558165         0  6.186443e-04    0.001263465      1.901181e-05            3.882805e-05
16  2013-08-06 14:12:45     33 268.6 165.3 165.3670 3.154574e-05 15.03707 0.09613594  0.0155255647  0.004479505   5.400466e-04      0.0001558166         0  7.204796e-04    0.001262827      2.214135e-05            3.880844e-05
17  2013-08-06 14:13:00     34 269.2 165.3 165.3694 3.154574e-05 15.03946 0.09613594  0.0156294992  0.004479507   5.436619e-04      0.0001558167         0  1.331491e-03    0.001259010      4.091861e-05            3.869116e-05
18  2013-08-06 14:13:15     35 269.2 165.4 165.4718 3.154574e-05 15.14185 0.09613594  0.0200781248  0.004479607   6.984044e-04      0.0001558202         0  1.331491e-03    0.001259010      4.091861e-05            3.869116e-05
19  2013-08-06 14:13:30     36 269.8 165.3 165.3742 3.154574e-05 15.04424 0.09613594  0.0158373683  0.004479512   5.508924e-04      0.0001558169         0  1.942503e-03    0.001255214      5.969586e-05            3.857450e-05
20  2013-08-06 14:13:45     37 269.9 165.2 165.2766 3.154574e-05 14.94664 0.09613594  0.0115966117  0.004479417   4.033805e-04      0.0001558136         0  2.044339e-03    0.001254584      6.282540e-05            3.855512e-05
21  2013-08-06 14:14:00     38 270.3 165.4 165.4789 3.154574e-05 15.14903 0.09613594  0.0203899284  0.004479614   7.092502e-04      0.0001558204         0  2.451680e-03    0.001252067      7.534357e-05            3.847778e-05
22  2013-08-06 14:14:15     39 270.5 165.3 165.3813 3.154574e-05 15.05142 0.09613594  0.0161491718  0.004479519   5.617383e-04      0.0001558171         0  2.655350e-03    0.001250812      8.160266e-05            3.843921e-05
23  2013-08-06 14:14:30     40 270.9 165.2 165.2837 3.154574e-05 14.95381 0.09613594  0.0119084152  0.004479424   4.142264e-04      0.0001558138         0  3.062692e-03    0.001248309      9.412083e-05            3.836229e-05
24  2013-08-06 14:14:45     41 271.2 165.2 165.2861 3.154574e-05 14.95620 0.09613594  0.0120123497  0.004479426   4.178417e-04      0.0001558139         0  3.368198e-03    0.001246438      1.035095e-04            3.830479e-05
25  2013-08-06 14:15:00     42 271.6 165.2 165.2885 3.154574e-05 14.95860 0.09613594  0.0121162842  0.004479429   4.214570e-04      0.0001558140         0  3.775539e-03    0.001243951      1.160276e-04            3.822838e-05
26  2013-08-06 14:15:15     43 271.9 165.2 165.2909 3.154574e-05 14.96099 0.09613594  0.0122202187  0.004479431   4.250723e-04      0.0001558141         0  4.081045e-03    0.001242093      1.254163e-04            3.817126e-05
27  2013-08-06 14:15:30     44 272.2 165.3 165.3933 3.154574e-05 15.06338 0.09613594  0.0166688444  0.004479530   5.798148e-04      0.0001558175         0  4.386551e-03    0.001240239      1.348049e-04            3.811430e-05
28  2013-08-06 14:15:45     45 272.6 165.5 165.5957 3.154574e-05 15.26577 0.09613594  0.0254621611  0.004479729   8.856845e-04      0.0001558244         0  4.793892e-03    0.001237777      1.473230e-04            3.803862e-05
29  2013-08-06 14:16:00     46 272.9 165.3 165.3981 3.154574e-05 15.06817 0.09613594  0.0168767134  0.004479535   5.870454e-04      0.0001558177         0  5.099398e-03    0.001235936      1.567117e-04            3.798205e-05
30  2013-08-06 14:16:15     47 273.3 165.3 165.4005 3.154574e-05 15.07056 0.09613594  0.0169806479  0.004479537   5.906607e-04      0.0001558178         0  5.506739e-03    0.001233490      1.692298e-04            3.790688e-05
31  2013-08-06 14:16:30     48 273.5 165.4 165.5029 3.154574e-05 15.17295 0.09613594  0.0214292735  0.004479637   7.454032e-04      0.0001558212         0  5.710410e-03    0.001232271      1.754889e-04            3.786941e-05
32  2013-08-06 14:16:45     49 273.9 165.6 165.7053 3.154574e-05 15.37534 0.09613594  0.0302225902  0.004479837   1.051273e-03      0.0001558282         0  6.117751e-03    0.001229839      1.880071e-04            3.779469e-05
33  2013-08-06 14:17:00     50 274.3 165.5 165.6076 3.154574e-05 15.27773 0.09613594  0.0259818336  0.004479741   9.037610e-04      0.0001558248         1  6.525092e-03    0.001227418      2.005253e-04            3.772027e-05
34  2013-08-06 14:17:15     51 274.6 165.4 165.5100 3.154574e-05 15.18013 0.09613594  0.0217410771  0.004479644   7.562491e-04      0.0001558215         1  6.830598e-03    0.001225608      2.099139e-04            3.766465e-05
35  2013-08-06 14:17:30     52 274.9 165.3 165.4124 3.154574e-05 15.08252 0.09613594  0.0175003205  0.004479549   6.087371e-04      0.0001558182         1  7.136104e-03    0.001223804      2.193025e-04            3.760921e-05
36  2013-08-06 14:17:45     53 275.3 165.4 165.5148 3.154574e-05 15.18491 0.09613594  0.0219489461  0.004479649   7.634797e-04      0.0001558217         1  7.543445e-03    0.001221407      2.318207e-04            3.753555e-05
37  2013-08-06 14:18:00     54 275.7 165.8 165.9172 3.154574e-05 15.58730 0.09613594  0.0394316450  0.004480050   1.371604e-03      0.0001558356         1  7.950787e-03    0.001219020      2.443389e-04            3.746220e-05
38  2013-08-06 14:18:15     55 276.0 165.7 165.8196 3.154574e-05 15.48970 0.09613594  0.0351908884  0.004479952   1.224092e-03      0.0001558322         1  8.256292e-03    0.001217236      2.537275e-04            3.740738e-05
39  2013-08-06 14:18:30     56 276.3 165.5 165.6220 3.154574e-05 15.29209 0.09613594  0.0266054407  0.004479755   9.254528e-04      0.0001558253         1  8.561798e-03    0.001215458      2.631161e-04            3.735274e-05
40  2013-08-06 14:18:45     57 276.6 165.4 165.5244 3.154574e-05 15.19448 0.09613594  0.0223646841  0.004479659   7.779408e-04      0.0001558220         1  8.867304e-03    0.001213686      2.725047e-04            3.729828e-05
41  2013-08-06 14:19:00     58 277.1 165.5 165.6268 3.154574e-05 15.29687 0.09613594  0.0268133098  0.004479760   9.326833e-04      0.0001558255         1  9.376481e-03    0.001210745      2.881525e-04            3.720790e-05
42  2013-08-06 14:19:15     59 277.3 165.6 165.7292 3.154574e-05 15.39926 0.09613594  0.0312619354  0.004479861   1.087426e-03      0.0001558290         1  9.580152e-03    0.001209573      2.944115e-04            3.717189e-05
43  2013-08-06 14:19:30     60 277.8 165.5 165.6316 3.154574e-05 15.30166 0.09613594  0.0270211788  0.004479764   9.399139e-04      0.0001558257         1  1.008933e-02    0.001206655      3.100593e-04            3.708220e-05
44  2013-08-06 14:19:45     61 278.0 165.4 165.5340 3.154574e-05 15.20405 0.09613594  0.0227804222  0.004479668   7.924020e-04      0.0001558223         1  1.029300e-02    0.001205492      3.163183e-04            3.704646e-05
45  2013-08-06 14:20:00     62 278.5 165.4 165.5364 3.154574e-05 15.20644 0.09613594  0.0228843567  0.004479670   7.960173e-04      0.0001558224         1  1.080218e-02    0.001202596      3.319660e-04            3.695747e-05
46  2013-08-06 14:20:15     63 278.7 165.7 165.8387 3.154574e-05 15.50883 0.09613594  0.0360223645  0.004479971   1.253014e-03      0.0001558328         1  1.100585e-02    0.001201442      3.382251e-04            3.692201e-05
47  2013-08-06 14:20:30     64 279.2 165.6 165.7411 3.154574e-05 15.41123 0.09613594  0.0317816079  0.004479873   1.105502e-03      0.0001558294         1  1.151502e-02    0.001198569      3.538728e-04            3.683372e-05
48  2013-08-06 14:20:45     65 279.4 165.5 165.6435 3.154574e-05 15.31362 0.09613594  0.0275408514  0.004479776   9.579904e-04      0.0001558261         1  1.171869e-02    0.001197425      3.601319e-04            3.679855e-05
49  2013-08-06 14:21:00     66 280.0 165.8 165.9459 3.154574e-05 15.61601 0.09613594  0.0406788592  0.004480079   1.414987e-03      0.0001558366         1  1.232970e-02    0.001194007      3.789092e-04            3.669352e-05
50  2013-08-06 14:21:15     67 280.1 165.8 165.9483 3.154574e-05 15.61840 0.09613594  0.0407827937  0.004480081   1.418603e-03      0.0001558367         1  1.243154e-02    0.001193440      3.820387e-04            3.667608e-05
51  2013-08-06 14:21:30     68 280.7 165.8 165.9507 3.154574e-05 15.62079 0.09613594  0.0408867282  0.004480084   1.422218e-03      0.0001558368         1  1.304255e-02    0.001190050      4.008160e-04            3.657191e-05
52  2013-08-06 14:21:45     69 280.9 165.6 165.7531 3.154574e-05 15.42319 0.09613594  0.0323012805  0.004479885   1.123579e-03      0.0001558299         1  1.324622e-02    0.001188926      4.070751e-04            3.653736e-05
53  2013-08-06 14:22:00     70 281.4 165.8 165.9555 3.154574e-05 15.62558 0.09613594  0.0410945972  0.004480088   1.429449e-03      0.0001558369         1  1.375540e-02    0.001186126      4.227228e-04            3.645133e-05
54  2013-08-06 14:22:15     71 281.6 165.7 165.8579 3.154574e-05 15.52797 0.09613594  0.0368538406  0.004479990   1.281937e-03      0.0001558335         1  1.395907e-02    0.001185011      4.289819e-04            3.641706e-05
55  2013-08-06 14:22:30     72 282.1 165.7 165.8603 3.154574e-05 15.53036 0.09613594  0.0369577752  0.004479992   1.285552e-03      0.0001558336         1  1.446825e-02    0.001182236      4.446296e-04            3.633177e-05
56  2013-08-06 14:22:45     73 282.4 165.7 165.8627 3.154574e-05 15.53275 0.09613594  0.0370617097  0.004479995   1.289167e-03      0.0001558337         1  1.477375e-02    0.001180579      4.540182e-04            3.628084e-05
57  2013-08-06 14:23:00     74 282.8 165.8 165.9651 3.154574e-05 15.63515 0.09613594  0.0415103353  0.004480098   1.443910e-03      0.0001558373         1  1.518109e-02    0.001178379      4.665364e-04            3.621324e-05
58  2013-08-06 14:23:15     75 283.1 165.7 165.8675 3.154574e-05 15.53754 0.09613594  0.0372695787  0.004480000   1.296398e-03      0.0001558338         1  1.548660e-02    0.001176736      4.759250e-04            3.616276e-05
59  2013-08-06 14:23:30     76 283.4 165.8 165.9698 3.154574e-05 15.63993 0.09613594  0.0417182043  0.004480103   1.451140e-03      0.0001558374         1  1.579211e-02    0.001175100      4.853136e-04            3.611248e-05
60  2013-08-06 14:23:45     77 283.9 165.6 165.7722 3.154574e-05 15.44232 0.09613594  0.0331327566  0.004479904   1.152501e-03      0.0001558305         1  1.630128e-02    0.001172387      5.009613e-04            3.602911e-05
61  2013-08-06 14:24:00     78 284.1 165.7 165.8746 3.154574e-05 15.54472 0.09613594  0.0375813822  0.004480007   1.307244e-03      0.0001558341         1  1.650495e-02    0.001171307      5.072204e-04            3.599591e-05
62  2013-08-06 14:24:15     79 284.6 165.8 165.9770 3.154574e-05 15.64711 0.09613594  0.0420300078  0.004480110   1.461986e-03      0.0001558377         1  1.701413e-02    0.001168619      5.228681e-04            3.591329e-05
63  2013-08-06 14:24:30     80 284.8 165.8 165.9794 3.154574e-05 15.64950 0.09613594  0.0421339424  0.004480113   1.465601e-03      0.0001558378         1  1.721780e-02    0.001167548      5.291272e-04            3.588040e-05
64  2013-08-06 14:24:45     81 285.4 165.6 165.7818 3.154574e-05 15.45189 0.09613594  0.0335484947  0.004479914   1.166962e-03      0.0001558309         1  1.782881e-02    0.001164354      5.479045e-04            3.578225e-05
65  2013-08-06 14:25:00     82 285.5 165.7 165.8842 3.154574e-05 15.55428 0.09613594  0.0379971203  0.004480016   1.321705e-03      0.0001558344         1  1.793065e-02    0.001163825      5.510340e-04            3.576597e-05
66  2013-08-06 14:25:15     83 286.1 165.8 165.9866 3.154574e-05 15.65668 0.09613594  0.0424457459  0.004480120   1.476447e-03      0.0001558380         1  1.854166e-02    0.001160661      5.698113e-04            3.566875e-05
67  2013-08-06 14:25:30     84 286.3 165.9 166.0890 3.154574e-05 15.75907 0.09613594  0.0468943715  0.004480224   1.631190e-03      0.0001558416         1  1.874533e-02    0.001159612      5.760704e-04            3.563652e-05
68  2013-08-06 14:25:45     85 286.8 165.7 165.8914 3.154574e-05 15.56146 0.09613594  0.0383089238  0.004480024   1.332551e-03      0.0001558347         1  1.925451e-02    0.001157003      5.917181e-04            3.555634e-05
69  2013-08-06 14:26:00     86 287.0 165.9 166.0938 3.154574e-05 15.76385 0.09613594  0.0471022405  0.004480229   1.638420e-03      0.0001558418         1  1.945818e-02    0.001155965      5.979772e-04            3.552443e-05
70  2013-08-06 14:26:15     87 287.5 165.7 165.8962 3.154574e-05 15.56625 0.09613594  0.0385167929  0.004480028   1.339781e-03      0.0001558348         1  1.996735e-02    0.001153382      6.136249e-04            3.544504e-05
71  2013-08-06 14:26:30     88 287.8 165.6 165.7986 3.154574e-05 15.46864 0.09613594  0.0342760363  0.004479931   1.192269e-03      0.0001558314         1  2.027286e-02    0.001151841      6.230135e-04            3.539768e-05
72  2013-08-06 14:26:45     89 288.2 165.7 165.9009 3.154574e-05 15.57103 0.09613594  0.0387246619  0.004480033   1.347012e-03      0.0001558350         1  2.068020e-02    0.001149796      6.355317e-04            3.533486e-05
73  2013-08-06 14:27:00     90 288.5 166.1 166.3033 3.154574e-05 15.97342 0.09613594  0.0562073608  0.004480444   1.955136e-03      0.0001558493         1  2.098571e-02    0.001148271      6.449203e-04            3.528798e-05
74  2013-08-06 14:27:15     91 288.9 165.9 166.1057 3.154574e-05 15.77581 0.09613594  0.0476219131  0.004480241   1.656497e-03      0.0001558422         1  2.139305e-02    0.001146247      6.574385e-04            3.522580e-05
75  2013-08-06 14:27:30     92 289.3 165.9 166.1081 3.154574e-05 15.77821 0.09613594  0.0477258476  0.004480243   1.660112e-03      0.0001558423         1  2.180039e-02    0.001144236      6.699566e-04            3.516399e-05
76  2013-08-06 14:27:45     93 289.6 165.9 166.1105 3.154574e-05 15.78060 0.09613594  0.0478297821  0.004480246   1.663728e-03      0.0001558424         1  2.210589e-02    0.001142736      6.793453e-04            3.511788e-05
77  2013-08-06 14:28:00     94 290.1 165.9 166.1129 3.154574e-05 15.78299 0.09613594  0.0479337167  0.004480248   1.667343e-03      0.0001558425         1  2.261507e-02    0.001140250      6.949930e-04            3.504149e-05
78  2013-08-06 14:28:15     95 290.3 166.0 166.2153 3.154574e-05 15.88538 0.09613594  0.0523823423  0.004480353   1.822085e-03      0.0001558461         1  2.281874e-02    0.001139261      7.012521e-04            3.501110e-05
79  2013-08-06 14:28:30     96 290.9 166.0 166.2177 3.154574e-05 15.88778 0.09613594  0.0524862768  0.004480356   1.825701e-03      0.0001558462         1  2.342975e-02    0.001136313      7.200293e-04            3.492050e-05
80  2013-08-06 14:28:45     97 291.0 166.0 166.2201 3.154574e-05 15.89017 0.09613594  0.0525902113  0.004480358   1.829316e-03      0.0001558463         1  2.353159e-02    0.001135825      7.231588e-04            3.490549e-05
81  2013-08-06 14:29:00     98 291.6 166.0 166.2225 3.154574e-05 15.89256 0.09613594  0.0526941458  0.004480360   1.832931e-03      0.0001558464         1  2.414260e-02    0.001132909      7.419361e-04            3.481589e-05
82  2013-08-06 14:29:15     99 291.8 166.1 166.3249 3.154574e-05 15.99495 0.09613594  0.0571427714  0.004480466   1.987674e-03      0.0001558501         1  2.434627e-02    0.001131943      7.481952e-04            3.478621e-05
83  2013-08-06 14:29:30    100 292.3 166.0 166.2273 3.154574e-05 15.89734 0.09613594  0.0529020148  0.004480365   1.840162e-03      0.0001558466         1  2.485545e-02    0.001129543      7.638429e-04            3.471245e-05
84  2013-08-06 14:29:45    101 292.6 165.9 166.1297 3.154574e-05 15.79974 0.09613594  0.0486612583  0.004480265   1.692650e-03      0.0001558431         1  2.516095e-02    0.001128112      7.732315e-04            3.466848e-05
85  2013-08-06 14:30:00    102 293.0 166.1 166.3320 3.154574e-05 16.00213 0.09613594  0.0574545750  0.004480474   1.998520e-03      0.0001558503         1  2.556830e-02    0.001126216      7.857497e-04            3.461020e-05
86  2013-08-06 14:30:15    103 293.4 166.2 166.4344 3.154574e-05 16.10452 0.09613594  0.0619032006  0.004480580   2.153262e-03      0.0001558540         1  2.597564e-02    0.001124332      7.982679e-04            3.455231e-05
87  2013-08-06 14:30:30    104 293.6 165.9 166.1368 3.154574e-05 15.80691 0.09613594  0.0489730618  0.004480273   1.703496e-03      0.0001558433         1  2.617931e-02    0.001123395      8.045270e-04            3.452351e-05
88  2013-08-06 14:30:45    105 294.2 165.8 166.0392 3.154574e-05 15.70931 0.09613594  0.0447323052  0.004480173   1.555984e-03      0.0001558399         1  2.679032e-02    0.001120603      8.233042e-04            3.443771e-05
89  2013-08-06 14:31:00    106 294.4 165.9 166.1416 3.154574e-05 15.81170 0.09613594  0.0491809308  0.004480278   1.710726e-03      0.0001558435         1  2.699399e-02    0.001119679      8.295633e-04            3.440931e-05
90  2013-08-06 14:31:15    107 295.0 165.9 166.1440 3.154574e-05 15.81409 0.09613594  0.0492848653  0.004480280   1.714342e-03      0.0001558436         1  2.760500e-02    0.001116926      8.483405e-04            3.432470e-05
91  2013-08-06 14:31:30    108 295.1 166.1 166.3464 3.154574e-05 16.01648 0.09613594  0.0580781821  0.004480488   2.020211e-03      0.0001558508         1  2.770684e-02    0.001116470      8.514701e-04            3.431069e-05
92  2013-08-06 14:31:45    109 295.7 165.9 166.1488 3.154574e-05 15.81887 0.09613594  0.0494927344  0.004480285   1.721572e-03      0.0001558438         1  2.831785e-02    0.001113751      8.702473e-04            3.422713e-05
93  2013-08-06 14:32:00    110 296.0 166.0 166.2512 3.154574e-05 15.92127 0.09613594  0.0539413600  0.004480390   1.876315e-03      0.0001558474         1  2.862335e-02    0.001112403      8.796360e-04            3.418570e-05
94  2013-08-06 14:32:15    111 296.4 166.2 166.4536 3.154574e-05 16.12366 0.09613594  0.0627346767  0.004480600   2.182184e-03      0.0001558547         1  2.903070e-02    0.001110616      8.921541e-04            3.413080e-05
95  2013-08-06 14:32:30    112 296.8 166.0 166.2560 3.154574e-05 15.92605 0.09613594  0.0541492290  0.004480395   1.883545e-03      0.0001558476         1  2.943804e-02    0.001108843      9.046723e-04            3.407632e-05
96  2013-08-06 14:32:45    113 297.1 165.9 166.1584 3.154574e-05 15.82844 0.09613594  0.0499084724  0.004480295   1.736033e-03      0.0001558441         1  2.974354e-02    0.001107523      9.140609e-04            3.403573e-05
97  2013-08-06 14:33:00    114 297.7 165.9 166.1608 3.154574e-05 15.83084 0.09613594  0.0500124069  0.004480297   1.739649e-03      0.0001558442         1  3.035455e-02    0.001104903      9.328382e-04            3.395523e-05
98  2013-08-06 14:33:15    115 297.8 166.0 166.2631 3.154574e-05 15.93323 0.09613594  0.0544610325  0.004480402   1.894391e-03      0.0001558478         1  3.045639e-02    0.001104470      9.359677e-04            3.394191e-05
99  2013-08-06 14:33:30    116 298.3 166.1 166.3655 3.154574e-05 16.03562 0.09613594  0.0589096582  0.004480508   2.049134e-03      0.0001558515         1  3.096557e-02    0.001102314      9.516154e-04            3.387567e-05
100 2013-08-06 14:33:45    117 298.5 165.9 166.1679 3.154574e-05 15.83801 0.09613594  0.0503242105  0.004480305   1.750495e-03      0.0001558444         1  3.116924e-02    0.001101458      9.578745e-04            3.384936e-05
101 2013-08-06 14:34:00    118 299.1 166.0 166.2703 3.154574e-05 15.94040 0.09613594  0.0547728361  0.004480410   1.905237e-03      0.0001558481         1  3.178025e-02    0.001098910      9.766518e-04            3.377105e-05
102 2013-08-06 14:34:15    119 299.3 165.9 166.1727 3.154574e-05 15.84280 0.09613594  0.0505320795  0.004480309   1.757725e-03      0.0001558446         1  3.198392e-02    0.001098068      9.829109e-04            3.374516e-05
103 2013-08-06 14:34:30    120 299.8 165.9 166.1751 3.154574e-05 15.84519 0.09613594  0.0506360140  0.004480312   1.761340e-03      0.0001558447         1  3.249310e-02    0.001095976      9.985586e-04            3.368089e-05
104 2013-08-06 14:34:45    121 300.1 165.9 166.1775 3.154574e-05 15.84758 0.09613594  0.0507399485  0.004480314   1.764956e-03      0.0001558448         1  3.279860e-02    0.001094732      1.007947e-03            3.364265e-05
105 2013-08-06 14:35:00    122 300.4 166.1 166.3799 3.154574e-05 16.04997 0.09613594  0.0595332652  0.004480523   2.070825e-03      0.0001558520         1  3.310411e-02    0.001093495      1.017336e-03            3.360465e-05
106 2013-08-06 14:35:15    123 300.9 166.1 166.3823 3.154574e-05 16.05237 0.09613594  0.0596371998  0.004480526   2.074441e-03      0.0001558521         1  3.361328e-02    0.001091452      1.032984e-03            3.354185e-05
107 2013-08-06 14:35:30    124 301.1 166.1 166.3847 3.154574e-05 16.05476 0.09613594  0.0597411343  0.004480528   2.078056e-03      0.0001558522         1  3.381696e-02    0.001090640      1.039243e-03            3.351691e-05
108 2013-08-06 14:35:45    125 301.8 166.1 166.3871 3.154574e-05 16.05715 0.09613594  0.0598450688  0.004480531   2.081671e-03      0.0001558523         1  3.452980e-02    0.001087828      1.061149e-03            3.343050e-05
109 2013-08-06 14:36:00    126 301.8 166.0 166.2895 3.154574e-05 15.95954 0.09613594  0.0556043122  0.004480429   1.934159e-03      0.0001558488         1  3.452980e-02    0.001087828      1.061149e-03            3.343050e-05
110 2013-08-06 14:36:15    127 302.5 166.0 166.2919 3.154574e-05 15.96193 0.09613594  0.0557082467  0.004480432   1.937775e-03      0.0001558489         1  3.524265e-02    0.001085060      1.083056e-03            3.334541e-05
111 2013-08-06 14:36:30    128 302.8 166.2 166.4942 3.154574e-05 16.16433 0.09613594  0.0645015634  0.004480642   2.243644e-03      0.0001558562         1  3.554816e-02    0.001083886      1.092445e-03            3.330935e-05
112 2013-08-06 14:36:45    129 303.2 166.2 166.4966 3.154574e-05 16.16672 0.09613594  0.0646054979  0.004480645   2.247260e-03      0.0001558563         1  3.595550e-02    0.001082335      1.104963e-03            3.326166e-05
113 2013-08-06 14:37:00    130 303.5 166.2 166.4990 3.154574e-05 16.16911 0.09613594  0.0647094325  0.004480647   2.250875e-03      0.0001558564         1  3.626100e-02    0.001081180      1.114352e-03            3.322619e-05
114 2013-08-06 14:37:15    131 303.8 166.3 166.6014 3.154574e-05 16.27150 0.09613594  0.0691580581  0.004480755   2.405618e-03      0.0001558601         1  3.656651e-02    0.001080034      1.123740e-03            3.319096e-05
115 2013-08-06 14:37:30    132 304.3 166.4 166.7038 3.154574e-05 16.37390 0.09613594  0.0736066837  0.004480863   2.560360e-03      0.0001558639         1  3.707569e-02    0.001078141      1.139388e-03            3.313280e-05
116 2013-08-06 14:37:45    133 304.5 166.2 166.5062 3.154574e-05 16.17629 0.09613594  0.0650212360  0.004480655   2.261721e-03      0.0001558566         1  3.727936e-02    0.001077391      1.145647e-03            3.310973e-05
117 2013-08-06 14:38:00    134 305.1 166.0 166.3086 3.154574e-05 15.97868 0.09613594  0.0564357883  0.004480449   1.963082e-03      0.0001558495         1  3.789037e-02    0.001075160      1.164424e-03            3.304119e-05
118 2013-08-06 14:38:15    135 305.3 166.2 166.5110 3.154574e-05 16.18107 0.09613594  0.0652291050  0.004480660   2.268952e-03      0.0001558568         1  3.809404e-02    0.001074424      1.170683e-03            3.301857e-05
119 2013-08-06 14:38:30    136 305.9 166.2 166.5134 3.154574e-05 16.18346 0.09613594  0.0653330395  0.004480662   2.272567e-03      0.0001558569         1  3.870505e-02    0.001072238      1.189461e-03            3.295138e-05
120 2013-08-06 14:38:45    137 306.0 166.1 166.4158 3.154574e-05 16.08586 0.09613594  0.0610922830  0.004480560   2.125055e-03      0.0001558533         1  3.880689e-02    0.001071877      1.192590e-03            3.294029e-05
121 2013-08-06 14:39:00    138 306.6 166.1 166.4182 3.154574e-05 16.08825 0.09613594  0.0611962175  0.004480563   2.128670e-03      0.0001558534         1  3.941790e-02    0.001069729      1.211367e-03            3.287429e-05
122 2013-08-06 14:39:15    139 306.8 166.1 166.4206 3.154574e-05 16.09064 0.09613594  0.0613001520  0.004480565   2.132285e-03      0.0001558535         1  3.962157e-02    0.001069021      1.217627e-03            3.285252e-05
123 2013-08-06 14:39:30    140 307.2 166.2 166.5229 3.154574e-05 16.19303 0.09613594  0.0657487776  0.004480672   2.287028e-03      0.0001558572         1  4.002891e-02    0.001067615      1.230145e-03            3.280933e-05
124 2013-08-06 14:39:45    141 307.6 166.2 166.5253 3.154574e-05 16.19543 0.09613594  0.0658527121  0.004480675   2.290643e-03      0.0001558573         1  4.043625e-02    0.001066225      1.242663e-03            3.276659e-05
125 2013-08-06 14:40:00    142 308.1 166.3 166.6277 3.154574e-05 16.29782 0.09613594  0.0703013377  0.004480782   2.445386e-03      0.0001558611         1  4.094543e-02    0.001064508      1.258311e-03            3.271382e-05
126 2013-08-06 14:40:15    143 308.6 166.3 166.6301 3.154574e-05 16.30021 0.09613594  0.0704052722  0.004480785   2.449001e-03      0.0001558612         1  4.145460e-02    0.001062814      1.273958e-03            3.266177e-05
127 2013-08-06 14:40:30    144 308.6 166.4 166.7325 3.154574e-05 16.40260 0.09613594  0.0748538979  0.004480893   2.603744e-03      0.0001558649         1  4.145460e-02    0.001062814      1.273958e-03            3.266177e-05
128 2013-08-06 14:40:45    145 309.2 166.3 166.6349 3.154574e-05 16.30499 0.09613594  0.0706131413  0.004480790   2.456232e-03      0.0001558613         1  4.206562e-02    0.001060813      1.292736e-03            3.260027e-05
129 2013-08-06 14:41:00    146 309.4 166.4 166.7373 3.154574e-05 16.40739 0.09613594  0.0750617669  0.004480898   2.610974e-03      0.0001558651         1  4.226929e-02    0.001060153      1.298995e-03            3.258001e-05
130 2013-08-06 14:41:15    147 309.9 166.3 166.6397 3.154574e-05 16.30978 0.09613594  0.0708210103  0.004480795   2.463462e-03      0.0001558615         1  4.277846e-02    0.001058522      1.314642e-03            3.252986e-05
131 2013-08-06 14:41:30    148 310.1 166.3 166.6421 3.154574e-05 16.31217 0.09613594  0.0709249448  0.004480797   2.467078e-03      0.0001558616         1  4.298213e-02    0.001057875      1.320901e-03            3.251000e-05
132 2013-08-06 14:41:45    149 310.6 166.3 166.6445 3.154574e-05 16.31456 0.09613594  0.0710288793  0.004480800   2.470693e-03      0.0001558617         1  4.349131e-02    0.001056277      1.336549e-03            3.246089e-05
133 2013-08-06 14:42:00    150 310.9 166.3 166.6469 3.154574e-05 16.31696 0.09613594  0.0711328138  0.004480803   2.474308e-03      0.0001558618         1  4.379682e-02    0.001055330      1.345938e-03            3.243177e-05
134 2013-08-06 14:42:15    151 311.3 166.5 166.8493 3.154574e-05 16.51935 0.09613594  0.0799261305  0.004481017   2.780178e-03      0.0001558692         1  4.420416e-02    0.001054080      1.358456e-03            3.239337e-05
135 2013-08-06 14:42:30    152 311.7 166.5 166.8517 3.154574e-05 16.52174 0.09613594  0.0800300651  0.004481020   2.783793e-03      0.0001558693         1  4.461150e-02    0.001052846      1.370974e-03            3.235544e-05
136 2013-08-06 14:42:45    153 312.0 166.2 166.5540 3.154574e-05 16.22413 0.09613594  0.0670999263  0.004480705   2.334027e-03      0.0001558584         1  4.491700e-02    0.001051931      1.380363e-03            3.232731e-05
137 2013-08-06 14:43:00    154 312.5 166.4 166.7564 3.154574e-05 16.42652 0.09613594  0.0758932430  0.004480919   2.639897e-03      0.0001558658         1  4.542618e-02    0.001050425      1.396010e-03            3.228103e-05
138 2013-08-06 14:43:15    155 312.7 166.3 166.6588 3.154574e-05 16.32892 0.09613594  0.0716524864  0.004480815   2.492385e-03      0.0001558622         1  4.562985e-02    0.001049829      1.402270e-03            3.226273e-05
139 2013-08-06 14:43:30    156 313.2 166.4 166.7612 3.154574e-05 16.43131 0.09613594  0.0761011120  0.004480924   2.647127e-03      0.0001558660         1  4.613903e-02    0.001048357      1.417917e-03            3.221750e-05
140 2013-08-06 14:43:45    157 313.4 166.4 166.7636 3.154574e-05 16.43370 0.09613594  0.0762050465  0.004480926   2.650742e-03      0.0001558661         1  4.634270e-02    0.001047776      1.424176e-03            3.219962e-05
141 2013-08-06 14:44:00    158 314.0 166.5 166.8660 3.154574e-05 16.53609 0.09613594  0.0806536721  0.004481035   2.805485e-03      0.0001558699         1  4.695371e-02    0.001046054      1.442954e-03            3.214671e-05
142 2013-08-06 14:44:15    159 314.1 166.4 166.7684 3.154574e-05 16.43849 0.09613594  0.0764129156  0.004480931   2.657973e-03      0.0001558662         1  4.705555e-02    0.001045771      1.446083e-03            3.213800e-05
143 2013-08-06 14:44:30    160 314.7 166.5 166.8708 3.154574e-05 16.54088 0.09613594  0.0808615412  0.004481040   2.812716e-03      0.0001558700         1  4.766656e-02    0.001044091      1.464860e-03            3.208638e-05
144 2013-08-06 14:44:45    161 315.0 166.5 166.8732 3.154574e-05 16.54327 0.09613594  0.0809654757  0.004481043   2.816331e-03      0.0001558701         1  4.797206e-02    0.001043264      1.474249e-03            3.206098e-05
145 2013-08-06 14:45:00    162 315.4 166.8 167.1756 3.154574e-05 16.84566 0.09613594  0.0941034835  0.004481369   3.273328e-03      0.0001558815         1  4.837940e-02    0.001042177      1.486767e-03            3.202755e-05
146 2013-08-06 14:45:15    163 315.7 166.8 167.1780 3.154574e-05 16.84805 0.09613594  0.0942074180  0.004481372   3.276943e-03      0.0001558816         1  4.868491e-02    0.001041371      1.496156e-03            3.200280e-05
147 2013-08-06 14:45:30    164 316.1 166.9 167.2804 3.154574e-05 16.95045 0.09613594  0.0986560436  0.004481484   3.431686e-03      0.0001558855         1  4.909225e-02    0.001040311      1.508674e-03            3.197023e-05
148 2013-08-06 14:45:45    165 316.5 166.6 166.9828 3.154574e-05 16.65284 0.09613594  0.0857259048  0.004481161   2.981919e-03      0.0001558742         1  4.949959e-02    0.001039268      1.521192e-03            3.193816e-05
149 2013-08-06 14:46:00    166 316.8 166.6 166.9851 3.154574e-05 16.65523 0.09613594  0.0858298394  0.004481163   2.985535e-03      0.0001558743         1  4.980510e-02    0.001038496      1.530581e-03            3.191444e-05
150 2013-08-06 14:46:15    167 317.2 166.5 166.8875 3.154574e-05 16.55762 0.09613594  0.0815890828  0.004481058   2.838023e-03      0.0001558707         1  5.021244e-02    0.001037481      1.543099e-03            3.188324e-05
151 2013-08-06 14:46:30    168 317.5 166.6 166.9899 3.154574e-05 16.66002 0.09613594  0.0860377084  0.004481168   2.992765e-03      0.0001558745         1  5.051795e-02    0.001036730      1.552488e-03            3.186017e-05
152 2013-08-06 14:46:45    169 318.0 166.5 166.8923 3.154574e-05 16.56241 0.09613594  0.0817969518  0.004481064   2.845253e-03      0.0001558708         1  5.102712e-02    0.001035499      1.568135e-03            3.182235e-05
153 2013-08-06 14:47:00    170 318.2 166.4 166.7947 3.154574e-05 16.46480 0.09613594  0.0775561952  0.004480959   2.697741e-03      0.0001558672         1  5.123079e-02    0.001035014      1.574394e-03            3.180744e-05
154 2013-08-06 14:47:15    171 318.8 166.4 166.7971 3.154574e-05 16.46719 0.09613594  0.0776601297  0.004480962   2.701357e-03      0.0001558673         1  5.184181e-02    0.001033583      1.593172e-03            3.176347e-05
155 2013-08-06 14:47:30    172 318.9 166.4 166.7995 3.154574e-05 16.46958 0.09613594  0.0777640642  0.004480964   2.704972e-03      0.0001558674         1  5.194364e-02    0.001033348      1.596301e-03            3.175625e-05
156 2013-08-06 14:47:45    173 319.5 166.5 166.9019 3.154574e-05 16.57198 0.09613594  0.0822126899  0.004481074   2.859714e-03      0.0001558712         1  5.255465e-02    0.001031961      1.615078e-03            3.171361e-05
157 2013-08-06 14:48:00    174 319.8 166.5 166.9043 3.154574e-05 16.57437 0.09613594  0.0823166244  0.004481076   2.863330e-03      0.0001558713         1  5.286016e-02    0.001031281      1.624467e-03            3.169272e-05
158 2013-08-06 14:48:15    175 320.2 166.4 166.8067 3.154574e-05 16.47676 0.09613594  0.0780758678  0.004480972   2.715818e-03      0.0001558677         1  5.326750e-02    0.001030389      1.636985e-03            3.166531e-05
159 2013-08-06 14:48:30    176 320.6 166.3 166.7091 3.154574e-05 16.37915 0.09613594  0.0738351112  0.004480868   2.568306e-03      0.0001558641         1  5.367484e-02    0.001029514      1.649503e-03            3.163842e-05
160 2013-08-06 14:48:45    177 320.8 166.4 166.8115 3.154574e-05 16.48155 0.09613594  0.0782837368  0.004480977   2.723048e-03      0.0001558678         1  5.387851e-02    0.001029083      1.655762e-03            3.162516e-05
161 2013-08-06 14:49:00    178 321.3 166.4 166.8139 3.154574e-05 16.48394 0.09613594  0.0783876713  0.004480980   2.726664e-03      0.0001558679         1  5.438769e-02    0.001028023      1.671410e-03            3.159258e-05
162 2013-08-06 14:49:15    179 321.5 166.3 166.7162 3.154574e-05 16.38633 0.09613594  0.0741469147  0.004480876   2.579152e-03      0.0001558643         1  5.459136e-02    0.001027606      1.677669e-03            3.157977e-05
163 2013-08-06 14:49:30    180 322.1 166.3 166.7186 3.154574e-05 16.38872 0.09613594  0.0742508492  0.004480878   2.582767e-03      0.0001558644         1  5.520237e-02    0.001026381      1.696447e-03            3.154212e-05
164 2013-08-06 14:49:45    181 322.2 166.6 167.0210 3.154574e-05 16.69111 0.09613594  0.0873888571  0.004481202   3.039764e-03      0.0001558757         1  5.530421e-02    0.001026180      1.699576e-03            3.153596e-05
165 2013-08-06 14:50:00    182 322.8 166.6 167.0234 3.154574e-05 16.69351 0.09613594  0.0874927916  0.004481204   3.043379e-03      0.0001558758         1  5.591522e-02    0.001024999      1.718353e-03            3.149967e-05
166 2013-08-06 14:50:15    183 323.0 166.6 167.0258 3.154574e-05 16.69590 0.09613594  0.0875967261  0.004481207   3.046995e-03      0.0001558758         1  5.611889e-02    0.001024614      1.724612e-03            3.148784e-05
167 2013-08-06 14:50:30    184 323.5 166.8 167.2282 3.154574e-05 16.89829 0.09613594  0.0963900428  0.004481427   3.352864e-03      0.0001558835         1  5.662806e-02    0.001023670      1.740260e-03            3.145881e-05
168 2013-08-06 14:50:45    185 323.6 166.6 167.0306 3.154574e-05 16.70068 0.09613594  0.0878045951  0.004481212   3.054225e-03      0.0001558760         1  5.672990e-02    0.001023484      1.743390e-03            3.145310e-05
169 2013-08-06 14:51:00    186 324.2 166.3 166.7330 3.154574e-05 16.40308 0.09613594  0.0748744563  0.004480894   2.604459e-03      0.0001558649         1  5.734091e-02    0.001022392      1.762167e-03            3.141955e-05
170 2013-08-06 14:51:15    187 324.6 166.5 166.9354 3.154574e-05 16.60547 0.09613594  0.0836677730  0.004481110   2.910328e-03      0.0001558725         1  5.774825e-02    0.001021685      1.774685e-03            3.139783e-05
171 2013-08-06 14:51:30    188 324.9 166.6 167.0378 3.154574e-05 16.70786 0.09613594  0.0881163987  0.004481220   3.065071e-03      0.0001558763         1  5.805376e-02    0.001021166      1.784074e-03            3.138188e-05
172 2013-08-06 14:51:45    189 325.4 166.4 166.8402 3.154574e-05 16.51025 0.09613594  0.0795309510  0.004481008   2.766432e-03      0.0001558689         1  5.856294e-02    0.001020323      1.799721e-03            3.135597e-05
173 2013-08-06 14:52:00    190 325.6 166.6 167.0426 3.154574e-05 16.71264 0.09613594  0.0883242677  0.004481225   3.072302e-03      0.0001558765         1  5.876661e-02    0.001019993      1.805981e-03            3.134583e-05
174 2013-08-06 14:52:15    191 326.2 166.5 166.9450 3.154574e-05 16.61504 0.09613594  0.0840835111  0.004481120   2.924790e-03      0.0001558728         1  5.937762e-02    0.001019029      1.824758e-03            3.131621e-05
175 2013-08-06 14:52:30    192 326.3 166.6 167.0473 3.154574e-05 16.71743 0.09613594  0.0885321367  0.004481230   3.079532e-03      0.0001558766         1  5.947945e-02    0.001018873      1.827887e-03            3.131139e-05
176 2013-08-06 14:52:45    193 326.9 166.5 166.9497 3.154574e-05 16.61982 0.09613594  0.0842913801  0.004481125   2.932020e-03      0.0001558730         1  6.009047e-02    0.001017954      1.846665e-03            3.128315e-05
177 2013-08-06 14:53:00    194 327.0 166.5 166.9521 3.154574e-05 16.62221 0.09613594  0.0843953146  0.004481128   2.935636e-03      0.0001558731         1  6.019230e-02    0.001017804      1.849794e-03            3.127856e-05
178 2013-08-06 14:53:15    195 327.6 166.4 166.8545 3.154574e-05 16.52461 0.09613594  0.0801545581  0.004481023   2.788124e-03      0.0001558694         1  6.080331e-02    0.001016931      1.868571e-03            3.125172e-05
179 2013-08-06 14:53:30    196 327.7 166.5 166.9569 3.154574e-05 16.62700 0.09613594  0.0846031837  0.004481133   2.942866e-03      0.0001558733         1  6.090515e-02    0.001016789      1.871701e-03            3.124736e-05
180 2013-08-06 14:53:45    197 328.3 166.6 167.0593 3.154574e-05 16.72939 0.09613594  0.0890518093  0.004481243   3.097609e-03      0.0001558771         1  6.151616e-02    0.001015961      1.890478e-03            3.122192e-05
181 2013-08-06 14:54:00    198 328.6 166.8 167.2617 3.154574e-05 16.93178 0.09613594  0.0978451260  0.004481464   3.403478e-03      0.0001558848         1  6.182167e-02    0.001015562      1.899867e-03            3.120965e-05
182 2013-08-06 14:54:15    199 329.0 166.8 167.2641 3.154574e-05 16.93417 0.09613594  0.0979490605  0.004481466   3.407094e-03      0.0001558849         1  6.222901e-02    0.001015045      1.912385e-03            3.119375e-05
183 2013-08-06 14:54:30    200 329.4 166.4 166.8665 3.154574e-05 16.53657 0.09613594  0.0806742306  0.004481036   2.806200e-03      0.0001558699         1  6.263635e-02    0.001014545      1.924903e-03            3.117839e-05
184 2013-08-06 14:54:45    201 329.8 166.4 166.8689 3.154574e-05 16.53896 0.09613594  0.0807781651  0.004481038   2.809815e-03      0.0001558700         1  6.304369e-02    0.001014062      1.937421e-03            3.116356e-05
185 2013-08-06 14:55:00    202 330.3 166.6 167.0713 3.154574e-05 16.74135 0.09613594  0.0895714819  0.004481256   3.115685e-03      0.0001558776         1  6.355287e-02    0.001013484      1.953069e-03            3.114578e-05
186 2013-08-06 14:55:15    203 330.4 166.7 167.1737 3.154574e-05 16.84374 0.09613594  0.0940201075  0.004481367   3.270428e-03      0.0001558814         1  6.365470e-02    0.001013371      1.956199e-03            3.114232e-05
187 2013-08-06 14:55:30    204 331.0 166.7 167.1761 3.154574e-05 16.84614 0.09613594  0.0941240420  0.004481370   3.274043e-03      0.0001558815         1  6.426571e-02    0.001012720      1.974976e-03            3.112230e-05
188 2013-08-06 14:55:45    205 331.1 166.7 167.1784 3.154574e-05 16.84853 0.09613594  0.0942279765  0.004481373   3.277658e-03      0.0001558816         1  6.436755e-02    0.001012615      1.978105e-03            3.111908e-05
189 2013-08-06 14:56:00    206 331.7 166.8 167.2808 3.154574e-05 16.95092 0.09613594  0.0986766021  0.004481485   3.432401e-03      0.0001558855         1  6.497856e-02    0.001012009      1.996883e-03            3.110046e-05
190 2013-08-06 14:56:15    207 331.8 166.5 166.9832 3.154574e-05 16.65331 0.09613594  0.0857464633  0.004481161   2.982634e-03      0.0001558742         1  6.508040e-02    0.001011912      2.000012e-03            3.109748e-05
191 2013-08-06 14:56:30    208 332.4 166.8 167.2856 3.154574e-05 16.95570 0.09613594  0.0988844711  0.004481490   3.439631e-03      0.0001558857         1  6.569141e-02    0.001011352      2.018789e-03            3.108028e-05
192 2013-08-06 14:56:45    209 332.7 166.8 167.2880 3.154574e-05 16.95810 0.09613594  0.0989884057  0.004481492   3.443247e-03      0.0001558858         1  6.599691e-02    0.001011087      2.028178e-03            3.107214e-05
193 2013-08-06 14:57:00    210 333.1 166.9 167.3904 3.154574e-05 17.06049 0.09613594  0.1034370313  0.004481605   3.597989e-03      0.0001558897         1  6.640425e-02    0.001010750      2.040696e-03            3.106176e-05
194 2013-08-06 14:57:15    211 333.5 166.7 167.1928 3.154574e-05 16.86288 0.09613594  0.0948515836  0.004481388   3.299350e-03      0.0001558821         1  6.681160e-02    0.001010429      2.053214e-03            3.105191e-05
195 2013-08-06 14:57:30    212 333.7 166.8 167.2952 3.154574e-05 16.96527 0.09613594  0.0993002092  0.004481500   3.454092e-03      0.0001558860         1  6.701527e-02    0.001010276      2.059473e-03            3.104720e-05
196 2013-08-06 14:57:45    213 334.3 167.0 167.4976 3.154574e-05 17.16767 0.09613594  0.1080935259  0.004481724   3.759962e-03      0.0001558938         1  6.762628e-02    0.001009842      2.078251e-03            3.103386e-05
197 2013-08-06 14:58:00    214 334.5 166.9 167.4000 3.154574e-05 17.07006 0.09613594  0.1038527693  0.004481616   3.612450e-03      0.0001558900         1  6.782995e-02    0.001009706      2.084510e-03            3.102968e-05
198 2013-08-06 14:58:15    215 335.1 166.8 167.3024 3.154574e-05 16.97245 0.09613594  0.0996120127  0.004481508   3.464938e-03      0.0001558863         1  6.844096e-02    0.001009325      2.103287e-03            3.101797e-05
199 2013-08-06 14:58:30    216 335.4 166.8 167.3048 3.154574e-05 16.97484 0.09613594  0.0997159472  0.004481511   3.468554e-03      0.0001558864         1  6.874647e-02    0.001009149      2.112676e-03            3.101257e-05
200 2013-08-06 14:58:45    217 335.8 166.7 167.2072 3.154574e-05 16.87723 0.09613594  0.0954751907  0.004481404   3.321042e-03      0.0001558827         1  6.915381e-02    0.001008930      2.125194e-03            3.100585e-05
201 2013-08-06 14:59:00    218 336.1 166.8 167.3095 3.154574e-05 16.97963 0.09613594  0.0999238163  0.004481516   3.475784e-03      0.0001558866         1  6.945931e-02    0.001008778      2.134582e-03            3.100117e-05
202 2013-08-06 14:59:15    219 336.5 166.8 167.3119 3.154574e-05 16.98202 0.09613594  0.1000277508  0.004481519   3.479400e-03      0.0001558867         1  6.986665e-02    0.001008590      2.147101e-03            3.099540e-05
203 2013-08-06 14:59:30    220 337.1 167.0 167.5143 3.154574e-05 17.18441 0.09613594  0.1088210675  0.004481742   3.785269e-03      0.0001558945         1  7.047767e-02    0.001008342      2.165878e-03            3.098777e-05
204 2013-08-06 14:59:45    221 337.3 166.9 167.4167 3.154574e-05 17.08680 0.09613594  0.1045803109  0.004481634   3.637757e-03      0.0001558907         1  7.068134e-02    0.001008268      2.172137e-03            3.098550e-05
205 2013-08-06 15:00:00    222 337.8 166.7 167.2191 3.154574e-05 16.88920 0.09613594  0.0959948632  0.004481417   3.339118e-03      0.0001558831         1  7.119051e-02    0.001008103      2.187785e-03            3.098043e-05
206 2013-08-06 15:00:15    223 338.2 167.0 167.5215 3.154574e-05 17.19159 0.09613594  0.1091328710  0.004481750   3.796115e-03      0.0001558947         1  7.159786e-02    0.001007991      2.200303e-03            3.097698e-05
207 2013-08-06 15:00:30    224 338.5 167.0 167.5239 3.154574e-05 17.19398 0.09613594  0.1092368056  0.004481753   3.799730e-03      0.0001558948         1  7.190336e-02    0.001007918      2.209691e-03            3.097475e-05
208 2013-08-06 15:00:45    225 339.0 167.1 167.6263 3.154574e-05 17.29637 0.09613594  0.1136854312  0.004481867   3.954473e-03      0.0001558988         1  7.241254e-02    0.001007820      2.225339e-03            3.097172e-05
209 2013-08-06 15:01:00    226 339.2 167.1 167.6287 3.154574e-05 17.29876 0.09613594  0.1137893657  0.004481870   3.958088e-03      0.0001558989         1  7.261621e-02    0.001007788      2.231598e-03            3.097074e-05
210 2013-08-06 15:01:15    227 339.9 166.9 167.4311 3.154574e-05 17.10116 0.09613594  0.1052039180  0.004481650   3.659449e-03      0.0001558912         1  7.332906e-02    0.001007712      2.253505e-03            3.096841e-05
211 2013-08-06 15:01:30    228 340.1 167.0 167.5335 3.154574e-05 17.20355 0.09613594  0.1096525436  0.004481763   3.814192e-03      0.0001558952         1  7.353273e-02    0.001007700      2.259764e-03            3.096805e-05
212 2013-08-06 15:01:45    229 340.6 167.1 167.6359 3.154574e-05 17.30594 0.09613594  0.1141011692  0.004481878   3.968934e-03      0.0001558992         1  7.404190e-02    0.001007691      2.275412e-03            3.096775e-05
213 2013-08-06 15:02:00    230 341.2 167.0 167.5382 3.154574e-05 17.20833 0.09613594  0.1098604126  0.004481769   3.821422e-03      0.0001558954         1  7.465291e-02    0.001007716      2.294189e-03            3.096852e-05
214 2013-08-06 15:02:15    231 341.3 166.9 167.4406 3.154574e-05 17.11073 0.09613594  0.1056196561  0.004481661   3.673910e-03      0.0001558916         1  7.475475e-02    0.001007724      2.297319e-03            3.096876e-05
215 2013-08-06 15:02:30    232 341.9 166.9 167.4430 3.154574e-05 17.11312 0.09613594  0.1057235906  0.004481663   3.677526e-03      0.0001558917         1  7.536576e-02    0.001007795      2.316096e-03            3.097096e-05
216 2013-08-06 15:02:45    233 342.1 167.1 167.6454 3.154574e-05 17.31551 0.09613594  0.1145169073  0.004481888   3.983395e-03      0.0001558995         1  7.556943e-02    0.001007828      2.322355e-03            3.097197e-05
217 2013-08-06 15:03:00    234 342.6 167.0 167.5478 3.154574e-05 17.21790 0.09613594  0.1102761507  0.004481779   3.835883e-03      0.0001558958         1  7.607861e-02    0.001007929      2.338003e-03            3.097508e-05
218 2013-08-06 15:03:15    235 343.0 167.3 167.8502 3.154574e-05 17.52029 0.09613594  0.1234141585  0.004482119   4.292880e-03      0.0001559076         1  7.648595e-02    0.001008030      2.350521e-03            3.097819e-05
219 2013-08-06 15:03:30    236 343.3 167.2 167.7526 3.154574e-05 17.42269 0.09613594  0.1191734019  0.004482009   4.145368e-03      0.0001559037         1  7.679146e-02    0.001008118      2.359910e-03            3.098088e-05
220 2013-08-06 15:03:45    237 343.9 167.0 167.5550 3.154574e-05 17.22508 0.09613594  0.1105879542  0.004481787   3.846729e-03      0.0001558960         1  7.740247e-02    0.001008323      2.378687e-03            3.098717e-05
221 2013-08-06 15:04:00    238 344.2 167.2 167.7574 3.154574e-05 17.42747 0.09613594  0.1193812710  0.004482014   4.152599e-03      0.0001559039         1  7.770797e-02    0.001008440      2.388075e-03            3.099078e-05
222 2013-08-06 15:04:15    239 344.6 167.2 167.7598 3.154574e-05 17.42986 0.09613594  0.1194852055  0.004482017   4.156214e-03      0.0001559040         1  7.811532e-02    0.001008612      2.400594e-03            3.099607e-05
223 2013-08-06 15:04:30    240 345.3 167.2 167.7622 3.154574e-05 17.43226 0.09613594  0.1195891400  0.004482020   4.159830e-03      0.0001559041         1  7.882816e-02    0.001008956      2.422500e-03            3.100663e-05
224 2013-08-06 15:04:45    241 345.6 167.1 167.6646 3.154574e-05 17.33465 0.09613594  0.1153483834  0.004481910   4.012318e-03      0.0001559003         1  7.913367e-02    0.001009120      2.431889e-03            3.101167e-05
225 2013-08-06 15:05:00    242 346.0 167.2 167.7670 3.154574e-05 17.43704 0.09613594  0.1197970090  0.004482025   4.167060e-03      0.0001559043         1  7.954101e-02    0.001009354      2.444407e-03            3.101886e-05
226 2013-08-06 15:05:15    243 346.6 167.3 167.8693 3.154574e-05 17.53943 0.09613594  0.1242456346  0.004482141   4.321803e-03      0.0001559083         1  8.015202e-02    0.001009738      2.463184e-03            3.103067e-05
227 2013-08-06 15:05:30    244 346.8 167.2 167.7717 3.154574e-05 17.44182 0.09613594  0.1200048780  0.004482030   4.174291e-03      0.0001559045         1  8.035569e-02    0.001009875      2.469444e-03            3.103488e-05
228 2013-08-06 15:05:45    245 347.3 167.4 167.9741 3.154574e-05 17.64422 0.09613594  0.1287981948  0.004482260   4.480160e-03      0.0001559125         1  8.086487e-02    0.001010237      2.485091e-03            3.104599e-05
229 2013-08-06 15:06:00    246 347.9 167.3 167.8765 3.154574e-05 17.54661 0.09613594  0.1245574382  0.004482149   4.332649e-03      0.0001559086         1  8.147588e-02    0.001010707      2.503868e-03            3.106045e-05
230 2013-08-06 15:06:15    247 348.1 167.3 167.8789 3.154574e-05 17.54900 0.09613594  0.1246613727  0.004482152   4.336264e-03      0.0001559087         1  8.167955e-02    0.001010873      2.510128e-03            3.106554e-05
231 2013-08-06 15:06:30    248 348.7 167.4 167.9813 3.154574e-05 17.65139 0.09613594  0.1291099983  0.004482268   4.491006e-03      0.0001559127         1  8.229056e-02    0.001011396      2.528905e-03            3.108161e-05
232 2013-08-06 15:06:45    249 349.2 167.2 167.7837 3.154574e-05 17.45379 0.09613594  0.1205245506  0.004482044   4.192367e-03      0.0001559049         1  8.279974e-02    0.001011862      2.544553e-03            3.109594e-05
233 2013-08-06 15:07:00    250 349.5 167.3 167.8861 3.154574e-05 17.55618 0.09613594  0.1249731762  0.004482160   4.347110e-03      0.0001559090         1  8.310525e-02    0.001012155      2.553941e-03            3.110494e-05
234 2013-08-06 15:07:15    251 350.1 167.1 167.6885 3.154574e-05 17.35857 0.09613594  0.1163877285  0.004481937   4.048471e-03      0.0001559012         1  8.371626e-02    0.001012770      2.572718e-03            3.112386e-05
235 2013-08-06 15:07:30    252 350.4 167.1 167.6909 3.154574e-05 17.36096 0.09613594  0.1164916630  0.004481939   4.052086e-03      0.0001559013         1  8.402176e-02    0.001013093      2.582107e-03            3.113377e-05
236 2013-08-06 15:07:45    253 350.7 167.1 167.6933 3.154574e-05 17.36335 0.09613594  0.1165955976  0.004481942   4.055701e-03      0.0001559014         1  8.432727e-02    0.001013425      2.591496e-03            3.114398e-05
237 2013-08-06 15:08:00    254 351.3 167.1 167.6957 3.154574e-05 17.36575 0.09613594  0.1166995321  0.004481945   4.059316e-03      0.0001559015         1  8.493828e-02    0.001014119      2.610273e-03            3.116531e-05
238 2013-08-06 15:08:15    255 351.8 167.4 167.9981 3.154574e-05 17.66814 0.09613594  0.1298375399  0.004482287   4.516313e-03      0.0001559134         1  8.544746e-02    0.001014728      2.625921e-03            3.118401e-05
239 2013-08-06 15:08:30    256 352.1 167.5 168.1004 3.154574e-05 17.77053 0.09613594  0.1342861655  0.004482405   4.671056e-03      0.0001559175         1  8.575296e-02    0.001015106      2.635309e-03            3.119563e-05
240 2013-08-06 15:08:45    257 352.5 167.3 167.9028 3.154574e-05 17.57292 0.09613594  0.1257007178  0.004482179   4.372417e-03      0.0001559096         1  8.616030e-02    0.001015625      2.647827e-03            3.121159e-05
241 2013-08-06 15:09:00    258 352.8 167.5 168.1052 3.154574e-05 17.77532 0.09613594  0.1344940345  0.004482410   4.678287e-03      0.0001559177         1  8.646581e-02    0.001016026      2.657216e-03            3.122391e-05
242 2013-08-06 15:09:15    259 353.4 167.5 168.1076 3.154574e-05 17.77771 0.09613594  0.1345979690  0.004482413   4.681902e-03      0.0001559178         1  8.707682e-02    0.001016857      2.675993e-03            3.124945e-05
243 2013-08-06 15:09:30    260 353.9 167.3 167.9100 3.154574e-05 17.58010 0.09613594  0.1260125214  0.004482187   4.383263e-03      0.0001559099         1  8.758600e-02    0.001017580      2.691641e-03            3.127165e-05
244 2013-08-06 15:09:45    261 354.3 167.2 167.8124 3.154574e-05 17.48249 0.09613594  0.1217717648  0.004482076   4.235751e-03      0.0001559061         1  8.799334e-02    0.001018177      2.704159e-03            3.129001e-05
245 2013-08-06 15:10:00    262 354.8 167.3 167.9148 3.154574e-05 17.58488 0.09613594  0.1262203904  0.004482192   4.390493e-03      0.0001559101         1  8.850252e-02    0.001018948      2.719807e-03            3.131370e-05
246 2013-08-06 15:10:15    263 355.3 167.1 167.7172 3.154574e-05 17.38728 0.09613594  0.1176349427  0.004481969   4.091854e-03      0.0001559023         1  8.901169e-02    0.001019746      2.735455e-03            3.133822e-05
247 2013-08-06 15:10:30    264 355.8 167.3 167.9196 3.154574e-05 17.58967 0.09613594  0.1264282594  0.004482198   4.397724e-03      0.0001559103         1  8.952087e-02    0.001020570      2.751102e-03            3.136355e-05
248 2013-08-06 15:10:45    265 356.2 167.2 167.8220 3.154574e-05 17.49206 0.09613594  0.1221875028  0.004482087   4.250212e-03      0.0001559065         1  8.992821e-02    0.001021249      2.763620e-03            3.138442e-05
249 2013-08-06 15:11:00    266 356.7 167.3 167.9244 3.154574e-05 17.59445 0.09613594  0.1266361284  0.004482203   4.404954e-03      0.0001559105         1  9.043739e-02    0.001022122      2.779268e-03            3.141124e-05
250 2013-08-06 15:11:15    267 357.1 167.2 167.8268 3.154574e-05 17.49685 0.09613594  0.1223953719  0.004482093   4.257443e-03      0.0001559066         1  9.084473e-02    0.001022839      2.791786e-03            3.143328e-05
251 2013-08-06 15:11:30    268 357.5 167.3 167.9292 3.154574e-05 17.59924 0.09613594  0.1268439975  0.004482209   4.412185e-03      0.0001559107         1  9.125207e-02    0.001023573      2.804305e-03            3.145584e-05
252 2013-08-06 15:11:45    269 358.1 167.4 168.0315 3.154574e-05 17.70163 0.09613594  0.1312926231  0.004482326   4.566928e-03      0.0001559147         1  9.186308e-02    0.001024706      2.823082e-03            3.149067e-05
253 2013-08-06 15:12:00    270 358.4 167.5 168.1339 3.154574e-05 17.80402 0.09613594  0.1357412487  0.004482443   4.721670e-03      0.0001559188         1  9.216859e-02    0.001025287      2.832470e-03            3.150852e-05
254 2013-08-06 15:12:15    271 358.9 167.3 167.9363 3.154574e-05 17.60641 0.09613594  0.1271558010  0.004482217   4.423031e-03      0.0001559110         1  9.267776e-02    0.001026276      2.848118e-03            3.153892e-05
255 2013-08-06 15:12:30    272 359.3 167.5 168.1387 3.154574e-05 17.80881 0.09613594  0.1359491177  0.004482449   4.728901e-03      0.0001559190         1  9.308511e-02    0.001027087      2.860636e-03            3.156382e-05
256 2013-08-06 15:12:45    273 359.6 167.4 168.0411 3.154574e-05 17.71120 0.09613594  0.1317083611  0.004482336   4.581389e-03      0.0001559151         1  9.339061e-02    0.001027706      2.870025e-03            3.158284e-05
257 2013-08-06 15:13:00    274 360.3 167.4 168.0435 3.154574e-05 17.71359 0.09613594  0.1318122957  0.004482339   4.585004e-03      0.0001559152         1  9.410346e-02    0.001029186      2.891932e-03            3.162833e-05
258 2013-08-06 15:13:15    275 360.6 167.2 167.8459 3.154574e-05 17.51598 0.09613594  0.1232268480  0.004482114   4.286365e-03      0.0001559074         1  9.440896e-02    0.001029836      2.901320e-03            3.164831e-05
259 2013-08-06 15:13:30    276 361.0 167.3 167.9483 3.154574e-05 17.61838 0.09613594  0.1276754736  0.004482230   4.441107e-03      0.0001559114         1  9.481631e-02    0.001030717      2.913839e-03            3.167540e-05
260 2013-08-06 15:13:45    277 361.6 167.4 168.0507 3.154574e-05 17.72077 0.09613594  0.1321240992  0.004482347   4.595850e-03      0.0001559155         1  9.542732e-02    0.001032071      2.932616e-03            3.171699e-05
261 2013-08-06 15:14:00    278 362.0 167.2 167.8531 3.154574e-05 17.52316 0.09613594  0.1235386515  0.004482122   4.297211e-03      0.0001559077         1  9.583466e-02    0.001032994      2.945134e-03            3.174535e-05
262 2013-08-06 15:14:15    279 362.3 167.3 167.9555 3.154574e-05 17.62555 0.09613594  0.1279872771  0.004482239   4.451953e-03      0.0001559117         1  9.614016e-02    0.001033697      2.954523e-03            3.176695e-05
263 2013-08-06 15:14:30    280 363.0 167.1 167.7579 3.154574e-05 17.42794 0.09613594  0.1194018294  0.004482015   4.153314e-03      0.0001559039         1  9.685301e-02    0.001035373      2.976429e-03            3.181846e-05
264 2013-08-06 15:14:45    281 363.3 167.4 168.0603 3.154574e-05 17.73034 0.09613594  0.1325398372  0.004482358   4.610311e-03      0.0001559159         1  9.715852e-02    0.001036107      2.985818e-03            3.184101e-05
265 2013-08-06 15:15:00    282 363.7 167.4 168.0626 3.154574e-05 17.73273 0.09613594  0.1326437718  0.004482361   4.613926e-03      0.0001559160         1  9.756586e-02    0.001037099      2.998336e-03            3.187152e-05
266 2013-08-06 15:15:15    283 364.3 167.3 167.9650 3.154574e-05 17.63512 0.09613594  0.1284030152  0.004482250   4.466414e-03      0.0001559121         1  9.817687e-02    0.001038619      3.017113e-03            3.191822e-05
267 2013-08-06 15:15:30    284 364.7 167.5 168.1674 3.154574e-05 17.83751 0.09613594  0.1371963319  0.004482482   4.772284e-03      0.0001559202         1  9.858421e-02    0.001039652      3.029632e-03            3.194998e-05
268 2013-08-06 15:15:45    285 365.2 167.5 168.1698 3.154574e-05 17.83991 0.09613594  0.1373002664  0.004482484   4.775899e-03      0.0001559203         1  9.909339e-02    0.001040967      3.045279e-03            3.199037e-05
269 2013-08-06 15:16:00    286 365.7 167.4 168.0722 3.154574e-05 17.74230 0.09613594  0.1330595098  0.004482372   4.628388e-03      0.0001559164         1  9.960257e-02    0.001042306      3.060927e-03            3.203154e-05
270 2013-08-06 15:16:15    287 366.2 167.4 168.0746 3.154574e-05 17.74469 0.09613594  0.1331634443  0.004482375   4.632003e-03      0.0001559165         1  1.001117e-01    0.001043671      3.076575e-03            3.207348e-05
271 2013-08-06 15:16:30    288 366.6 167.2 167.8770 3.154574e-05 17.54708 0.09613594  0.1245779966  0.004482149   4.333364e-03      0.0001559086         1  1.005191e-01    0.001044781      3.089093e-03            3.210759e-05
272 2013-08-06 15:16:45    289 367.1 167.3 167.9794 3.154574e-05 17.64947 0.09613594  0.1290266223  0.004482266   4.488106e-03      0.0001559127         1  1.010283e-01    0.001046191      3.104741e-03            3.215091e-05
273 2013-08-06 15:17:00    290 367.5 167.4 168.0818 3.154574e-05 17.75187 0.09613594  0.1334752479  0.004482383   4.642849e-03      0.0001559167         1  1.014356e-01    0.001047336      3.117259e-03            3.218612e-05
274 2013-08-06 15:17:15    291 367.8 167.4 168.0842 3.154574e-05 17.75426 0.09613594  0.1335791824  0.004482386   4.646464e-03      0.0001559168         1  1.017411e-01    0.001048206      3.126647e-03            3.221284e-05
275 2013-08-06 15:17:30    292 368.4 167.5 168.1866 3.154574e-05 17.85665 0.09613594  0.1380278080  0.004482504   4.801207e-03      0.0001559209         1  1.023521e-01    0.001049972      3.145425e-03            3.226711e-05
276 2013-08-06 15:17:45    293 368.7 167.5 168.1890 3.154574e-05 17.85904 0.09613594  0.1381317425  0.004482506   4.804822e-03      0.0001559210         1  1.026576e-01    0.001050868      3.154813e-03            3.229466e-05
277 2013-08-06 15:18:00    294 369.1 167.4 168.0914 3.154574e-05 17.76144 0.09613594  0.1338909859  0.004482394   4.657310e-03      0.0001559171         1  1.030650e-01    0.001052077      3.167331e-03            3.233180e-05
278 2013-08-06 15:18:15    295 369.7 167.4 168.0937 3.154574e-05 17.76383 0.09613594  0.1339949204  0.004482397   4.660925e-03      0.0001559172         1  1.036760e-01    0.001053919      3.186109e-03            3.238842e-05
279 2013-08-06 15:18:30    296 370.0 167.4 168.0961 3.154574e-05 17.76622 0.09613594  0.1340988550  0.004482400   4.664540e-03      0.0001559173         1  1.039815e-01    0.001054853      3.195497e-03            3.241713e-05
280 2013-08-06 15:18:45    297 370.5 167.4 168.0985 3.154574e-05 17.76861 0.09613594  0.1342027895  0.004482402   4.668156e-03      0.0001559174         1  1.044907e-01    0.001056430      3.211145e-03            3.246557e-05
281 2013-08-06 15:19:00    298 370.9 167.5 168.2009 3.154574e-05 17.87100 0.09613594  0.1386514151  0.004482520   4.822898e-03      0.0001559215         1  1.048980e-01    0.001057708      3.223663e-03            3.250487e-05
282 2013-08-06 15:19:15    299 371.2 167.5 168.2033 3.154574e-05 17.87340 0.09613594  0.1387553496  0.004482523   4.826514e-03      0.0001559216         1  1.052035e-01    0.001058677      3.233052e-03            3.253464e-05
283 2013-08-06 15:19:30    300 371.7 167.5 168.2057 3.154574e-05 17.87579 0.09613594  0.1388592841  0.004482526   4.830129e-03      0.0001559217         1  1.057127e-01    0.001060311      3.248700e-03            3.258486e-05

$dryleafvolt
            timestamp record LWSmV  SEmV    CSEmV     CSEmV.sd   loadmV  loadmV.sd
1 2013-08-06 14:07:30     12 265.1 164.6 164.6167 3.154574e-05 14.28683 0.09613594
2 2013-08-06 14:07:45     13 265.1 164.6 164.6191 3.154574e-05 14.28922 0.09613594
3 2013-08-06 14:08:00     14 265.1 165.1 165.1215 3.154574e-05 14.79161 0.09613594
4 2013-08-06 14:08:15     15 265.1 165.1 165.1239 3.154574e-05 14.79401 0.09613594
5 2013-08-06 14:08:30     16 265.1 165.2 165.2263 3.154574e-05 14.89640 0.09613594
6 2013-08-06 14:08:45     17 265.1 165.3 165.3287 3.154574e-05 14.99879 0.09613594
7 2013-08-06 14:09:00     18 265.1 165.0 165.0311 3.154574e-05 14.70118 0.09613594

$runtime
Time difference of 1.175 hours

$startcalibvolt
            timestamp record LWSmV  SEmV    CSEmV     CSEmV.sd   loadmV  loadmV.sd
1 2013-08-06 14:06:15      7 265.1 272.9 272.9048 3.154574e-05 122.5749 0.09613594
2 2013-08-06 14:06:30      8 265.1 272.9 272.9072 3.154574e-05 122.5773 0.09613594
3 2013-08-06 14:06:45      9 265.1 273.1 273.1096 3.154574e-05 122.7797 0.09613594
4 2013-08-06 14:07:00     10 265.1 273.1 273.1120 3.154574e-05 122.7820 0.09613594

$endcalibvolt
            timestamp record LWSmV  SEmV
1 2013-08-06 15:23:00    314 265.8 272.1
2 2013-08-06 15:23:15    315 265.8 272.3
3 2013-08-06 15:23:30    316 265.7 272.2

$lastLWSvolt
[1] 369.8

$maxLWSvolt
[1] 371.8

$species
[1] "bay"

$trial
[1] "2"

$replicate
[1] "1"

$isvertical
[1] FALSE

$conversionfactor
         avg       stdev
1 0.04344691 1.70234e-05

$LWSwatermass
        avg       stdev
1 0.1175162 0.003190423

$dryleafmass
        avg       stdev
1 0.6377885 0.001598342

$lwsmodel

Call:
lm(formula = LWSsurfacedensity ~ record, data = rd[rd$runfilter == 
    1, ])

Coefficients:
(Intercept)       record  
 -4.501e-04    1.206e-05  


$leafmodel

Call:
lm(formula = surfacedensity ~ record, data = rd[rd$runfilter == 
    1, ])

Coefficients:
(Intercept)       record  
  1.058e-04    1.601e-05  


