$name
[1] "bay3"

$leafarea
[1] 25.02139

$startbasevolt
            timestamp record LWSmV  SEmV CSEmV CSEmV.sd      loadmV  loadmV.sd
1 2013-08-07 11:53:30      3 263.1 149.2 149.2        0 -0.05793197 0.09979799
2 2013-08-07 11:53:45      4 263.1 149.3 149.3        0  0.04206803 0.09979799
3 2013-08-07 11:54:00      5 263.1 149.3 149.3        0  0.04206803 0.09979799
4 2013-08-07 11:54:15      6 263.1 149.3 149.3        0  0.04206803 0.09979799
5 2013-08-07 11:54:30      7 263.1 149.2 149.2        0 -0.05793197 0.09979799

$endbasevolt
            timestamp record LWSmV  SEmV    CSEmV     CSEmV.sd      loadmV loadmV.sd
1 2013-08-07 12:54:00    245 264.5 149.1 149.3109 3.769515e-05  0.05300680  0.099798
2 2013-08-07 12:54:15    246 264.5 148.8 149.0118 3.769515e-05 -0.24610690  0.099798
3 2013-08-07 12:54:30    247 264.4 149.1 149.3127 3.769515e-05  0.05477940  0.099798
4 2013-08-07 12:54:45    248 264.4 149.1 149.3136 3.769515e-05  0.05566569  0.099798
5 2013-08-07 12:55:00    249 264.4 149.2 149.4145 3.769515e-05  0.15655199  0.099798
6 2013-08-07 12:55:15    250 264.4 149.0 149.2154 3.769515e-05 -0.04256171  0.099798
7 2013-08-07 12:55:30    251 264.4 149.0 149.2163 3.769515e-05 -0.04167541  0.099798

$dryragvolt
            timestamp record LWSmV  SEmV    CSEmV     CSEmV.sd   loadmV loadmV.sd
1 2013-08-07 12:50:15    230 348.7 289.3 289.4976 3.769515e-05 140.2397  0.099798
2 2013-08-07 12:50:30    231 348.1 289.4 289.5985 3.769515e-05 140.3406  0.099798
3 2013-08-07 12:50:45    232 347.9 289.3 289.4994 3.769515e-05 140.2415  0.099798

$wetragvolt
            timestamp record LWSmV  SEmV    CSEmV     CSEmV.sd   loadmV loadmV.sd
1 2013-08-07 12:51:30    235 265.5 291.5 291.7021 3.769515e-05 142.4441  0.099798
2 2013-08-07 12:51:45    236 265.1 291.4 291.6030 3.769515e-05 142.3450  0.099798
3 2013-08-07 12:52:00    237 265.0 291.3 291.5038 3.769515e-05 142.2459  0.099798

$rundata
              timestamp record LWSmV  SEmV    CSEmV     CSEmV.sd   loadmV loadmV.sd     watermass watermass.sd surfacedensity surfacedensity.sd runfilter      LWSwater LWSwater.stdev LWSsurfacedensity LWSsurfacedensity.stdev
1   2013-08-07 11:58:45     24 263.3 162.6 162.6151 3.769515e-05 13.35714  0.099798 -0.0003295441  0.004594243  -1.317050e-05      0.0001836127         0 -4.676792e-03    0.001297401     -1.437244e-04            3.987096e-05
2   2013-08-07 11:59:00     25 263.4   NaN      NaN 3.769515e-05      NaN  0.099798           NaN          NaN            NaN               NaN         0 -4.574957e-03    0.001296735     -1.405949e-04            3.985048e-05
3   2013-08-07 11:59:15     26 263.6 162.7 162.7168 3.769515e-05 13.45891  0.099798  0.0041033004  0.004594337   1.639917e-04      0.0001836164         0 -4.371286e-03    0.001295404     -1.343358e-04            3.980958e-05
4   2013-08-07 11:59:30     27 263.8 162.6 162.6177 3.769515e-05 13.35979  0.099798 -0.0002137324  0.004594246  -8.541988e-06      0.0001836128         0 -4.167615e-03    0.001294075     -1.280767e-04            3.976874e-05
5   2013-08-07 11:59:45     28 263.8 162.6 162.6186 3.769515e-05 13.36068  0.099798 -0.0001751285  0.004594247  -6.999152e-06      0.0001836128         0 -4.167615e-03    0.001294075     -1.280767e-04            3.976874e-05
6   2013-08-07 12:00:00     29 263.8 162.6 162.6195 3.769515e-05 13.36157  0.099798 -0.0001365246  0.004594248  -5.456316e-06      0.0001836128         0 -4.167615e-03    0.001294075     -1.280767e-04            3.976874e-05
7   2013-08-07 12:00:15     30 263.8 162.7 162.7204 3.769515e-05 13.46245  0.099798  0.0042577160  0.004594340   1.701631e-04      0.0001836165         0 -4.167615e-03    0.001294075     -1.280767e-04            3.976874e-05
8   2013-08-07 12:00:30     31 263.8 162.7 162.7213 3.769515e-05 13.46334  0.099798  0.0042963199  0.004594341   1.717059e-04      0.0001836166         0 -4.167615e-03    0.001294075     -1.280767e-04            3.976874e-05
9   2013-08-07 12:00:45     32 264.4 162.7 162.7222 3.769515e-05 13.46423  0.099798  0.0043349238  0.004594342   1.732487e-04      0.0001836166         0 -3.556603e-03    0.001290101     -1.092994e-04            3.964662e-05
10  2013-08-07 12:01:00     33 264.4 162.7 162.7230 3.769515e-05 13.46511  0.099798  0.0043735277  0.004594343   1.747916e-04      0.0001836166         0 -3.556603e-03    0.001290101     -1.092994e-04            3.964662e-05
11  2013-08-07 12:01:15     34 264.9 163.0 163.0239 3.769515e-05 13.76600  0.099798  0.0174790416  0.004594624   6.985641e-04      0.0001836279         0 -3.047427e-03    0.001286804     -9.365172e-05            3.954529e-05
12  2013-08-07 12:01:30     35 265.1 162.8 162.8248 3.769515e-05 13.56688  0.099798  0.0088063721  0.004594437   3.519538e-04      0.0001836204         0 -2.843756e-03    0.001285489     -8.739263e-05            3.950488e-05
13  2013-08-07 12:01:45     36 265.1 162.8 162.8257 3.769515e-05 13.56777  0.099798  0.0088449760  0.004594438   3.534966e-04      0.0001836204         0 -2.843756e-03    0.001285489     -8.739263e-05            3.950488e-05
14  2013-08-07 12:02:00     37 265.4 162.8 162.8266 3.769515e-05 13.56866  0.099798  0.0088835799  0.004594439   3.550395e-04      0.0001836205         0 -2.538250e-03    0.001283520     -7.800401e-05            3.944438e-05
15  2013-08-07 12:02:15     38 265.8 163.0 163.0275 3.769515e-05 13.76954  0.099798  0.0176334571  0.004594628   7.047354e-04      0.0001836280         0 -2.130909e-03    0.001280903     -6.548584e-05            3.936394e-05
16  2013-08-07 12:02:30     39 266.0 162.8 162.8284 3.769515e-05 13.57043  0.099798  0.0089607877  0.004594441   3.581251e-04      0.0001836205         0 -1.927238e-03    0.001279597     -5.922675e-05            3.932383e-05
17  2013-08-07 12:02:45     40 266.5 162.8 162.8292 3.769515e-05 13.57132  0.099798  0.0089993916  0.004594441   3.596680e-04      0.0001836206         0 -1.418062e-03    0.001276343     -4.357904e-05            3.922382e-05
18  2013-08-07 12:03:00     41 266.6 163.0 163.0301 3.769515e-05 13.77220  0.099798  0.0177492688  0.004594630   7.093639e-04      0.0001836281         0 -1.316227e-03    0.001275694     -4.044950e-05            3.920387e-05
19  2013-08-07 12:03:15     42 267.2 162.9 162.9310 3.769515e-05 13.67309  0.099798  0.0134322360  0.004594537   5.368302e-04      0.0001836244         0 -7.052148e-04    0.001271811     -2.167224e-05            3.908453e-05
20  2013-08-07 12:03:30     43 267.4 163.0 163.0319 3.769515e-05 13.77397  0.099798  0.0178264766  0.004594632   7.124496e-04      0.0001836282         0 -5.015442e-04    0.001270520     -1.541316e-05            3.904488e-05
21  2013-08-07 12:03:45     44 267.8 163.0 163.0328 3.769515e-05 13.77486  0.099798  0.0178650805  0.004594633   7.139924e-04      0.0001836282         0 -9.420292e-05    0.001267947     -2.894988e-06            3.896579e-05
22  2013-08-07 12:04:00     45 268.2 163.1 163.1337 3.769515e-05 13.87575  0.099798  0.0222593211  0.004594728   8.896118e-04      0.0001836320         0  3.131383e-04    0.001265382      9.623181e-06            3.888698e-05
23  2013-08-07 12:04:15     46 268.5 163.1 163.1346 3.769515e-05 13.87663  0.099798  0.0222979249  0.004594729   8.911547e-04      0.0001836321         0  6.186443e-04    0.001263465      1.901181e-05            3.882805e-05
24  2013-08-07 12:04:30     47 269.1 163.0 163.0355 3.769515e-05 13.77752  0.099798  0.0179808922  0.004594635   7.186209e-04      0.0001836283         0  1.229656e-03    0.001259645      3.778906e-05            3.871066e-05
25  2013-08-07 12:04:45     48 269.3 163.0 163.0363 3.769515e-05 13.77841  0.099798  0.0180194961  0.004594636   7.201638e-04      0.0001836283         0  1.433327e-03    0.001258376      4.404815e-05            3.867167e-05
26  2013-08-07 12:05:00     49 269.9 163.1 163.1372 3.769515e-05 13.87929  0.099798  0.0224137366  0.004594732   8.957832e-04      0.0001836322         0  2.044339e-03    0.001254584      6.282540e-05            3.855512e-05
27  2013-08-07 12:05:15     50 270.2 163.0 163.0381 3.769515e-05 13.78018  0.099798  0.0180967039  0.004594638   7.232494e-04      0.0001836284         0  2.349845e-03    0.001252695      7.221403e-05            3.849709e-05
28  2013-08-07 12:05:30     51 270.6 163.0 163.0390 3.769515e-05 13.78107  0.099798  0.0181353077  0.004594638   7.247923e-04      0.0001836284         0  2.757186e-03    0.001250185      8.473220e-05            3.841995e-05
29  2013-08-07 12:05:45     52 271.1 163.0 163.0399 3.769515e-05 13.78195  0.099798  0.0181739116  0.004594639   7.263351e-04      0.0001836285         0  3.266362e-03    0.001247061      1.003799e-04            3.832394e-05
30  2013-08-07 12:06:00     53 271.4 163.3 163.3408 3.769515e-05 14.08284  0.099798  0.0312794255  0.004594927   1.250108e-03      0.0001836400         0  3.571868e-03    0.001245194      1.097685e-04            3.826655e-05
31  2013-08-07 12:06:15     54 271.9 163.2 163.2417 3.769515e-05 13.98372  0.099798  0.0269623928  0.004594832   1.077574e-03      0.0001836362         0  4.081045e-03    0.001242093      1.254163e-04            3.817126e-05
32  2013-08-07 12:06:30     55 272.3 163.3 163.3425 3.769515e-05 14.08461  0.099798  0.0313566333  0.004594929   1.253193e-03      0.0001836401         0  4.488386e-03    0.001239623      1.379344e-04            3.809535e-05
33  2013-08-07 12:06:45     56 272.6 163.3 163.3434 3.769515e-05 14.08550  0.099798  0.0313952372  0.004594930   1.254736e-03      0.0001836401         0  4.793892e-03    0.001237777      1.473230e-04            3.803862e-05
34  2013-08-07 12:07:00     57 273.3 163.4 163.4443 3.769515e-05 14.18638  0.099798  0.0357894778  0.004595028   1.430355e-03      0.0001836440         0  5.506739e-03    0.001233490      1.692298e-04            3.790688e-05
35  2013-08-07 12:07:15     58 273.5 163.5 163.5452 3.769515e-05 14.28727  0.099798  0.0401837183  0.004595126   1.605975e-03      0.0001836479         0  5.710410e-03    0.001232271      1.754889e-04            3.786941e-05
36  2013-08-07 12:07:30     59 274.0 163.4 163.4461 3.769515e-05 14.18816  0.099798  0.0358666856  0.004595029   1.433441e-03      0.0001836441         1  6.219586e-03    0.001229233      1.911366e-04            3.777606e-05
37  2013-08-07 12:07:45     60 274.5 163.4 163.4470 3.769515e-05 14.18904  0.099798  0.0359052895  0.004595030   1.434984e-03      0.0001836441         1  6.728763e-03    0.001226210      2.067844e-04            3.768317e-05
38  2013-08-07 12:08:00     61 274.7 163.4 163.4479 3.769515e-05 14.18993  0.099798  0.0359438934  0.004595031   1.436527e-03      0.0001836441         1  6.932433e-03    0.001225006      2.130434e-04            3.764615e-05
39  2013-08-07 12:08:15     62 275.3 163.4 163.4487 3.769515e-05 14.19081  0.099798  0.0359824973  0.004595032   1.438070e-03      0.0001836442         1  7.543445e-03    0.001221407      2.318207e-04            3.753555e-05
40  2013-08-07 12:08:30     63 275.7 163.4 163.4496 3.769515e-05 14.19170  0.099798  0.0360211011  0.004595033   1.439613e-03      0.0001836442         1  7.950787e-03    0.001219020      2.443389e-04            3.746220e-05
41  2013-08-07 12:08:45     64 276.0 163.3 163.3505 3.769515e-05 14.09259  0.099798  0.0317040684  0.004594936   1.267079e-03      0.0001836404         1  8.256292e-03    0.001217236      2.537275e-04            3.740738e-05
42  2013-08-07 12:09:00     65 276.6 163.3 163.3514 3.769515e-05 14.09347  0.099798  0.0317426723  0.004594937   1.268622e-03      0.0001836404         1  8.867304e-03    0.001213686      2.725047e-04            3.729828e-05
43  2013-08-07 12:09:15     66 276.9 163.4 163.4523 3.769515e-05 14.19436  0.099798  0.0361369128  0.004595035   1.444241e-03      0.0001836443         1  9.172810e-03    0.001211920      2.818934e-04            3.724399e-05
44  2013-08-07 12:09:30     67 277.4 163.3 163.3532 3.769515e-05 14.09525  0.099798  0.0318198801  0.004594939   1.271707e-03      0.0001836405         1  9.681987e-03    0.001208988      2.975411e-04            3.715391e-05
45  2013-08-07 12:09:45     68 277.9 163.3 163.3541 3.769515e-05 14.09613  0.099798  0.0318584839  0.004594940   1.273250e-03      0.0001836405         1  1.019116e-02    0.001206073      3.131888e-04            3.706432e-05
46  2013-08-07 12:10:00     69 278.2 163.3 163.3550 3.769515e-05 14.09702  0.099798  0.0318970878  0.004594941   1.274793e-03      0.0001836405         1  1.049667e-02    0.001204332      3.225774e-04            3.701080e-05
47  2013-08-07 12:10:15     70 278.7 163.6 163.6558 3.769515e-05 14.39790  0.099798  0.0450026017  0.004595235   1.798565e-03      0.0001836523         1  1.100585e-02    0.001201442      3.382251e-04            3.692201e-05
48  2013-08-07 12:10:30     71 279.1 163.5 163.5567 3.769515e-05 14.29879  0.099798  0.0406855690  0.004595137   1.626032e-03      0.0001836484         1  1.141319e-02    0.001199143      3.507433e-04            3.685134e-05
49  2013-08-07 12:10:45     72 279.5 163.4 163.4576 3.769515e-05 14.19968  0.099798  0.0363685362  0.004595040   1.453498e-03      0.0001836445         1  1.182053e-02    0.001196853      3.632615e-04            3.678099e-05
50  2013-08-07 12:11:00     73 280.1 163.5 163.5585 3.769515e-05 14.30056  0.099798  0.0407627768  0.004595139   1.629117e-03      0.0001836485         1  1.243154e-02    0.001193440      3.820387e-04            3.667608e-05
51  2013-08-07 12:11:15     74 280.4 163.3 163.3594 3.769515e-05 14.10145  0.099798  0.0320901073  0.004594945   1.282507e-03      0.0001836407         1  1.273705e-02    0.001191742      3.914274e-04            3.662390e-05
52  2013-08-07 12:11:30     75 280.8 163.5 163.5603 3.769515e-05 14.30234  0.099798  0.0408399845  0.004595141   1.632203e-03      0.0001836485         1  1.314439e-02    0.001189487      4.039455e-04            3.655462e-05
53  2013-08-07 12:11:45     76 281.4 163.6 163.6612 3.769515e-05 14.40322  0.099798  0.0452342251  0.004595240   1.807822e-03      0.0001836525         1  1.375540e-02    0.001186126      4.227228e-04            3.645133e-05
54  2013-08-07 12:12:00     77 281.7 163.4 163.4620 3.769515e-05 14.20411  0.099798  0.0365615557  0.004595045   1.461212e-03      0.0001836447         1  1.406091e-02    0.001184455      4.321114e-04            3.639996e-05
55  2013-08-07 12:12:15     78 282.1 163.6 163.6629 3.769515e-05 14.40500  0.099798  0.0453114329  0.004595242   1.810908e-03      0.0001836526         1  1.446825e-02    0.001182236      4.446296e-04            3.633177e-05
56  2013-08-07 12:12:30     79 282.6 163.6 163.6638 3.769515e-05 14.40588  0.099798  0.0453500368  0.004595243   1.812451e-03      0.0001836526         1  1.497742e-02    0.001179477      4.602773e-04            3.624700e-05
57  2013-08-07 12:12:45     80 282.9 163.8 163.8647 3.769515e-05 14.60677  0.099798  0.0540999140  0.004595443   2.162147e-03      0.0001836606         1  1.528293e-02    0.001177831      4.696659e-04            3.619639e-05
58  2013-08-07 12:13:00     81 283.5 163.6 163.6656 3.769515e-05 14.40765  0.099798  0.0454272446  0.004595245   1.815537e-03      0.0001836527         1  1.589394e-02    0.001174556      4.884432e-04            3.609576e-05
59  2013-08-07 12:13:15     82 283.9 163.6 163.6665 3.769515e-05 14.40854  0.099798  0.0454658485  0.004595246   1.817079e-03      0.0001836527         1  1.630128e-02    0.001172387      5.009613e-04            3.602911e-05
60  2013-08-07 12:13:30     83 284.2 163.7 163.7674 3.769515e-05 14.50943  0.099798  0.0498600890  0.004595346   1.992699e-03      0.0001836567         1  1.660679e-02    0.001170768      5.103500e-04            3.597934e-05
61  2013-08-07 12:13:45     84 284.8 163.6 163.6682 3.769515e-05 14.41031  0.099798  0.0455430562  0.004595247   1.820165e-03      0.0001836528         1  1.721780e-02    0.001167548      5.291272e-04            3.588040e-05
62  2013-08-07 12:14:00     85 285.2 163.6 163.6691 3.769515e-05 14.41120  0.099798  0.0455816601  0.004595248   1.821708e-03      0.0001836528         1  1.762514e-02    0.001165416      5.416454e-04            3.581488e-05
63  2013-08-07 12:14:15     86 285.5 163.6 163.6700 3.769515e-05 14.41209  0.099798  0.0456202640  0.004595249   1.823251e-03      0.0001836529         1  1.793065e-02    0.001163825      5.510340e-04            3.576597e-05
64  2013-08-07 12:14:30     87 286.1 163.5 163.5709 3.769515e-05 14.31297  0.099798  0.0413032313  0.004595151   1.650717e-03      0.0001836490         1  1.854166e-02    0.001160661      5.698113e-04            3.566875e-05
65  2013-08-07 12:14:45     88 286.5 163.5 163.5718 3.769515e-05 14.31386  0.099798  0.0413418352  0.004595152   1.652260e-03      0.0001836490         1  1.894900e-02    0.001158567      5.823294e-04            3.560438e-05
66  2013-08-07 12:15:00     89 286.9 163.7 163.7727 3.769515e-05 14.51474  0.099798  0.0500917124  0.004595351   2.001956e-03      0.0001836569         1  1.935634e-02    0.001156484      5.948476e-04            3.554037e-05
67  2013-08-07 12:15:15     90 287.4 163.9 163.9736 3.769515e-05 14.71563  0.099798  0.0588415896  0.004595553   2.351652e-03      0.0001836650         1  1.986552e-02    0.001153897      6.104953e-04            3.546087e-05
68  2013-08-07 12:15:30     91 287.7 163.7 163.7744 3.769515e-05 14.51652  0.099798  0.0501689202  0.004595353   2.005042e-03      0.0001836570         1  2.017102e-02    0.001152354      6.198840e-04            3.541345e-05
69  2013-08-07 12:15:45     92 288.2 163.7 163.7753 3.769515e-05 14.51740  0.099798  0.0502075241  0.004595354   2.006584e-03      0.0001836570         1  2.068020e-02    0.001149796      6.355317e-04            3.533486e-05
70  2013-08-07 12:16:00     93 288.6 163.7 163.7762 3.769515e-05 14.51829  0.099798  0.0502461280  0.004595355   2.008127e-03      0.0001836571         1  2.108754e-02    0.001147764      6.480498e-04            3.527240e-05
71  2013-08-07 12:16:15     94 289.0 163.7 163.7771 3.769515e-05 14.51918  0.099798  0.0502847319  0.004595355   2.009670e-03      0.0001836571         1  2.149488e-02    0.001145744      6.605680e-04            3.521031e-05
72  2013-08-07 12:16:30     95 289.6 163.7 163.7780 3.769515e-05 14.52006  0.099798  0.0503233357  0.004595356   2.011213e-03      0.0001836571         1  2.210589e-02    0.001142736      6.793453e-04            3.511788e-05
73  2013-08-07 12:16:45     96 289.9 163.8 163.8789 3.769515e-05 14.62095  0.099798  0.0547175763  0.004595457   2.186832e-03      0.0001836612         1  2.241140e-02    0.001141242      6.887339e-04            3.507198e-05
74  2013-08-07 12:17:00     97 290.3 163.8 163.8798 3.769515e-05 14.62183  0.099798  0.0547561802  0.004595458   2.188375e-03      0.0001836612         1  2.281874e-02    0.001139261      7.012521e-04            3.501110e-05
75  2013-08-07 12:17:15     98 290.9 163.8 163.8807 3.769515e-05 14.62272  0.099798  0.0547947841  0.004595459   2.189918e-03      0.0001836612         1  2.342975e-02    0.001136313      7.200293e-04            3.492050e-05
76  2013-08-07 12:17:30     99 291.2 163.8 163.8815 3.769515e-05 14.62361  0.099798  0.0548333880  0.004595460   2.191461e-03      0.0001836613         1  2.373526e-02    0.001134850      7.294179e-04            3.487553e-05
77  2013-08-07 12:17:45    100 291.6 163.7 163.7824 3.769515e-05 14.52449  0.099798  0.0505163552  0.004595361   2.018927e-03      0.0001836573         1  2.414260e-02    0.001132909      7.419361e-04            3.481589e-05
78  2013-08-07 12:18:00    101 292.2 163.9 163.9833 3.769515e-05 14.72538  0.099798  0.0592662324  0.004595562   2.368623e-03      0.0001836654         1  2.475361e-02    0.001130022      7.607134e-04            3.472716e-05
79  2013-08-07 12:18:15    102 292.4 163.8 163.8842 3.769515e-05 14.62627  0.099798  0.0549491997  0.004595463   2.196089e-03      0.0001836614         1  2.495728e-02    0.001129065      7.669724e-04            3.469777e-05
80  2013-08-07 12:18:30    103 293.0 163.7 163.7851 3.769515e-05 14.52715  0.099798  0.0506321669  0.004595363   2.023556e-03      0.0001836574         1  2.556830e-02    0.001126216      7.857497e-04            3.461020e-05
81  2013-08-07 12:18:45    104 293.4 163.7 163.7860 3.769515e-05 14.52804  0.099798  0.0506707708  0.004595364   2.025098e-03      0.0001836575         1  2.597564e-02    0.001124332      7.982679e-04            3.455231e-05
82  2013-08-07 12:19:00    105 293.7 163.9 163.9869 3.769515e-05 14.72893  0.099798  0.0594206480  0.004595566   2.374794e-03      0.0001836655         1  2.628114e-02    0.001122928      8.076565e-04            3.450915e-05
83  2013-08-07 12:19:15    106 294.3 163.9 163.9877 3.769515e-05 14.72981  0.099798  0.0594592519  0.004595567   2.376337e-03      0.0001836656         1  2.689215e-02    0.001120141      8.264337e-04            3.442350e-05
84  2013-08-07 12:19:30    107 294.7 163.9 163.9886 3.769515e-05 14.73070  0.099798  0.0594978558  0.004595568   2.377880e-03      0.0001836656         1  2.729950e-02    0.001118299      8.389519e-04            3.436689e-05
85  2013-08-07 12:19:45    108 295.0 163.9 163.9895 3.769515e-05 14.73158  0.099798  0.0595364597  0.004595569   2.379423e-03      0.0001836656         1  2.760500e-02    0.001116926      8.483405e-04            3.432470e-05
86  2013-08-07 12:20:00    109 295.6 164.0 164.0904 3.769515e-05 14.83247  0.099798  0.0639307003  0.004595671   2.555042e-03      0.0001836697         1  2.821601e-02    0.001114202      8.671178e-04            3.424100e-05
87  2013-08-07 12:20:15    110 296.0 163.9 163.9913 3.769515e-05 14.73336  0.099798  0.0596136675  0.004595570   2.382509e-03      0.0001836657         1  2.862335e-02    0.001112403      8.796360e-04            3.418570e-05
88  2013-08-07 12:20:30    111 296.4 163.9 163.9922 3.769515e-05 14.73424  0.099798  0.0596522714  0.004595571   2.384051e-03      0.0001836657         1  2.903070e-02    0.001110616      8.921541e-04            3.413080e-05
89  2013-08-07 12:20:45    112 296.8 164.0 164.0931 3.769515e-05 14.83513  0.099798  0.0640465119  0.004595674   2.559671e-03      0.0001836698         1  2.943804e-02    0.001108843      9.046723e-04            3.407632e-05
90  2013-08-07 12:21:00    113 297.2 163.8 163.8939 3.769515e-05 14.63602  0.099798  0.0553738425  0.004595472   2.213061e-03      0.0001836618         1  2.984538e-02    0.001107084      9.171905e-04            3.402225e-05
91  2013-08-07 12:21:15    114 297.8 163.9 163.9948 3.769515e-05 14.73690  0.099798  0.0597680831  0.004595574   2.388680e-03      0.0001836658         1  3.045639e-02    0.001104470      9.359677e-04            3.394191e-05
92  2013-08-07 12:21:30    115 298.0 163.8 163.8957 3.769515e-05 14.63779  0.099798  0.0554510503  0.004595474   2.216146e-03      0.0001836618         1  3.066006e-02    0.001103605      9.422268e-04            3.391534e-05
93  2013-08-07 12:21:45    116 298.4 163.8 163.8966 3.769515e-05 14.63867  0.099798  0.0554896542  0.004595475   2.217689e-03      0.0001836619         1  3.106740e-02    0.001101886      9.547450e-04            3.386250e-05
94  2013-08-07 12:22:00    117 299.0 164.0 164.0975 3.769515e-05 14.83956  0.099798  0.0642395314  0.004595678   2.567385e-03      0.0001836700         1  3.167841e-02    0.001099333      9.735222e-04            3.378404e-05
95  2013-08-07 12:22:15    118 299.3 163.9 163.9984 3.769515e-05 14.74045  0.099798  0.0599224986  0.004595578   2.394851e-03      0.0001836660         1  3.198392e-02    0.001098068      9.829109e-04            3.374516e-05
96  2013-08-07 12:22:30    119 299.8 164.0 164.0993 3.769515e-05 14.84133  0.099798  0.0643167392  0.004595680   2.570471e-03      0.0001836701         1  3.249310e-02    0.001095976      9.985586e-04            3.368089e-05
97  2013-08-07 12:22:45    120 300.3 163.9 164.0002 3.769515e-05 14.74222  0.099798  0.0599997064  0.004595579   2.397937e-03      0.0001836661         1  3.300227e-02    0.001093907      1.014206e-03            3.361729e-05
98  2013-08-07 12:23:00    121 300.6 164.0 164.1010 3.769515e-05 14.84311  0.099798  0.0643939470  0.004595682   2.573556e-03      0.0001836702         1  3.330778e-02    0.001092675      1.023595e-03            3.357945e-05
99  2013-08-07 12:23:15    122 301.2 164.0 164.1019 3.769515e-05 14.84399  0.099798  0.0644325509  0.004595683   2.575099e-03      0.0001836702         1  3.391879e-02    0.001090236      1.042372e-03            3.350449e-05
100 2013-08-07 12:23:30    123 301.6 163.8 163.9028 3.769515e-05 14.64488  0.099798  0.0557598814  0.004595481   2.228489e-03      0.0001836621         1  3.432613e-02    0.001088627      1.054890e-03            3.345505e-05
101 2013-08-07 12:23:45    124 301.8 163.8 163.9037 3.769515e-05 14.64576  0.099798  0.0557984853  0.004595482   2.230032e-03      0.0001836622         1  3.452980e-02    0.001087828      1.061149e-03            3.343050e-05
102 2013-08-07 12:24:00    125 302.5 163.9 164.0046 3.769515e-05 14.74665  0.099798  0.0601927259  0.004595584   2.405651e-03      0.0001836662         1  3.524265e-02    0.001085060      1.083056e-03            3.334541e-05
103 2013-08-07 12:24:15    126 302.9 164.0 164.1055 3.769515e-05 14.84754  0.099798  0.0645869665  0.004595686   2.581270e-03      0.0001836703         1  3.564999e-02    0.001083497      1.095574e-03            3.329739e-05
104 2013-08-07 12:24:30    127 303.2 163.9 164.0064 3.769515e-05 14.74842  0.099798  0.0602699337  0.004595586   2.408737e-03      0.0001836663         1  3.595550e-02    0.001082335      1.104963e-03            3.326166e-05
105 2013-08-07 12:24:45    128 303.8 163.9 164.0072 3.769515e-05 14.74931  0.099798  0.0603085376  0.004595587   2.410280e-03      0.0001836663         1  3.656651e-02    0.001080034      1.123740e-03            3.319096e-05
106 2013-08-07 12:25:00    129 304.1 164.1 164.2081 3.769515e-05 14.95020  0.099798  0.0690584148  0.004595791   2.759976e-03      0.0001836745         1  3.687201e-02    0.001078895      1.133129e-03            3.315598e-05
107 2013-08-07 12:25:15    130 304.6 164.1 164.2090 3.769515e-05 14.95108  0.099798  0.0690970187  0.004595792   2.761518e-03      0.0001836746         1  3.738119e-02    0.001077017      1.148777e-03            3.309823e-05
108 2013-08-07 12:25:30    131 305.0 164.1 164.2099 3.769515e-05 14.95197  0.099798  0.0691356226  0.004595793   2.763061e-03      0.0001836746         1  3.778853e-02    0.001075530      1.161295e-03            3.305254e-05
109 2013-08-07 12:25:45    132 305.4 164.1 164.2108 3.769515e-05 14.95286  0.099798  0.0691742265  0.004595794   2.764604e-03      0.0001836746         1  3.819587e-02    0.001074058      1.173813e-03            3.300730e-05
110 2013-08-07 12:26:00    133 305.9 164.2 164.3117 3.769515e-05 15.05374  0.099798  0.0735684670  0.004595898   2.940223e-03      0.0001836788         1  3.870505e-02    0.001072238      1.189461e-03            3.295138e-05
111 2013-08-07 12:26:15    134 306.3 164.0 164.1126 3.769515e-05 14.85463  0.099798  0.0648957976  0.004595694   2.593613e-03      0.0001836706         1  3.911239e-02    0.001070799      1.201979e-03            3.290716e-05
112 2013-08-07 12:26:30    135 306.7 164.0 164.1134 3.769515e-05 14.85551  0.099798  0.0649344015  0.004595695   2.595156e-03      0.0001836707         1  3.951973e-02    0.001069375      1.214497e-03            3.286339e-05
113 2013-08-07 12:26:45    136 307.3 164.0 164.1143 3.769515e-05 14.85640  0.099798  0.0649730054  0.004595695   2.596699e-03      0.0001836707         1  4.013074e-02    0.001067266      1.233274e-03            3.279860e-05
114 2013-08-07 12:27:00    137 307.5 164.0 164.1152 3.769515e-05 14.85729  0.099798  0.0650116093  0.004595696   2.598242e-03      0.0001836707         1  4.033442e-02    0.001066571      1.239533e-03            3.277723e-05
115 2013-08-07 12:27:15    138 308.2 164.0 164.1161 3.769515e-05 14.85817  0.099798  0.0650502132  0.004595697   2.599785e-03      0.0001836708         1  4.104726e-02    0.001064167      1.261440e-03            3.270335e-05
116 2013-08-07 12:27:30    139 308.6 164.1 164.2170 3.769515e-05 14.95906  0.099798  0.0694444537  0.004595800   2.775404e-03      0.0001836749         1  4.145460e-02    0.001062814      1.273958e-03            3.266177e-05
117 2013-08-07 12:27:45    140 308.8 163.9 164.0179 3.769515e-05 14.75995  0.099798  0.0607717843  0.004595597   2.428794e-03      0.0001836668         1  4.165827e-02    0.001062143      1.280217e-03            3.264115e-05
118 2013-08-07 12:28:00    141 309.3 164.0 164.1188 3.769515e-05 14.86083  0.099798  0.0651660249  0.004595700   2.604413e-03      0.0001836709         1  4.216745e-02    0.001060483      1.295865e-03            3.259012e-05
119 2013-08-07 12:28:15    142 309.9 164.0 164.1197 3.769515e-05 14.86172  0.099798  0.0652046288  0.004595701   2.605956e-03      0.0001836709         1  4.277846e-02    0.001058522      1.314642e-03            3.252986e-05
120 2013-08-07 12:28:30    143 310.2 164.2 164.3205 3.769515e-05 15.06260  0.099798  0.0739545060  0.004595907   2.955652e-03      0.0001836792         1  4.308397e-02    0.001057554      1.324031e-03            3.250012e-05
121 2013-08-07 12:28:45    144 310.7 164.1 164.2214 3.769515e-05 14.96349  0.099798  0.0696374732  0.004595805   2.783118e-03      0.0001836751         1  4.359314e-02    0.001055960      1.339679e-03            3.245115e-05
122 2013-08-07 12:29:00    145 311.1 164.1 164.2223 3.769515e-05 14.96438  0.099798  0.0696760771  0.004595806   2.784661e-03      0.0001836751         1  4.400049e-02    0.001054703      1.352197e-03            3.241251e-05
123 2013-08-07 12:29:15    146 311.5 164.2 164.3232 3.769515e-05 15.06526  0.099798  0.0740703177  0.004595910   2.960280e-03      0.0001836793         1  4.440783e-02    0.001053461      1.364715e-03            3.237434e-05
124 2013-08-07 12:29:30    147 312.0 164.3 164.4241 3.769515e-05 15.16615  0.099798  0.0784645582  0.004596015   3.135900e-03      0.0001836834         1  4.491700e-02    0.001051931      1.380363e-03            3.232731e-05
125 2013-08-07 12:29:45    148 312.5 164.2 164.3250 3.769515e-05 15.06704  0.099798  0.0741475255  0.004595912   2.963366e-03      0.0001836793         1  4.542618e-02    0.001050425      1.396010e-03            3.228103e-05
126 2013-08-07 12:30:00    149 312.8 164.0 164.1259 3.769515e-05 14.86792  0.099798  0.0654748560  0.004595707   2.616756e-03      0.0001836712         1  4.573169e-02    0.001049533      1.405399e-03            3.225362e-05
127 2013-08-07 12:30:15    150 313.4 164.0 164.1267 3.769515e-05 14.86881  0.099798  0.0655134599  0.004595708   2.618299e-03      0.0001836712         1  4.634270e-02    0.001047776      1.424176e-03            3.219962e-05
128 2013-08-07 12:30:30    151 313.7 164.2 164.3276 3.769515e-05 15.06969  0.099798  0.0742633371  0.004595914   2.967994e-03      0.0001836794         1  4.664820e-02    0.001046910      1.433565e-03            3.217303e-05
129 2013-08-07 12:30:45    152 314.1 164.1 164.2285 3.769515e-05 14.97058  0.099798  0.0699463044  0.004595812   2.795461e-03      0.0001836754         1  4.705555e-02    0.001045771      1.446083e-03            3.213800e-05
130 2013-08-07 12:31:00    153 314.7 164.0 164.1294 3.769515e-05 14.87147  0.099798  0.0656292716  0.004595711   2.622927e-03      0.0001836713         1  4.766656e-02    0.001044091      1.464860e-03            3.208638e-05
131 2013-08-07 12:31:15    154 315.1 164.0 164.1303 3.769515e-05 14.87235  0.099798  0.0656678755  0.004595712   2.624470e-03      0.0001836713         1  4.807390e-02    0.001042991      1.477379e-03            3.205258e-05
132 2013-08-07 12:31:30    155 315.4 164.1 164.2312 3.769515e-05 14.97324  0.099798  0.0700621160  0.004595815   2.800089e-03      0.0001836755         1  4.837940e-02    0.001042177      1.486767e-03            3.202755e-05
133 2013-08-07 12:31:45    156 316.0 164.1 164.2321 3.769515e-05 14.97413  0.099798  0.0701007199  0.004595816   2.801632e-03      0.0001836755         1  4.899042e-02    0.001040575      1.505544e-03            3.197833e-05
134 2013-08-07 12:32:00    157 316.3 164.2 164.3329 3.769515e-05 15.07501  0.099798  0.0744949605  0.004595920   2.977251e-03      0.0001836797         1  4.929592e-02    0.001039788      1.514933e-03            3.195414e-05
135 2013-08-07 12:32:15    158 316.8 164.1 164.2338 3.769515e-05 14.97590  0.099798  0.0701779277  0.004595818   2.804718e-03      0.0001836756         1  4.980510e-02    0.001038496      1.530581e-03            3.191444e-05
136 2013-08-07 12:32:30    159 317.3 164.3 164.4347 3.769515e-05 15.17679  0.099798  0.0789278049  0.004596026   3.154414e-03      0.0001836839         1  5.031428e-02    0.001037229      1.546229e-03            3.187552e-05
137 2013-08-07 12:32:45    160 317.7 164.2 164.3356 3.769515e-05 15.07767  0.099798  0.0746107722  0.004595923   2.981880e-03      0.0001836798         1  5.072162e-02    0.001036235      1.558747e-03            3.184495e-05
138 2013-08-07 12:33:00    161 318.2 164.2 164.3365 3.769515e-05 15.07856  0.099798  0.0746493761  0.004595924   2.983423e-03      0.0001836798         1  5.123079e-02    0.001035014      1.574394e-03            3.180744e-05
139 2013-08-07 12:33:15    162 318.6 164.3 164.4374 3.769515e-05 15.17944  0.099798  0.0790436166  0.004596028   3.159042e-03      0.0001836840         1  5.163813e-02    0.001034056      1.586913e-03            3.177800e-05
140 2013-08-07 12:33:30    163 318.9 164.2 164.3383 3.769515e-05 15.08033  0.099798  0.0747265839  0.004595925   2.986509e-03      0.0001836799         1  5.194364e-02    0.001033348      1.596301e-03            3.175625e-05
141 2013-08-07 12:33:45    164 319.5 164.2 164.3391 3.769515e-05 15.08122  0.099798  0.0747651877  0.004595926   2.988051e-03      0.0001836799         1  5.255465e-02    0.001031961      1.615078e-03            3.171361e-05
142 2013-08-07 12:34:00    165 319.9 164.2 164.3400 3.769515e-05 15.08210  0.099798  0.0748037916  0.004595927   2.989594e-03      0.0001836800         1  5.296199e-02    0.001031057      1.627597e-03            3.168582e-05
143 2013-08-07 12:34:15    166 320.2 164.2 164.3409 3.769515e-05 15.08299  0.099798  0.0748423955  0.004595928   2.991137e-03      0.0001836800         1  5.326750e-02    0.001030389      1.636985e-03            3.166531e-05
144 2013-08-07 12:34:30    167 320.9 164.2 164.3418 3.769515e-05 15.08388  0.099798  0.0748809994  0.004595929   2.992680e-03      0.0001836800         1  5.398035e-02    0.001028869      1.658892e-03            3.161858e-05
145 2013-08-07 12:34:45    168 321.1 164.1 164.2427 3.769515e-05 14.98476  0.099798  0.0705639667  0.004595827   2.820146e-03      0.0001836759         1  5.418402e-02    0.001028443      1.665151e-03            3.160552e-05
146 2013-08-07 12:35:00    169 321.6 164.1 164.2436 3.769515e-05 14.98565  0.099798  0.0706025705  0.004595828   2.821689e-03      0.0001836760         1  5.469319e-02    0.001027399      1.680799e-03            3.157342e-05
147 2013-08-07 12:35:15    170 322.2 164.2 164.3445 3.769515e-05 15.08653  0.099798  0.0749968111  0.004595932   2.997308e-03      0.0001836801         1  5.530421e-02    0.001026180      1.699576e-03            3.153596e-05
148 2013-08-07 12:35:30    171 322.4 164.1 164.2454 3.769515e-05 14.98742  0.099798  0.0706797783  0.004595830   2.824775e-03      0.0001836761         1  5.550788e-02    0.001025782      1.705835e-03            3.152374e-05
149 2013-08-07 12:35:45    172 322.9 164.1 164.2462 3.769515e-05 14.98831  0.099798  0.0707183822  0.004595831   2.826317e-03      0.0001836761         1  5.601705e-02    0.001024806      1.721483e-03            3.149374e-05
150 2013-08-07 12:36:00    173 323.4 164.1 164.2471 3.769515e-05 14.98919  0.099798  0.0707569861  0.004595831   2.827860e-03      0.0001836761         1  5.652623e-02    0.001023857      1.737131e-03            3.146455e-05
151 2013-08-07 12:36:15    174 323.7 163.9 164.0480 3.769515e-05 14.79008  0.099798  0.0620843167  0.004595628   2.481250e-03      0.0001836680         1  5.683174e-02    0.001023299      1.746519e-03            3.144743e-05
152 2013-08-07 12:36:30    175 324.3 164.1 164.2489 3.769515e-05 14.99097  0.099798  0.0708341939  0.004595833   2.830946e-03      0.0001836762         1  5.744275e-02    0.001022214      1.765296e-03            3.141407e-05
153 2013-08-07 12:36:45    176 324.8 164.2 164.3498 3.769515e-05 15.09185  0.099798  0.0752284345  0.004595937   3.006565e-03      0.0001836804         1  5.795192e-02    0.001021338      1.780944e-03            3.138717e-05
154 2013-08-07 12:37:00    177 325.0 164.1 164.2507 3.769515e-05 14.99274  0.099798  0.0709114017  0.004595835   2.834032e-03      0.0001836763         1  5.815559e-02    0.001020996      1.787203e-03            3.137663e-05
155 2013-08-07 12:37:15    178 325.6 164.1 164.2516 3.769515e-05 14.99362  0.099798  0.0709500056  0.004595836   2.835575e-03      0.0001836763         1  5.876661e-02    0.001019993      1.805981e-03            3.134583e-05
156 2013-08-07 12:37:30    179 326.1 164.1 164.2524 3.769515e-05 14.99451  0.099798  0.0709886095  0.004595837   2.837117e-03      0.0001836763         1  5.927578e-02    0.001019187      1.821628e-03            3.132106e-05
157 2013-08-07 12:37:45    180 326.3 164.3 164.4533 3.769515e-05 15.19540  0.099798  0.0797384867  0.004596045   3.186813e-03      0.0001836847         1  5.947945e-02    0.001018873      1.827887e-03            3.131139e-05
158 2013-08-07 12:38:00    181 327.0 164.4 164.5542 3.769515e-05 15.29628  0.099798  0.0841327273  0.004596151   3.362433e-03      0.0001836889         1  6.019230e-02    0.001017804      1.849794e-03            3.127856e-05
159 2013-08-07 12:38:15    182 327.4 164.2 164.3551 3.769515e-05 15.09717  0.099798  0.0754600578  0.004595943   3.015822e-03      0.0001836806         1  6.059964e-02    0.001017218      1.862312e-03            3.126054e-05
160 2013-08-07 12:38:30    183 327.7 164.2 164.3560 3.769515e-05 15.09806  0.099798  0.0754986617  0.004595944   3.017365e-03      0.0001836806         1  6.090515e-02    0.001016789      1.871701e-03            3.124736e-05
161 2013-08-07 12:38:45    184 328.3 164.3 164.4569 3.769515e-05 15.19894  0.099798  0.0798929023  0.004596049   3.192985e-03      0.0001836848         1  6.151616e-02    0.001015961      1.890478e-03            3.122192e-05
162 2013-08-07 12:39:00    185 328.6 164.2 164.3578 3.769515e-05 15.09983  0.099798  0.0755758695  0.004595946   3.020451e-03      0.0001836807         1  6.182167e-02    0.001015562      1.899867e-03            3.120965e-05
163 2013-08-07 12:39:15    186 329.0 164.1 164.2586 3.769515e-05 15.00072  0.099798  0.0712588367  0.004595843   2.847917e-03      0.0001836766         1  6.222901e-02    0.001015045      1.912385e-03            3.119375e-05
164 2013-08-07 12:39:30    187 329.5 164.2 164.3595 3.769515e-05 15.10160  0.099798  0.0756530773  0.004595948   3.023537e-03      0.0001836808         1  6.273818e-02    0.001014422      1.928033e-03            3.117463e-05
165 2013-08-07 12:39:45    188 330.0 164.1 164.2604 3.769515e-05 15.00249  0.099798  0.0713360445  0.004595845   2.851003e-03      0.0001836767         1  6.324736e-02    0.001013827      1.943680e-03            3.115635e-05
166 2013-08-07 12:40:00    189 330.4 164.3 164.4613 3.769515e-05 15.20337  0.099798  0.0800859218  0.004596053   3.200699e-03      0.0001836850         1  6.365470e-02    0.001013371      1.956199e-03            3.114232e-05
167 2013-08-07 12:40:15    190 331.0 164.3 164.4622 3.769515e-05 15.20426  0.099798  0.0801245256  0.004596054   3.202242e-03      0.0001836850         1  6.426571e-02    0.001012720      1.974976e-03            3.112230e-05
168 2013-08-07 12:40:30    191 331.4 164.2 164.3631 3.769515e-05 15.10515  0.099798  0.0758074929  0.004595951   3.029708e-03      0.0001836809         1  6.467305e-02    0.001012307      1.987494e-03            3.110962e-05
169 2013-08-07 12:40:45    192 331.8 164.3 164.4640 3.769515e-05 15.20603  0.099798  0.0802017334  0.004596056   3.205327e-03      0.0001836851         1  6.508040e-02    0.001011912      2.000012e-03            3.109748e-05
170 2013-08-07 12:41:00    193 332.3 164.5 164.6649 3.769515e-05 15.40692  0.099798  0.0889516107  0.004596267   3.555023e-03      0.0001836935         1  6.558957e-02    0.001011443      2.015660e-03            3.108306e-05
171 2013-08-07 12:41:15    194 332.7 164.2 164.3657 3.769515e-05 15.10781  0.099798  0.0759233046  0.004595954   3.034336e-03      0.0001836810         1  6.599691e-02    0.001011087      2.028178e-03            3.107214e-05
172 2013-08-07 12:41:30    195 333.1 164.3 164.4666 3.769515e-05 15.20869  0.099798  0.0803175451  0.004596059   3.209956e-03      0.0001836852         1  6.640425e-02    0.001010750      2.040696e-03            3.106176e-05
173 2013-08-07 12:41:45    196 333.6 164.4 164.5675 3.769515e-05 15.30958  0.099798  0.0847117857  0.004596165   3.385575e-03      0.0001836894         1  6.691343e-02    0.001010352      2.056344e-03            3.104954e-05
174 2013-08-07 12:42:00    197 334.0 164.4 164.5684 3.769515e-05 15.31046  0.099798  0.0847503896  0.004596166   3.387118e-03      0.0001836895         1  6.732077e-02    0.001010054      2.068862e-03            3.104037e-05
175 2013-08-07 12:42:15    198 334.5 164.3 164.4693 3.769515e-05 15.21135  0.099798  0.0804333568  0.004596062   3.214584e-03      0.0001836853         1  6.782995e-02    0.001009706      2.084510e-03            3.102968e-05
176 2013-08-07 12:42:30    199 334.9 164.3 164.4702 3.769515e-05 15.21224  0.099798  0.0804719607  0.004596063   3.216127e-03      0.0001836854         1  6.823729e-02    0.001009447      2.097028e-03            3.102174e-05
177 2013-08-07 12:42:45    200 335.3 164.2 164.3711 3.769515e-05 15.11312  0.099798  0.0761549279  0.004595959   3.043593e-03      0.0001836812         1  6.864463e-02    0.001009207      2.109546e-03            3.101434e-05
178 2013-08-07 12:43:00    201 335.8 164.2 164.3719 3.769515e-05 15.11401  0.099798  0.0761935318  0.004595960   3.045136e-03      0.0001836813         1  6.915381e-02    0.001008930      2.125194e-03            3.100585e-05
179 2013-08-07 12:43:15    202 336.3 164.2 164.3728 3.769515e-05 15.11490  0.099798  0.0762321357  0.004595961   3.046679e-03      0.0001836813         1  6.966298e-02    0.001008682      2.140842e-03            3.099822e-05
180 2013-08-07 12:43:30    203 336.8 164.1 164.2737 3.769515e-05 15.01578  0.099798  0.0719151029  0.004595859   2.874145e-03      0.0001836772         1  7.017216e-02    0.001008461      2.156489e-03            3.099144e-05
181 2013-08-07 12:43:45    204 337.2 164.2 164.3746 3.769515e-05 15.11667  0.099798  0.0763093435  0.004595963   3.049765e-03      0.0001836814         1  7.057950e-02    0.001008305      2.169007e-03            3.098662e-05
182 2013-08-07 12:44:00    205 337.7 164.2 164.3755 3.769515e-05 15.11755  0.099798  0.0763479474  0.004595964   3.051308e-03      0.0001836814         1  7.108868e-02    0.001008134      2.184655e-03            3.098137e-05
183 2013-08-07 12:44:15    206 338.1 164.2 164.3764 3.769515e-05 15.11844  0.099798  0.0763865513  0.004595965   3.052850e-03      0.0001836815         1  7.149602e-02    0.001008017      2.197173e-03            3.097779e-05
184 2013-08-07 12:44:30    207 338.5 164.2 164.3773 3.769515e-05 15.11933  0.099798  0.0764251552  0.004595966   3.054393e-03      0.0001836815         1  7.190336e-02    0.001007918      2.209691e-03            3.097475e-05
185 2013-08-07 12:44:45    208 339.1 164.1 164.2781 3.769515e-05 15.02021  0.099798  0.0721081224  0.004595863   2.881860e-03      0.0001836774         1  7.251437e-02    0.001007803      2.228469e-03            3.097121e-05
186 2013-08-07 12:45:00    209 339.5 164.4 164.5790 3.769515e-05 15.32110  0.099798  0.0852136363  0.004596177   3.405632e-03      0.0001836899         1  7.292171e-02    0.001007749      2.240987e-03            3.096954e-05
187 2013-08-07 12:45:15    210 340.0 164.3 164.4799 3.769515e-05 15.22199  0.099798  0.0808966035  0.004596073   3.233098e-03      0.0001836858         1  7.343089e-02    0.001007706      2.256635e-03            3.096821e-05
188 2013-08-07 12:45:30    211 340.6 164.3 164.4808 3.769515e-05 15.22287  0.099798  0.0809352074  0.004596074   3.234641e-03      0.0001836858         1  7.404190e-02    0.001007691      2.275412e-03            3.096775e-05
189 2013-08-07 12:45:45    212 341.1 164.3 164.4817 3.769515e-05 15.22376  0.099798  0.0809738113  0.004596075   3.236184e-03      0.0001836859         1  7.455108e-02    0.001007709      2.291060e-03            3.096830e-05
190 2013-08-07 12:46:00    213 341.3 164.3 164.4826 3.769515e-05 15.22465  0.099798  0.0810124152  0.004596076   3.237727e-03      0.0001836859         1  7.475475e-02    0.001007724      2.297319e-03            3.096876e-05
191 2013-08-07 12:46:15    214 341.9 164.4 164.5835 3.769515e-05 15.32553  0.099798  0.0854066558  0.004596181   3.413346e-03      0.0001836901         1  7.536576e-02    0.001007795      2.316096e-03            3.097096e-05
192 2013-08-07 12:46:30    215 342.5 164.4 164.5843 3.769515e-05 15.32642  0.099798  0.0854452597  0.004596182   3.414889e-03      0.0001836902         1  7.597677e-02    0.001007907      2.334873e-03            3.097439e-05
193 2013-08-07 12:46:45    216 342.8 164.4 164.5852 3.769515e-05 15.32730  0.099798  0.0854838635  0.004596183   3.416432e-03      0.0001836902         1  7.628228e-02    0.001007978      2.344262e-03            3.097657e-05
194 2013-08-07 12:47:00    217 343.3 164.3 164.4861 3.769515e-05 15.22819  0.099798  0.0811668308  0.004596079   3.243898e-03      0.0001836860         0  7.679146e-02    0.001008118      2.359910e-03            3.098088e-05
195 2013-08-07 12:47:15    218 343.9 164.2 164.3870 3.769515e-05 15.12908  0.099798  0.0768497980  0.004595976   3.071364e-03      0.0001836819         0  7.740247e-02    0.001008323      2.378687e-03            3.098717e-05
196 2013-08-07 12:47:30    219 344.3 164.2 164.3879 3.769515e-05 15.12996  0.099798  0.0768884019  0.004595977   3.072907e-03      0.0001836819         0  7.780981e-02    0.001008481      2.391205e-03            3.099205e-05
197 2013-08-07 12:47:45    220 344.7 164.2 164.3888 3.769515e-05 15.13085  0.099798  0.0769270058  0.004595978   3.074450e-03      0.0001836820         0  7.821715e-02    0.001008658      2.403723e-03            3.099747e-05
198 2013-08-07 12:48:00    221 345.3 164.2 164.3897 3.769515e-05 15.13174  0.099798  0.0769656097  0.004595979   3.075993e-03      0.0001836820         0  7.882816e-02    0.001008956      2.422500e-03            3.100663e-05
199 2013-08-07 12:48:15    222 345.9 164.1 164.2906 3.769515e-05 15.03262  0.099798  0.0726485769  0.004595876   2.903459e-03      0.0001836779         0  7.943917e-02    0.001009294      2.441278e-03            3.101701e-05
200 2013-08-07 12:48:30    223 346.5 164.1 164.2914 3.769515e-05 15.03351  0.099798  0.0726871808  0.004595877   2.905002e-03      0.0001836780         0  8.005019e-02    0.001009671      2.460055e-03            3.102862e-05
201 2013-08-07 12:48:45    224 346.9 163.9 164.0923 3.769515e-05 14.83439  0.099798  0.0640145114  0.004595673   2.558392e-03      0.0001836698         0  8.045753e-02    0.001009945      2.472573e-03            3.103703e-05
202 2013-08-07 12:49:00    225 347.4 164.1 164.2932 3.769515e-05 15.03528  0.099798  0.0727643886  0.004595879   2.908088e-03      0.0001836780         0  8.096670e-02    0.001010312      2.488221e-03            3.104832e-05
203 2013-08-07 12:49:15    226 348.0 164.3 164.4941 3.769515e-05 15.23617  0.099798  0.0815142658  0.004596088   3.257784e-03      0.0001836864         0  8.157772e-02    0.001010789      2.506998e-03            3.106297e-05
204 2013-08-07 12:49:30    227 348.4 164.3 164.4950 3.769515e-05 15.23705  0.099798  0.0815528697  0.004596089   3.259327e-03      0.0001836864         0  8.198506e-02    0.001011129      2.519516e-03            3.107342e-05

$dryleafvolt
            timestamp record LWSmV  SEmV    CSEmV     CSEmV.sd   loadmV loadmV.sd
1 2013-08-07 11:56:45     16 263.6 162.8 162.8080 3.769515e-05 13.55004  0.099798
2 2013-08-07 11:57:00     17 263.6 162.2 162.2089 3.769515e-05 12.95093  0.099798
3 2013-08-07 11:57:15     18 263.4 163.0 163.0097 3.769515e-05 13.75182  0.099798
4 2013-08-07 11:57:30     19 263.3 162.5 162.5106 3.769515e-05 13.25270  0.099798
5 2013-08-07 11:57:45     20 263.2 162.6 162.6115 3.769515e-05 13.35359  0.099798
6 2013-08-07 11:58:00     21 263.2 162.4 162.4124 3.769515e-05 13.15448  0.099798
7 2013-08-07 11:58:15     22 263.2 162.7 162.7133 3.769515e-05 13.45536  0.099798
8 2013-08-07 11:58:30     23 263.2 162.7 162.7142 3.769515e-05 13.45625  0.099798
9 2013-08-07 11:58:45     24 263.3 162.6 162.6151 3.769515e-05 13.35714  0.099798

$runtime
Time difference of 50.75 mins

$startcalibvolt
            timestamp record LWSmV  SEmV    CSEmV     CSEmV.sd   loadmV loadmV.sd
1 2013-08-07 11:55:00      9 263.1 271.6 271.6018 3.769515e-05 122.3438  0.099798
2 2013-08-07 11:55:15     10 263.1 271.6 271.6027 3.769515e-05 122.3447  0.099798
3 2013-08-07 11:55:30     11 263.1 271.6 271.6035 3.769515e-05 122.3456  0.099798
4 2013-08-07 11:55:45     12 263.1 271.7 271.7044 3.769515e-05 122.4465  0.099798

$endcalibvolt
            timestamp record LWSmV  SEmV
1 2013-08-07 12:52:30    239 264.5 271.8
2 2013-08-07 12:52:45    240 264.5 271.6
3 2013-08-07 12:53:00    241 264.5 271.8
4 2013-08-07 12:53:15    242 264.5 271.9
5 2013-08-07 12:53:30    243 264.5 271.9

$lastLWSvolt
[1] 347.9

$maxLWSvolt
[1] 349.1

$species
[1] "bay"

$trial
[1] "3"

$replicate
[1] "1"

$isvertical
[1] FALSE

$conversionfactor
         avg        stdev
1 0.04355637 1.776102e-05

$LWSwatermass
         avg       stdev
1 0.09020951 0.003549369

$dryleafmass
        avg       stdev
1 0.5821178 0.001468261

$lwsmodel

Call:
lm(formula = LWSsurfacedensity ~ record, data = rd[rd$runfilter == 
    1, ])

Coefficients:
(Intercept)       record  
 -6.230e-04    1.366e-05  


$leafmodel

Call:
lm(formula = surfacedensity ~ record, data = rd[rd$runfilter == 
    1, ])

Coefficients:
(Intercept)       record  
  9.015e-04    1.186e-05  


