$name
[1] "bay4"

$leafarea
[1] 27.14713

$startbasevolt
            timestamp record LWSmV  SEmV CSEmV CSEmV.sd      loadmV  loadmV.sd
1 2013-08-07 12:57:30      3 264.4 150.5 150.5        0  0.03837625 0.05264298
2 2013-08-07 12:57:45      4 264.4 150.4 150.4        0 -0.06162375 0.05264298
3 2013-08-07 12:58:00      5 264.4 150.5 150.5        0  0.03837625 0.05264298

$endbasevolt
            timestamp record LWSmV  SEmV    CSEmV     CSEmV.sd      loadmV  loadmV.sd
1 2013-08-07 13:55:00    233 265.1 149.8 150.4132 2.277031e-05 -0.04840486 0.05264299
2 2013-08-07 13:55:15    234 265.1 149.8 150.4159 2.277031e-05 -0.04571531 0.05264299
3 2013-08-07 13:55:30    235 265.1 149.9 150.5186 2.277031e-05  0.05697425 0.05264299
4 2013-08-07 13:55:45    236 265.1 149.9 150.5213 2.277031e-05  0.05966381 0.05264299
5 2013-08-07 13:56:00    237 265.1 149.8 150.4240 2.277031e-05 -0.03764664 0.05264299

$dryragvolt
            timestamp record LWSmV  SEmV    CSEmV     CSEmV.sd   loadmV  loadmV.sd
1 2013-08-07 13:51:30    219 343.9 267.6 268.1756 2.277031e-05 117.7139 0.05264299
2 2013-08-07 13:51:45    220 343.3 267.1 267.6783 2.277031e-05 117.2166 0.05264299
3 2013-08-07 13:52:00    221 342.9 267.2 267.7809 2.277031e-05 117.3193 0.05264299
4 2013-08-07 13:52:15    222 342.6 267.1 267.6836 2.277031e-05 117.2220 0.05264299

$wetragvolt
            timestamp record LWSmV  SEmV    CSEmV     CSEmV.sd   loadmV  loadmV.sd
1 2013-08-07 13:53:00    225 266.5 269.0 269.5917 2.277031e-05 119.1301 0.05264299
2 2013-08-07 13:53:15    226 266.1 268.8 269.3944 2.277031e-05 118.9328 0.05264299
3 2013-08-07 13:53:30    227 265.8 268.8 269.3971 2.277031e-05 118.9355 0.05264299

$rundata
              timestamp record LWSmV  SEmV    CSEmV     CSEmV.sd   loadmV  loadmV.sd   watermass watermass.sd surfacedensity surfacedensity.sd runfilter      LWSwater LWSwater.stdev LWSsurfacedensity LWSsurfacedensity.stdev
1   2013-08-07 13:01:15     18 264.4 164.3 164.3350 2.277031e-05 13.87334 0.05264299 0.003700750  0.002503981   0.0001363220      9.223741e-05         0 -3.556603e-03    0.001290101     -1.092994e-04            3.964662e-05
2   2013-08-07 13:01:30     19 264.4   NaN      NaN 2.277031e-05      NaN 0.05264299         NaN          NaN            NaN               NaN         0 -3.556603e-03    0.001290101     -1.092994e-04            3.964662e-05
3   2013-08-07 13:01:45     20 264.5 164.6 164.6403 2.277031e-05 14.17872 0.05264299 0.016937381  0.002504079   0.0006239106      9.224103e-05         0 -3.454768e-03    0.001289440     -1.061699e-04            3.962632e-05
4   2013-08-07 13:02:00     21 264.8 164.6 164.6430 2.277031e-05 14.18141 0.05264299 0.017053959  0.002504080   0.0006282049      9.224106e-05         0 -3.149262e-03    0.001287462     -9.678126e-05            3.956552e-05
5   2013-08-07 13:02:15     22 265.0 164.3 164.3457 2.277031e-05 13.88410 0.05264299 0.004167064  0.002503984   0.0001534993      9.223754e-05         0 -2.945592e-03    0.001286146     -9.052218e-05            3.952508e-05
6   2013-08-07 13:02:30     23 265.1 164.3 164.3484 2.277031e-05 13.88679 0.05264299 0.004283643  0.002503985   0.0001577936      9.223757e-05         0 -2.843756e-03    0.001285489     -8.739263e-05            3.950488e-05
7   2013-08-07 13:02:45     24 265.1 164.4 164.4511 2.277031e-05 13.98948 0.05264299 0.008734713  0.002504018   0.0003217546      9.223877e-05         0 -2.843756e-03    0.001285489     -8.739263e-05            3.950488e-05
8   2013-08-07 13:03:00     25 265.1 164.4 164.4538 2.277031e-05 13.99217 0.05264299 0.008851291  0.002504019   0.0003260489      9.223881e-05         0 -2.843756e-03    0.001285489     -8.739263e-05            3.950488e-05
9   2013-08-07 13:03:15     26 265.1 164.3 164.3565 2.277031e-05 13.89486 0.05264299 0.004633379  0.002503988   0.0001706766      9.223766e-05         0 -2.843756e-03    0.001285489     -8.739263e-05            3.950488e-05
10  2013-08-07 13:03:30     27 265.4 164.6 164.6592 2.277031e-05 14.19755 0.05264299 0.017753431  0.002504085   0.0006539709      9.224125e-05         0 -2.538250e-03    0.001283520     -7.800401e-05            3.944438e-05
11  2013-08-07 13:03:45     28 265.8 164.6 164.6619 2.277031e-05 14.20024 0.05264299 0.017870009  0.002504086   0.0006582652      9.224128e-05         0 -2.130909e-03    0.001280903     -6.548584e-05            3.936394e-05
12  2013-08-07 13:04:00     29 265.8 164.5 164.5645 2.277031e-05 14.10293 0.05264299 0.013652097  0.002504054   0.0005028929      9.224012e-05         0 -2.130909e-03    0.001280903     -6.548584e-05            3.936394e-05
13  2013-08-07 13:04:15     30 266.2 164.6 164.6672 2.277031e-05 14.20562 0.05264299 0.018103166  0.002504088   0.0006668538      9.224135e-05         0 -1.723568e-03    0.001278294     -5.296767e-05            3.928377e-05
14  2013-08-07 13:04:30     31 266.5 164.7 164.7699 2.277031e-05 14.30830 0.05264299 0.022554236  0.002504121   0.0008308148      9.224258e-05         0 -1.418062e-03    0.001276343     -4.357904e-05            3.922382e-05
15  2013-08-07 13:04:45     32 266.5 164.7 164.7726 2.277031e-05 14.31099 0.05264299 0.022670815  0.002504122   0.0008351091      9.224262e-05         0 -1.418062e-03    0.001276343     -4.357904e-05            3.922382e-05
16  2013-08-07 13:05:00     33 267.1 164.5 164.5753 2.277031e-05 14.11368 0.05264299 0.014118411  0.002504058   0.0005200702      9.224025e-05         0 -8.070501e-04    0.001272456     -2.480179e-05            3.910438e-05
17  2013-08-07 13:05:15     34 267.1 164.5 164.5780 2.277031e-05 14.11637 0.05264299 0.014234990  0.002504059   0.0005243645      9.224028e-05         0 -8.070501e-04    0.001272456     -2.480179e-05            3.910438e-05
18  2013-08-07 13:05:30     35 267.6 164.5 164.5807 2.277031e-05 14.11906 0.05264299 0.014351568  0.002504060   0.0005286588      9.224031e-05         0 -2.978735e-04    0.001269233     -9.154073e-06            3.900530e-05
19  2013-08-07 13:05:45     36 267.8 164.4 164.4834 2.277031e-05 14.02175 0.05264299 0.010133656  0.002504028   0.0003732865      9.223916e-05         0 -9.420292e-05    0.001267947     -2.894988e-06            3.896579e-05
20  2013-08-07 13:06:00     37 268.1 164.4 164.4861 2.277031e-05 14.02444 0.05264299 0.010250234  0.002504029   0.0003775808      9.223919e-05         0  2.113030e-04    0.001266023      6.493639e-06            3.890666e-05
21  2013-08-07 13:06:15     38 268.5 164.7 164.7888 2.277031e-05 14.32713 0.05264299 0.023370286  0.002504127   0.0008608751      9.224281e-05         0  6.186443e-04    0.001263465      1.901181e-05            3.882805e-05
22  2013-08-07 13:06:30     39 268.9 164.4 164.4914 2.277031e-05 14.02982 0.05264299 0.010483392  0.002504031   0.0003861695      9.223925e-05         0  1.025985e-03    0.001260916      3.152998e-05            3.874972e-05
23  2013-08-07 13:06:45     40 269.2 164.4 164.4941 2.277031e-05 14.03251 0.05264299 0.010599970  0.002504032   0.0003904638      9.223928e-05         0  1.331491e-03    0.001259010      4.091861e-05            3.869116e-05
24  2013-08-07 13:07:00     41 269.5 164.4 164.4968 2.277031e-05 14.03520 0.05264299 0.010716549  0.002504032   0.0003947581      9.223932e-05         0  1.636997e-03    0.001257110      5.030723e-05            3.863275e-05
25  2013-08-07 13:07:15     42 269.9 164.6 164.6995 2.277031e-05 14.23789 0.05264299 0.019502109  0.002504098   0.0007183857      9.224173e-05         0  2.044339e-03    0.001254584      6.282540e-05            3.855512e-05
26  2013-08-07 13:07:30     43 270.3 164.6 164.7022 2.277031e-05 14.24058 0.05264299 0.019618688  0.002504099   0.0007226801      9.224177e-05         0  2.451680e-03    0.001252067      7.534357e-05            3.847778e-05
27  2013-08-07 13:07:45     44 270.5 164.5 164.6049 2.277031e-05 14.14327 0.05264299 0.015400776  0.002504067   0.0005673077      9.224060e-05         0  2.655350e-03    0.001250812      8.160266e-05            3.843921e-05
28  2013-08-07 13:08:00     45 271.1 164.6 164.7076 2.277031e-05 14.24596 0.05264299 0.019851845  0.002504101   0.0007312687      9.224183e-05         0  3.266362e-03    0.001247061      1.003799e-04            3.832394e-05
29  2013-08-07 13:08:15     46 271.3 164.7 164.8103 2.277031e-05 14.34865 0.05264299 0.024302915  0.002504134   0.0008952297      9.224307e-05         0  3.470033e-03    0.001245815      1.066390e-04            3.828566e-05
30  2013-08-07 13:08:30     47 271.9 164.6 164.7130 2.277031e-05 14.25134 0.05264299 0.020085002  0.002504103   0.0007398574      9.224190e-05         0  4.081045e-03    0.001242093      1.254163e-04            3.817126e-05
31  2013-08-07 13:08:45     48 272.1 164.7 164.8157 2.277031e-05 14.35403 0.05264299 0.024536072  0.002504136   0.0009038183      9.224314e-05         0  4.284715e-03    0.001240857      1.316753e-04            3.813327e-05
32  2013-08-07 13:09:00     49 272.6 164.7 164.8183 2.277031e-05 14.35672 0.05264299 0.024652651  0.002504137   0.0009081127      9.224317e-05         0  4.793892e-03    0.001237777      1.473230e-04            3.803862e-05
33  2013-08-07 13:09:15     50 273.0 164.7 164.8210 2.277031e-05 14.35941 0.05264299 0.024769229  0.002504138   0.0009124070      9.224320e-05         0  5.201233e-03    0.001235323      1.598412e-04            3.796323e-05
34  2013-08-07 13:09:30     51 273.3 164.6 164.7237 2.277031e-05 14.26210 0.05264299 0.020551317  0.002504106   0.0007570347      9.224203e-05         0  5.506739e-03    0.001233490      1.692298e-04            3.790688e-05
35  2013-08-07 13:09:45     52 273.8 164.7 164.8264 2.277031e-05 14.36479 0.05264299 0.025002386  0.002504140   0.0009209956      9.224327e-05         0  6.015916e-03    0.001230446      1.848776e-04            3.781334e-05
36  2013-08-07 13:10:00     53 274.1 164.6 164.7291 2.277031e-05 14.26747 0.05264299 0.020784474  0.002504108   0.0007656233      9.224209e-05         1  6.321422e-03    0.001228627      1.942662e-04            3.775744e-05
37  2013-08-07 13:10:15     54 274.6 165.0 165.1318 2.277031e-05 14.67016 0.05264299 0.038239017  0.002504241   0.0014085843      9.224701e-05         1  6.830598e-03    0.001225608      2.099139e-04            3.766465e-05
38  2013-08-07 13:10:30     55 274.9 165.0 165.1345 2.277031e-05 14.67285 0.05264299 0.038355596  0.002504242   0.0014128786      9.224704e-05         1  7.136104e-03    0.001223804      2.193025e-04            3.760921e-05
39  2013-08-07 13:10:45     56 275.3 164.8 164.9372 2.277031e-05 14.47554 0.05264299 0.029803192  0.002504176   0.0010978396      9.224462e-05         1  7.543445e-03    0.001221407      2.318207e-04            3.753555e-05
40  2013-08-07 13:11:00     57 275.9 164.8 164.9399 2.277031e-05 14.47823 0.05264299 0.029919770  0.002504177   0.0011021339      9.224465e-05         1  8.154457e-03    0.001217830      2.505979e-04            3.742563e-05
41  2013-08-07 13:11:15     58 276.1 164.7 164.8425 2.277031e-05 14.38092 0.05264299 0.025701858  0.002504145   0.0009467616      9.224346e-05         1  8.358128e-03    0.001216643      2.568570e-04            3.738915e-05
42  2013-08-07 13:11:30     59 276.7 164.4 164.5452 2.277031e-05 14.08361 0.05264299 0.012814963  0.002504048   0.0004720560      9.223989e-05         1  8.969140e-03    0.001213097      2.756343e-04            3.728017e-05
43  2013-08-07 13:11:45     60 277.1 164.7 164.8479 2.277031e-05 14.38630 0.05264299 0.025935015  0.002504147   0.0009553502      9.224353e-05         1  9.376481e-03    0.001210745      2.881525e-04            3.720790e-05
44  2013-08-07 13:12:00     61 277.4 164.7 164.8506 2.277031e-05 14.38899 0.05264299 0.026051594  0.002504148   0.0009596446      9.224356e-05         1  9.681987e-03    0.001208988      2.975411e-04            3.715391e-05
45  2013-08-07 13:12:15     62 278.0 164.8 164.9533 2.277031e-05 14.49168 0.05264299 0.030502663  0.002504182   0.0011236055      9.224481e-05         1  1.029300e-02    0.001205492      3.163183e-04            3.704646e-05
46  2013-08-07 13:12:30     63 278.3 165.0 165.1560 2.277031e-05 14.69437 0.05264299 0.039288224  0.002504249   0.0014472332      9.224731e-05         1  1.059850e-02    0.001203752      3.257070e-04            3.699300e-05
47  2013-08-07 13:12:45     64 278.7 164.4 164.5587 2.277031e-05 14.09706 0.05264299 0.013397856  0.002504052   0.0004935276      9.224005e-05         1  1.100585e-02    0.001201442      3.382251e-04            3.692201e-05
48  2013-08-07 13:13:00     65 279.2 164.5 164.6614 2.277031e-05 14.19975 0.05264299 0.017848926  0.002504086   0.0006574886      9.224128e-05         1  1.151502e-02    0.001198569      3.538728e-04            3.683372e-05
49  2013-08-07 13:13:15     66 279.5 164.9 165.0641 2.277031e-05 14.60244 0.05264299 0.035303469  0.002504219   0.0013004495      9.224617e-05         1  1.182053e-02    0.001196853      3.632615e-04            3.678099e-05
50  2013-08-07 13:13:30     67 280.0 165.0 165.1668 2.277031e-05 14.70513 0.05264299 0.039754539  0.002504253   0.0014644105      9.224744e-05         1  1.232970e-02    0.001194007      3.789092e-04            3.669352e-05
51  2013-08-07 13:13:45     68 280.4 164.7 164.8694 2.277031e-05 14.40782 0.05264299 0.026867644  0.002504154   0.0009897048      9.224379e-05         1  1.273705e-02    0.001191742      3.914274e-04            3.662390e-05
52  2013-08-07 13:14:00     69 280.8 164.8 164.9721 2.277031e-05 14.51051 0.05264299 0.031318714  0.002504188   0.0011536658      9.224504e-05         1  1.314439e-02    0.001189487      4.039455e-04            3.655462e-05
53  2013-08-07 13:14:15     70 281.4 164.4 164.5748 2.277031e-05 14.11320 0.05264299 0.014097328  0.002504058   0.0005192935      9.224024e-05         1  1.375540e-02    0.001186126      4.227228e-04            3.645133e-05
54  2013-08-07 13:14:30     71 281.6 164.4 164.5775 2.277031e-05 14.11589 0.05264299 0.014213906  0.002504059   0.0005235879      9.224027e-05         1  1.395907e-02    0.001185011      4.289819e-04            3.641706e-05
55  2013-08-07 13:14:45     72 282.1 164.6 164.7802 2.277031e-05 14.31858 0.05264299 0.022999467  0.002504125   0.0008472155      9.224271e-05         1  1.446825e-02    0.001182236      4.446296e-04            3.633177e-05
56  2013-08-07 13:15:00     73 282.6 164.9 165.0829 2.277031e-05 14.62127 0.05264299 0.036119519  0.002504225   0.0013305098      9.224640e-05         1  1.497742e-02    0.001179477      4.602773e-04            3.624700e-05
57  2013-08-07 13:15:15     74 282.8 164.8 164.9856 2.277031e-05 14.52396 0.05264299 0.031901606  0.002504192   0.0011751374      9.224521e-05         1  1.518109e-02    0.001178379      4.665364e-04            3.621324e-05
58  2013-08-07 13:15:30     75 283.5 164.8 164.9883 2.277031e-05 14.52665 0.05264299 0.032018185  0.002504193   0.0011794318      9.224524e-05         1  1.589394e-02    0.001174556      4.884432e-04            3.609576e-05
59  2013-08-07 13:15:45     76 283.8 164.8 164.9910 2.277031e-05 14.52933 0.05264299 0.032134764  0.002504194   0.0011837261      9.224527e-05         1  1.619945e-02    0.001172928      4.978318e-04            3.604574e-05
60  2013-08-07 13:16:00     77 284.1 164.9 165.0936 2.277031e-05 14.63202 0.05264299 0.036585833  0.002504229   0.0013476871      9.224654e-05         1  1.650495e-02    0.001171307      5.072204e-04            3.599591e-05
61  2013-08-07 13:16:15     78 284.7 164.8 164.9963 2.277031e-05 14.53471 0.05264299 0.032367921  0.002504196   0.0011923147      9.224534e-05         1  1.711596e-02    0.001168083      5.259977e-04            3.589684e-05
62  2013-08-07 13:16:30     79 285.1 164.8 164.9990 2.277031e-05 14.53740 0.05264299 0.032484499  0.002504197   0.0011966091      9.224537e-05         1  1.752331e-02    0.001165948      5.385158e-04            3.583123e-05
63  2013-08-07 13:16:45     80 285.5 164.8 165.0017 2.277031e-05 14.54009 0.05264299 0.032601078  0.002504198   0.0012009034      9.224541e-05         1  1.793065e-02    0.001163825      5.510340e-04            3.576597e-05
64  2013-08-07 13:17:00     81 286.0 164.9 165.1044 2.277031e-05 14.64278 0.05264299 0.037052148  0.002504232   0.0013648644      9.224667e-05         1  1.843982e-02    0.001161187      5.666817e-04            3.568490e-05
65  2013-08-07 13:17:15     82 286.4 165.0 165.2071 2.277031e-05 14.74547 0.05264299 0.041503217  0.002504267   0.0015288254      9.224794e-05         1  1.884716e-02    0.001159089      5.791999e-04            3.562044e-05
66  2013-08-07 13:17:30     83 286.9 165.0 165.2098 2.277031e-05 14.74816 0.05264299 0.041619796  0.002504268   0.0015331197      9.224798e-05         1  1.935634e-02    0.001156484      5.948476e-04            3.554037e-05
67  2013-08-07 13:17:45     84 287.3 165.0 165.2125 2.277031e-05 14.75085 0.05264299 0.041736375  0.002504269   0.0015374140      9.224801e-05         1  1.976368e-02    0.001154413      6.073658e-04            3.547673e-05
68  2013-08-07 13:18:00     85 287.6 164.9 165.1152 2.277031e-05 14.65354 0.05264299 0.037518462  0.002504236   0.0013820417      9.224680e-05         1  2.006919e-02    0.001152867      6.167544e-04            3.542923e-05
69  2013-08-07 13:18:15     86 288.2 165.0 165.2179 2.277031e-05 14.75623 0.05264299 0.041969532  0.002504270   0.0015460027      9.224808e-05         1  2.068020e-02    0.001149796      6.355317e-04            3.533486e-05
70  2013-08-07 13:18:30     87 288.5 164.9 165.1205 2.277031e-05 14.65892 0.05264299 0.037751619  0.002504238   0.0013906303      9.224687e-05         1  2.098571e-02    0.001148271      6.449203e-04            3.528798e-05
71  2013-08-07 13:18:45     88 288.9 165.1 165.3232 2.277031e-05 14.86161 0.05264299 0.046537180  0.002504306   0.0017142580      9.224940e-05         1  2.139305e-02    0.001146247      6.574385e-04            3.522580e-05
72  2013-08-07 13:19:00     89 289.5 165.0 165.2259 2.277031e-05 14.76430 0.05264299 0.042319268  0.002504273   0.0015588856      9.224818e-05         1  2.200406e-02    0.001143235      6.762157e-04            3.513322e-05
73  2013-08-07 13:19:15     90 289.8 165.0 165.2286 2.277031e-05 14.76699 0.05264299 0.042435846  0.002504274   0.0015631800      9.224821e-05         1  2.230957e-02    0.001141739      6.856043e-04            3.508725e-05
74  2013-08-07 13:19:30     91 290.3 164.9 165.1313 2.277031e-05 14.66968 0.05264299 0.038217934  0.002504241   0.0014078076      9.224700e-05         1  2.281874e-02    0.001139261      7.012521e-04            3.501110e-05
75  2013-08-07 13:19:45     92 290.7 165.0 165.2340 2.277031e-05 14.77237 0.05264299 0.042669003  0.002504276   0.0015717686      9.224828e-05         1  2.322608e-02    0.001137293      7.137702e-04            3.495061e-05
76  2013-08-07 13:20:00     93 291.0 165.0 165.2367 2.277031e-05 14.77506 0.05264299 0.042785582  0.002504277   0.0015760629      9.224831e-05         1  2.353159e-02    0.001135825      7.231588e-04            3.490549e-05
77  2013-08-07 13:20:15     94 291.6 165.0 165.2394 2.277031e-05 14.77775 0.05264299 0.042902160  0.002504278   0.0015803573      9.224835e-05         1  2.414260e-02    0.001132909      7.419361e-04            3.481589e-05
78  2013-08-07 13:20:30     95 292.0 165.0 165.2421 2.277031e-05 14.78044 0.05264299 0.043018739  0.002504279   0.0015846516      9.224838e-05         1  2.454994e-02    0.001130981      7.544543e-04            3.475664e-05
79  2013-08-07 13:20:45     96 292.3 165.1 165.3447 2.277031e-05 14.88313 0.05264299 0.047469809  0.002504313   0.0017486126      9.224967e-05         1  2.485545e-02    0.001129543      7.638429e-04            3.471245e-05
80  2013-08-07 13:21:00     97 292.9 164.9 165.1474 2.277031e-05 14.68582 0.05264299 0.038917405  0.002504247   0.0014335736      9.224720e-05         1  2.546646e-02    0.001126689      7.826202e-04            3.462474e-05
81  2013-08-07 13:21:15     98 293.3 164.9 165.1501 2.277031e-05 14.68851 0.05264299 0.039033984  0.002504248   0.0014378679      9.224724e-05         1  2.587380e-02    0.001124802      7.951383e-04            3.456675e-05
82  2013-08-07 13:21:30     99 293.7 165.0 165.2528 2.277031e-05 14.79119 0.05264299 0.043485053  0.002504282   0.0016018289      9.224851e-05         1  2.628114e-02    0.001122928      8.076565e-04            3.450915e-05
83  2013-08-07 13:21:45    100 294.2 165.1 165.3555 2.277031e-05 14.89388 0.05264299 0.047936123  0.002504317   0.0017657899      9.224980e-05         1  2.679032e-02    0.001120603      8.233042e-04            3.443771e-05
84  2013-08-07 13:22:00    101 294.5 164.9 165.1582 2.277031e-05 14.69657 0.05264299 0.039383719  0.002504250   0.0014507509      9.224734e-05         1  2.709582e-02    0.001119218      8.326928e-04            3.439515e-05
85  2013-08-07 13:22:15    102 295.0 164.9 165.1609 2.277031e-05 14.69926 0.05264299 0.039500298  0.002504251   0.0014550452      9.224737e-05         1  2.760500e-02    0.001116926      8.483405e-04            3.432470e-05
86  2013-08-07 13:22:30    103 295.4 165.0 165.2636 2.277031e-05 14.80195 0.05264299 0.043951368  0.002504286   0.0016190062      9.224865e-05         1  2.801234e-02    0.001115107      8.608587e-04            3.426880e-05
87  2013-08-07 13:22:45    104 295.8 165.1 165.3663 2.277031e-05 14.90464 0.05264299 0.048402437  0.002504321   0.0017829672      9.224994e-05         1  2.841968e-02    0.001113301      8.733769e-04            3.421330e-05
88  2013-08-07 13:23:00    105 296.4 165.1 165.3690 2.277031e-05 14.90733 0.05264299 0.048519016  0.002504322   0.0017872615      9.224997e-05         1  2.903070e-02    0.001110616      8.921541e-04            3.413080e-05
89  2013-08-07 13:23:15    106 296.7 165.2 165.4716 2.277031e-05 15.01002 0.05264299 0.052970086  0.002504357   0.0019512225      9.225127e-05         1  2.933620e-02    0.001109285      9.015428e-04            3.408990e-05
90  2013-08-07 13:23:30    107 297.2 165.2 165.4743 2.277031e-05 15.01271 0.05264299 0.053086664  0.002504358   0.0019555168      9.225130e-05         1  2.984538e-02    0.001107084      9.171905e-04            3.402225e-05
91  2013-08-07 13:23:45    108 297.7 165.3 165.5770 2.277031e-05 15.11540 0.05264299 0.057537734  0.002504393   0.0021194778      9.225261e-05         1  3.035455e-02    0.001104903      9.328382e-04            3.395523e-05
92  2013-08-07 13:24:00    109 298.0 165.3 165.5797 2.277031e-05 15.11809 0.05264299 0.057654313  0.002504394   0.0021237721      9.225264e-05         1  3.066006e-02    0.001103605      9.422268e-04            3.391534e-05
93  2013-08-07 13:24:15    110 298.4 165.3 165.5824 2.277031e-05 15.12078 0.05264299 0.057770891  0.002504395   0.0021280664      9.225268e-05         1  3.106740e-02    0.001101886      9.547450e-04            3.386250e-05
94  2013-08-07 13:24:30    111 299.0 165.1 165.3851 2.277031e-05 14.92347 0.05264299 0.049218488  0.002504327   0.0018130274      9.225017e-05         1  3.167841e-02    0.001099333      9.735222e-04            3.378404e-05
95  2013-08-07 13:24:45    112 299.2 165.2 165.4878 2.277031e-05 15.02616 0.05264299 0.053669557  0.002504362   0.0019769884      9.225147e-05         1  3.188208e-02    0.001098488      9.797813e-04            3.375809e-05
96  2013-08-07 13:25:00    113 299.8 165.2 165.4905 2.277031e-05 15.02885 0.05264299 0.053786136  0.002504363   0.0019812827      9.225151e-05         1  3.249310e-02    0.001095976      9.985586e-04            3.368089e-05
97  2013-08-07 13:25:15    114 300.2 165.0 165.2932 2.277031e-05 14.83154 0.05264299 0.045233732  0.002504296   0.0016662438      9.224902e-05         1  3.290044e-02    0.001094319      1.011077e-03            3.362996e-05
98  2013-08-07 13:25:30    115 300.5 165.0 165.2959 2.277031e-05 14.83423 0.05264299 0.045350311  0.002504297   0.0016705381      9.224905e-05         1  3.320594e-02    0.001093085      1.020465e-03            3.359203e-05
99  2013-08-07 13:25:45    116 301.1 164.9 165.1985 2.277031e-05 14.73692 0.05264299 0.041132398  0.002504264   0.0015151658      9.224784e-05         1  3.381696e-02    0.001090640      1.039243e-03            3.351691e-05
100 2013-08-07 13:26:00    117 301.5 165.2 165.5012 2.277031e-05 15.03961 0.05264299 0.054252450  0.002504367   0.0019984600      9.225164e-05         1  3.422430e-02    0.001089028      1.051761e-03            3.346737e-05
101 2013-08-07 13:26:15    118 301.8 165.1 165.4039 2.277031e-05 14.94230 0.05264299 0.050034538  0.002504334   0.0018430877      9.225041e-05         1  3.452980e-02    0.001087828      1.061149e-03            3.343050e-05
102 2013-08-07 13:26:30    119 302.4 165.1 165.4066 2.277031e-05 14.94499 0.05264299 0.050151116  0.002504335   0.0018473820      9.225044e-05         1  3.514081e-02    0.001085453      1.079927e-03            3.335748e-05
103 2013-08-07 13:26:45    120 302.8 165.1 165.4093 2.277031e-05 14.94768 0.05264299 0.050267695  0.002504336   0.0018516764      9.225048e-05         1  3.554816e-02    0.001083886      1.092445e-03            3.330935e-05
104 2013-08-07 13:27:00    121 303.2 165.2 165.5120 2.277031e-05 15.05036 0.05264299 0.054718765  0.002504371   0.0020156373      9.225178e-05         1  3.595550e-02    0.001082335      1.104963e-03            3.326166e-05
105 2013-08-07 13:27:15    122 303.7 165.1 165.4147 2.277031e-05 14.95305 0.05264299 0.050500852  0.002504337   0.0018602650      9.225055e-05         1  3.646467e-02    0.001080415      1.120611e-03            3.320267e-05
106 2013-08-07 13:27:30    123 304.0 165.2 165.5174 2.277031e-05 15.05574 0.05264299 0.054951922  0.002504373   0.0020242260      9.225185e-05         1  3.677018e-02    0.001079274      1.129999e-03            3.316761e-05
107 2013-08-07 13:27:45    124 304.5 165.3 165.6201 2.277031e-05 15.15843 0.05264299 0.059402991  0.002504408   0.0021881870      9.225316e-05         1  3.727936e-02    0.001077391      1.145647e-03            3.310973e-05
108 2013-08-07 13:28:00    125 305.1 165.2 165.5227 2.277031e-05 15.06112 0.05264299 0.055185079  0.002504375   0.0020328146      9.225192e-05         1  3.789037e-02    0.001075160      1.164424e-03            3.304119e-05
109 2013-08-07 13:28:15    126 305.4 165.3 165.6254 2.277031e-05 15.16381 0.05264299 0.059636149  0.002504410   0.0021967756      9.225323e-05         1  3.819587e-02    0.001074058      1.173813e-03            3.300730e-05
110 2013-08-07 13:28:30    127 305.9 165.4 165.7281 2.277031e-05 15.26650 0.05264299 0.064087218  0.002504446   0.0023607366      9.225454e-05         1  3.870505e-02    0.001072238      1.189461e-03            3.295138e-05
111 2013-08-07 13:28:45    128 306.4 165.4 165.7308 2.277031e-05 15.26919 0.05264299 0.064203797  0.002504447   0.0023650309      9.225458e-05         1  3.921423e-02    0.001070442      1.205108e-03            3.289618e-05
112 2013-08-07 13:29:00    129 306.8 165.3 165.6335 2.277031e-05 15.17188 0.05264299 0.059985884  0.002504413   0.0022096586      9.225333e-05         1  3.962157e-02    0.001069021      1.217627e-03            3.285252e-05
113 2013-08-07 13:29:15    130 307.2 165.2 165.5362 2.277031e-05 15.07457 0.05264299 0.055767972  0.002504379   0.0020542863      9.225209e-05         1  4.002891e-02    0.001067615      1.230145e-03            3.280933e-05
114 2013-08-07 13:29:30    131 307.7 165.3 165.6389 2.277031e-05 15.17726 0.05264299 0.060219041  0.002504415   0.0022182472      9.225340e-05         1  4.053809e-02    0.001065879      1.245792e-03            3.275598e-05
115 2013-08-07 13:29:45    132 308.4 165.2 165.5416 2.277031e-05 15.07995 0.05264299 0.056001129  0.002504381   0.0020628749      9.225215e-05         1  4.125093e-02    0.001063489      1.267699e-03            3.268250e-05
116 2013-08-07 13:30:00    133 308.6 165.2 165.5443 2.277031e-05 15.08264 0.05264299 0.056117708  0.002504382   0.0020671692      9.225219e-05         1  4.145460e-02    0.001062814      1.273958e-03            3.266177e-05
117 2013-08-07 13:30:15    134 309.1 165.3 165.6470 2.277031e-05 15.18533 0.05264299 0.060568777  0.002504418   0.0022311302      9.225350e-05         1  4.196378e-02    0.001061144      1.289606e-03            3.261045e-05
118 2013-08-07 13:30:30    135 309.4 165.4 165.7496 2.277031e-05 15.28802 0.05264299 0.065019847  0.002504453   0.0023950912      9.225482e-05         1  4.226929e-02    0.001060153      1.298995e-03            3.258001e-05
119 2013-08-07 13:30:45    136 310.0 165.4 165.7523 2.277031e-05 15.29071 0.05264299 0.065136426  0.002504454   0.0023993855      9.225486e-05         1  4.288030e-02    0.001058198      1.317772e-03            3.251991e-05
120 2013-08-07 13:31:00    137 310.4 165.4 165.7550 2.277031e-05 15.29340 0.05264299 0.065253004  0.002504455   0.0024036799      9.225489e-05         1  4.328764e-02    0.001056914      1.330290e-03            3.248044e-05
121 2013-08-07 13:31:15    138 310.8 165.4 165.7577 2.277031e-05 15.29609 0.05264299 0.065369583  0.002504456   0.0024079742      9.225493e-05         1  4.369498e-02    0.001055645      1.342808e-03            3.244145e-05
122 2013-08-07 13:31:30    139 311.3 165.5 165.8604 2.277031e-05 15.39878 0.05264299 0.069820652  0.002504492   0.0025719352      9.225626e-05         1  4.420416e-02    0.001054080      1.358456e-03            3.239337e-05
123 2013-08-07 13:31:45    140 311.8 165.3 165.6631 2.277031e-05 15.20147 0.05264299 0.061268249  0.002504423   0.0022568962      9.225371e-05         1  4.471333e-02    0.001052540      1.374104e-03            3.234603e-05
124 2013-08-07 13:32:00    141 312.1 165.3 165.6658 2.277031e-05 15.20416 0.05264299 0.061384827  0.002504424   0.0022611905      9.225374e-05         1  4.501884e-02    0.001051628      1.383492e-03            3.231799e-05
125 2013-08-07 13:32:15    142 312.7 165.3 165.6685 2.277031e-05 15.20685 0.05264299 0.061501406  0.002504425   0.0022654848      9.225378e-05         1  4.562985e-02    0.001049829      1.402270e-03            3.226273e-05
126 2013-08-07 13:32:30    143 313.0 165.5 165.8712 2.277031e-05 15.40954 0.05264299 0.070286967  0.002504496   0.0025891125      9.225640e-05         1  4.593536e-02    0.001048943      1.411658e-03            3.223550e-05
127 2013-08-07 13:32:45    144 313.4 165.3 165.6738 2.277031e-05 15.21222 0.05264299 0.061734563  0.002504427   0.0022740735      9.225385e-05         1  4.634270e-02    0.001047776      1.424176e-03            3.219962e-05
128 2013-08-07 13:33:00    145 314.0 165.3 165.6765 2.277031e-05 15.21491 0.05264299 0.061851142  0.002504428   0.0022783678      9.225388e-05         1  4.695371e-02    0.001046054      1.442954e-03            3.214671e-05
129 2013-08-07 13:33:15    146 314.2 165.5 165.8792 2.277031e-05 15.41760 0.05264299 0.070636703  0.002504499   0.0026019954      9.225650e-05         1  4.715738e-02    0.001045488      1.449213e-03            3.212932e-05
130 2013-08-07 13:33:30    147 314.7 165.4 165.7819 2.277031e-05 15.32029 0.05264299 0.066418790  0.002504465   0.0024466231      9.225524e-05         1  4.766656e-02    0.001044091      1.464860e-03            3.208638e-05
131 2013-08-07 13:33:45    148 315.2 165.3 165.6846 2.277031e-05 15.22298 0.05264299 0.062200877  0.002504431   0.0022912508      9.225398e-05         1  4.817573e-02    0.001042718      1.480508e-03            3.204421e-05
132 2013-08-07 13:34:00    149 315.4 165.5 165.8873 2.277031e-05 15.42567 0.05264299 0.070986438  0.002504502   0.0026148784      9.225661e-05         1  4.837940e-02    0.001042177      1.486767e-03            3.202755e-05
133 2013-08-07 13:34:15    150 316.1 165.5 165.8900 2.277031e-05 15.42836 0.05264299 0.071103017  0.002504503   0.0026191727      9.225664e-05         1  4.909225e-02    0.001040311      1.508674e-03            3.197023e-05
134 2013-08-07 13:34:30    151 316.4 165.5 165.8927 2.277031e-05 15.43105 0.05264299 0.071219595  0.002504504   0.0026234671      9.225668e-05         1  4.939776e-02    0.001039527      1.518063e-03            3.194613e-05
135 2013-08-07 13:34:45    152 316.8 165.4 165.7954 2.277031e-05 15.33374 0.05264299 0.067001683  0.002504469   0.0024680947      9.225541e-05         1  4.980510e-02    0.001038496      1.530581e-03            3.191444e-05
136 2013-08-07 13:35:00    153 317.4 165.6 165.9981 2.277031e-05 15.53643 0.05264299 0.075787244  0.002504541   0.0027917224      9.225805e-05         1  5.041611e-02    0.001036979      1.549358e-03            3.186783e-05
137 2013-08-07 13:35:15    154 317.8 165.7 166.1007 2.277031e-05 15.63912 0.05264299 0.080238313  0.002504578   0.0029556833      9.225940e-05         1  5.082345e-02    0.001035988      1.561876e-03            3.183738e-05
138 2013-08-07 13:35:30    155 318.1 165.5 165.9034 2.277031e-05 15.44181 0.05264299 0.071685910  0.002504508   0.0026406444      9.225682e-05         1  5.112896e-02    0.001035256      1.571265e-03            3.181488e-05
139 2013-08-07 13:35:45    156 318.7 165.7 166.1061 2.277031e-05 15.64450 0.05264299 0.080471471  0.002504580   0.0029642720      9.225948e-05         1  5.173997e-02    0.001033819      1.590042e-03            3.177072e-05
140 2013-08-07 13:36:00    157 318.9 165.5 165.9088 2.277031e-05 15.44719 0.05264299 0.071919067  0.002504509   0.0026492330      9.225689e-05         1  5.194364e-02    0.001033348      1.596301e-03            3.175625e-05
141 2013-08-07 13:36:15    158 319.5 165.6 166.0115 2.277031e-05 15.54988 0.05264299 0.076370137  0.002504546   0.0028131940      9.225823e-05         1  5.255465e-02    0.001031961      1.615078e-03            3.171361e-05
142 2013-08-07 13:36:30    159 319.8 165.7 166.1142 2.277031e-05 15.65257 0.05264299 0.080821206  0.002504583   0.0029771550      9.225958e-05         1  5.286016e-02    0.001031281      1.624467e-03            3.169272e-05
143 2013-08-07 13:36:45    160 320.2 165.7 166.1169 2.277031e-05 15.65526 0.05264299 0.080937785  0.002504584   0.0029814493      9.225962e-05         1  5.326750e-02    0.001030389      1.636985e-03            3.166531e-05
144 2013-08-07 13:37:00    161 320.7 165.7 166.1196 2.277031e-05 15.65795 0.05264299 0.081054364  0.002504585   0.0029857436      9.225965e-05         1  5.377668e-02    0.001029298      1.652633e-03            3.163177e-05
145 2013-08-07 13:37:15    162 321.0 165.5 165.9223 2.277031e-05 15.46064 0.05264299 0.072501960  0.002504514   0.0026707046      9.225706e-05         1  5.408218e-02    0.001028655      1.662022e-03            3.161203e-05
146 2013-08-07 13:37:30    163 321.5 165.5 165.9249 2.277031e-05 15.46333 0.05264299 0.072618539  0.002504515   0.0026749990      9.225710e-05         1  5.459136e-02    0.001027606      1.677669e-03            3.157977e-05
147 2013-08-07 13:37:45    164 322.0 165.6 166.0276 2.277031e-05 15.56602 0.05264299 0.077069608  0.002504552   0.0028389599      9.225844e-05         1  5.510053e-02    0.001026582      1.693317e-03            3.154832e-05
148 2013-08-07 13:38:00    165 322.2 165.6 166.0303 2.277031e-05 15.56871 0.05264299 0.077186187  0.002504553   0.0028432543      9.225848e-05         1  5.530421e-02    0.001026180      1.699576e-03            3.153596e-05
149 2013-08-07 13:38:15    166 322.9 165.8 166.2330 2.277031e-05 15.77139 0.05264299 0.085971748  0.002504625   0.0031668819      9.226116e-05         1  5.601705e-02    0.001024806      1.721483e-03            3.149374e-05
150 2013-08-07 13:38:30    167 323.3 165.8 166.2357 2.277031e-05 15.77408 0.05264299 0.086088326  0.002504626   0.0031711762      9.226119e-05         1  5.642439e-02    0.001024044      1.734001e-03            3.147032e-05
151 2013-08-07 13:38:45    168 323.6 165.7 166.1384 2.277031e-05 15.67677 0.05264299 0.081870414  0.002504591   0.0030158039      9.225990e-05         1  5.672990e-02    0.001023484      1.743390e-03            3.145310e-05
152 2013-08-07 13:39:00    169 324.2 165.6 166.0411 2.277031e-05 15.57946 0.05264299 0.077652501  0.002504557   0.0028604316      9.225862e-05         1  5.734091e-02    0.001022392      1.762167e-03            3.141955e-05
153 2013-08-07 13:39:15    170 324.5 165.8 166.2438 2.277031e-05 15.78215 0.05264299 0.086438062  0.002504629   0.0031840592      9.226130e-05         1  5.764642e-02    0.001021860      1.771556e-03            3.140321e-05
154 2013-08-07 13:39:30    171 324.9 165.5 165.9465 2.277031e-05 15.48484 0.05264299 0.073551167  0.002504523   0.0027093536      9.225738e-05         1  5.805376e-02    0.001021166      1.784074e-03            3.138188e-05
155 2013-08-07 13:39:45    172 325.4 165.5 165.9492 2.277031e-05 15.48753 0.05264299 0.073667746  0.002504524   0.0027136479      9.225741e-05         1  5.856294e-02    0.001020323      1.799721e-03            3.135597e-05
156 2013-08-07 13:40:00    173 325.7 165.7 166.1518 2.277031e-05 15.69022 0.05264299 0.082453307  0.002504596   0.0030372755      9.226008e-05         1  5.886844e-02    0.001019830      1.809110e-03            3.134081e-05
157 2013-08-07 13:40:15    174 326.3 165.6 166.0545 2.277031e-05 15.59291 0.05264299 0.078235394  0.002504561   0.0028819032      9.225880e-05         1  5.947945e-02    0.001018873      1.827887e-03            3.131139e-05
158 2013-08-07 13:40:30    175 326.6 165.6 166.0572 2.277031e-05 15.59560 0.05264299 0.078351973  0.002504562   0.0028861975      9.225883e-05         1  5.978496e-02    0.001018408      1.837276e-03            3.129712e-05
159 2013-08-07 13:40:45    176 327.0 165.8 166.2599 2.277031e-05 15.79829 0.05264299 0.087137533  0.002504635   0.0032098251      9.226152e-05         1  6.019230e-02    0.001017804      1.849794e-03            3.127856e-05
160 2013-08-07 13:41:00    177 327.4 166.0 166.4626 2.277031e-05 16.00098 0.05264299 0.095923094  0.002504709   0.0035334528      9.226424e-05         1  6.059964e-02    0.001017218      1.862312e-03            3.126054e-05
161 2013-08-07 13:41:15    178 327.7 166.1 166.5653 2.277031e-05 16.10367 0.05264299 0.100374164  0.002504747   0.0036974138      9.226563e-05         1  6.090515e-02    0.001016789      1.871701e-03            3.124736e-05
162 2013-08-07 13:41:30    179 328.3 165.8 166.2680 2.277031e-05 15.80636 0.05264299 0.087487269  0.002504638   0.0032227081      9.226162e-05         1  6.151616e-02    0.001015961      1.890478e-03            3.122192e-05
163 2013-08-07 13:41:45    180 328.7 165.6 166.0707 2.277031e-05 15.60905 0.05264299 0.078934866  0.002504567   0.0029076691      9.225901e-05         1  6.192350e-02    0.001015431      1.902996e-03            3.120562e-05
164 2013-08-07 13:42:00    181 329.0 165.8 166.2734 2.277031e-05 15.81174 0.05264299 0.087720426  0.002504640   0.0032312968      9.226170e-05         1  6.222901e-02    0.001015045      1.912385e-03            3.119375e-05
165 2013-08-07 13:42:15    182 329.5 165.8 166.2761 2.277031e-05 15.81443 0.05264299 0.087837005  0.002504641   0.0032355911      9.226173e-05         1  6.273818e-02    0.001014422      1.928033e-03            3.117463e-05
166 2013-08-07 13:42:30    183 330.0 165.9 166.3787 2.277031e-05 15.91712 0.05264299 0.092288075  0.002504678   0.0033995521      9.226311e-05         1  6.324736e-02    0.001013827      1.943680e-03            3.115635e-05
167 2013-08-07 13:42:45    184 330.4 165.8 166.2814 2.277031e-05 15.81981 0.05264299 0.088070162  0.002504643   0.0032441797      9.226180e-05         1  6.365470e-02    0.001013371      1.956199e-03            3.114232e-05
168 2013-08-07 13:43:00    185 330.7 165.6 166.0841 2.277031e-05 15.62250 0.05264299 0.079517759  0.002504572   0.0029291408      9.225919e-05         1  6.396021e-02    0.001013040      1.965587e-03            3.113216e-05
169 2013-08-07 13:43:15    186 331.1 165.6 166.0868 2.277031e-05 15.62519 0.05264299 0.079634337  0.002504573   0.0029334351      9.225922e-05         1  6.436755e-02    0.001012615      1.978105e-03            3.111908e-05
170 2013-08-07 13:43:30    187 331.7 165.7 166.1895 2.277031e-05 15.72788 0.05264299 0.084085407  0.002504610   0.0030973961      9.226058e-05         1  6.497856e-02    0.001012009      1.996883e-03            3.110046e-05
171 2013-08-07 13:43:45    188 332.0 165.7 166.1922 2.277031e-05 15.73057 0.05264299 0.084201985  0.002504611   0.0031016904      9.226062e-05         1  6.528407e-02    0.001011721      2.006271e-03            3.109161e-05
172 2013-08-07 13:44:00    189 332.4 165.7 166.1949 2.277031e-05 15.73325 0.05264299 0.084318564  0.002504612   0.0031059847      9.226065e-05         1  6.569141e-02    0.001011352      2.018789e-03            3.108028e-05
173 2013-08-07 13:44:15    190 332.9 165.6 166.0976 2.277031e-05 15.63594 0.05264299 0.080100651  0.002504577   0.0029506124      9.225936e-05         1  6.620058e-02    0.001010916      2.034437e-03            3.106688e-05
174 2013-08-07 13:44:30    191 333.2 165.7 166.2003 2.277031e-05 15.73863 0.05264299 0.084551721  0.002504614   0.0031145734      9.226072e-05         1  6.650609e-02    0.001010668      2.043826e-03            3.105924e-05
175 2013-08-07 13:44:45    192 333.7 165.7 166.2029 2.277031e-05 15.74132 0.05264299 0.084668300  0.002504615   0.0031188677      9.226076e-05         1  6.701527e-02    0.001010276      2.059473e-03            3.104720e-05
176 2013-08-07 13:45:00    193 334.2 165.7 166.2056 2.277031e-05 15.74401 0.05264299 0.084784878  0.002504616   0.0031231620      9.226079e-05         1  6.752444e-02    0.001009911      2.075121e-03            3.103599e-05
177 2013-08-07 13:45:15    194 334.5 165.8 166.3083 2.277031e-05 15.84670 0.05264299 0.089235948  0.002504653   0.0032871230      9.226216e-05         1  6.782995e-02    0.001009706      2.084510e-03            3.102968e-05
178 2013-08-07 13:45:30    195 335.1 165.7 166.2110 2.277031e-05 15.74939 0.05264299 0.085018036  0.002504617   0.0031317507      9.226087e-05         1  6.844096e-02    0.001009325      2.103287e-03            3.101797e-05
179 2013-08-07 13:45:45    196 335.5 165.6 166.1137 2.277031e-05 15.65208 0.05264299 0.080800123  0.002504582   0.0029763783      9.225958e-05         1  6.884830e-02    0.001009093      2.115805e-03            3.101084e-05
180 2013-08-07 13:46:00    197 335.8 165.6 166.1164 2.277031e-05 15.65477 0.05264299 0.080916702  0.002504583   0.0029806727      9.225961e-05         1  6.915381e-02    0.001008930      2.125194e-03            3.100585e-05
181 2013-08-07 13:46:15    198 336.4 165.6 166.1191 2.277031e-05 15.65746 0.05264299 0.081033280  0.002504584   0.0029849670      9.225965e-05         1  6.976482e-02    0.001008636      2.143971e-03            3.099679e-05
182 2013-08-07 13:46:30    199 336.7 165.6 166.1218 2.277031e-05 15.66015 0.05264299 0.081149859  0.002504585   0.0029892613      9.225968e-05         1  7.007033e-02    0.001008503      2.153360e-03            3.099272e-05
183 2013-08-07 13:46:45    200 337.2 165.7 166.2245 2.277031e-05 15.76284 0.05264299 0.085600928  0.002504622   0.0031532223      9.226104e-05         1  7.057950e-02    0.001008305      2.169007e-03            3.098662e-05
184 2013-08-07 13:47:00    201 337.6 165.9 166.4272 2.277031e-05 15.96553 0.05264299 0.094386489  0.002504696   0.0034768499      9.226376e-05         1  7.098684e-02    0.001008166      2.181526e-03            3.098235e-05
185 2013-08-07 13:47:15    202 337.9 165.6 166.1298 2.277031e-05 15.66822 0.05264299 0.081499595  0.002504588   0.0030021443      9.225979e-05         1  7.129235e-02    0.001008073      2.190914e-03            3.097951e-05
186 2013-08-07 13:47:30    203 338.5 165.7 166.2325 2.277031e-05 15.77091 0.05264299 0.085950664  0.002504625   0.0031661053      9.226115e-05         1  7.190336e-02    0.001007918      2.209691e-03            3.097475e-05
187 2013-08-07 13:47:45    204 338.9 165.8 166.3352 2.277031e-05 15.87360 0.05264299 0.090401734  0.002504662   0.0033300662      9.226252e-05         1  7.231070e-02    0.001007837      2.222210e-03            3.097225e-05
188 2013-08-07 13:48:00    205 339.2 165.7 166.2379 2.277031e-05 15.77629 0.05264299 0.086183821  0.002504627   0.0031746939      9.226122e-05         1  7.261621e-02    0.001007788      2.231598e-03            3.097074e-05
189 2013-08-07 13:48:15    206 339.9 165.9 166.4406 2.277031e-05 15.97898 0.05264299 0.094969382  0.002504701   0.0034983215      9.226394e-05         1  7.332906e-02    0.001007712      2.253505e-03            3.096841e-05
190 2013-08-07 13:48:30    207 340.1 165.8 166.3433 2.277031e-05 15.88167 0.05264299 0.090751470  0.002504665   0.0033429492      9.226263e-05         1  7.353273e-02    0.001007700      2.259764e-03            3.096805e-05
191 2013-08-07 13:48:45    208 340.6 165.8 166.3460 2.277031e-05 15.88436 0.05264299 0.090868048  0.002504666   0.0033472435      9.226267e-05         1  7.404190e-02    0.001007691      2.275412e-03            3.096775e-05
192 2013-08-07 13:49:00    209 341.2 166.0 166.5487 2.277031e-05 16.08705 0.05264299 0.099653609  0.002504741   0.0036708712      9.226540e-05         1  7.465291e-02    0.001007716      2.294189e-03            3.096852e-05
193 2013-08-07 13:49:15    210 341.4 165.9 166.4514 2.277031e-05 15.98974 0.05264299 0.095435697  0.002504705   0.0035154988      9.226408e-05         1  7.485659e-02    0.001007733      2.300448e-03            3.096904e-05
194 2013-08-07 13:49:30    211 341.9 165.7 166.2540 2.277031e-05 15.79242 0.05264299 0.086883293  0.002504633   0.0032004599      9.226144e-05         1  7.536576e-02    0.001007795      2.316096e-03            3.097096e-05
195 2013-08-07 13:49:45    212 342.3 165.8 166.3567 2.277031e-05 15.89511 0.05264299 0.091334363  0.002504670   0.0033644208      9.226281e-05         1  7.577310e-02    0.001007865      2.328614e-03            3.097311e-05
196 2013-08-07 13:50:00    213 342.6 165.9 166.4594 2.277031e-05 15.99780 0.05264299 0.095785432  0.002504708   0.0035283818      9.226419e-05         1  7.607861e-02    0.001007929      2.338003e-03            3.097508e-05
197 2013-08-07 13:50:15    214 343.2 165.9 166.4621 2.277031e-05 16.00049 0.05264299 0.095902011  0.002504709   0.0035326761      9.226423e-05         1  7.668962e-02    0.001008087      2.356780e-03            3.097995e-05
198 2013-08-07 13:50:30    215 343.7 165.7 166.2648 2.277031e-05 15.80318 0.05264299 0.087349607  0.002504637   0.0032176372      9.226158e-05         1  7.719880e-02    0.001008250      2.372428e-03            3.098494e-05
199 2013-08-07 13:50:45    216 344.0 166.2 166.7675 2.277031e-05 16.30587 0.05264299 0.109138641  0.002504822   0.0040202648      9.226839e-05         1  7.750430e-02    0.001008361      2.381816e-03            3.098834e-05
200 2013-08-07 13:51:00    217 344.6 165.8 166.3702 2.277031e-05 15.90856 0.05264299 0.091917256  0.002504675   0.0033858925      9.226299e-05         1  7.811532e-02    0.001008612      2.400594e-03            3.099607e-05

$dryleafvolt
            timestamp record LWSmV  SEmV    CSEmV     CSEmV.sd   loadmV  loadmV.sd
1 2013-08-07 13:00:15     14 264.4 164.0 164.0242 2.277031e-05 13.56258 0.05264299
2 2013-08-07 13:00:30     15 264.4 164.2 164.2269 2.277031e-05 13.76527 0.05264299
3 2013-08-07 13:00:45     16 264.4 164.2 164.2296 2.277031e-05 13.76796 0.05264299
4 2013-08-07 13:01:00     17 264.4 164.4 164.4323 2.277031e-05 13.97065 0.05264299
5 2013-08-07 13:01:15     18 264.4 164.3 164.3350 2.277031e-05 13.87334 0.05264299

$runtime
Time difference of 49.75 mins

$startcalibvolt
            timestamp record LWSmV  SEmV    CSEmV     CSEmV.sd   loadmV  loadmV.sd
1 2013-08-07 12:58:30      7 264.4 273.1 273.1054 2.277031e-05 122.6438 0.05264299
2 2013-08-07 12:58:45      8 264.4 273.4 273.4081 2.277031e-05 122.9464 0.05264299
3 2013-08-07 12:59:00      9 264.4 273.3 273.3108 2.277031e-05 122.8491 0.05264299
4 2013-08-07 12:59:15     10 264.4 273.5 273.5134 2.277031e-05 123.0518 0.05264299
5 2013-08-07 12:59:30     11 264.4 273.6 273.6161 2.277031e-05 123.1545 0.05264299
6 2013-08-07 12:59:45     12 264.4 273.6 273.6188 2.277031e-05 123.1572 0.05264299

$endcalibvolt
            timestamp record LWSmV  SEmV
1 2013-08-07 13:54:00    229 265.1 272.3
2 2013-08-07 13:54:15    230 265.1 272.4
3 2013-08-07 13:54:30    231 265.1 272.4

$lastLWSvolt
[1] 342.6

$maxLWSvolt
[1] 344.6

$species
[1] "bay"

$trial
[1] "4"

$replicate
[1] "1"

$isvertical
[1] FALSE

$conversionfactor
         avg        stdev
1 0.04334491 7.575546e-06

$LWSwatermass
         avg       stdev
1 0.07071546 0.001742802

$dryleafmass
       avg       stdev
1 0.597638 0.001025786

$lwsmodel

Call:
lm(formula = LWSsurfacedensity ~ record, data = rd[rd$runfilter == 
    1, ])

Coefficients:
(Intercept)       record  
 -5.229e-04    1.348e-05  


$leafmodel

Call:
lm(formula = surfacedensity ~ record, data = rd[rd$runfilter == 
    1, ])

Coefficients:
(Intercept)       record  
  4.936e-06    1.672e-05  


