$name
[1] "bay4rep2"

$leafarea
[1] 27.14713

$startbasevolt
             timestamp record LWSmV  SEmV CSEmV CSEmV.sd      loadmV loadmV.sd
1  2013-09-12 12:23:45      2 263.1 150.7 150.7        0 -0.46638596 0.1849475
2  2013-09-12 12:24:00      3 263.1 150.7 150.7        0 -0.46638596 0.1849475
3  2013-09-12 12:24:15      4 263.1 150.9 150.9        0 -0.26638596 0.1849475
4  2013-09-12 12:24:30      5 263.1 151.0 151.0        0 -0.16638596 0.1849475
5  2013-09-12 12:24:45      6 263.1 151.0 151.0        0 -0.16638596 0.1849475
6  2013-09-12 12:25:00      7 263.1 151.2 151.2        0  0.03361404 0.1849475
7  2013-09-12 12:25:15      8 263.1 151.1 151.1        0 -0.06638596 0.1849475
8  2013-09-12 12:25:30      9 263.1 151.2 151.2        0  0.03361404 0.1849475
9  2013-09-12 12:25:45     10 263.1 151.2 151.2        0  0.03361404 0.1849475
10 2013-09-12 12:26:00     11 263.1 151.4 151.4        0  0.23361404 0.1849475
11 2013-09-12 12:26:15     12 263.1 151.3 151.3        0  0.13361404 0.1849475
12 2013-09-12 12:26:30     13 263.1 151.3 151.3        0  0.13361404 0.1849475
13 2013-09-12 12:26:45     14 263.1 151.4 151.4        0  0.23361404 0.1849475
14 2013-09-12 12:27:00     15 263.1 151.6 151.6        0  0.43361404 0.1849475
15 2013-09-12 12:27:15     16 263.1 151.4 151.4        0  0.23361404 0.1849475

$endbasevolt
             timestamp record LWSmV  SEmV    CSEmV     CSEmV.sd      loadmV loadmV.sd
1  2013-09-12 13:32:15    276 265.0 151.6 151.3956 6.739889e-05  0.22926316 0.1849475
2  2013-09-12 13:32:30    277 264.9 151.5 151.2949 6.739889e-05  0.12847719 0.1849475
3  2013-09-12 13:32:45    278 264.7 151.5 151.2941 6.739889e-05  0.12769123 0.1849475
4  2013-09-12 13:33:00    279 264.7 151.5 151.2933 6.739889e-05  0.12690526 0.1849475
5  2013-09-12 13:33:15    280 264.6 151.4 151.1925 6.739889e-05  0.02611930 0.1849475
6  2013-09-12 13:33:30    281 264.5 151.5 151.2917 6.739889e-05  0.12533333 0.1849475
7  2013-09-12 13:33:45    282 264.5 151.3 151.0909 6.739889e-05 -0.07545263 0.1849475
8  2013-09-12 13:34:00    283 264.5 151.4 151.1901 6.739889e-05  0.02376140 0.1849475
9  2013-09-12 13:34:15    284 264.4 151.3 151.0894 6.739889e-05 -0.07702456 0.1849475
10 2013-09-12 13:34:30    285 264.4 151.3 151.0886 6.739889e-05 -0.07781053 0.1849475
11 2013-09-12 13:34:45    286 264.4 151.5 151.2878 6.739889e-05  0.12140351 0.1849475
12 2013-09-12 13:35:00    287 264.4 151.5 151.2870 6.739889e-05  0.12061754 0.1849475
13 2013-09-12 13:35:15    288 264.4 151.5 151.2862 6.739889e-05  0.11983158 0.1849475
14 2013-09-12 13:35:30    289 264.4 151.4 151.1854 6.739889e-05  0.01904561 0.1849475
15 2013-09-12 13:35:45    290 264.4 151.3 151.0846 6.739889e-05 -0.08174035 0.1849475
16 2013-09-12 13:36:00    291 264.4 151.4 151.1839 6.739889e-05  0.01747368 0.1849475
17 2013-09-12 13:36:15    292 264.4 151.5 151.2831 6.739889e-05  0.11668772 0.1849475
18 2013-09-12 13:36:30    293 264.4 151.3 151.0823 6.739889e-05 -0.08409825 0.1849475
19 2013-09-12 13:36:45    294 264.4 151.4 151.1815 6.739889e-05  0.01511579 0.1849475
20 2013-09-12 13:37:00    295 264.4 151.4 151.1807 6.739889e-05  0.01432982 0.1849475
21 2013-09-12 13:37:15    296 264.4 151.3 151.0799 6.739889e-05 -0.08645614 0.1849475
22 2013-09-12 13:37:30    297 264.4 151.1 150.8791 6.739889e-05 -0.28724211 0.1849475
23 2013-09-12 13:37:45    298 264.4 151.2 150.9784 6.739889e-05 -0.18802807 0.1849475
24 2013-09-12 13:38:00    299 264.4 151.3 151.0776 6.739889e-05 -0.08881404 0.1849475
25 2013-09-12 13:38:15    300 264.4 151.2 150.9768 6.739889e-05 -0.18960000 0.1849475

$dryragvolt
            timestamp record LWSmV  SEmV    CSEmV     CSEmV.sd   loadmV loadmV.sd
1 2013-09-12 13:26:15    252 493.5 246.9 246.7145 6.739889e-05 95.54813 0.1849475
2 2013-09-12 13:26:30    253 493.5 246.6 246.4137 6.739889e-05 95.24734 0.1849475
3 2013-09-12 13:26:45    254 492.9 246.5 246.3129 6.739889e-05 95.14655 0.1849475
4 2013-09-12 13:27:00    255 492.8 246.3 246.1122 6.739889e-05 94.94577 0.1849475
5 2013-09-12 13:27:15    256 492.2 246.3 246.1114 6.739889e-05 94.94498 0.1849475
6 2013-09-12 13:27:30    257 492.1 246.3 246.1106 6.739889e-05 94.94420 0.1849475

$wetragvolt
            timestamp record LWSmV  SEmV    CSEmV     CSEmV.sd   loadmV loadmV.sd
1 2013-09-12 13:28:15    260 265.1 252.0 251.8082 6.739889e-05 100.6418 0.1849475
2 2013-09-12 13:28:30    261 265.1 251.9 251.7074 6.739889e-05 100.5411 0.1849475
3 2013-09-12 13:28:45    262 265.1 251.9 251.7067 6.739889e-05 100.5403 0.1849475
4 2013-09-12 13:29:00    263 265.0 251.8 251.6059 6.739889e-05 100.4395 0.1849475
5 2013-09-12 13:29:15    264 265.1 251.6 251.4051 6.739889e-05 100.2387 0.1849475

$rundata
              timestamp record LWSmV  SEmV    CSEmV     CSEmV.sd   loadmV loadmV.sd   watermass watermass.sd surfacedensity surfacedensity.sd runfilter      LWSwater LWSwater.stdev LWSsurfacedensity LWSsurfacedensity.stdev
1   2013-09-12 12:40:45     70 263.7 164.7 164.6576 6.739889e-05 13.49117 0.1849475 0.005560739  0.008253303   2.048371e-04      0.0003040212         0 -4.269451e-03    0.001294739     -1.312062e-04            3.978915e-05
2   2013-09-12 12:41:00     71 263.8 164.7 164.6568 6.739889e-05 13.49039 0.1849475 0.005526677  0.008253303   2.035824e-04      0.0003040212         0 -4.167615e-03    0.001294075     -1.280767e-04            3.976874e-05
3   2013-09-12 12:41:15     72 264.4 164.7 164.6560 6.739889e-05 13.48960 0.1849475 0.005492616  0.008253303   2.023277e-04      0.0003040212         0 -3.556603e-03    0.001290101     -1.092994e-04            3.964662e-05
4   2013-09-12 12:41:30     73 265.0 164.6 164.5552 6.739889e-05 13.38881 0.1849475 0.001124821  0.008253259   4.143424e-05      0.0003040196         0 -2.945592e-03    0.001286146     -9.052218e-05            3.952508e-05
5   2013-09-12 12:41:45     74 265.2 164.7 164.6544 6.739889e-05 13.48803 0.1849475 0.005424492  0.008253302   1.998183e-04      0.0003040212         0 -2.741921e-03    0.001284832     -8.426309e-05            3.948469e-05
6   2013-09-12 12:42:00     75 265.8 164.7 164.6536 6.739889e-05 13.48724 0.1849475 0.005390431  0.008253302   1.985636e-04      0.0003040212         0 -2.130909e-03    0.001280903     -6.548584e-05            3.936394e-05
7   2013-09-12 12:42:15     76 266.5 164.7 164.6528 6.739889e-05 13.48646 0.1849475 0.005356369  0.008253301   1.973089e-04      0.0003040212         0 -1.418062e-03    0.001276343     -4.357904e-05            3.922382e-05
8   2013-09-12 12:42:30     77 267.1 164.8 164.7521 6.739889e-05 13.58567 0.1849475 0.009656041  0.008253345   3.556929e-04      0.0003040228         0 -8.070501e-04    0.001272456     -2.480179e-05            3.910438e-05
9   2013-09-12 12:42:45     78 267.8 165.0 164.9513 6.739889e-05 13.78488 0.1849475 0.018289446  0.008253432   6.737157e-04      0.0003040260         0 -9.420292e-05    0.001267947     -2.894988e-06            3.896579e-05
10  2013-09-12 12:43:00     79 268.5 165.0 164.9505 6.739889e-05 13.78410 0.1849475 0.018255384  0.008253432   6.724610e-04      0.0003040260         0  6.186443e-04    0.001263465      1.901181e-05            3.882805e-05
11  2013-09-12 12:43:15     80 269.3 165.1 165.0497 6.739889e-05 13.88331 0.1849475 0.022555056  0.008253476   8.308450e-04      0.0003040276         0  1.433327e-03    0.001258376      4.404815e-05            3.867167e-05
12  2013-09-12 12:43:30     81 270.1 165.0 164.9489 6.739889e-05 13.78253 0.1849475 0.018187261  0.008253431   6.699516e-04      0.0003040259         0  2.248009e-03    0.001253324      6.908449e-05            3.851641e-05
13  2013-09-12 12:43:45     82 270.9 164.9 164.8481 6.739889e-05 13.68174 0.1849475 0.013819466  0.008253387   5.090581e-04      0.0003040243         0  3.062692e-03    0.001248309      9.412083e-05            3.836229e-05
14  2013-09-12 12:44:00     83 271.7 165.0 164.9473 6.739889e-05 13.78095 0.1849475 0.018119138  0.008253431   6.674422e-04      0.0003040259         0  3.877374e-03    0.001243331      1.191572e-04            3.820932e-05
15  2013-09-12 12:44:15     84 272.7 165.1 165.0466 6.739889e-05 13.88017 0.1849475 0.022418809  0.008253475   8.258262e-04      0.0003040275         0  4.895727e-03    0.001237162      1.504526e-04            3.801974e-05
16  2013-09-12 12:44:30     85 273.5 165.1 165.0458 6.739889e-05 13.87938 0.1849475 0.022384748  0.008253474   8.245715e-04      0.0003040275         0  5.710410e-03    0.001232271      1.754889e-04            3.786941e-05
17  2013-09-12 12:44:45     86 274.4 165.2 165.1450 6.739889e-05 13.97860 0.1849475 0.026684420  0.008253519   9.829555e-04      0.0003040292         1  6.626928e-03    0.001226814      2.036548e-04            3.770171e-05
18  2013-09-12 12:45:00     87 275.4 165.0 164.9442 6.739889e-05 13.77781 0.1849475 0.017982891  0.008253429   6.624233e-04      0.0003040259         0  7.645281e-03    0.001220809      2.349502e-04            3.751718e-05
19  2013-09-12 12:45:15     88 276.3 165.1 165.0434 6.739889e-05 13.87702 0.1849475 0.022282563  0.008253473   8.208074e-04      0.0003040275         1  8.561798e-03    0.001215458      2.631161e-04            3.735274e-05
20  2013-09-12 12:45:30     89 277.3 165.1 165.0426 6.739889e-05 13.87624 0.1849475 0.022248501  0.008253473   8.195527e-04      0.0003040275         1  9.580152e-03    0.001209573      2.944115e-04            3.717189e-05
21  2013-09-12 12:45:45     90 278.3 165.2 165.1418 6.739889e-05 13.97545 0.1849475 0.026548173  0.008253517   9.779367e-04      0.0003040291         1  1.059850e-02    0.001203752      3.257070e-04            3.699300e-05
22  2013-09-12 12:46:00     91 279.2 165.2 165.1411 6.739889e-05 13.97467 0.1849475 0.026514111  0.008253517   9.766820e-04      0.0003040291         1  1.151502e-02    0.001198569      3.538728e-04            3.683372e-05
23  2013-09-12 12:46:15     92 280.3 165.3 165.2403 6.739889e-05 14.07388 0.1849475 0.030813783  0.008253562   1.135066e-03      0.0003040308         1  1.263521e-02    0.001192307      3.882978e-04            3.664128e-05
24  2013-09-12 12:46:30     93 281.2 165.2 165.1395 6.739889e-05 13.97309 0.1849475 0.026445988  0.008253516   9.741726e-04      0.0003040291         1  1.355173e-02    0.001187244      4.164637e-04            3.648567e-05
25  2013-09-12 12:46:45     94 282.3 165.4 165.3387 6.739889e-05 14.17231 0.1849475 0.035079393  0.008253606   1.292195e-03      0.0003040324         1  1.467192e-02    0.001181130      4.508887e-04            3.629779e-05
26  2013-09-12 12:47:00     95 283.3 165.5 165.4379 6.739889e-05 14.27152 0.1849475 0.039379065  0.008253652   1.450579e-03      0.0003040341         1  1.569027e-02    0.001175645      4.821841e-04            3.612922e-05
27  2013-09-12 12:47:15     96 284.4 165.5 165.4371 6.739889e-05 14.27074 0.1849475 0.039345003  0.008253651   1.449325e-03      0.0003040341         1  1.681046e-02    0.001169692      5.166091e-04            3.594627e-05
28  2013-09-12 12:47:30     97 285.4 165.5 165.4363 6.739889e-05 14.26995 0.1849475 0.039310942  0.008253651   1.448070e-03      0.0003040340         1  1.782881e-02    0.001164354      5.479045e-04            3.578225e-05
29  2013-09-12 12:47:45     98 286.5 165.4 165.3356 6.739889e-05 14.16916 0.1849475 0.034943147  0.008253605   1.287177e-03      0.0003040323         1  1.894900e-02    0.001158567      5.823294e-04            3.560438e-05
30  2013-09-12 12:48:00     99 287.5 165.5 165.4348 6.739889e-05 14.26838 0.1849475 0.039242818  0.008253650   1.445561e-03      0.0003040340         1  1.996735e-02    0.001153382      6.136249e-04            3.544504e-05
31  2013-09-12 12:48:15    100 288.6 165.4 165.3340 6.739889e-05 14.16759 0.1849475 0.034875023  0.008253604   1.284667e-03      0.0003040323         1  2.108754e-02    0.001147764      6.480498e-04            3.527240e-05
32  2013-09-12 12:48:30    101 289.6 165.4 165.3332 6.739889e-05 14.16681 0.1849475 0.034840962  0.008253604   1.283412e-03      0.0003040323         1  2.210589e-02    0.001142736      6.793453e-04            3.511788e-05
33  2013-09-12 12:48:45    102 290.6 165.6 165.5324 6.739889e-05 14.36602 0.1849475 0.043474367  0.008253695   1.601435e-03      0.0003040357         1  2.312425e-02    0.001137784      7.106407e-04            3.496570e-05
34  2013-09-12 12:49:00    103 291.7 165.5 165.4316 6.739889e-05 14.26524 0.1849475 0.039106572  0.008253649   1.440542e-03      0.0003040340         1  2.424444e-02    0.001132426      7.450656e-04            3.480104e-05
35  2013-09-12 12:49:15    104 292.7 165.7 165.6308 6.739889e-05 14.46445 0.1849475 0.047739977  0.008253741   1.758565e-03      0.0003040374         1  2.526279e-02    0.001127637      7.763611e-04            3.465388e-05
36  2013-09-12 12:49:30    105 293.9 165.8 165.7300 6.739889e-05 14.56366 0.1849475 0.052039649  0.008253787   1.916949e-03      0.0003040391         1  2.648481e-02    0.001121996      8.139156e-04            3.448050e-05
37  2013-09-12 12:49:45    106 294.9 165.7 165.6293 6.739889e-05 14.46288 0.1849475 0.047671854  0.008253740   1.756055e-03      0.0003040373         1  2.750317e-02    0.001117383      8.452110e-04            3.433874e-05
38  2013-09-12 12:50:00    107 296.0 165.8 165.7285 6.739889e-05 14.56209 0.1849475 0.051971525  0.008253787   1.914439e-03      0.0003040390         1  2.862335e-02    0.001112403      8.796360e-04            3.418570e-05
39  2013-09-12 12:50:15    108 297.1 165.7 165.6277 6.739889e-05 14.46131 0.1849475 0.047603730  0.008253739   1.753546e-03      0.0003040373         1  2.974354e-02    0.001107523      9.140609e-04            3.403573e-05
40  2013-09-12 12:50:30    109 298.1 165.9 165.8269 6.739889e-05 14.66052 0.1849475 0.056237136  0.008253833   2.071569e-03      0.0003040407         1  3.076190e-02    0.001103174      9.453564e-04            3.390209e-05
41  2013-09-12 12:50:45    110 299.3 166.0 165.9261 6.739889e-05 14.75973 0.1849475 0.060536807  0.008253880   2.229953e-03      0.0003040425         1  3.198392e-02    0.001098068      9.829109e-04            3.374516e-05
42  2013-09-12 12:51:00    111 300.3 165.9 165.8253 6.739889e-05 14.65895 0.1849475 0.056169012  0.008253832   2.069059e-03      0.0003040407         1  3.300227e-02    0.001093907      1.014206e-03            3.361729e-05
43  2013-09-12 12:51:15    112 301.5 165.9 165.8245 6.739889e-05 14.65816 0.1849475 0.056134951  0.008253832   2.067804e-03      0.0003040407         1  3.422430e-02    0.001089028      1.051761e-03            3.346737e-05
44  2013-09-12 12:51:30    113 302.6 166.1 166.0238 6.739889e-05 14.85738 0.1849475 0.064768356  0.008253926   2.385827e-03      0.0003040442         1  3.534448e-02    0.001084668      1.086186e-03            3.333336e-05
45  2013-09-12 12:51:45    114 303.6 165.9 165.8230 6.739889e-05 14.65659 0.1849475 0.056066827  0.008253831   2.065295e-03      0.0003040407         1  3.636284e-02    0.001080797      1.117481e-03            3.321442e-05
46  2013-09-12 12:52:00    115 304.8 166.1 166.0222 6.739889e-05 14.85580 0.1849475 0.064700232  0.008253925   2.383318e-03      0.0003040442         1  3.758486e-02    0.001076271      1.155036e-03            3.307533e-05
47  2013-09-12 12:52:15    116 305.9 166.1 166.0214 6.739889e-05 14.85502 0.1849475 0.064666171  0.008253925   2.382063e-03      0.0003040441         1  3.870505e-02    0.001072238      1.189461e-03            3.295138e-05
48  2013-09-12 12:52:30    117 307.0 166.1 166.0206 6.739889e-05 14.85423 0.1849475 0.064632109  0.008253925   2.380808e-03      0.0003040441         1  3.982524e-02    0.001068316      1.223886e-03            3.283087e-05
49  2013-09-12 12:52:45    118 308.4 166.3 166.2198 6.739889e-05 15.05345 0.1849475 0.073265514  0.008254021   2.698831e-03      0.0003040477         1  4.125093e-02    0.001063489      1.267699e-03            3.268250e-05
50  2013-09-12 12:53:00    119 309.4 166.3 166.2190 6.739889e-05 15.05266 0.1849475 0.073231453  0.008254020   2.697576e-03      0.0003040476         1  4.226929e-02    0.001060153      1.298995e-03            3.258001e-05
51  2013-09-12 12:53:15    120 310.4 166.2 166.1183 6.739889e-05 14.95187 0.1849475 0.068863658  0.008253972   2.536683e-03      0.0003040458         1  4.328764e-02    0.001056914      1.330290e-03            3.248044e-05
52  2013-09-12 12:53:30    121 311.6 166.3 166.2175 6.739889e-05 15.05109 0.1849475 0.073163329  0.008254019   2.695067e-03      0.0003040476         1  4.450966e-02    0.001053153      1.367845e-03            3.236488e-05
53  2013-09-12 12:53:45    122 312.7 166.3 166.2167 6.739889e-05 15.05030 0.1849475 0.073129268  0.008254019   2.693812e-03      0.0003040476         1  4.562985e-02    0.001049829      1.402270e-03            3.226273e-05
54  2013-09-12 12:54:00    123 313.8 166.4 166.3159 6.739889e-05 15.14952 0.1849475 0.077428939  0.008254067   2.852196e-03      0.0003040494         1  4.675004e-02    0.001046624      1.436695e-03            3.216423e-05
55  2013-09-12 12:54:15    124 315.1 166.4 166.3151 6.739889e-05 15.14873 0.1849475 0.077394878  0.008254067   2.850942e-03      0.0003040494         1  4.807390e-02    0.001042991      1.477379e-03            3.205258e-05
56  2013-09-12 12:54:30    125 316.2 166.5 166.4143 6.739889e-05 15.24794 0.1849475 0.081694550  0.008254115   3.009326e-03      0.0003040511         1  4.919409e-02    0.001040049      1.511804e-03            3.196217e-05
57  2013-09-12 12:54:45    126 317.3 166.5 166.4135 6.739889e-05 15.24716 0.1849475 0.081660488  0.008254115   3.008071e-03      0.0003040511         1  5.031428e-02    0.001037229      1.546229e-03            3.187552e-05
58  2013-09-12 12:55:00    127 318.5 166.6 166.5128 6.739889e-05 15.34637 0.1849475 0.085960160  0.008254164   3.166455e-03      0.0003040529         1  5.153630e-02    0.001034294      1.583783e-03            3.178531e-05
59  2013-09-12 12:55:15    128 319.6 166.7 166.6120 6.739889e-05 15.44559 0.1849475 0.090259831  0.008254213   3.324839e-03      0.0003040547         1  5.265649e-02    0.001031733      1.618208e-03            3.170662e-05
60  2013-09-12 12:55:30    129 320.7 166.5 166.4112 6.739889e-05 15.24480 0.1849475 0.081558303  0.008254114   3.004307e-03      0.0003040511         1  5.377668e-02    0.001029298      1.652633e-03            3.163177e-05
61  2013-09-12 12:55:45    130 321.9 166.6 166.5104 6.739889e-05 15.34401 0.1849475 0.085857975  0.008254163   3.162691e-03      0.0003040529         1  5.499870e-02    0.001026785      1.690187e-03            3.155455e-05
62  2013-09-12 12:56:00    131 323.1 166.7 166.6096 6.739889e-05 15.44323 0.1849475 0.090157646  0.008254212   3.321075e-03      0.0003040547         1  5.622072e-02    0.001024423      1.727742e-03            3.148197e-05
63  2013-09-12 12:56:15    132 324.3 166.6 166.5088 6.739889e-05 15.34244 0.1849475 0.085789851  0.008254162   3.160182e-03      0.0003040529         1  5.744275e-02    0.001022214      1.765296e-03            3.141407e-05
64  2013-09-12 12:56:30    133 325.4 166.5 166.4080 6.739889e-05 15.24166 0.1849475 0.081422057  0.008254112   2.999288e-03      0.0003040510         1  5.856294e-02    0.001020323      1.799721e-03            3.135597e-05
65  2013-09-12 12:56:45    134 326.6 166.4 166.3073 6.739889e-05 15.14087 0.1849475 0.077054262  0.008254063   2.838395e-03      0.0003040492         1  5.978496e-02    0.001018408      1.837276e-03            3.129712e-05
66  2013-09-12 12:57:00    135 327.7 166.5 166.4065 6.739889e-05 15.24008 0.1849475 0.081353933  0.008254111   2.996779e-03      0.0003040510         1  6.090515e-02    0.001016789      1.871701e-03            3.124736e-05
67  2013-09-12 12:57:15    136 328.9 166.6 166.5057 6.739889e-05 15.33930 0.1849475 0.085653605  0.008254160   3.155163e-03      0.0003040528         1  6.212717e-02    0.001015172      1.909255e-03            3.119767e-05
68  2013-09-12 12:57:30    137 330.2 166.7 166.6049 6.739889e-05 15.43851 0.1849475 0.089953277  0.008254209   3.313547e-03      0.0003040546         1  6.345103e-02    0.001013597      1.949939e-03            3.114927e-05
69  2013-09-12 12:57:45    138 331.3 166.7 166.6041 6.739889e-05 15.43773 0.1849475 0.089919215  0.008254209   3.312292e-03      0.0003040546         1  6.457122e-02    0.001012408      1.984364e-03            3.111274e-05
70  2013-09-12 12:58:00    139 332.5 166.8 166.7033 6.739889e-05 15.53694 0.1849475 0.094218887  0.008254258   3.470676e-03      0.0003040564         1  6.579324e-02    0.001011263      2.021919e-03            3.107753e-05
71  2013-09-12 12:58:15    140 333.5 166.7 166.6025 6.739889e-05 15.43615 0.1849475 0.089851092  0.008254208   3.309783e-03      0.0003040546         1  6.681160e-02    0.001010429      2.053214e-03            3.105191e-05
72  2013-09-12 12:58:30    141 334.7 166.7 166.6018 6.739889e-05 15.43537 0.1849475 0.089817030  0.008254208   3.308528e-03      0.0003040546         1  6.803362e-02    0.001009574      2.090769e-03            3.102564e-05
73  2013-09-12 12:58:45    142 336.0 166.9 166.8010 6.739889e-05 15.63458 0.1849475 0.098450435  0.008254307   3.626551e-03      0.0003040582         1  6.935748e-02    0.001008828      2.131453e-03            3.100270e-05
74  2013-09-12 12:59:00    143 337.2 166.8 166.7002 6.739889e-05 15.53380 0.1849475 0.094082640  0.008254257   3.465657e-03      0.0003040564         1  7.057950e-02    0.001008305      2.169007e-03            3.098662e-05
75  2013-09-12 12:59:15    144 338.4 166.8 166.6994 6.739889e-05 15.53301 0.1849475 0.094048579  0.008254256   3.464403e-03      0.0003040563         1  7.180153e-02    0.001007941      2.206562e-03            3.097546e-05
76  2013-09-12 12:59:30    145 339.7 166.9 166.7986 6.739889e-05 15.63222 0.1849475 0.098348250  0.008254306   3.622787e-03      0.0003040582         1  7.312538e-02    0.001007728      2.247246e-03            3.096890e-05
77  2013-09-12 12:59:45    146 341.0 166.9 166.7978 6.739889e-05 15.63144 0.1849475 0.098314189  0.008254306   3.621532e-03      0.0003040582         1  7.444924e-02    0.001007703      2.287930e-03            3.096812e-05
78  2013-09-12 13:00:00    147 342.2 166.9 166.7970 6.739889e-05 15.63065 0.1849475 0.098280127  0.008254305   3.620277e-03      0.0003040581         1  7.567127e-02    0.001007846      2.325485e-03            3.097252e-05
79  2013-09-12 13:00:15    148 343.5 167.0 166.8963 6.739889e-05 15.72987 0.1849475 0.102579799  0.008254355   3.778661e-03      0.0003040600         1  7.699513e-02    0.001008182      2.366169e-03            3.098284e-05
80  2013-09-12 13:00:30    149 344.8 167.1 166.9955 6.739889e-05 15.82908 0.1849475 0.106879471  0.008254406   3.937045e-03      0.0003040618         1  7.831899e-02    0.001008705      2.406853e-03            3.099892e-05
81  2013-09-12 13:00:45    150 346.2 167.1 166.9947 6.739889e-05 15.82829 0.1849475 0.106845409  0.008254405   3.935791e-03      0.0003040618         1  7.974468e-02    0.001009477      2.450666e-03            3.102266e-05
82  2013-09-12 13:01:00    151 347.5 167.0 166.8939 6.739889e-05 15.72751 0.1849475 0.102477614  0.008254354   3.774897e-03      0.0003040599         1  8.106854e-02    0.001010389      2.491350e-03            3.105068e-05
83  2013-09-12 13:01:15    152 348.9 167.1 166.9931 6.739889e-05 15.82672 0.1849475 0.106777286  0.008254404   3.933281e-03      0.0003040618         1  8.249423e-02    0.001011579      2.535164e-03            3.108724e-05
84  2013-09-12 13:01:30    153 350.2 166.9 166.7923 6.739889e-05 15.62594 0.1849475 0.098075757  0.008254303   3.612749e-03      0.0003040581         1  8.381809e-02    0.001012877      2.575848e-03            3.112713e-05
85  2013-09-12 13:01:45    154 351.7 166.9 166.7915 6.739889e-05 15.62515 0.1849475 0.098041696  0.008254303   3.611494e-03      0.0003040580         1  8.534562e-02    0.001014604      2.622791e-03            3.118020e-05
86  2013-09-12 13:02:00    155 353.0 167.2 167.0908 6.739889e-05 15.92436 0.1849475 0.111008834  0.008254454   4.089156e-03      0.0003040636         1  8.666948e-02    0.001016299      2.663475e-03            3.123229e-05
87  2013-09-12 13:02:15    156 354.5 167.0 166.8900 6.739889e-05 15.72358 0.1849475 0.102307306  0.008254352   3.768624e-03      0.0003040599         1  8.819701e-02    0.001018482      2.710418e-03            3.129939e-05
88  2013-09-12 13:02:30    157 356.1 167.2 167.0892 6.739889e-05 15.92279 0.1849475 0.110940711  0.008254454   4.086646e-03      0.0003040636         1  8.982638e-02    0.001021078      2.760491e-03            3.137915e-05
89  2013-09-12 13:02:45    158 357.6 167.3 167.1884 6.739889e-05 16.02201 0.1849475 0.115240383  0.008254504   4.245030e-03      0.0003040655         1  9.135391e-02    0.001023759      2.807434e-03            3.146157e-05
90  2013-09-12 13:03:00    159 359.1 167.3 167.1876 6.739889e-05 16.02122 0.1849475 0.115206321  0.008254504   4.243776e-03      0.0003040655         1  9.288143e-02    0.001026680      2.854377e-03            3.155131e-05
91  2013-09-12 13:03:15    160 360.5 167.4 167.2868 6.739889e-05 16.12044 0.1849475 0.119505993  0.008254555   4.402160e-03      0.0003040674         1  9.430713e-02    0.001029618      2.898191e-03            3.164162e-05
92  2013-09-12 13:03:30    161 362.0 167.4 167.2860 6.739889e-05 16.11965 0.1849475 0.119471931  0.008254555   4.400905e-03      0.0003040673         1  9.583466e-02    0.001032994      2.945134e-03            3.174535e-05
93  2013-09-12 13:03:45    162 363.5 167.4 167.2852 6.739889e-05 16.11886 0.1849475 0.119437869  0.008254555   4.399650e-03      0.0003040673         1  9.736219e-02    0.001036601      2.992077e-03            3.185620e-05
94  2013-09-12 13:04:00    163 365.0 167.4 167.2845 6.739889e-05 16.11808 0.1849475 0.119403808  0.008254554   4.398396e-03      0.0003040673         1  9.888972e-02    0.001040438      3.039020e-03            3.197412e-05
95  2013-09-12 13:04:15    164 366.4 167.4 167.2837 6.739889e-05 16.11729 0.1849475 0.119369746  0.008254554   4.397141e-03      0.0003040673         1  1.003154e-01    0.001044224      3.082834e-03            3.209048e-05
96  2013-09-12 13:04:30    165 367.9 167.6 167.4829 6.739889e-05 16.31651 0.1849475 0.128003151  0.008254658   4.715164e-03      0.0003040711         1  1.018429e-01    0.001048498      3.129777e-03            3.222181e-05
97  2013-09-12 13:04:45    166 369.4 167.7 167.5821 6.739889e-05 16.41572 0.1849475 0.132302823  0.008254710   4.873548e-03      0.0003040730         1  1.033705e-01    0.001052994      3.176720e-03            3.235997e-05
98  2013-09-12 13:05:00    167 371.0 167.7 167.5813 6.739889e-05 16.41493 0.1849475 0.132268761  0.008254709   4.872293e-03      0.0003040730         1  1.049998e-01    0.001058030      3.226793e-03            3.251476e-05
99  2013-09-12 13:05:15    168 372.4 167.7 167.5805 6.739889e-05 16.41415 0.1849475 0.132234700  0.008254709   4.871038e-03      0.0003040730         1  1.064255e-01    0.001062639      3.270606e-03            3.265640e-05
100 2013-09-12 13:05:30    169 374.0 167.6 167.4797 6.739889e-05 16.31336 0.1849475 0.127866905  0.008254656   4.710145e-03      0.0003040711         1  1.080549e-01    0.001068134      3.320679e-03            3.282526e-05
101 2013-09-12 13:05:45    170 375.5 167.7 167.5790 6.739889e-05 16.41258 0.1849475 0.132166576  0.008254708   4.868529e-03      0.0003040730         1  1.095824e-01    0.001073502      3.367622e-03            3.299024e-05
102 2013-09-12 13:06:00    171 376.9 167.7 167.5782 6.739889e-05 16.41179 0.1849475 0.132132515  0.008254708   4.867274e-03      0.0003040730         1  1.110081e-01    0.001078699      3.411436e-03            3.314995e-05
103 2013-09-12 13:06:15    172 378.6 167.8 167.6774 6.739889e-05 16.51100 0.1849475 0.136432186  0.008254760   5.025658e-03      0.0003040749         1  1.127393e-01    0.001085248      3.464638e-03            3.335121e-05
104 2013-09-12 13:06:30    173 380.3 167.7 167.5766 6.739889e-05 16.41022 0.1849475 0.132064392  0.008254707   4.864765e-03      0.0003040729         1  1.144705e-01    0.001092055      3.517840e-03            3.356037e-05
105 2013-09-12 13:06:45    174 381.9 167.7 167.5758 6.739889e-05 16.40943 0.1849475 0.132030330  0.008254706   4.863510e-03      0.0003040729         1  1.160999e-01    0.001098691      3.567913e-03            3.376432e-05
106 2013-09-12 13:07:00    175 383.5 167.8 167.6750 6.739889e-05 16.50865 0.1849475 0.136330002  0.008254759   5.021894e-03      0.0003040749         1  1.177293e-01    0.001105547      3.617986e-03            3.397501e-05
107 2013-09-12 13:07:15    176 385.3 167.9 167.7742 6.739889e-05 16.60786 0.1849475 0.140629673  0.008254812   5.180278e-03      0.0003040768         1  1.195623e-01    0.001113517      3.674317e-03            3.421994e-05
108 2013-09-12 13:07:30    177 387.1 168.0 167.8735 6.739889e-05 16.70707 0.1849475 0.144929345  0.008254865   5.338662e-03      0.0003040788         1  1.213953e-01    0.001121754      3.730649e-03            3.447308e-05
109 2013-09-12 13:07:45    178 389.0 168.0 167.8727 6.739889e-05 16.70629 0.1849475 0.144895283  0.008254865   5.337407e-03      0.0003040787         1  1.233302e-01    0.001130732      3.790110e-03            3.474897e-05
110 2013-09-12 13:08:00    179 390.7 168.1 167.9719 6.739889e-05 16.80550 0.1849475 0.149194955  0.008254918   5.495792e-03      0.0003040807         1  1.250614e-01    0.001139005      3.843313e-03            3.500323e-05
111 2013-09-12 13:08:15    180 392.5 168.1 167.9711 6.739889e-05 16.80472 0.1849475 0.149160893  0.008254918   5.494537e-03      0.0003040807         1  1.268944e-01    0.001148007      3.899644e-03            3.527988e-05
112 2013-09-12 13:08:30    181 394.7 168.0 167.8703 6.739889e-05 16.70393 0.1849475 0.144793099  0.008254863   5.333643e-03      0.0003040787         1  1.291348e-01    0.001159341      3.968494e-03            3.562817e-05
113 2013-09-12 13:08:45    182 396.5 167.9 167.7695 6.739889e-05 16.60314 0.1849475 0.140425304  0.008254809   5.172750e-03      0.0003040767         1  1.309678e-01    0.001168876      4.024826e-03            3.592121e-05
114 2013-09-12 13:09:00    183 398.5 168.0 167.8687 6.739889e-05 16.70236 0.1849475 0.144724975  0.008254862   5.331134e-03      0.0003040787         1  1.330045e-01    0.001179742      4.087417e-03            3.625512e-05
115 2013-09-12 13:09:15    184 400.4 168.2 168.0680 6.739889e-05 16.90157 0.1849475 0.153358380  0.008254970   5.649157e-03      0.0003040826         1  1.349394e-01    0.001190321      4.146878e-03            3.658023e-05
116 2013-09-12 13:09:30    185 402.4 168.1 167.9672 6.739889e-05 16.80079 0.1849475 0.148990585  0.008254915   5.488263e-03      0.0003040806         1  1.369761e-01    0.001201719      4.209469e-03            3.693052e-05
117 2013-09-12 13:09:45    186 404.2 168.2 168.0664 6.739889e-05 16.90000 0.1849475 0.153290257  0.008254969   5.646647e-03      0.0003040826         1  1.388092e-01    0.001212202      4.265801e-03            3.725268e-05
118 2013-09-12 13:10:00    187 405.9 168.4 168.2656 6.739889e-05 17.09921 0.1849475 0.161923662  0.008255078   5.964670e-03      0.0003040866         1  1.405404e-01    0.001222293      4.319003e-03            3.756278e-05
119 2013-09-12 13:10:15    188 408.1 168.3 168.1648 6.739889e-05 16.99843 0.1849475 0.157555867  0.008255023   5.803777e-03      0.0003040846         1  1.427807e-01    0.001235618      4.387853e-03            3.797227e-05
120 2013-09-12 13:10:30    189 410.1 168.0 167.8640 6.739889e-05 16.69764 0.1849475 0.144520606  0.008254860   5.323606e-03      0.0003040786         1  1.448174e-01    0.001247985      4.450444e-03            3.835233e-05
121 2013-09-12 13:10:45    190 411.9 168.0 167.8632 6.739889e-05 16.69686 0.1849475 0.144486544  0.008254859   5.322351e-03      0.0003040786         1  1.466505e-01    0.001259315      4.506776e-03            3.870053e-05
122 2013-09-12 13:11:00    191 414.0 168.5 168.3625 6.739889e-05 17.19607 0.1849475 0.166121149  0.008255132   6.119290e-03      0.0003040886         1  1.487890e-01    0.001272767      4.572496e-03            3.911392e-05
123 2013-09-12 13:11:15    192 416.1 168.5 168.3617 6.739889e-05 17.19528 0.1849475 0.166087087  0.008255131   6.118035e-03      0.0003040886         1  1.509276e-01    0.001286462      4.638216e-03            3.953479e-05
124 2013-09-12 13:11:30    193 418.1 168.4 168.2609 6.739889e-05 17.09450 0.1849475 0.161719292  0.008255076   5.957142e-03      0.0003040865         1  1.529643e-01    0.001299724      4.700807e-03            3.994235e-05
125 2013-09-12 13:11:45    194 419.6 168.3 168.1601 6.739889e-05 16.99371 0.1849475 0.157351497  0.008255020   5.796248e-03      0.0003040845         1  1.544918e-01    0.001309807      4.747750e-03            4.025221e-05
126 2013-09-12 13:12:00    195 421.4 168.2 168.0593 6.739889e-05 16.89293 0.1849475 0.152983702  0.008254965   5.635355e-03      0.0003040825         1  1.563248e-01    0.001322056      4.804082e-03            4.062865e-05
127 2013-09-12 13:12:15    196 423.0 168.6 168.4585 6.739889e-05 17.29214 0.1849475 0.170284574  0.008255185   6.272655e-03      0.0003040905         1  1.579542e-01    0.001333078      4.854155e-03            4.096738e-05
128 2013-09-12 13:12:30    197 424.7 168.6 168.4577 6.739889e-05 17.29135 0.1849475 0.170250513  0.008255184   6.271401e-03      0.0003040905         1  1.596854e-01    0.001344924      4.907357e-03            4.133142e-05
129 2013-09-12 13:12:45    198 426.2 168.5 168.3570 6.739889e-05 17.19057 0.1849475 0.165882718  0.008255128   6.110507e-03      0.0003040885         1  1.612129e-01    0.001355489      4.954300e-03            4.165608e-05
130 2013-09-12 13:13:00    199 427.5 168.5 168.3562 6.739889e-05 17.18978 0.1849475 0.165848656  0.008255128   6.109252e-03      0.0003040885         1  1.625368e-01    0.001364728      4.994984e-03            4.194001e-05
131 2013-09-12 13:13:15    200 429.1 168.6 168.4554 6.739889e-05 17.28900 0.1849475 0.170148328  0.008255183   6.267636e-03      0.0003040905         1  1.641662e-01    0.001376203      5.045057e-03            4.229264e-05
132 2013-09-12 13:13:30    201 430.6 168.8 168.6546 6.739889e-05 17.48821 0.1849475 0.178781733  0.008255294   6.585659e-03      0.0003040946         1  1.656937e-01    0.001387062      5.092000e-03            4.262636e-05
133 2013-09-12 13:13:45    202 432.1 168.7 168.5538 6.739889e-05 17.38742 0.1849475 0.174413938  0.008255238   6.424766e-03      0.0003040925         1  1.672212e-01    0.001398017      5.138943e-03            4.296302e-05
134 2013-09-12 13:14:00    203 433.4 168.9 168.7530 6.739889e-05 17.58664 0.1849475 0.183047343  0.008255350   6.742789e-03      0.0003040966         1  1.685451e-01    0.001407587      5.179627e-03            4.325712e-05
135 2013-09-12 13:14:15    204 434.6 168.7 168.5522 6.739889e-05 17.38585 0.1849475 0.174345814  0.008255237   6.422256e-03      0.0003040925         1  1.697671e-01    0.001416482      5.217182e-03            4.353048e-05
136 2013-09-12 13:14:30    205 436.0 168.6 168.4515 6.739889e-05 17.28507 0.1849475 0.169978020  0.008255181   6.261363e-03      0.0003040904         1  1.711928e-01    0.001426932      5.260995e-03            4.385164e-05
137 2013-09-12 13:14:45    206 437.6 168.7 168.5507 6.739889e-05 17.38428 0.1849475 0.174277691  0.008255236   6.419747e-03      0.0003040924         1  1.728222e-01    0.001438969      5.311068e-03            4.422156e-05
138 2013-09-12 13:15:00    207 438.9 168.8 168.6499 6.739889e-05 17.48349 0.1849475 0.178577363  0.008255292   6.578131e-03      0.0003040945         1  1.741460e-01    0.001448822      5.351752e-03            4.452433e-05
139 2013-09-12 13:15:15    208 440.3 168.7 168.5491 6.739889e-05 17.38271 0.1849475 0.174209568  0.008255235   6.417238e-03      0.0003040924         1  1.755717e-01    0.001459502      5.395566e-03            4.485256e-05
140 2013-09-12 13:15:30    209 441.6 168.8 168.6483 6.739889e-05 17.48192 0.1849475 0.178509240  0.008255291   6.575622e-03      0.0003040944         1  1.768956e-01    0.001469484      5.436250e-03            4.515932e-05
141 2013-09-12 13:15:45    210 442.8 168.9 168.7475 6.739889e-05 17.58114 0.1849475 0.182808911  0.008255347   6.734006e-03      0.0003040965         1  1.781176e-01    0.001478752      5.473804e-03            4.544414e-05
142 2013-09-12 13:16:00    211 443.9 168.7 168.5467 6.739889e-05 17.38035 0.1849475 0.174107383  0.008255234   6.413473e-03      0.0003040924         1  1.792378e-01    0.001487293      5.508229e-03            4.570659e-05
143 2013-09-12 13:16:15    212 445.2 168.7 168.5460 6.739889e-05 17.37956 0.1849475 0.174073321  0.008255234   6.412219e-03      0.0003040923         1  1.805616e-01    0.001497439      5.548913e-03            4.601842e-05
144 2013-09-12 13:16:30    213 446.8 168.9 168.7452 6.739889e-05 17.57878 0.1849475 0.182706727  0.008255345   6.730242e-03      0.0003040965         1  1.821910e-01    0.001510006      5.598986e-03            4.640461e-05
145 2013-09-12 13:16:45    214 448.3 169.0 168.8444 6.739889e-05 17.67799 0.1849475 0.187006398  0.008255402   6.888626e-03      0.0003040985         1  1.837185e-01    0.001521864      5.645929e-03            4.676903e-05
146 2013-09-12 13:17:00    215 449.6 169.0 168.8436 6.739889e-05 17.67721 0.1849475 0.186972337  0.008255401   6.887371e-03      0.0003040985         1  1.850424e-01    0.001532200      5.686613e-03            4.708667e-05
147 2013-09-12 13:17:15    216 450.8 169.1 168.9428 6.739889e-05 17.77642 0.1849475 0.191272008  0.008255458   7.045755e-03      0.0003041006         1  1.862644e-01    0.001541788      5.724168e-03            4.738133e-05
148 2013-09-12 13:17:30    217 452.0 169.2 169.0420 6.739889e-05 17.87564 0.1849475 0.195571680  0.008255515   7.204139e-03      0.0003041027         1  1.874864e-01    0.001551421      5.761722e-03            4.767736e-05
149 2013-09-12 13:17:45    218 453.1 169.1 168.9412 6.739889e-05 17.77485 0.1849475 0.191203885  0.008255457   7.043245e-03      0.0003041006         1  1.886066e-01    0.001560290      5.796147e-03            4.794991e-05
150 2013-09-12 13:18:00    219 454.5 169.2 169.0404 6.739889e-05 17.87406 0.1849475 0.195503557  0.008255514   7.201630e-03      0.0003041027         1  1.900323e-01    0.001571630      5.839961e-03            4.829839e-05
151 2013-09-12 13:18:15    220 455.8 169.2 169.0397 6.739889e-05 17.87328 0.1849475 0.195469495  0.008255513   7.200375e-03      0.0003041026         1  1.913562e-01    0.001582211      5.880645e-03            4.862357e-05
152 2013-09-12 13:18:30    221 457.2 169.3 169.1389 6.739889e-05 17.97249 0.1849475 0.199769167  0.008255571   7.358759e-03      0.0003041048         1  1.927819e-01    0.001593660      5.924458e-03            4.897542e-05
153 2013-09-12 13:18:45    222 458.8 169.0 168.8381 6.739889e-05 17.67171 0.1849475 0.186733905  0.008255398   6.878588e-03      0.0003040984         1  1.944112e-01    0.001606813      5.974531e-03            4.937962e-05
154 2013-09-12 13:19:00    223 460.3 169.0 168.8373 6.739889e-05 17.67092 0.1849475 0.186699844  0.008255398   6.877333e-03      0.0003040984         1  1.959388e-01    0.001619207      6.021474e-03            4.976050e-05
155 2013-09-12 13:19:15    224 461.6 169.4 169.2365 6.739889e-05 18.07013 0.1849475 0.204000715  0.008255627   7.514633e-03      0.0003041068         1  1.972626e-01    0.001629997      6.062158e-03            5.009211e-05
156 2013-09-12 13:19:30    225 462.9 169.7 169.5357 6.739889e-05 18.36935 0.1849475 0.216967854  0.008255802   7.992295e-03      0.0003041133         1  1.985865e-01    0.001640832      6.102842e-03            5.042507e-05
157 2013-09-12 13:19:45    226 464.1 169.4 169.2349 6.739889e-05 18.06856 0.1849475 0.203932592  0.008255626   7.512124e-03      0.0003041068         1  1.998085e-01    0.001650872      6.140397e-03            5.073361e-05
158 2013-09-12 13:20:00    227 465.4 169.4 169.2342 6.739889e-05 18.06778 0.1849475 0.203898530  0.008255626   7.510869e-03      0.0003041068         1  2.011324e-01    0.001661789      6.181081e-03            5.106913e-05
159 2013-09-12 13:20:15    228 466.7 169.4 169.2334 6.739889e-05 18.06699 0.1849475 0.203864469  0.008255625   7.509615e-03      0.0003041068         1  2.024562e-01    0.001672749      6.221765e-03            5.140593e-05
160 2013-09-12 13:20:30    229 467.9 169.5 169.3326 6.739889e-05 18.16620 0.1849475 0.208164141  0.008255683   7.667999e-03      0.0003041089         1  2.036783e-01    0.001682902      6.259319e-03            5.171794e-05
161 2013-09-12 13:20:45    230 469.1 169.5 169.3318 6.739889e-05 18.16542 0.1849475 0.208130079  0.008255683   7.666744e-03      0.0003041089         1  2.049003e-01    0.001693089      6.296874e-03            5.203101e-05
162 2013-09-12 13:21:00    231 470.6 169.8 169.6310 6.739889e-05 18.46463 0.1849475 0.221097217  0.008255859   8.144406e-03      0.0003041154         1  2.064278e-01    0.001705871      6.343817e-03            5.242380e-05
163 2013-09-12 13:21:15    232 472.0 169.6 169.4302 6.739889e-05 18.26385 0.1849475 0.212395689  0.008255740   7.823873e-03      0.0003041110         1  2.078535e-01    0.001717846      6.387631e-03            5.279184e-05
164 2013-09-12 13:21:30    233 473.3 169.6 169.4294 6.739889e-05 18.26306 0.1849475 0.212361627  0.008255740   7.822619e-03      0.0003041110         1  2.091774e-01    0.001729006      6.428315e-03            5.313480e-05
165 2013-09-12 13:21:45    234 474.7 169.5 169.3287 6.739889e-05 18.16227 0.1849475 0.207993832  0.008255681   7.661725e-03      0.0003041088         1  2.106031e-01    0.001741066      6.472128e-03            5.350541e-05
166 2013-09-12 13:22:00    235 476.2 169.6 169.4279 6.739889e-05 18.26149 0.1849475 0.212293504  0.008255739   7.820109e-03      0.0003041110         1  2.121306e-01    0.001754034      6.519071e-03            5.390394e-05

$dryleafvolt
             timestamp record LWSmV  SEmV    CSEmV     CSEmV.sd   loadmV loadmV.sd
1  2013-09-12 12:36:30     53 263.7 164.6 164.5709 6.739889e-05 13.40453 0.1849475
2  2013-09-12 12:36:45     54 263.7 164.7 164.6701 6.739889e-05 13.50375 0.1849475
3  2013-09-12 12:37:00     55 263.7 164.4 164.3693 6.739889e-05 13.20296 0.1849475
4  2013-09-12 12:37:15     56 263.7 164.6 164.5686 6.739889e-05 13.40218 0.1849475
5  2013-09-12 12:37:30     57 263.7 164.5 164.4678 6.739889e-05 13.30139 0.1849475
6  2013-09-12 12:37:45     58 263.7 164.5 164.4670 6.739889e-05 13.30060 0.1849475
7  2013-09-12 12:38:00     59 263.7 164.4 164.3662 6.739889e-05 13.19982 0.1849475
8  2013-09-12 12:38:15     60 263.7 164.4 164.3654 6.739889e-05 13.19903 0.1849475
9  2013-09-12 12:38:30     61 263.7 164.6 164.5646 6.739889e-05 13.39825 0.1849475
10 2013-09-12 12:38:45     62 263.7 164.7 164.6638 6.739889e-05 13.49746 0.1849475
11 2013-09-12 12:39:00     63 263.7 164.6 164.5631 6.739889e-05 13.39667 0.1849475
12 2013-09-12 12:39:15     64 263.7 164.4 164.3623 6.739889e-05 13.19589 0.1849475
13 2013-09-12 12:39:30     65 263.7 164.5 164.4615 6.739889e-05 13.29510 0.1849475
14 2013-09-12 12:39:45     66 263.7 164.5 164.4607 6.739889e-05 13.29432 0.1849475
15 2013-09-12 12:40:00     67 263.7 164.7 164.6599 6.739889e-05 13.49353 0.1849475
16 2013-09-12 12:40:15     68 263.7   NaN      NaN 6.739889e-05      NaN 0.1849475
17 2013-09-12 12:40:30     69 263.7 164.8 164.7583 6.739889e-05 13.59196 0.1849475
18 2013-09-12 12:40:45     70 263.7 164.7 164.6576 6.739889e-05 13.49117 0.1849475

$runtime
Time difference of 41.25 mins

$startcalibvolt
             timestamp record LWSmV  SEmV    CSEmV     CSEmV.sd   loadmV loadmV.sd
1  2013-09-12 12:27:45     18 263.1 273.8 273.7984 6.739889e-05 122.6320 0.1849475
2  2013-09-12 12:28:00     19 263.1 274.0 273.9976 6.739889e-05 122.8313 0.1849475
3  2013-09-12 12:28:15     20 263.1 273.8 273.7969 6.739889e-05 122.6305 0.1849475
4  2013-09-12 12:28:30     21 263.1 274.1 274.0961 6.739889e-05 122.9297 0.1849475
5  2013-09-12 12:28:45     22 263.1 274.0 273.9953 6.739889e-05 122.8289 0.1849475
6  2013-09-12 12:29:00     23 263.1 274.1 274.0945 6.739889e-05 122.9281 0.1849475
7  2013-09-12 12:29:15     24 263.1 274.4 274.3937 6.739889e-05 123.2273 0.1849475
8  2013-09-12 12:29:30     25 263.1 274.3 274.2929 6.739889e-05 123.1265 0.1849475
9  2013-09-12 12:29:45     26 263.1 274.4 274.3921 6.739889e-05 123.2258 0.1849475
10 2013-09-12 12:30:00     27 263.1 274.3 274.2914 6.739889e-05 123.1250 0.1849475
11 2013-09-12 12:30:15     28 263.1 274.1 274.0906 6.739889e-05 122.9242 0.1849475
12 2013-09-12 12:30:30     29 263.1 274.2 274.1898 6.739889e-05 123.0234 0.1849475
13 2013-09-12 12:30:45     30 263.1 274.0 273.9890 6.739889e-05 122.8226 0.1849475
14 2013-09-12 12:31:00     31 263.1 274.3 274.2882 6.739889e-05 123.1218 0.1849475
15 2013-09-12 12:31:15     32 263.1 274.4 274.3874 6.739889e-05 123.2210 0.1849475
16 2013-09-12 12:31:30     33 263.1 274.4 274.3866 6.739889e-05 123.2203 0.1849475

$endcalibvolt
            timestamp record LWSmV  SEmV
1 2013-09-12 13:29:45    266 265.1 274.4
2 2013-09-12 13:30:00    267 265.1 274.4
3 2013-09-12 13:30:15    268 265.1 274.4
4 2013-09-12 13:30:30    269 265.1 274.5
5 2013-09-12 13:30:45    270 265.1 274.5
6 2013-09-12 13:31:00    271 265.0 274.4
7 2013-09-12 13:31:15    272 265.0 274.4
8 2013-09-12 13:31:30    273 264.8 274.4
9 2013-09-12 13:31:45    274 264.7 274.4

$lastLWSvolt
[1] 492.1

$maxLWSvolt
[1] 494.2

$species
[1] "bay"

$trial
[1] "4"

$replicate
[1] "2"

$isvertical
[1] FALSE

$conversionfactor
         avg        stdev
1 0.04333733 1.629242e-05

$LWSwatermass
        avg       stdev
1 0.2318882 0.004854186

$dryleafmass
        avg       stdev
1 0.5791107 0.001956109

$lwsmodel

Call:
lm(formula = LWSsurfacedensity ~ record, data = rd[rd$runfilter == 
    1, ])

Coefficients:
(Intercept)       record  
 -3.967e-03    4.431e-05  


$leafmodel

Call:
lm(formula = surfacedensity ~ record, data = rd[rd$runfilter == 
    1, ])

Coefficients:
(Intercept)       record  
 -3.148e-03    4.695e-05  


