$name
[1] "bay5"

$leafarea
[1] 29.85086

$startbasevolt
            timestamp record LWSmV  SEmV CSEmV CSEmV.sd      loadmV loadmV.sd
1 2013-08-08 15:41:30      3 263.1 148.6 148.6        0  0.85900611 0.2745122
2 2013-08-08 15:41:45      4 263.1 147.6 147.6        0 -0.14099389 0.2745122
3 2013-08-08 15:42:00      5 263.1 147.6 147.6        0 -0.14099389 0.2745122
4 2013-08-08 15:42:15      6 263.1 147.6 147.6        0 -0.14099389 0.2745122
5 2013-08-08 15:42:30      7 263.1 147.5 147.5        0 -0.24099389 0.2745122
6 2013-08-08 15:42:45      8 263.1 147.7 147.7        0 -0.04099389 0.2745122
7 2013-08-08 15:43:00      9 263.1 147.6 147.6        0 -0.14099389 0.2745122

$endbasevolt
            timestamp record LWSmV  SEmV    CSEmV     CSEmV.sd      loadmV loadmV.sd
1 2013-08-08 16:37:45    228 264.6 147.6 147.8526 0.0001154633  0.11160928 0.2745122
2 2013-08-08 16:38:00    229 264.5 147.5 147.7538 0.0001154633  0.01276272 0.2745122
3 2013-08-08 16:38:15    230 264.5 147.5 147.7549 0.0001154633  0.01391616 0.2745122
4 2013-08-08 16:38:30    231 264.4 147.4 147.6561 0.0001154633 -0.08493040 0.2745122
5 2013-08-08 16:38:45    232 264.5 147.5 147.7572 0.0001154633  0.01622304 0.2745122
6 2013-08-08 16:39:00    233 264.4 147.4 147.6584 0.0001154633 -0.08262352 0.2745122

$dryragvolt
            timestamp record LWSmV  SEmV    CSEmV     CSEmV.sd   loadmV loadmV.sd
1 2013-08-08 16:33:15    210 324.0 300.8 301.0318 0.0001154633 153.2908 0.2745122
2 2013-08-08 16:33:30    211 323.6 300.8 301.0330 0.0001154633 153.2920 0.2745122
3 2013-08-08 16:33:45    212 323.6 300.8 301.0341 0.0001154633 153.2932 0.2745122
4 2013-08-08 16:34:00    213 323.4 300.6 300.8353 0.0001154633 153.0943 0.2745122

$wetragvolt
            timestamp record LWSmV  SEmV    CSEmV     CSEmV.sd   loadmV loadmV.sd
1 2013-08-08 16:35:00    217 265.1 301.9 302.1399 0.0001154633 154.3989 0.2745122
2 2013-08-08 16:35:15    218 265.1 301.6 301.8411 0.0001154633 154.1001 0.2745122
3 2013-08-08 16:35:30    219 265.0 301.6 301.8422 0.0001154633 154.1012 0.2745122
4 2013-08-08 16:35:45    220 265.0 301.5 301.7434 0.0001154633 154.0024 0.2745122

$rundata
              timestamp record LWSmV  SEmV    CSEmV     CSEmV.sd   loadmV loadmV.sd    watermass watermass.sd surfacedensity surfacedensity.sd runfilter      LWSwater LWSwater.stdev LWSsurfacedensity LWSsurfacedensity.stdev
1   2013-08-08 15:46:15     22 263.1 162.5 162.5150 0.0001154633 14.77400 0.2745122  0.001578537   0.01296370   5.288080e-05      0.0004342824         0 -4.880462e-03    0.001298735     -1.499835e-04            3.991196e-05
2   2013-08-08 15:46:30     23 263.4 162.3 162.3161 0.0001154633 14.57515 0.2745122 -0.007088313   0.01296316  -2.374576e-04      0.0004342644         0 -4.574957e-03    0.001296735     -1.405949e-04            3.985048e-05
3   2013-08-08 15:46:45     24 263.7 162.5 162.5173 0.0001154633 14.77631 0.2745122  0.001679084   0.01296371   5.624910e-05      0.0004342826         0 -4.269451e-03    0.001294739     -1.312062e-04            3.978915e-05
4   2013-08-08 15:47:00     25 263.8 162.5 162.5185 0.0001154633 14.77746 0.2745122  0.001729357   0.01296371   5.793326e-05      0.0004342827         0 -4.167615e-03    0.001294075     -1.280767e-04            3.976874e-05
5   2013-08-08 15:47:15     26 263.8 162.4 162.4196 0.0001154633 14.67861 0.2745122 -0.002578931   0.01296344  -8.639386e-05      0.0004342737         0 -4.167615e-03    0.001294075     -1.280767e-04            3.976874e-05
6   2013-08-08 15:47:30     27 263.8 162.6 162.6208 0.0001154633 14.87977 0.2745122  0.006188466   0.01296399   2.073128e-04      0.0004342921         0 -4.167615e-03    0.001294075     -1.280767e-04            3.976874e-05
7   2013-08-08 15:47:45     28 263.8 162.6 162.6219 0.0001154633 14.88092 0.2745122  0.006238739   0.01296400   2.089970e-04      0.0004342922         0 -4.167615e-03    0.001294075     -1.280767e-04            3.976874e-05
8   2013-08-08 15:48:00     29 264.1 162.6 162.6231 0.0001154633 14.88207 0.2745122  0.006289013   0.01296400   2.106811e-04      0.0004342923         0 -3.862109e-03    0.001292086     -1.186881e-04            3.970761e-05
9   2013-08-08 15:48:15     30 264.4 162.7 162.7242 0.0001154633 14.98323 0.2745122  0.010697848   0.01296428   3.583766e-04      0.0004343017         0 -3.556603e-03    0.001290101     -1.092994e-04            3.964662e-05
10  2013-08-08 15:48:30     31 264.5 162.8 162.8254 0.0001154633 15.08438 0.2745122  0.015106683   0.01296456   5.060720e-04      0.0004343111         0 -3.454768e-03    0.001289440     -1.061699e-04            3.962632e-05
11  2013-08-08 15:48:45     32 265.0 162.7 162.7265 0.0001154633 14.98554 0.2745122  0.010798395   0.01296428   3.617449e-04      0.0004343019         0 -2.945592e-03    0.001286146     -9.052218e-05            3.952508e-05
12  2013-08-08 15:49:00     33 265.1 162.7 162.7277 0.0001154633 14.98669 0.2745122  0.010848668   0.01296429   3.634290e-04      0.0004343020         0 -2.843756e-03    0.001285489     -8.739263e-05            3.950488e-05
13  2013-08-08 15:49:15     34 265.1 162.9 162.9288 0.0001154633 15.18784 0.2745122  0.019616065   0.01296485   6.571357e-04      0.0004343208         0 -2.843756e-03    0.001285489     -8.739263e-05            3.950488e-05
14  2013-08-08 15:49:30     35 265.1 162.9 162.9300 0.0001154633 15.18900 0.2745122  0.019666338   0.01296485   6.588199e-04      0.0004343209         0 -2.843756e-03    0.001285489     -8.739263e-05            3.950488e-05
15  2013-08-08 15:49:45     36 265.7 162.9 162.9311 0.0001154633 15.19015 0.2745122  0.019716612   0.01296485   6.605040e-04      0.0004343210         0 -2.232744e-03    0.001281556     -6.861538e-05            3.938403e-05
16  2013-08-08 15:50:00     37 265.8 162.8 162.8323 0.0001154633 15.09130 0.2745122  0.015408323   0.01296458   5.161769e-04      0.0004343117         0 -2.130909e-03    0.001280903     -6.548584e-05            3.936394e-05
17  2013-08-08 15:50:15     38 266.0 162.7 162.7334 0.0001154633 14.99246 0.2745122  0.011100035   0.01296430   3.718498e-04      0.0004343025         0 -1.927238e-03    0.001279597     -5.922675e-05            3.932383e-05
18  2013-08-08 15:50:30     39 266.5 162.7 162.7346 0.0001154633 14.99361 0.2745122  0.011150308   0.01296431   3.735339e-04      0.0004343026         0 -1.418062e-03    0.001276343     -4.357904e-05            3.922382e-05
19  2013-08-08 15:50:45     40 266.5 162.6 162.6358 0.0001154633 14.89476 0.2745122  0.006842020   0.01296403   2.292068e-04      0.0004342935         0 -1.418062e-03    0.001276343     -4.357904e-05            3.922382e-05
20  2013-08-08 15:51:00     41 266.9 162.8 162.8369 0.0001154633 15.09592 0.2745122  0.015609417   0.01296459   5.229135e-04      0.0004343122         0 -1.010721e-03    0.001273750     -3.106087e-05            3.914413e-05
21  2013-08-08 15:51:15     42 267.2 162.9 162.9381 0.0001154633 15.19707 0.2745122  0.020018252   0.01296487   6.706089e-04      0.0004343216         0 -7.052148e-04    0.001271811     -2.167224e-05            3.908453e-05
22  2013-08-08 15:51:30     43 267.4 162.8 162.8392 0.0001154633 15.09822 0.2745122  0.015709963   0.01296460   5.262818e-04      0.0004343124         0 -5.015442e-04    0.001270520     -1.541316e-05            3.904488e-05
23  2013-08-08 15:51:45     44 267.8 162.8 162.8404 0.0001154633 15.09938 0.2745122  0.015760237   0.01296460   5.279659e-04      0.0004343125         0 -9.420292e-05    0.001267947     -2.894988e-06            3.896579e-05
24  2013-08-08 15:52:00     45 267.9 162.8 162.8415 0.0001154633 15.10053 0.2745122  0.015810510   0.01296460   5.296501e-04      0.0004343126         0  7.632394e-06    0.001267305      2.345542e-07            3.894607e-05
25  2013-08-08 15:52:15     46 268.5 162.7 162.7427 0.0001154633 15.00168 0.2745122  0.011502222   0.01296433   3.853230e-04      0.0004343034         0  6.186443e-04    0.001263465      1.901181e-05            3.882805e-05
26  2013-08-08 15:52:30     47 268.6 162.9 162.9438 0.0001154633 15.20284 0.2745122  0.020269619   0.01296489   6.790297e-04      0.0004343222         0  7.204796e-04    0.001262827      2.214135e-05            3.880844e-05
27  2013-08-08 15:52:45     48 269.2 163.0 163.0450 0.0001154633 15.30399 0.2745122  0.024678454   0.01296517   8.267251e-04      0.0004343317         0  1.331491e-03    0.001259010      4.091861e-05            3.869116e-05
28  2013-08-08 15:53:00     49 269.2 162.8 162.8461 0.0001154633 15.10514 0.2745122  0.016011604   0.01296462   5.363867e-04      0.0004343130         0  1.331491e-03    0.001259010      4.091861e-05            3.869116e-05
29  2013-08-08 15:53:15     50 269.8 163.0 163.0473 0.0001154633 15.30630 0.2745122  0.024779001   0.01296518   8.300934e-04      0.0004343319         0  1.942503e-03    0.001255214      5.969586e-05            3.857450e-05
30  2013-08-08 15:53:30     51 269.9 163.0 163.0484 0.0001154633 15.30745 0.2745122  0.024829274   0.01296518   8.317775e-04      0.0004343320         0  2.044339e-03    0.001254584      6.282540e-05            3.855512e-05
31  2013-08-08 15:53:45     52 270.5 162.9 162.9496 0.0001154633 15.20860 0.2745122  0.020520986   0.01296491   6.874504e-04      0.0004343227         0  2.655350e-03    0.001250812      8.160266e-05            3.843921e-05
32  2013-08-08 15:54:00     53 270.6 163.0 163.0508 0.0001154633 15.30976 0.2745122  0.024929821   0.01296519   8.351458e-04      0.0004343323         0  2.757186e-03    0.001250185      8.473220e-05            3.841995e-05
33  2013-08-08 15:54:15     54 271.2 163.0 163.0519 0.0001154633 15.31091 0.2745122  0.024980094   0.01296519   8.368300e-04      0.0004343324         0  3.368198e-03    0.001246438      1.035095e-04            3.830479e-05
34  2013-08-08 15:54:30     55 271.3 163.1 163.1531 0.0001154633 15.41206 0.2745122  0.029388929   0.01296548   9.845254e-04      0.0004343420         0  3.470033e-03    0.001245815      1.066390e-04            3.828566e-05
35  2013-08-08 15:54:45     56 271.9 163.2 163.2542 0.0001154633 15.51322 0.2745122  0.033797765   0.01296577   1.132221e-03      0.0004343516         0  4.081045e-03    0.001242093      1.254163e-04            3.817126e-05
36  2013-08-08 15:55:00     57 271.9 163.3 163.3554 0.0001154633 15.61437 0.2745122  0.038206600   0.01296606   1.279916e-03      0.0004343614         0  4.081045e-03    0.001242093      1.254163e-04            3.817126e-05
37  2013-08-08 15:55:15     58 272.6 163.3 163.3565 0.0001154633 15.61552 0.2745122  0.038256873   0.01296606   1.281600e-03      0.0004343615         0  4.793892e-03    0.001237777      1.473230e-04            3.803862e-05
38  2013-08-08 15:55:30     59 272.7 163.3 163.3577 0.0001154633 15.61668 0.2745122  0.038307146   0.01296607   1.283285e-03      0.0004343616         0  4.895727e-03    0.001237162      1.504526e-04            3.801974e-05
39  2013-08-08 15:55:45     60 273.3 163.4 163.4588 0.0001154633 15.71783 0.2745122  0.042715982   0.01296636   1.430980e-03      0.0004343714         0  5.506739e-03    0.001233490      1.692298e-04            3.790688e-05
40  2013-08-08 15:56:00     61 273.3 163.4 163.4600 0.0001154633 15.71898 0.2745122  0.042766255   0.01296636   1.432664e-03      0.0004343715         0  5.506739e-03    0.001233490      1.692298e-04            3.790688e-05
41  2013-08-08 15:56:15     62 273.9 163.4 163.4611 0.0001154633 15.72014 0.2745122  0.042816528   0.01296637   1.434348e-03      0.0004343716         0  6.117751e-03    0.001229839      1.880071e-04            3.779469e-05
42  2013-08-08 15:56:30     63 274.1 163.5 163.5623 0.0001154633 15.82129 0.2745122  0.047225364   0.01296666   1.582044e-03      0.0004343815         1  6.321422e-03    0.001228627      1.942662e-04            3.775744e-05
43  2013-08-08 15:56:45     64 274.6 163.6 163.6634 0.0001154633 15.92245 0.2745122  0.051634199   0.01296696   1.729739e-03      0.0004343914         1  6.830598e-03    0.001225608      2.099139e-04            3.766465e-05
44  2013-08-08 15:57:00     65 274.8 163.4 163.4646 0.0001154633 15.72360 0.2745122  0.042967348   0.01296638   1.439401e-03      0.0004343720         1  7.034269e-03    0.001224404      2.161730e-04            3.762767e-05
45  2013-08-08 15:57:15     66 275.3 163.6 163.6657 0.0001154633 15.92475 0.2745122  0.051734746   0.01296696   1.733107e-03      0.0004343916         1  7.543445e-03    0.001221407      2.318207e-04            3.753555e-05
46  2013-08-08 15:57:30     67 275.6 163.5 163.5669 0.0001154633 15.82591 0.2745122  0.047426457   0.01296667   1.588780e-03      0.0004343819         1  7.848951e-03    0.001219616      2.412093e-04            3.748050e-05
47  2013-08-08 15:57:45     68 276.0 163.5 163.5681 0.0001154633 15.82706 0.2745122  0.047476730   0.01296668   1.590464e-03      0.0004343821         1  8.256292e-03    0.001217236      2.537275e-04            3.740738e-05
48  2013-08-08 15:58:00     69 276.3 163.6 163.6692 0.0001154633 15.92821 0.2745122  0.051885566   0.01296697   1.738160e-03      0.0004343920         1  8.561798e-03    0.001215458      2.631161e-04            3.735274e-05
49  2013-08-08 15:58:15     70 276.7 163.6 163.6704 0.0001154633 15.92937 0.2745122  0.051935839   0.01296698   1.739844e-03      0.0004343921         1  8.969140e-03    0.001213097      2.756343e-04            3.728017e-05
50  2013-08-08 15:58:30     71 277.1 163.6 163.6715 0.0001154633 15.93052 0.2745122  0.051986112   0.01296698   1.741528e-03      0.0004343922         1  9.376481e-03    0.001210745      2.881525e-04            3.720790e-05
51  2013-08-08 15:58:45     72 277.4 163.8 163.8727 0.0001154633 16.13167 0.2745122  0.060753509   0.01296758   2.035235e-03      0.0004344122         1  9.681987e-03    0.001208988      2.975411e-04            3.715391e-05
52  2013-08-08 15:59:00     73 277.8 163.7 163.7738 0.0001154633 16.03283 0.2745122  0.056445221   0.01296728   1.890908e-03      0.0004344023         1  1.008933e-02    0.001206655      3.100593e-04            3.708220e-05
53  2013-08-08 15:59:15     74 278.0 163.8 163.8750 0.0001154633 16.13398 0.2745122  0.060854056   0.01296758   2.038603e-03      0.0004344124         1  1.029300e-02    0.001205492      3.163183e-04            3.704646e-05
54  2013-08-08 15:59:30     75 278.6 163.7 163.7761 0.0001154633 16.03513 0.2745122  0.056545768   0.01296729   1.894276e-03      0.0004344026         1  1.090401e-02    0.001202019      3.350956e-04            3.693973e-05
55  2013-08-08 15:59:45     76 278.7 163.8 163.8773 0.0001154633 16.13629 0.2745122  0.060954603   0.01296759   2.041971e-03      0.0004344126         1  1.100585e-02    0.001201442      3.382251e-04            3.692201e-05
56  2013-08-08 16:00:00     77 279.3 163.9 163.9784 0.0001154633 16.23744 0.2745122  0.065363438   0.01296789   2.189667e-03      0.0004344227         1  1.161686e-02    0.001197997      3.570024e-04            3.681612e-05
57  2013-08-08 16:00:15     78 279.5 163.9 163.9796 0.0001154633 16.23859 0.2745122  0.065413711   0.01296790   2.191351e-03      0.0004344229         1  1.182053e-02    0.001196853      3.632615e-04            3.678099e-05
58  2013-08-08 16:00:30     79 280.1 163.7 163.7807 0.0001154633 16.03975 0.2745122  0.056746861   0.01296730   1.901013e-03      0.0004344030         1  1.243154e-02    0.001193440      3.820387e-04            3.667608e-05
59  2013-08-08 16:00:45     80 280.3 163.8 163.8819 0.0001154633 16.14090 0.2745122  0.061155696   0.01296760   2.048708e-03      0.0004344131         1  1.263521e-02    0.001192307      3.882978e-04            3.664128e-05
60  2013-08-08 16:01:00     81 280.8 163.7 163.7830 0.0001154633 16.04205 0.2745122  0.056847408   0.01296731   1.904381e-03      0.0004344032         1  1.314439e-02    0.001189487      4.039455e-04            3.655462e-05
61  2013-08-08 16:01:15     82 281.1 163.6 163.6842 0.0001154633 15.94321 0.2745122  0.052539119   0.01296702   1.760054e-03      0.0004343935         1  1.344989e-02    0.001187804      4.133342e-04            3.650288e-05
62  2013-08-08 16:01:30     83 281.4 163.7 163.7854 0.0001154633 16.04436 0.2745122  0.056947954   0.01296732   1.907749e-03      0.0004344035         1  1.375540e-02    0.001186126      4.227228e-04            3.645133e-05
63  2013-08-08 16:01:45     84 281.7 163.7 163.7865 0.0001154633 16.04551 0.2745122  0.056998228   0.01296732   1.909433e-03      0.0004344036         1  1.406091e-02    0.001184455      4.321114e-04            3.639996e-05
64  2013-08-08 16:02:00     85 282.1 163.7 163.7877 0.0001154633 16.04667 0.2745122  0.057048501   0.01296732   1.911118e-03      0.0004344037         1  1.446825e-02    0.001182236      4.446296e-04            3.633177e-05
65  2013-08-08 16:02:15     86 282.6 163.9 163.9888 0.0001154633 16.24782 0.2745122  0.065815898   0.01296792   2.204824e-03      0.0004344238         1  1.497742e-02    0.001179477      4.602773e-04            3.624700e-05
66  2013-08-08 16:02:30     87 282.8 163.9 163.9900 0.0001154633 16.24897 0.2745122  0.065866172   0.01296793   2.206508e-03      0.0004344239         1  1.518109e-02    0.001178379      4.665364e-04            3.621324e-05
67  2013-08-08 16:02:45     88 283.2 163.9 163.9911 0.0001154633 16.25013 0.2745122  0.065916445   0.01296793   2.208193e-03      0.0004344240         1  1.558843e-02    0.001176190      4.790545e-04            3.614598e-05
68  2013-08-08 16:03:00     89 283.5 164.2 164.2923 0.0001154633 16.55128 0.2745122  0.079042404   0.01296884   2.647911e-03      0.0004344545         1  1.589394e-02    0.001174556      4.884432e-04            3.609576e-05
69  2013-08-08 16:03:15     90 284.0 163.9 163.9934 0.0001154633 16.25243 0.2745122  0.066016992   0.01296794   2.211561e-03      0.0004344242         1  1.640312e-02    0.001171847      5.040909e-04            3.601250e-05
70  2013-08-08 16:03:30     91 284.2 163.8 163.8946 0.0001154633 16.15359 0.2745122  0.061708703   0.01296764   2.067234e-03      0.0004344143         1  1.660679e-02    0.001170768      5.103500e-04            3.597934e-05
71  2013-08-08 16:03:45     92 284.7 163.9 163.9957 0.0001154633 16.25474 0.2745122  0.066117538   0.01296794   2.214929e-03      0.0004344245         1  1.711596e-02    0.001168083      5.259977e-04            3.589684e-05
72  2013-08-08 16:04:00     93 284.9 163.7 163.7969 0.0001154633 16.05589 0.2745122  0.057450688   0.01296735   1.924591e-03      0.0004344046         1  1.731964e-02    0.001167014      5.322568e-04            3.586399e-05
73  2013-08-08 16:04:15     94 285.5 164.0 164.0980 0.0001154633 16.35705 0.2745122  0.070576647   0.01296825   2.364309e-03      0.0004344348         1  1.793065e-02    0.001163825      5.510340e-04            3.576597e-05
74  2013-08-08 16:04:30     95 285.5 163.9 163.9992 0.0001154633 16.25820 0.2745122  0.066268359   0.01296795   2.219982e-03      0.0004344248         1  1.793065e-02    0.001163825      5.510340e-04            3.576597e-05
75  2013-08-08 16:04:45     96 286.1 163.8 163.9003 0.0001154633 16.15936 0.2745122  0.061960070   0.01296766   2.075655e-03      0.0004344149         1  1.854166e-02    0.001160661      5.698113e-04            3.566875e-05
76  2013-08-08 16:05:00     97 286.3 163.7 163.8015 0.0001154633 16.06051 0.2745122  0.057651782   0.01296736   1.931327e-03      0.0004344051         1  1.874533e-02    0.001159612      5.760704e-04            3.563652e-05
77  2013-08-08 16:05:15     98 286.9 163.9 164.0027 0.0001154633 16.26166 0.2745122  0.066419179   0.01296796   2.225034e-03      0.0004344252         1  1.935634e-02    0.001156484      5.948476e-04            3.554037e-05
78  2013-08-08 16:05:30     99 287.3 163.9 164.0038 0.0001154633 16.26282 0.2745122  0.066469452   0.01296797   2.226718e-03      0.0004344253         1  1.976368e-02    0.001154413      6.073658e-04            3.547673e-05
79  2013-08-08 16:05:45    100 287.6 163.7 163.8050 0.0001154633 16.06397 0.2745122  0.057802602   0.01296737   1.936380e-03      0.0004344054         1  2.006919e-02    0.001152867      6.167544e-04            3.542923e-05
80  2013-08-08 16:06:00    101 288.1 163.7 163.8061 0.0001154633 16.06512 0.2745122  0.057852875   0.01296738   1.938064e-03      0.0004344055         1  2.057836e-02    0.001150306      6.324021e-04            3.535053e-05
81  2013-08-08 16:06:15    102 288.2 163.7 163.8073 0.0001154633 16.06628 0.2745122  0.057903148   0.01296738   1.939748e-03      0.0004344056         1  2.068020e-02    0.001149796      6.355317e-04            3.533486e-05
82  2013-08-08 16:06:30    103 288.8 163.5 163.6084 0.0001154633 15.86743 0.2745122  0.049236298   0.01296680   1.649410e-03      0.0004343860         1  2.129121e-02    0.001146752      6.543089e-04            3.524131e-05
83  2013-08-08 16:06:45    104 288.9 163.9 164.0096 0.0001154633 16.26858 0.2745122  0.066720819   0.01296799   2.235139e-03      0.0004344259         1  2.139305e-02    0.001146247      6.574385e-04            3.522580e-05
84  2013-08-08 16:07:00    105 289.5 163.9 164.0107 0.0001154633 16.26974 0.2745122  0.066771092   0.01296799   2.236823e-03      0.0004344260         1  2.200406e-02    0.001143235      6.762157e-04            3.513322e-05
85  2013-08-08 16:07:15    106 289.6 163.9 164.0119 0.0001154633 16.27089 0.2745122  0.066821365   0.01296799   2.238507e-03      0.0004344261         1  2.210589e-02    0.001142736      6.793453e-04            3.511788e-05
86  2013-08-08 16:07:30    107 290.2 163.9 164.0130 0.0001154633 16.27204 0.2745122  0.066871639   0.01296800   2.240191e-03      0.0004344262         1  2.271691e-02    0.001139755      6.981225e-04            3.502629e-05
87  2013-08-08 16:07:45    108 290.3 163.9 164.0142 0.0001154633 16.27320 0.2745122  0.066921912   0.01296800   2.241876e-03      0.0004344263         1  2.281874e-02    0.001139261      7.012521e-04            3.501110e-05
88  2013-08-08 16:08:00    109 290.9 163.9 164.0153 0.0001154633 16.27435 0.2745122  0.066972186   0.01296800   2.243560e-03      0.0004344264         1  2.342975e-02    0.001136313      7.200293e-04            3.492050e-05
89  2013-08-08 16:08:15    110 291.0 163.9 164.0165 0.0001154633 16.27550 0.2745122  0.067022459   0.01296801   2.245244e-03      0.0004344266         1  2.353159e-02    0.001135825      7.231588e-04            3.490549e-05
90  2013-08-08 16:08:30    111 291.6 163.9 164.0177 0.0001154633 16.27666 0.2745122  0.067072732   0.01296801   2.246928e-03      0.0004344267         1  2.414260e-02    0.001132909      7.419361e-04            3.481589e-05
91  2013-08-08 16:08:45    112 291.8 164.1 164.2188 0.0001154633 16.47781 0.2745122  0.075840129   0.01296862   2.540635e-03      0.0004344470         1  2.434627e-02    0.001131943      7.481952e-04            3.478621e-05
92  2013-08-08 16:09:00    113 292.3 163.8 163.9200 0.0001154633 16.17896 0.2745122  0.062814717   0.01296772   2.104285e-03      0.0004344169         1  2.485545e-02    0.001129543      7.638429e-04            3.471245e-05
93  2013-08-08 16:09:15    114 292.6 163.9 164.0211 0.0001154633 16.28012 0.2745122  0.067223552   0.01296802   2.251981e-03      0.0004344270         1  2.516095e-02    0.001128112      7.732315e-04            3.466848e-05
94  2013-08-08 16:09:30    115 293.0 163.9 164.0223 0.0001154633 16.28127 0.2745122  0.067273826   0.01296802   2.253665e-03      0.0004344271         1  2.556830e-02    0.001126216      7.857497e-04            3.461020e-05
95  2013-08-08 16:09:45    116 293.3 163.9 164.0234 0.0001154633 16.28242 0.2745122  0.067324099   0.01296803   2.255349e-03      0.0004344273         1  2.587380e-02    0.001124802      7.951383e-04            3.456675e-05
96  2013-08-08 16:10:00    117 293.7 163.8 163.9246 0.0001154633 16.18358 0.2745122  0.063015811   0.01296773   2.111022e-03      0.0004344173         1  2.628114e-02    0.001122928      8.076565e-04            3.450915e-05
97  2013-08-08 16:10:15    118 294.0 163.7 163.8257 0.0001154633 16.08473 0.2745122  0.058707522   0.01296744   1.966695e-03      0.0004344075         1  2.658665e-02    0.001121531      8.170451e-04            3.446621e-05
98  2013-08-08 16:10:30    119 294.4 164.0 164.1269 0.0001154633 16.38588 0.2745122  0.071833481   0.01296834   2.406413e-03      0.0004344377         1  2.699399e-02    0.001119679      8.295633e-04            3.440931e-05
99  2013-08-08 16:10:45    120 294.8 163.9 164.0280 0.0001154633 16.28704 0.2745122  0.067525192   0.01296804   2.262085e-03      0.0004344277         1  2.740133e-02    0.001117840      8.420815e-04            3.435280e-05
100 2013-08-08 16:11:00    121 295.0 163.9 164.0292 0.0001154633 16.28819 0.2745122  0.067575466   0.01296804   2.263770e-03      0.0004344278         1  2.760500e-02    0.001116926      8.483405e-04            3.432470e-05
101 2013-08-08 16:11:15    122 295.6 164.1 164.2303 0.0001154633 16.48934 0.2745122  0.076342863   0.01296865   2.557476e-03      0.0004344482         1  2.821601e-02    0.001114202      8.671178e-04            3.424100e-05
102 2013-08-08 16:11:30    123 295.8 164.1 164.2315 0.0001154633 16.49050 0.2745122  0.076393136   0.01296866   2.559160e-03      0.0004344483         1  2.841968e-02    0.001113301      8.733769e-04            3.421330e-05
103 2013-08-08 16:11:45    124 296.4 164.0 164.1326 0.0001154633 16.39165 0.2745122  0.072084848   0.01296836   2.414833e-03      0.0004344383         1  2.903070e-02    0.001110616      8.921541e-04            3.413080e-05
104 2013-08-08 16:12:00    125 296.4 164.0 164.1338 0.0001154633 16.39281 0.2745122  0.072135121   0.01296836   2.416517e-03      0.0004344384         1  2.903070e-02    0.001110616      8.921541e-04            3.413080e-05
105 2013-08-08 16:12:15    126 297.1 164.2 164.3350 0.0001154633 16.59396 0.2745122  0.080902518   0.01296897   2.710224e-03      0.0004344589         1  2.974354e-02    0.001107523      9.140609e-04            3.403573e-05
106 2013-08-08 16:12:30    127 297.3 164.1 164.2361 0.0001154633 16.49511 0.2745122  0.076594230   0.01296867   2.565897e-03      0.0004344488         1  2.994721e-02    0.001106646      9.203200e-04            3.400879e-05
107 2013-08-08 16:12:45    128 297.8 164.0 164.1373 0.0001154633 16.39627 0.2745122  0.072285941   0.01296837   2.421570e-03      0.0004344388         1  3.045639e-02    0.001104470      9.359677e-04            3.394191e-05
108 2013-08-08 16:13:00    129 297.9 164.0 164.1384 0.0001154633 16.39742 0.2745122  0.072336215   0.01296837   2.423254e-03      0.0004344389         1  3.055823e-02    0.001104037      9.390973e-04            3.392861e-05
109 2013-08-08 16:13:15    130 298.4 164.1 164.2396 0.0001154633 16.49857 0.2745122  0.076745050   0.01296868   2.570949e-03      0.0004344492         1  3.106740e-02    0.001101886      9.547450e-04            3.386250e-05
110 2013-08-08 16:13:30    131 298.7 164.1 164.2407 0.0001154633 16.49973 0.2745122  0.076795323   0.01296868   2.572634e-03      0.0004344493         1  3.137291e-02    0.001100605      9.641336e-04            3.382315e-05
111 2013-08-08 16:13:45    132 299.1 164.2 164.3419 0.0001154633 16.60088 0.2745122  0.081204158   0.01296899   2.720329e-03      0.0004344596         1  3.178025e-02    0.001098910      9.766518e-04            3.377105e-05
112 2013-08-08 16:14:00    133 299.4 164.2 164.3430 0.0001154633 16.60203 0.2745122  0.081254432   0.01296900   2.722013e-03      0.0004344597         1  3.208575e-02    0.001097648      9.860404e-04            3.373225e-05
113 2013-08-08 16:14:15    134 299.8 164.1 164.2442 0.0001154633 16.50319 0.2745122  0.076946143   0.01296869   2.577686e-03      0.0004344496         1  3.249310e-02    0.001095976      9.985586e-04            3.368089e-05
114 2013-08-08 16:14:30    135 300.1 164.2 164.3453 0.0001154633 16.60434 0.2745122  0.081354978   0.01296900   2.725381e-03      0.0004344600         1  3.279860e-02    0.001094732      1.007947e-03            3.364265e-05
115 2013-08-08 16:14:45    136 300.5 164.2 164.3465 0.0001154633 16.60549 0.2745122  0.081405252   0.01296901   2.727066e-03      0.0004344601         1  3.320594e-02    0.001093085      1.020465e-03            3.359203e-05
116 2013-08-08 16:15:00    137 300.8 164.2 164.3476 0.0001154633 16.60665 0.2745122  0.081455525   0.01296901   2.728750e-03      0.0004344602         1  3.351145e-02    0.001091859      1.029854e-03            3.355435e-05
117 2013-08-08 16:15:15    138 301.2 164.5 164.6488 0.0001154633 16.90780 0.2745122  0.094581484   0.01296994   3.168468e-03      0.0004344914         1  3.391879e-02    0.001090236      1.042372e-03            3.350449e-05
118 2013-08-08 16:15:30    139 301.6 164.4 164.5499 0.0001154633 16.80895 0.2745122  0.090273196   0.01296963   3.024141e-03      0.0004344811         1  3.432613e-02    0.001088627      1.054890e-03            3.345505e-05
119 2013-08-08 16:15:45    140 301.8 164.3 164.4511 0.0001154633 16.71011 0.2745122  0.085964907   0.01296933   2.879814e-03      0.0004344709         1  3.452980e-02    0.001087828      1.061149e-03            3.343050e-05
120 2013-08-08 16:16:00    141 302.3 164.3 164.4523 0.0001154633 16.71126 0.2745122  0.086015180   0.01296933   2.881498e-03      0.0004344710         1  3.503898e-02    0.001085846      1.076797e-03            3.336958e-05
121 2013-08-08 16:16:15    142 302.5 164.2 164.3534 0.0001154633 16.61241 0.2745122  0.081706892   0.01296903   2.737171e-03      0.0004344608         1  3.524265e-02    0.001085060      1.083056e-03            3.334541e-05
122 2013-08-08 16:16:30    143 303.1 164.5 164.6546 0.0001154633 16.91357 0.2745122  0.094832851   0.01296996   3.176889e-03      0.0004344920         1  3.585366e-02    0.001082721      1.101833e-03            3.327355e-05
123 2013-08-08 16:16:45    144 303.2 164.2 164.3557 0.0001154633 16.61472 0.2745122  0.081807439   0.01296904   2.740539e-03      0.0004344610         1  3.595550e-02    0.001082335      1.104963e-03            3.326166e-05
124 2013-08-08 16:17:00    145 303.8 164.3 164.4569 0.0001154633 16.71587 0.2745122  0.086216274   0.01296935   2.888234e-03      0.0004344715         1  3.656651e-02    0.001080034      1.123740e-03            3.319096e-05
125 2013-08-08 16:17:15    146 303.9 164.4 164.5580 0.0001154633 16.81703 0.2745122  0.090625109   0.01296966   3.035930e-03      0.0004344820         1  3.666834e-02    0.001079653      1.126870e-03            3.317927e-05
126 2013-08-08 16:17:30    147 304.5 164.2 164.3592 0.0001154633 16.61818 0.2745122  0.081958259   0.01296905   2.745591e-03      0.0004344614         1  3.727936e-02    0.001077391      1.145647e-03            3.310973e-05
127 2013-08-08 16:17:45    148 304.6 164.3 164.4603 0.0001154633 16.71933 0.2745122  0.086367094   0.01296936   2.893287e-03      0.0004344718         1  3.738119e-02    0.001077017      1.148777e-03            3.309823e-05
128 2013-08-08 16:18:00    149 305.2 164.2 164.3615 0.0001154633 16.62049 0.2745122  0.082058805   0.01296905   2.748960e-03      0.0004344616         1  3.799220e-02    0.001074792      1.167554e-03            3.302987e-05
129 2013-08-08 16:18:15    150 305.3 164.4 164.5626 0.0001154633 16.82164 0.2745122  0.090826203   0.01296967   3.042666e-03      0.0004344824         1  3.809404e-02    0.001074424      1.170683e-03            3.301857e-05
130 2013-08-08 16:18:30    151 305.9 164.4 164.5638 0.0001154633 16.82279 0.2745122  0.090876476   0.01296968   3.044350e-03      0.0004344826         1  3.870505e-02    0.001072238      1.189461e-03            3.295138e-05
131 2013-08-08 16:18:45    152 306.0 164.4 164.5649 0.0001154633 16.82395 0.2745122  0.090926749   0.01296968   3.046035e-03      0.0004344827         1  3.880689e-02    0.001071877      1.192590e-03            3.294029e-05
132 2013-08-08 16:19:00    153 306.6 164.4 164.5661 0.0001154633 16.82510 0.2745122  0.090977023   0.01296968   3.047719e-03      0.0004344828         1  3.941790e-02    0.001069729      1.211367e-03            3.287429e-05
133 2013-08-08 16:19:15    154 306.7 164.5 164.6672 0.0001154633 16.92625 0.2745122  0.095385858   0.01297000   3.195414e-03      0.0004344933         1  3.951973e-02    0.001069375      1.214497e-03            3.286339e-05
134 2013-08-08 16:19:30    155 307.3 164.4 164.5684 0.0001154633 16.82741 0.2745122  0.091077569   0.01296969   3.051087e-03      0.0004344830         1  4.013074e-02    0.001067266      1.233274e-03            3.279860e-05
135 2013-08-08 16:19:45    156 307.3 164.3 164.4696 0.0001154633 16.72856 0.2745122  0.086769281   0.01296939   2.906760e-03      0.0004344728         1  4.013074e-02    0.001067266      1.233274e-03            3.279860e-05
136 2013-08-08 16:20:00    157 307.9 164.4 164.5707 0.0001154633 16.82972 0.2745122  0.091178116   0.01296970   3.054455e-03      0.0004344833         1  4.074176e-02    0.001065192      1.252052e-03            3.273484e-05
137 2013-08-08 16:20:15    158 308.4 164.4 164.5719 0.0001154633 16.83087 0.2745122  0.091228389   0.01296970   3.056140e-03      0.0004344834         1  4.125093e-02    0.001063489      1.267699e-03            3.268250e-05
138 2013-08-08 16:20:30    159 308.6 164.5 164.6730 0.0001154633 16.93202 0.2745122  0.095637225   0.01297002   3.203835e-03      0.0004344939         1  4.145460e-02    0.001062814      1.273958e-03            3.266177e-05
139 2013-08-08 16:20:45    160 308.7 164.5 164.6742 0.0001154633 16.93318 0.2745122  0.095687498   0.01297002   3.205519e-03      0.0004344941         1  4.155644e-02    0.001062478      1.277088e-03            3.265145e-05
140 2013-08-08 16:21:00    161 309.3 164.4 164.5753 0.0001154633 16.83433 0.2745122  0.091379209   0.01296971   3.061192e-03      0.0004344838         1  4.216745e-02    0.001060483      1.295865e-03            3.259012e-05
141 2013-08-08 16:21:15    162 309.4 164.3 164.4765 0.0001154633 16.73548 0.2745122  0.087070921   0.01296941   2.916865e-03      0.0004344735         1  4.226929e-02    0.001060153      1.298995e-03            3.258001e-05
142 2013-08-08 16:21:30    163 310.0 164.3 164.4776 0.0001154633 16.73664 0.2745122  0.087121194   0.01296941   2.918549e-03      0.0004344736         1  4.288030e-02    0.001058198      1.317772e-03            3.251991e-05
143 2013-08-08 16:21:45    164 310.0 164.4 164.5788 0.0001154633 16.83779 0.2745122  0.091530030   0.01296972   3.066244e-03      0.0004344841         1  4.288030e-02    0.001058198      1.317772e-03            3.251991e-05
144 2013-08-08 16:22:00    165 310.7 164.3 164.4799 0.0001154633 16.73894 0.2745122  0.087221741   0.01296942   2.921917e-03      0.0004344739         1  4.359314e-02    0.001055960      1.339679e-03            3.245115e-05
145 2013-08-08 16:22:15    166 310.7 164.3 164.4811 0.0001154633 16.74010 0.2745122  0.087272014   0.01296942   2.923601e-03      0.0004344740         1  4.359314e-02    0.001055960      1.339679e-03            3.245115e-05
146 2013-08-08 16:22:30    167 311.3 164.3 164.4822 0.0001154633 16.74125 0.2745122  0.087322288   0.01296942   2.925286e-03      0.0004344741         1  4.420416e-02    0.001054080      1.358456e-03            3.239337e-05
147 2013-08-08 16:22:45    168 311.4 164.4 164.5834 0.0001154633 16.84240 0.2745122  0.091731123   0.01296974   3.072981e-03      0.0004344846         1  4.430599e-02    0.001053770      1.361585e-03            3.238384e-05
148 2013-08-08 16:23:00    169 311.9 164.5 164.6846 0.0001154633 16.94356 0.2745122  0.096139958   0.01297005   3.220676e-03      0.0004344952         1  4.481517e-02    0.001052235      1.377233e-03            3.233666e-05
149 2013-08-08 16:23:15    170 312.0 164.5 164.6857 0.0001154633 16.94471 0.2745122  0.096190232   0.01297006   3.222361e-03      0.0004344953         1  4.491700e-02    0.001051931      1.380363e-03            3.232731e-05
150 2013-08-08 16:23:30    171 312.7 164.4 164.5869 0.0001154633 16.84586 0.2745122  0.091881943   0.01296975   3.078033e-03      0.0004344850         1  4.562985e-02    0.001049829      1.402270e-03            3.226273e-05
151 2013-08-08 16:23:45    172 312.7 164.4 164.5880 0.0001154633 16.84702 0.2745122  0.091932216   0.01296975   3.079718e-03      0.0004344851         1  4.562985e-02    0.001049829      1.402270e-03            3.226273e-05
152 2013-08-08 16:24:00    173 313.3 164.5 164.6892 0.0001154633 16.94817 0.2745122  0.096341052   0.01297007   3.227413e-03      0.0004344956         1  4.624086e-02    0.001048066      1.421047e-03            3.220854e-05
153 2013-08-08 16:24:15    174 313.4 164.3 164.4903 0.0001154633 16.74932 0.2745122  0.087674201   0.01296945   2.937075e-03      0.0004344749         1  4.634270e-02    0.001047776      1.424176e-03            3.219962e-05
154 2013-08-08 16:24:30    175 314.0 164.5 164.6915 0.0001154633 16.95048 0.2745122  0.096441598   0.01297008   3.230781e-03      0.0004344959         1  4.695371e-02    0.001046054      1.442954e-03            3.214671e-05
155 2013-08-08 16:24:45    176 314.1 164.6 164.7926 0.0001154633 17.05163 0.2745122  0.100850434   0.01297039   3.378477e-03      0.0004345065         1  4.705555e-02    0.001045771      1.446083e-03            3.213800e-05
156 2013-08-08 16:25:00    177 314.7 164.6 164.7938 0.0001154633 17.05278 0.2745122  0.100900707   0.01297040   3.380161e-03      0.0004345066         1  4.766656e-02    0.001044091      1.464860e-03            3.208638e-05
157 2013-08-08 16:25:15    178 314.8 164.6 164.7949 0.0001154633 17.05394 0.2745122  0.100950980   0.01297040   3.381845e-03      0.0004345068         1  4.776839e-02    0.001043814      1.467990e-03            3.207788e-05
158 2013-08-08 16:25:30    179 315.4 164.4 164.5961 0.0001154633 16.85509 0.2745122  0.092284130   0.01296978   3.091507e-03      0.0004344859         1  4.837940e-02    0.001042177      1.486767e-03            3.202755e-05
159 2013-08-08 16:25:45    180 315.4 164.2 164.3972 0.0001154633 16.65624 0.2745122  0.083617280   0.01296916   2.801168e-03      0.0004344653         1  4.837940e-02    0.001042177      1.486767e-03            3.202755e-05
160 2013-08-08 16:26:00    181 316.0 164.4 164.5984 0.0001154633 16.85740 0.2745122  0.092384677   0.01296978   3.094875e-03      0.0004344862         1  4.899042e-02    0.001040575      1.505544e-03            3.197833e-05
161 2013-08-08 16:26:15    182 316.2 164.5 164.6995 0.0001154633 16.95855 0.2745122  0.096793512   0.01297010   3.242570e-03      0.0004344967         1  4.919409e-02    0.001040049      1.511804e-03            3.196217e-05
162 2013-08-08 16:26:30    183 316.7 164.3 164.5007 0.0001154633 16.75970 0.2745122  0.088126662   0.01296948   2.952232e-03      0.0004344760         1  4.970326e-02    0.001038752      1.527451e-03            3.192231e-05
163 2013-08-08 16:26:45    184 316.8 164.4 164.6019 0.0001154633 16.86086 0.2745122  0.092535497   0.01296980   3.099927e-03      0.0004344865         1  4.980510e-02    0.001038496      1.530581e-03            3.191444e-05
164 2013-08-08 16:27:00    185 317.4 164.4 164.6030 0.0001154633 16.86201 0.2745122  0.092585770   0.01296980   3.101612e-03      0.0004344866         1  5.041611e-02    0.001036979      1.549358e-03            3.186783e-05
165 2013-08-08 16:27:15    186 317.5 164.4 164.6042 0.0001154633 16.86316 0.2745122  0.092636043   0.01296980   3.103296e-03      0.0004344868         1  5.051795e-02    0.001036730      1.552488e-03            3.186017e-05
166 2013-08-08 16:27:30    187 318.1 164.4 164.6053 0.0001154633 16.86432 0.2745122  0.092686317   0.01296981   3.104980e-03      0.0004344869         1  5.112896e-02    0.001035256      1.571265e-03            3.181488e-05
167 2013-08-08 16:27:45    188 318.2 164.6 164.8065 0.0001154633 17.06547 0.2745122  0.101453714   0.01297044   3.398687e-03      0.0004345080         1  5.123079e-02    0.001035014      1.574394e-03            3.180744e-05
168 2013-08-08 16:28:00    189 318.8 164.5 164.7076 0.0001154633 16.96663 0.2745122  0.097145425   0.01297013   3.254359e-03      0.0004344976         1  5.184181e-02    0.001033583      1.593172e-03            3.176347e-05
169 2013-08-08 16:28:15    190 318.9 164.6 164.8088 0.0001154633 17.06778 0.2745122  0.101554261   0.01297044   3.402055e-03      0.0004345082         1  5.194364e-02    0.001033348      1.596301e-03            3.175625e-05
170 2013-08-08 16:28:30    191 319.5 164.7 164.9099 0.0001154633 17.16893 0.2745122  0.105963096   0.01297076   3.549750e-03      0.0004345189         1  5.255465e-02    0.001031961      1.615078e-03            3.171361e-05
171 2013-08-08 16:28:45    192 319.6 164.6 164.8111 0.0001154633 17.07009 0.2745122  0.101654807   0.01297045   3.405423e-03      0.0004345085         1  5.265649e-02    0.001031733      1.618208e-03            3.170662e-05
172 2013-08-08 16:29:00    193 320.2 164.8 165.0122 0.0001154633 17.27124 0.2745122  0.110422204   0.01297109   3.699130e-03      0.0004345298         1  5.326750e-02    0.001030389      1.636985e-03            3.166531e-05
173 2013-08-08 16:29:15    194 320.2 164.7 164.9134 0.0001154633 17.17239 0.2745122  0.106113916   0.01297077   3.554803e-03      0.0004345193         1  5.326750e-02    0.001030389      1.636985e-03            3.166531e-05
174 2013-08-08 16:29:30    195 320.9 164.5 164.7145 0.0001154633 16.97355 0.2745122  0.097447066   0.01297015   3.264464e-03      0.0004344983         1  5.398035e-02    0.001028869      1.658892e-03            3.161858e-05
175 2013-08-08 16:29:45    196 320.9 164.6 164.8157 0.0001154633 17.07470 0.2745122  0.101855901   0.01297047   3.412160e-03      0.0004345089         1  5.398035e-02    0.001028869      1.658892e-03            3.161858e-05
176 2013-08-08 16:30:00    197 321.4 164.6 164.8168 0.0001154633 17.07585 0.2745122  0.101906174   0.01297047   3.413844e-03      0.0004345091         1  5.448952e-02    0.001027814      1.674540e-03            3.158616e-05
177 2013-08-08 16:30:15    198 321.6 164.6 164.8180 0.0001154633 17.07701 0.2745122  0.101956447   0.01297047   3.415528e-03      0.0004345092         1  5.469319e-02    0.001027399      1.680799e-03            3.157342e-05
178 2013-08-08 16:30:30    199 322.1 164.6 164.8192 0.0001154633 17.07816 0.2745122  0.102006721   0.01297048   3.417212e-03      0.0004345093         1  5.520237e-02    0.001026381      1.696447e-03            3.154212e-05
179 2013-08-08 16:30:45    200 322.2 164.8 165.0203 0.0001154633 17.27931 0.2745122  0.110774118   0.01297111   3.710919e-03      0.0004345307         1  5.530421e-02    0.001026180      1.699576e-03            3.153596e-05
180 2013-08-08 16:31:00    201 322.7 164.6 164.8215 0.0001154633 17.08047 0.2745122  0.102107268   0.01297048   3.420581e-03      0.0004345096         1  5.581338e-02    0.001025194      1.715224e-03            3.150564e-05
181 2013-08-08 16:31:15    202 322.9 164.8 165.0226 0.0001154633 17.28162 0.2745122  0.110874665   0.01297112   3.714287e-03      0.0004345309         1  5.601705e-02    0.001024806      1.721483e-03            3.149374e-05
182 2013-08-08 16:31:30    203 323.3 164.8 165.0238 0.0001154633 17.28277 0.2745122  0.110924938   0.01297112   3.715971e-03      0.0004345310         1  5.642439e-02    0.001024044      1.734001e-03            3.147032e-05
183 2013-08-08 16:31:45    204 323.6 164.6 164.8249 0.0001154633 17.08393 0.2745122  0.102258088   0.01297049   3.425633e-03      0.0004345099         1  5.672990e-02    0.001023484      1.743390e-03            3.145310e-05
184 2013-08-08 16:32:00    205 324.1 164.8 165.0261 0.0001154633 17.28508 0.2745122  0.111025485   0.01297113   3.719340e-03      0.0004345313         1  5.723908e-02    0.001022571      1.759037e-03            3.142506e-05
185 2013-08-08 16:32:15    206 324.3 164.6 164.8272 0.0001154633 17.08623 0.2745122  0.102358634   0.01297050   3.429001e-03      0.0004345102         1  5.744275e-02    0.001022214      1.765296e-03            3.141407e-05

$dryleafvolt
            timestamp record LWSmV  SEmV    CSEmV     CSEmV.sd   loadmV loadmV.sd
1 2013-08-08 15:45:00     17 263.3 162.6 162.6092 0.0001154633 14.86823 0.2745122
2 2013-08-08 15:45:15     18 263.2 162.4 162.4104 0.0001154633 14.66939 0.2745122
3 2013-08-08 15:45:30     19 263.1 162.5 162.5115 0.0001154633 14.77054 0.2745122
4 2013-08-08 15:45:45     20 263.1 162.4 162.4127 0.0001154633 14.67169 0.2745122
5 2013-08-08 15:46:00     21 263.1 162.4 162.4138 0.0001154633 14.67285 0.2745122
6 2013-08-08 15:46:15     22 263.1 162.5 162.5150 0.0001154633 14.77400 0.2745122

$runtime
Time difference of 46 mins

$startcalibvolt
            timestamp record LWSmV  SEmV    CSEmV     CSEmV.sd   loadmV loadmV.sd
1 2013-08-08 15:43:30     11 263.1 270.0 270.0023 0.0001154633 122.2613 0.2745122
2 2013-08-08 15:43:45     12 263.1 270.0 270.0035 0.0001154633 122.2625 0.2745122
3 2013-08-08 15:44:00     13 263.1 270.0 270.0046 0.0001154633 122.2636 0.2745122
4 2013-08-08 15:44:15     14 263.1 270.1 270.1058 0.0001154633 122.3648 0.2745122

$endcalibvolt
            timestamp record LWSmV  SEmV
1 2013-08-08 16:36:15    222 265.1 270.3
2 2013-08-08 16:36:30    223 264.9 270.0
3 2013-08-08 16:36:45    224 264.8 270.0
4 2013-08-08 16:37:00    225 264.7 270.0
5 2013-08-08 16:37:15    226 264.6 270.2

$lastLWSvolt
[1] 323.4

$maxLWSvolt
[1] 325

$species
[1] "bay"

$trial
[1] "5"

$replicate
[1] "1"

$isvertical
[1] FALSE

$conversionfactor
         avg       stdev
1 0.04358562 4.89205e-05

$LWSwatermass
         avg       stdev
1 0.03957897 0.008460497

$dryleafmass
        avg       stdev
1 0.6423554 0.004937525

$lwsmodel

Call:
lm(formula = LWSsurfacedensity ~ record, data = rd[rd$runfilter == 
    1, ])

Coefficients:
(Intercept)       record  
 -4.858e-04    1.101e-05  


$leafmodel

Call:
lm(formula = surfacedensity ~ record, data = rd[rd$runfilter == 
    1, ])

Coefficients:
(Intercept)       record  
  0.0008713    0.0000132  


