$name
[1] "bay6"

$leafarea
[1] 25.7029

$startbasevolt
            timestamp record LWSmV  SEmV CSEmV CSEmV.sd      loadmV loadmV.sd
1 2013-08-09 10:22:45      2 263.8 148.7 148.7        0 -0.01175733 0.1068276
2 2013-08-09 10:23:00      3 263.8 148.6 148.6        0 -0.11175733 0.1068276
3 2013-08-09 10:23:15      4 263.8 148.6 148.6        0 -0.11175733 0.1068276
4 2013-08-09 10:23:30      5 263.8 148.9 148.9        0  0.18824267 0.1068276
5 2013-08-09 10:23:45      6 263.8 148.8 148.8        0  0.08824267 0.1068276
6 2013-08-09 10:24:00      7 263.8 148.7 148.7        0 -0.01175733 0.1068276

$endbasevolt
            timestamp record LWSmV  SEmV    CSEmV     CSEmV.sd       loadmV loadmV.sd
1 2013-08-09 11:42:45    322 265.1 148.0 148.6014 3.269655e-05 -0.110364146 0.1068276
2 2013-08-09 11:43:00    323 265.1 148.1 148.7033 3.269655e-05 -0.008454961 0.1068276
3 2013-08-09 11:43:15    324 265.1 148.3 148.9052 3.269655e-05  0.193454224 0.1068276
4 2013-08-09 11:43:30    325 265.1 148.1 148.7071 3.269655e-05 -0.004636591 0.1068276
5 2013-08-09 11:43:45    326 265.1 148.0 148.6090 3.269655e-05 -0.102727407 0.1068276
6 2013-08-09 11:44:00    327 265.1 148.2 148.8109 3.269655e-05  0.099181778 0.1068276
7 2013-08-09 11:44:15    328 265.1 148.0 148.6128 3.269655e-05 -0.098909037 0.1068276
8 2013-08-09 11:44:30    329 265.1 148.1 148.7148 3.269655e-05  0.003000147 0.1068276

$dryragvolt
            timestamp record LWSmV  SEmV    CSEmV     CSEmV.sd   loadmV loadmV.sd
1 2013-08-09 11:38:45    306 340.7 285.7 286.2708 3.269655e-05 137.5591 0.1068276
2 2013-08-09 11:39:00    307 340.6 285.4 285.9728 3.269655e-05 137.2610 0.1068276
3 2013-08-09 11:39:15    308 340.3 285.5 286.0747 3.269655e-05 137.3629 0.1068276
4 2013-08-09 11:39:30    309 339.9 285.3 285.8766 3.269655e-05 137.1648 0.1068276

$wetragvolt
            timestamp record LWSmV  SEmV    CSEmV     CSEmV.sd   loadmV loadmV.sd
1 2013-08-09 11:40:15    312 266.0 287.1 287.6823 3.269655e-05 138.9705 0.1068276
2 2013-08-09 11:40:30    313 265.8 287.2 287.7842 3.269655e-05 139.0725 0.1068276
3 2013-08-09 11:40:45    314 265.3 287.1 287.6861 3.269655e-05 138.9744 0.1068276

$rundata
              timestamp record LWSmV  SEmV    CSEmV     CSEmV.sd   loadmV loadmV.sd    watermass watermass.sd surfacedensity surfacedensity.sd runfilter      LWSwater LWSwater.stdev LWSsurfacedensity LWSsurfacedensity.stdev
1   2013-08-09 10:29:30     29 263.8 160.9 160.9420 3.269655e-05 12.23024 0.1068276 -0.003057820  0.004881556  -1.189679e-04      0.0001899224         0 -4.167615e-03    0.001294075     -1.280767e-04            3.976874e-05
2   2013-08-09 10:29:45     30 263.9 160.9 160.9439 3.269655e-05 12.23215 0.1068276 -0.002974733  0.004881557  -1.157353e-04      0.0001899224         0 -4.065780e-03    0.001293411     -1.249471e-04            3.974835e-05
3   2013-08-09 10:30:00     31 264.4 161.0 161.0458 3.269655e-05 12.33406 0.1068276  0.001460307  0.004881603   5.681487e-05      0.0001899242         0 -3.556603e-03    0.001290101     -1.092994e-04            3.964662e-05
4   2013-08-09 10:30:15     32 264.4 160.9 160.9477 3.269655e-05 12.23597 0.1068276 -0.002808559  0.004881559  -1.092701e-04      0.0001899225         0 -3.556603e-03    0.001290101     -1.092994e-04            3.964662e-05
5   2013-08-09 10:30:30     33 264.7 160.6 160.6496 3.269655e-05 11.93788 0.1068276 -0.015781332  0.004881426  -6.139902e-04      0.0001899173         0 -3.251098e-03    0.001288121     -9.991080e-05            3.958577e-05
6   2013-08-09 10:30:45     34 265.1 160.9 160.9515 3.269655e-05 12.23979 0.1068276 -0.002642386  0.004881560  -1.028049e-04      0.0001899225         0 -2.843756e-03    0.001285489     -8.739263e-05            3.950488e-05
7   2013-08-09 10:31:00     35 265.1 160.9 160.9535 3.269655e-05 12.24170 0.1068276 -0.002559299  0.004881561  -9.957236e-05      0.0001899226         0 -2.843756e-03    0.001285489     -8.739263e-05            3.950488e-05
8   2013-08-09 10:31:15     36 265.1 160.7 160.7554 3.269655e-05 12.04361 0.1068276 -0.011180118  0.004881473  -4.349749e-04      0.0001899191         0 -2.843756e-03    0.001285489     -8.739263e-05            3.950488e-05
9   2013-08-09 10:31:30     37 265.1 160.8 160.8573 3.269655e-05 12.14552 0.1068276 -0.006745078  0.004881518  -2.624248e-04      0.0001899209         0 -2.843756e-03    0.001285489     -8.739263e-05            3.950488e-05
10  2013-08-09 10:31:45     38 265.1 160.8 160.8592 3.269655e-05 12.14743 0.1068276 -0.006661992  0.004881519  -2.591922e-04      0.0001899209         0 -2.843756e-03    0.001285489     -8.739263e-05            3.950488e-05
11  2013-08-09 10:32:00     39 265.7 160.8 160.8611 3.269655e-05 12.14934 0.1068276 -0.006578905  0.004881520  -2.559596e-04      0.0001899209         0 -2.232744e-03    0.001281556     -6.861538e-05            3.938403e-05
12  2013-08-09 10:32:15     40 265.8 160.9 160.9630 3.269655e-05 12.25125 0.1068276 -0.002143865  0.004881566  -8.340943e-05      0.0001899227         0 -2.130909e-03    0.001280903     -6.548584e-05            3.936394e-05
13  2013-08-09 10:32:30     41 265.8 160.9 160.9649 3.269655e-05 12.25315 0.1068276 -0.002060778  0.004881566  -8.017685e-05      0.0001899228         0 -2.130909e-03    0.001280903     -6.548584e-05            3.936394e-05
14  2013-08-09 10:32:45     42 265.9 161.0 161.0668 3.269655e-05 12.35506 0.1068276  0.002374262  0.004881613   9.237331e-05      0.0001899246         0 -2.029074e-03    0.001280250     -6.235629e-05            3.934388e-05
15  2013-08-09 10:33:00     43 266.5 161.0 161.0687 3.269655e-05 12.35697 0.1068276  0.002457349  0.004881614   9.560589e-05      0.0001899246         0 -1.418062e-03    0.001276343     -4.357904e-05            3.922382e-05
16  2013-08-09 10:33:15     44 266.5 160.9 160.9706 3.269655e-05 12.25888 0.1068276 -0.001811517  0.004881569  -7.047909e-05      0.0001899229         0 -1.418062e-03    0.001276343     -4.357904e-05            3.922382e-05
17  2013-08-09 10:33:30     45 266.5 161.0 161.0725 3.269655e-05 12.36079 0.1068276  0.002623523  0.004881615   1.020711e-04      0.0001899247         0 -1.418062e-03    0.001276343     -4.357904e-05            3.922382e-05
18  2013-08-09 10:33:45     46 267.1 161.0 161.0745 3.269655e-05 12.36270 0.1068276  0.002706609  0.004881616   1.053036e-04      0.0001899247         0 -8.070501e-04    0.001272456     -2.480179e-05            3.910438e-05
19  2013-08-09 10:34:00     47 267.2 160.8 160.8764 3.269655e-05 12.16461 0.1068276 -0.005914210  0.004881527  -2.300989e-04      0.0001899212         0 -7.052148e-04    0.001271811     -2.167224e-05            3.908453e-05
20  2013-08-09 10:34:15     48 267.2 160.8 160.8783 3.269655e-05 12.16652 0.1068276 -0.005831123  0.004881527  -2.268663e-04      0.0001899212         0 -7.052148e-04    0.001271811     -2.167224e-05            3.908453e-05
21  2013-08-09 10:34:30     49 267.7 161.1 161.1802 3.269655e-05 12.46843 0.1068276  0.007307823  0.004881665   2.843190e-04      0.0001899266         0 -1.960382e-04    0.001268590     -6.024531e-06            3.898554e-05
22  2013-08-09 10:34:45     50 267.8 161.1 161.1821 3.269655e-05 12.47034 0.1068276  0.007390910  0.004881666   2.875516e-04      0.0001899266         0 -9.420292e-05    0.001267947     -2.894988e-06            3.896579e-05
23  2013-08-09 10:35:00     51 267.9 161.2 161.2840 3.269655e-05 12.57225 0.1068276  0.011825950  0.004881713   4.601017e-04      0.0001899284         0  7.632394e-06    0.001267305      2.345542e-07            3.894607e-05
24  2013-08-09 10:35:15     52 268.5 161.2 161.2859 3.269655e-05 12.57416 0.1068276  0.011909037  0.004881714   4.633343e-04      0.0001899285         0  6.186443e-04    0.001263465      1.901181e-05            3.882805e-05
25  2013-08-09 10:35:30     53 268.5 161.2 161.2878 3.269655e-05 12.57607 0.1068276  0.011992124  0.004881714   4.665669e-04      0.0001899285         0  6.186443e-04    0.001263465      1.901181e-05            3.882805e-05
26  2013-08-09 10:35:45     54 268.8 161.2 161.2897 3.269655e-05 12.57797 0.1068276  0.012075211  0.004881715   4.697995e-04      0.0001899286         0  9.241502e-04    0.001261552      2.840044e-05            3.876928e-05
27  2013-08-09 10:36:00     55 269.2 161.1 161.1916 3.269655e-05 12.47988 0.1068276  0.007806344  0.004881670   3.037145e-04      0.0001899268         0  1.331491e-03    0.001259010      4.091861e-05            3.869116e-05
28  2013-08-09 10:36:15     56 269.2 161.1 161.1936 3.269655e-05 12.48179 0.1068276  0.007889431  0.004881671   3.069471e-04      0.0001899268         0  1.331491e-03    0.001259010      4.091861e-05            3.869116e-05
29  2013-08-09 10:36:30     57 269.7 161.1 161.1955 3.269655e-05 12.48370 0.1068276  0.007972518  0.004881672   3.101797e-04      0.0001899269         0  1.840668e-03    0.001255846      5.656632e-05            3.859390e-05
30  2013-08-09 10:36:45     58 269.9 161.1 161.1974 3.269655e-05 12.48561 0.1068276  0.008055605  0.004881673   3.134122e-04      0.0001899269         0  2.044339e-03    0.001254584      6.282540e-05            3.855512e-05
31  2013-08-09 10:37:00     59 270.0 161.2 161.2993 3.269655e-05 12.58752 0.1068276  0.012490645  0.004881720   4.859624e-04      0.0001899287         0  2.146174e-03    0.001253954      6.595494e-05            3.853576e-05
32  2013-08-09 10:37:15     60 270.6 161.2 161.3012 3.269655e-05 12.58943 0.1068276  0.012573731  0.004881721   4.891950e-04      0.0001899288         0  2.757186e-03    0.001250185      8.473220e-05            3.841995e-05
33  2013-08-09 10:37:30     61 270.6 161.3 161.4031 3.269655e-05 12.69134 0.1068276  0.017008772  0.004881768   6.617451e-04      0.0001899306         0  2.757186e-03    0.001250185      8.473220e-05            3.841995e-05
34  2013-08-09 10:37:45     62 271.1 161.3 161.4050 3.269655e-05 12.69325 0.1068276  0.017091858  0.004881769   6.649777e-04      0.0001899306         0  3.266362e-03    0.001247061      1.003799e-04            3.832394e-05
35  2013-08-09 10:38:00     63 271.2 161.3 161.4069 3.269655e-05 12.69516 0.1068276  0.017174945  0.004881770   6.682103e-04      0.0001899307         0  3.368198e-03    0.001246438      1.035095e-04            3.830479e-05
36  2013-08-09 10:38:15     64 271.6 161.3 161.4088 3.269655e-05 12.69707 0.1068276  0.017258032  0.004881771   6.714429e-04      0.0001899307         0  3.775539e-03    0.001243951      1.160276e-04            3.822838e-05
37  2013-08-09 10:38:30     65 271.9 161.4 161.5107 3.269655e-05 12.79898 0.1068276  0.021693072  0.004881819   8.439930e-04      0.0001899326         0  4.081045e-03    0.001242093      1.254163e-04            3.817126e-05
38  2013-08-09 10:38:45     66 271.9 161.3 161.4126 3.269655e-05 12.70088 0.1068276  0.017424206  0.004881773   6.779081e-04      0.0001899308         0  4.081045e-03    0.001242093      1.254163e-04            3.817126e-05
39  2013-08-09 10:39:00     67 272.5 161.5 161.6146 3.269655e-05 12.90279 0.1068276  0.026211199  0.004881868   1.019776e-03      0.0001899345         0  4.692057e-03    0.001238391      1.441935e-04            3.805751e-05
40  2013-08-09 10:39:15     68 272.6 161.4 161.5165 3.269655e-05 12.80470 0.1068276  0.021942333  0.004881821   8.536908e-04      0.0001899327         0  4.793892e-03    0.001237777      1.473230e-04            3.803862e-05
41  2013-08-09 10:39:30     69 273.0 161.3 161.4184 3.269655e-05 12.70661 0.1068276  0.017673466  0.004881775   6.876058e-04      0.0001899309         0  5.201233e-03    0.001235323      1.598412e-04            3.796323e-05
42  2013-08-09 10:39:45     70 273.3 161.5 161.6203 3.269655e-05 12.90852 0.1068276  0.026460459  0.004881871   1.029474e-03      0.0001899346         0  5.506739e-03    0.001233490      1.692298e-04            3.790688e-05
43  2013-08-09 10:40:00     71 273.3 161.5 161.6222 3.269655e-05 12.91043 0.1068276  0.026543546  0.004881872   1.032706e-03      0.0001899346         0  5.506739e-03    0.001233490      1.692298e-04            3.790688e-05
44  2013-08-09 10:40:15     72 273.9 161.5 161.6241 3.269655e-05 12.91234 0.1068276  0.026626633  0.004881873   1.035939e-03      0.0001899347         0  6.117751e-03    0.001229839      1.880071e-04            3.779469e-05
45  2013-08-09 10:40:30     73 274.0 161.2 161.3260 3.269655e-05 12.61425 0.1068276  0.013653860  0.004881732   5.312186e-04      0.0001899292         1  6.219586e-03    0.001229233      1.911366e-04            3.777606e-05
46  2013-08-09 10:40:45     74 274.5 161.4 161.5279 3.269655e-05 12.81616 0.1068276  0.022440853  0.004881827   8.730863e-04      0.0001899329         1  6.728763e-03    0.001226210      2.067844e-04            3.768317e-05
47  2013-08-09 10:41:00     75 274.6 161.4 161.5298 3.269655e-05 12.81807 0.1068276  0.022523940  0.004881828   8.763189e-04      0.0001899329         1  6.830598e-03    0.001225608      2.099139e-04            3.766465e-05
48  2013-08-09 10:41:15     76 274.8 161.2 161.3317 3.269655e-05 12.61998 0.1068276  0.013903121  0.004881735   5.409163e-04      0.0001899293         1  7.034269e-03    0.001224404      2.161730e-04            3.762767e-05
49  2013-08-09 10:41:30     77 275.3 161.4 161.5336 3.269655e-05 12.82189 0.1068276  0.022690114  0.004881830   8.827841e-04      0.0001899330         1  7.543445e-03    0.001221407      2.318207e-04            3.753555e-05
50  2013-08-09 10:41:45     78 275.4 161.4 161.5356 3.269655e-05 12.82379 0.1068276  0.022773201  0.004881830   8.860166e-04      0.0001899330         1  7.645281e-03    0.001220809      2.349502e-04            3.751718e-05
51  2013-08-09 10:42:00     79 275.9 161.5 161.6375 3.269655e-05 12.92570 0.1068276  0.027208241  0.004881879   1.058567e-03      0.0001899349         1  8.154457e-03    0.001217830      2.505979e-04            3.742563e-05
52  2013-08-09 10:42:15     80 276.0 161.4 161.5394 3.269655e-05 12.82761 0.1068276  0.022939374  0.004881832   8.924818e-04      0.0001899331         1  8.256292e-03    0.001217236      2.537275e-04            3.740738e-05
53  2013-08-09 10:42:30     81 276.5 161.4 161.5413 3.269655e-05 12.82952 0.1068276  0.023022461  0.004881833   8.957144e-04      0.0001899331         1  8.765469e-03    0.001214276      2.693752e-04            3.731642e-05
54  2013-08-09 10:42:45     82 276.7 161.4 161.5432 3.269655e-05 12.83143 0.1068276  0.023105548  0.004881834   8.989470e-04      0.0001899332         1  8.969140e-03    0.001213097      2.756343e-04            3.728017e-05
55  2013-08-09 10:43:00     83 277.0 161.4 161.5451 3.269655e-05 12.83334 0.1068276  0.023188635  0.004881835   9.021796e-04      0.0001899332         1  9.274646e-03    0.001211332      2.850229e-04            3.722594e-05
56  2013-08-09 10:43:15     84 277.4 161.5 161.6470 3.269655e-05 12.93525 0.1068276  0.027623675  0.004881883   1.074730e-03      0.0001899351         1  9.681987e-03    0.001208988      2.975411e-04            3.715391e-05
57  2013-08-09 10:43:30     85 277.6 161.5 161.6489 3.269655e-05 12.93716 0.1068276  0.027706762  0.004881884   1.077962e-03      0.0001899351         1  9.885657e-03    0.001207820      3.038002e-04            3.711801e-05
58  2013-08-09 10:43:45     86 278.0 161.5 161.6508 3.269655e-05 12.93907 0.1068276  0.027789849  0.004881885   1.081195e-03      0.0001899352         1  1.029300e-02    0.001205492      3.163183e-04            3.704646e-05
59  2013-08-09 10:44:00     87 278.1 161.5 161.6527 3.269655e-05 12.94098 0.1068276  0.027872935  0.004881886   1.084427e-03      0.0001899352         1  1.039483e-02    0.001204911      3.194479e-04            3.702862e-05
60  2013-08-09 10:44:15     88 278.7 161.5 161.6546 3.269655e-05 12.94289 0.1068276  0.027956022  0.004881887   1.087660e-03      0.0001899352         1  1.100585e-02    0.001201442      3.382251e-04            3.692201e-05
61  2013-08-09 10:44:30     89 278.7 161.6 161.7566 3.269655e-05 13.04480 0.1068276  0.032391062  0.004881936   1.260210e-03      0.0001899371         1  1.100585e-02    0.001201442      3.382251e-04            3.692201e-05
62  2013-08-09 10:44:45     90 279.3 161.5 161.6585 3.269655e-05 12.94670 0.1068276  0.028122196  0.004881889   1.094125e-03      0.0001899353         1  1.161686e-02    0.001197997      3.570024e-04            3.681612e-05
63  2013-08-09 10:45:00     91 279.4 161.5 161.6604 3.269655e-05 12.94861 0.1068276  0.028205283  0.004881890   1.097358e-03      0.0001899353         1  1.171869e-02    0.001197425      3.601319e-04            3.679855e-05
64  2013-08-09 10:45:15     92 279.9 161.4 161.5623 3.269655e-05 12.85052 0.1068276  0.023936416  0.004881843   9.312728e-04      0.0001899335         1  1.222787e-02    0.001194575      3.757796e-04            3.671097e-05
65  2013-08-09 10:45:30     93 280.1 161.5 161.6642 3.269655e-05 12.95243 0.1068276  0.028371456  0.004881892   1.103823e-03      0.0001899354         1  1.243154e-02    0.001193440      3.820387e-04            3.667608e-05
66  2013-08-09 10:45:45     94 280.4 161.4 161.5661 3.269655e-05 12.85434 0.1068276  0.024102590  0.004881845   9.377380e-04      0.0001899336         1  1.273705e-02    0.001191742      3.914274e-04            3.662390e-05
67  2013-08-09 10:46:00     95 280.8 161.7 161.8680 3.269655e-05 13.15625 0.1068276  0.037241536  0.004881990   1.448923e-03      0.0001899392         1  1.314439e-02    0.001189487      4.039455e-04            3.655462e-05
68  2013-08-09 10:46:15     96 281.0 161.5 161.6699 3.269655e-05 12.95816 0.1068276  0.028620717  0.004881894   1.113521e-03      0.0001899355         1  1.334806e-02    0.001188364      4.102046e-04            3.652011e-05
69  2013-08-09 10:46:30     97 281.4 161.5 161.6718 3.269655e-05 12.96007 0.1068276  0.028703804  0.004881895   1.116753e-03      0.0001899356         1  1.375540e-02    0.001186126      4.227228e-04            3.645133e-05
70  2013-08-09 10:46:45     98 281.5 161.4 161.5737 3.269655e-05 12.86198 0.1068276  0.024434937  0.004881849   9.506683e-04      0.0001899337         1  1.385723e-02    0.001185568      4.258523e-04            3.643418e-05
71  2013-08-09 10:47:00     99 282.1 161.5 161.6756 3.269655e-05 12.96389 0.1068276  0.028869977  0.004881897   1.123219e-03      0.0001899356         1  1.446825e-02    0.001182236      4.446296e-04            3.633177e-05
72  2013-08-09 10:47:15    100 282.1 161.6 161.7776 3.269655e-05 13.06580 0.1068276  0.033305017  0.004881946   1.295769e-03      0.0001899375         1  1.446825e-02    0.001182236      4.446296e-04            3.633177e-05
73  2013-08-09 10:47:30    101 282.8 161.6 161.7795 3.269655e-05 13.06771 0.1068276  0.033388104  0.004881947   1.299001e-03      0.0001899376         1  1.518109e-02    0.001178379      4.665364e-04            3.621324e-05
74  2013-08-09 10:47:45    102 282.8 161.5 161.6814 3.269655e-05 12.96962 0.1068276  0.029119238  0.004881900   1.132916e-03      0.0001899357         1  1.518109e-02    0.001178379      4.665364e-04            3.621324e-05
75  2013-08-09 10:48:00    103 283.3 161.7 161.8833 3.269655e-05 13.17152 0.1068276  0.037906231  0.004881997   1.474784e-03      0.0001899395         1  1.569027e-02    0.001175645      4.821841e-04            3.612922e-05
76  2013-08-09 10:48:15    104 283.5 161.7 161.8852 3.269655e-05 13.17343 0.1068276  0.037989318  0.004881998   1.478017e-03      0.0001899396         1  1.589394e-02    0.001174556      4.884432e-04            3.609576e-05
77  2013-08-09 10:48:30    105 283.9 161.9 162.0871 3.269655e-05 13.37534 0.1068276  0.046776311  0.004882097   1.819884e-03      0.0001899434         1  1.630128e-02    0.001172387      5.009613e-04            3.602911e-05
78  2013-08-09 10:48:45    106 284.2 161.8 161.9890 3.269655e-05 13.27725 0.1068276  0.042507445  0.004882049   1.653799e-03      0.0001899415         1  1.660679e-02    0.001170768      5.103500e-04            3.597934e-05
79  2013-08-09 10:49:00    107 284.4 161.7 161.8909 3.269655e-05 13.17916 0.1068276  0.038238578  0.004882001   1.487714e-03      0.0001899397         1  1.681046e-02    0.001169692      5.166091e-04            3.594627e-05
80  2013-08-09 10:49:15    108 284.8 161.7 161.8928 3.269655e-05 13.18107 0.1068276  0.038321665  0.004882002   1.490947e-03      0.0001899397         1  1.721780e-02    0.001167548      5.291272e-04            3.588040e-05
81  2013-08-09 10:49:30    109 285.0 161.8 161.9947 3.269655e-05 13.28298 0.1068276  0.042756705  0.004882052   1.663497e-03      0.0001899416         1  1.742147e-02    0.001166481      5.353863e-04            3.584760e-05
82  2013-08-09 10:49:45    110 285.5 161.5 161.6966 3.269655e-05 12.98489 0.1068276  0.029783932  0.004881907   1.158777e-03      0.0001899360         1  1.793065e-02    0.001163825      5.510340e-04            3.576597e-05
83  2013-08-09 10:50:00    111 285.5 161.7 161.8986 3.269655e-05 13.18680 0.1068276  0.038570926  0.004882005   1.500645e-03      0.0001899398         1  1.793065e-02    0.001163825      5.510340e-04            3.576597e-05
84  2013-08-09 10:50:15    112 286.1 161.7 161.9005 3.269655e-05 13.18871 0.1068276  0.038654012  0.004882006   1.503877e-03      0.0001899398         1  1.854166e-02    0.001160661      5.698113e-04            3.566875e-05
85  2013-08-09 10:50:30    113 286.2 161.6 161.8024 3.269655e-05 13.09062 0.1068276  0.034385146  0.004881958   1.337792e-03      0.0001899380         1  1.864349e-02    0.001160136      5.729408e-04            3.565262e-05
86  2013-08-09 10:50:45    114 286.7 161.6 161.8043 3.269655e-05 13.09253 0.1068276  0.034468233  0.004881959   1.341025e-03      0.0001899380         1  1.915267e-02    0.001157524      5.885885e-04            3.557233e-05
87  2013-08-09 10:51:00    115 286.9 161.7 161.9062 3.269655e-05 13.19443 0.1068276  0.038903273  0.004882008   1.513575e-03      0.0001899400         1  1.935634e-02    0.001156484      5.948476e-04            3.554037e-05
88  2013-08-09 10:51:15    116 287.1 161.7 161.9081 3.269655e-05 13.19634 0.1068276  0.038986360  0.004882009   1.516808e-03      0.0001899400         1  1.956001e-02    0.001155447      6.011067e-04            3.550851e-05
89  2013-08-09 10:51:30    117 287.6 161.9 162.1100 3.269655e-05 13.39825 0.1068276  0.047773353  0.004882108   1.858675e-03      0.0001899438         1  2.006919e-02    0.001152867      6.167544e-04            3.542923e-05
90  2013-08-09 10:51:45    118 287.7 161.7 161.9119 3.269655e-05 13.20016 0.1068276  0.039152533  0.004882011   1.523273e-03      0.0001899401         1  2.017102e-02    0.001152354      6.198840e-04            3.541345e-05
91  2013-08-09 10:52:00    119 288.2 161.7 161.9138 3.269655e-05 13.20207 0.1068276  0.039235620  0.004882012   1.526505e-03      0.0001899401         1  2.068020e-02    0.001149796      6.355317e-04            3.533486e-05
92  2013-08-09 10:52:15    120 288.2 162.0 162.2157 3.269655e-05 13.50398 0.1068276  0.052374567  0.004882161   2.037691e-03      0.0001899459         1  2.068020e-02    0.001149796      6.355317e-04            3.533486e-05
93  2013-08-09 10:52:30    121 288.8 161.9 162.1176 3.269655e-05 13.40589 0.1068276  0.048105700  0.004882112   1.871606e-03      0.0001899440         1  2.129121e-02    0.001146752      6.543089e-04            3.524131e-05
94  2013-08-09 10:52:45    122 288.9 161.8 162.0196 3.269655e-05 13.30780 0.1068276  0.043836834  0.004882064   1.705521e-03      0.0001899421         1  2.139305e-02    0.001146247      6.574385e-04            3.522580e-05
95  2013-08-09 10:53:00    123 289.4 161.9 162.1215 3.269655e-05 13.40971 0.1068276  0.048271874  0.004882114   1.878071e-03      0.0001899441         1  2.190222e-02    0.001143735      6.730862e-04            3.514860e-05
96  2013-08-09 10:53:15    124 289.6 161.9 162.1234 3.269655e-05 13.41162 0.1068276  0.048354961  0.004882115   1.881303e-03      0.0001899441         1  2.210589e-02    0.001142736      6.793453e-04            3.511788e-05
97  2013-08-09 10:53:30    125 289.9 161.9 162.1253 3.269655e-05 13.41353 0.1068276  0.048438048  0.004882116   1.884536e-03      0.0001899441         1  2.241140e-02    0.001141242      6.887339e-04            3.507198e-05
98  2013-08-09 10:53:45    126 290.3 161.8 162.0272 3.269655e-05 13.31544 0.1068276  0.044169181  0.004882068   1.718451e-03      0.0001899423         1  2.281874e-02    0.001139261      7.012521e-04            3.501110e-05
99  2013-08-09 10:54:00    127 290.4 161.8 162.0291 3.269655e-05 13.31734 0.1068276  0.044252268  0.004882069   1.721684e-03      0.0001899423         1  2.292058e-02    0.001138768      7.043816e-04            3.499594e-05
100 2013-08-09 10:54:15    128 291.0 161.9 162.1310 3.269655e-05 13.41925 0.1068276  0.048687308  0.004882119   1.894234e-03      0.0001899442         1  2.353159e-02    0.001135825      7.231588e-04            3.490549e-05
101 2013-08-09 10:54:30    129 291.0 162.1 162.3329 3.269655e-05 13.62116 0.1068276  0.057474301  0.004882219   2.236101e-03      0.0001899482         1  2.353159e-02    0.001135825      7.231588e-04            3.490549e-05
102 2013-08-09 10:54:45    130 291.6 161.9 162.1348 3.269655e-05 13.42307 0.1068276  0.048853482  0.004882121   1.900699e-03      0.0001899443         1  2.414260e-02    0.001132909      7.419361e-04            3.481589e-05
103 2013-08-09 10:55:00    131 291.6 161.8 162.0367 3.269655e-05 13.32498 0.1068276  0.044584615  0.004882072   1.734614e-03      0.0001899424         1  2.414260e-02    0.001132909      7.419361e-04            3.481589e-05
104 2013-08-09 10:55:15    132 292.1 161.8 162.0386 3.269655e-05 13.32689 0.1068276  0.044667702  0.004882073   1.737847e-03      0.0001899425         1  2.465178e-02    0.001130501      7.575838e-04            3.474188e-05
105 2013-08-09 10:55:30    133 292.3 161.9 162.1406 3.269655e-05 13.42880 0.1068276  0.049102742  0.004882123   1.910397e-03      0.0001899444         1  2.485545e-02    0.001129543      7.638429e-04            3.471245e-05
106 2013-08-09 10:55:45    134 292.6 161.7 161.9425 3.269655e-05 13.23071 0.1068276  0.040481923  0.004882026   1.574994e-03      0.0001899406         1  2.516095e-02    0.001128112      7.732315e-04            3.466848e-05
107 2013-08-09 10:56:00    135 293.0 161.8 162.0444 3.269655e-05 13.33262 0.1068276  0.044916963  0.004882076   1.747544e-03      0.0001899426         1  2.556830e-02    0.001126216      7.857497e-04            3.461020e-05
108 2013-08-09 10:56:15    136 293.2 161.8 162.0463 3.269655e-05 13.33453 0.1068276  0.045000050  0.004882077   1.750777e-03      0.0001899426         1  2.577197e-02    0.001125272      7.920088e-04            3.458121e-05
109 2013-08-09 10:56:30    137 293.7 161.9 162.1482 3.269655e-05 13.43644 0.1068276  0.049435090  0.004882127   1.923327e-03      0.0001899446         1  2.628114e-02    0.001122928      8.076565e-04            3.450915e-05
110 2013-08-09 10:56:45    138 293.7 161.9 162.1501 3.269655e-05 13.43835 0.1068276  0.049518176  0.004882128   1.926560e-03      0.0001899446         1  2.628114e-02    0.001122928      8.076565e-04            3.450915e-05
111 2013-08-09 10:57:00    139 294.2 161.8 162.0520 3.269655e-05 13.34026 0.1068276  0.045249310  0.004882080   1.760475e-03      0.0001899427         1  2.679032e-02    0.001120603      8.233042e-04            3.443771e-05
112 2013-08-09 10:57:15    140 294.4 161.7 161.9539 3.269655e-05 13.24216 0.1068276  0.040980444  0.004882032   1.594390e-03      0.0001899409         1  2.699399e-02    0.001119679      8.295633e-04            3.440931e-05
113 2013-08-09 10:57:30    141 294.8 161.9 162.1558 3.269655e-05 13.44407 0.1068276  0.049767437  0.004882131   1.936257e-03      0.0001899447         1  2.740133e-02    0.001117840      8.420815e-04            3.435280e-05
114 2013-08-09 10:57:45    142 295.0 161.8 162.0577 3.269655e-05 13.34598 0.1068276  0.045498570  0.004882083   1.770172e-03      0.0001899428         1  2.760500e-02    0.001116926      8.483405e-04            3.432470e-05
115 2013-08-09 10:58:00    143 295.2 161.8 162.0596 3.269655e-05 13.34789 0.1068276  0.045581657  0.004882084   1.773405e-03      0.0001899429         1  2.780867e-02    0.001116015      8.545996e-04            3.429670e-05
116 2013-08-09 10:58:15    144 295.7 161.8 162.0616 3.269655e-05 13.34980 0.1068276  0.045664744  0.004882084   1.776638e-03      0.0001899429         1  2.831785e-02    0.001113751      8.702473e-04            3.422713e-05
117 2013-08-09 10:58:30    145 295.8 161.9 162.1635 3.269655e-05 13.45171 0.1068276  0.050099784  0.004882135   1.949188e-03      0.0001899449         1  2.841968e-02    0.001113301      8.733769e-04            3.421330e-05
118 2013-08-09 10:58:45    146 296.4 161.9 162.1654 3.269655e-05 13.45362 0.1068276  0.050182871  0.004882136   1.952420e-03      0.0001899449         1  2.903070e-02    0.001110616      8.921541e-04            3.413080e-05
119 2013-08-09 10:59:00    147 296.4 161.8 162.0673 3.269655e-05 13.35553 0.1068276  0.045914005  0.004882087   1.786335e-03      0.0001899430         1  2.903070e-02    0.001110616      8.921541e-04            3.413080e-05
120 2013-08-09 10:59:15    148 297.0 161.8 162.0692 3.269655e-05 13.35744 0.1068276  0.045997091  0.004882088   1.789568e-03      0.0001899431         1  2.964171e-02    0.001107962      9.109314e-04            3.404923e-05
121 2013-08-09 10:59:30    149 297.1 161.8 162.0711 3.269655e-05 13.35935 0.1068276  0.046080178  0.004882089   1.792800e-03      0.0001899431         1  2.974354e-02    0.001107523      9.140609e-04            3.403573e-05
122 2013-08-09 10:59:45    150 297.7 162.0 162.2730 3.269655e-05 13.56126 0.1068276  0.054867172  0.004882189   2.134668e-03      0.0001899470         1  3.035455e-02    0.001104903      9.328382e-04            3.395523e-05
123 2013-08-09 11:00:00    151 297.8 162.1 162.3749 3.269655e-05 13.66317 0.1068276  0.059302212  0.004882241   2.307218e-03      0.0001899490         1  3.045639e-02    0.001104470      9.359677e-04            3.394191e-05
124 2013-08-09 11:00:15    152 298.1 161.9 162.1768 3.269655e-05 13.46507 0.1068276  0.050681392  0.004882141   1.971816e-03      0.0001899451         1  3.076190e-02    0.001103174      9.453564e-04            3.390209e-05
125 2013-08-09 11:00:30    153 298.4 161.9 162.1787 3.269655e-05 13.46698 0.1068276  0.050764479  0.004882142   1.975048e-03      0.0001899452         1  3.106740e-02    0.001101886      9.547450e-04            3.386250e-05
126 2013-08-09 11:00:45    154 298.7 162.0 162.2807 3.269655e-05 13.56889 0.1068276  0.055199519  0.004882193   2.147599e-03      0.0001899471         1  3.137291e-02    0.001100605      9.641336e-04            3.382315e-05
127 2013-08-09 11:01:00    155 299.1 162.1 162.3826 3.269655e-05 13.67080 0.1068276  0.059634559  0.004882244   2.320149e-03      0.0001899491         1  3.178025e-02    0.001098910      9.766518e-04            3.377105e-05
128 2013-08-09 11:01:15    156 299.1 162.0 162.2845 3.269655e-05 13.57271 0.1068276  0.055365692  0.004882195   2.154064e-03      0.0001899472         1  3.178025e-02    0.001098910      9.766518e-04            3.377105e-05
129 2013-08-09 11:01:30    157 299.7 162.0 162.2864 3.269655e-05 13.57462 0.1068276  0.055448779  0.004882196   2.157296e-03      0.0001899473         1  3.239126e-02    0.001096393      9.954290e-04            3.369369e-05
130 2013-08-09 11:01:45    158 299.8 161.9 162.1883 3.269655e-05 13.47653 0.1068276  0.051179913  0.004882147   1.991211e-03      0.0001899454         1  3.249310e-02    0.001095976      9.985586e-04            3.368089e-05
131 2013-08-09 11:02:00    159 300.2 162.1 162.3902 3.269655e-05 13.67844 0.1068276  0.059966906  0.004882248   2.333079e-03      0.0001899493         1  3.290044e-02    0.001094319      1.011077e-03            3.362996e-05
132 2013-08-09 11:02:15    160 300.5 161.9 162.1921 3.269655e-05 13.48035 0.1068276  0.051346087  0.004882149   1.997676e-03      0.0001899454         1  3.320594e-02    0.001093085      1.020465e-03            3.359203e-05
133 2013-08-09 11:02:30    161 300.6 162.0 162.2940 3.269655e-05 13.58226 0.1068276  0.055781127  0.004882200   2.170227e-03      0.0001899474         1  3.330778e-02    0.001092675      1.023595e-03            3.357945e-05
134 2013-08-09 11:02:45    162 301.1 161.9 162.1959 3.269655e-05 13.48417 0.1068276  0.051512260  0.004882151   2.004142e-03      0.0001899455         1  3.381696e-02    0.001090640      1.039243e-03            3.351691e-05
135 2013-08-09 11:03:00    163 301.2 162.0 162.2978 3.269655e-05 13.58608 0.1068276  0.055947300  0.004882202   2.176692e-03      0.0001899475         1  3.391879e-02    0.001090236      1.042372e-03            3.350449e-05
136 2013-08-09 11:03:15    164 301.7 162.0 162.2997 3.269655e-05 13.58798 0.1068276  0.056030387  0.004882203   2.179924e-03      0.0001899475         1  3.442797e-02    0.001088227      1.058020e-03            3.344276e-05
137 2013-08-09 11:03:30    165 301.8 161.9 162.2017 3.269655e-05 13.48989 0.1068276  0.051761521  0.004882154   2.013839e-03      0.0001899456         1  3.452980e-02    0.001087828      1.061149e-03            3.343050e-05
138 2013-08-09 11:03:45    166 302.1 161.8 162.1036 3.269655e-05 13.39180 0.1068276  0.047492654  0.004882105   1.847754e-03      0.0001899437         1  3.483531e-02    0.001086636      1.070538e-03            3.339387e-05
139 2013-08-09 11:04:00    167 302.5 162.0 162.3055 3.269655e-05 13.59371 0.1068276  0.056279648  0.004882206   2.189622e-03      0.0001899476         1  3.524265e-02    0.001085060      1.083056e-03            3.334541e-05
140 2013-08-09 11:04:15    168 302.8 162.0 162.3074 3.269655e-05 13.59562 0.1068276  0.056362734  0.004882207   2.192855e-03      0.0001899477         1  3.554816e-02    0.001083886      1.092445e-03            3.330935e-05
141 2013-08-09 11:04:30    169 303.2 161.9 162.2093 3.269655e-05 13.49753 0.1068276  0.052093868  0.004882158   2.026770e-03      0.0001899458         1  3.595550e-02    0.001082335      1.104963e-03            3.326166e-05
142 2013-08-09 11:04:45    170 303.3 161.8 162.1112 3.269655e-05 13.39944 0.1068276  0.047825002  0.004882109   1.860685e-03      0.0001899439         1  3.605733e-02    0.001081949      1.108093e-03            3.324981e-05
143 2013-08-09 11:05:00    171 303.8 161.9 162.2131 3.269655e-05 13.50135 0.1068276  0.052260042  0.004882160   2.033235e-03      0.0001899458         1  3.656651e-02    0.001080034      1.123740e-03            3.319096e-05
144 2013-08-09 11:05:15    172 303.9 161.9 162.2150 3.269655e-05 13.50326 0.1068276  0.052343128  0.004882160   2.036467e-03      0.0001899459         1  3.666834e-02    0.001079653      1.126870e-03            3.317927e-05
145 2013-08-09 11:05:30    173 304.4 161.8 162.1169 3.269655e-05 13.40517 0.1068276  0.048074262  0.004882112   1.870383e-03      0.0001899440         1  3.717752e-02    0.001077765      1.142518e-03            3.312125e-05
146 2013-08-09 11:05:45    174 304.6 162.0 162.3188 3.269655e-05 13.60708 0.1068276  0.056861255  0.004882212   2.212250e-03      0.0001899479         1  3.738119e-02    0.001077017      1.148777e-03            3.309823e-05
147 2013-08-09 11:06:00    175 304.9 161.9 162.2207 3.269655e-05 13.50899 0.1068276  0.052592389  0.004882163   2.046165e-03      0.0001899460         1  3.768670e-02    0.001075900      1.158165e-03            3.306392e-05
148 2013-08-09 11:06:15    176 305.2 161.8 162.1227 3.269655e-05 13.41089 0.1068276  0.048323523  0.004882115   1.880080e-03      0.0001899441         1  3.799220e-02    0.001074792      1.167554e-03            3.302987e-05
149 2013-08-09 11:06:30    177 305.5 162.1 162.4246 3.269655e-05 13.71280 0.1068276  0.061462469  0.004882266   2.391266e-03      0.0001899500         1  3.829771e-02    0.001073692      1.176942e-03            3.299606e-05
150 2013-08-09 11:06:45    178 305.9 162.0 162.3265 3.269655e-05 13.61471 0.1068276  0.057193603  0.004882216   2.225181e-03      0.0001899480         1  3.870505e-02    0.001072238      1.189461e-03            3.295138e-05
151 2013-08-09 11:07:00    179 305.9 161.9 162.2284 3.269655e-05 13.51662 0.1068276  0.052924736  0.004882167   2.059096e-03      0.0001899461         1  3.870505e-02    0.001072238      1.189461e-03            3.295138e-05
152 2013-08-09 11:07:15    180 306.5 161.9 162.2303 3.269655e-05 13.51853 0.1068276  0.053007823  0.004882168   2.062328e-03      0.0001899462         1  3.931606e-02    0.001070085      1.208238e-03            3.288522e-05
153 2013-08-09 11:07:30    181 306.6 162.0 162.3322 3.269655e-05 13.62044 0.1068276  0.057442863  0.004882219   2.234878e-03      0.0001899482         1  3.941790e-02    0.001069729      1.211367e-03            3.287429e-05
154 2013-08-09 11:07:45    182 307.1 162.2 162.5341 3.269655e-05 13.82235 0.1068276  0.066229856  0.004882321   2.576746e-03      0.0001899521         1  3.992707e-02    0.001067965      1.227015e-03            3.282008e-05
155 2013-08-09 11:08:00    183 307.3 162.1 162.4360 3.269655e-05 13.72426 0.1068276  0.061960990  0.004882271   2.410661e-03      0.0001899502         1  4.013074e-02    0.001067266      1.233274e-03            3.279860e-05
156 2013-08-09 11:08:15    184 307.5 162.1 162.4379 3.269655e-05 13.72617 0.1068276  0.062044077  0.004882272   2.413894e-03      0.0001899502         1  4.033442e-02    0.001066571      1.239533e-03            3.277723e-05
157 2013-08-09 11:08:30    185 308.0 162.1 162.4398 3.269655e-05 13.72808 0.1068276  0.062127164  0.004882273   2.417126e-03      0.0001899503         1  4.084359e-02    0.001064849      1.255181e-03            3.272431e-05
158 2013-08-09 11:08:45    186 308.4 162.0 162.3417 3.269655e-05 13.62999 0.1068276  0.057858297  0.004882224   2.251041e-03      0.0001899483         1  4.125093e-02    0.001063489      1.267699e-03            3.268250e-05
159 2013-08-09 11:09:00    187 308.6 162.1 162.4437 3.269655e-05 13.73190 0.1068276  0.062293337  0.004882275   2.423591e-03      0.0001899503         1  4.145460e-02    0.001062814      1.273958e-03            3.266177e-05
160 2013-08-09 11:09:15    188 308.6 162.1 162.4456 3.269655e-05 13.73381 0.1068276  0.062376424  0.004882276   2.426824e-03      0.0001899504         1  4.145460e-02    0.001062814      1.273958e-03            3.266177e-05
161 2013-08-09 11:09:30    189 308.9 162.0 162.3475 3.269655e-05 13.63571 0.1068276  0.058107558  0.004882227   2.260739e-03      0.0001899485         1  4.176011e-02    0.001061809      1.283347e-03            3.263089e-05
162 2013-08-09 11:09:45    190 309.3 162.0 162.3494 3.269655e-05 13.63762 0.1068276  0.058190645  0.004882228   2.263972e-03      0.0001899485         1  4.216745e-02    0.001060483      1.295865e-03            3.259012e-05
163 2013-08-09 11:10:00    191 309.4 162.1 162.4513 3.269655e-05 13.73953 0.1068276  0.062625685  0.004882279   2.436522e-03      0.0001899505         1  4.226929e-02    0.001060153      1.298995e-03            3.258001e-05
164 2013-08-09 11:10:15    192 310.0 162.1 162.4532 3.269655e-05 13.74144 0.1068276  0.062708771  0.004882280   2.439754e-03      0.0001899505         1  4.288030e-02    0.001058198      1.317772e-03            3.251991e-05
165 2013-08-09 11:10:30    193 310.0 162.1 162.4551 3.269655e-05 13.74335 0.1068276  0.062791858  0.004882281   2.442987e-03      0.0001899506         1  4.288030e-02    0.001058198      1.317772e-03            3.251991e-05
166 2013-08-09 11:10:45    194 310.5 162.1 162.4570 3.269655e-05 13.74526 0.1068276  0.062874945  0.004882282   2.446220e-03      0.0001899506         1  4.338947e-02    0.001056595      1.333420e-03            3.247065e-05
167 2013-08-09 11:11:00    195 310.7 162.1 162.4589 3.269655e-05 13.74717 0.1068276  0.062958032  0.004882283   2.449452e-03      0.0001899506         1  4.359314e-02    0.001055960      1.339679e-03            3.245115e-05
168 2013-08-09 11:11:15    196 311.0 162.1 162.4608 3.269655e-05 13.74908 0.1068276  0.063041119  0.004882284   2.452685e-03      0.0001899507         1  4.389865e-02    0.001055016      1.349067e-03            3.242212e-05
169 2013-08-09 11:11:30    197 311.4 162.0 162.3627 3.269655e-05 13.65099 0.1068276  0.058772252  0.004882234   2.286600e-03      0.0001899487         1  4.430599e-02    0.001053770      1.361585e-03            3.238384e-05
170 2013-08-09 11:11:45    198 311.4 162.0 162.3647 3.269655e-05 13.65290 0.1068276  0.058855339  0.004882235   2.289832e-03      0.0001899488         1  4.430599e-02    0.001053770      1.361585e-03            3.238384e-05
171 2013-08-09 11:12:00    199 311.9 162.0 162.3666 3.269655e-05 13.65481 0.1068276  0.058938426  0.004882236   2.293065e-03      0.0001899488         1  4.481517e-02    0.001052235      1.377233e-03            3.233666e-05
172 2013-08-09 11:12:15    200 312.0 162.0 162.3685 3.269655e-05 13.65672 0.1068276  0.059021513  0.004882237   2.296297e-03      0.0001899489         1  4.491700e-02    0.001051931      1.380363e-03            3.232731e-05
173 2013-08-09 11:12:30    201 312.4 161.8 162.1704 3.269655e-05 13.45862 0.1068276  0.050400693  0.004882138   1.960895e-03      0.0001899450         1  4.532435e-02    0.001050724      1.392881e-03            3.229022e-05
174 2013-08-09 11:12:45    202 312.7 161.9 162.2723 3.269655e-05 13.56053 0.1068276  0.054835733  0.004882189   2.133445e-03      0.0001899470         1  4.562985e-02    0.001049829      1.402270e-03            3.226273e-05
175 2013-08-09 11:13:00    203 312.7 162.0 162.3742 3.269655e-05 13.66244 0.1068276  0.059270773  0.004882240   2.305995e-03      0.0001899490         1  4.562985e-02    0.001049829      1.402270e-03            3.226273e-05
176 2013-08-09 11:13:15    204 313.3 161.8 162.1761 3.269655e-05 13.46435 0.1068276  0.050649954  0.004882141   1.970593e-03      0.0001899451         1  4.624086e-02    0.001048066      1.421047e-03            3.220854e-05
177 2013-08-09 11:13:30    205 313.4 161.7 162.0780 3.269655e-05 13.36626 0.1068276  0.046381087  0.004882093   1.804508e-03      0.0001899432         1  4.634270e-02    0.001047776      1.424176e-03            3.219962e-05
178 2013-08-09 11:13:45    206 313.8 161.8 162.1799 3.269655e-05 13.46817 0.1068276  0.050816127  0.004882143   1.977058e-03      0.0001899452         1  4.675004e-02    0.001046624      1.436695e-03            3.216423e-05
179 2013-08-09 11:14:00    207 314.1 161.8 162.1818 3.269655e-05 13.47008 0.1068276  0.050899214  0.004882144   1.980290e-03      0.0001899452         1  4.705555e-02    0.001045771      1.446083e-03            3.213800e-05
180 2013-08-09 11:14:15    208 314.1 162.1 162.4837 3.269655e-05 13.77199 0.1068276  0.064038161  0.004882296   2.491476e-03      0.0001899511         1  4.705555e-02    0.001045771      1.446083e-03            3.213800e-05
181 2013-08-09 11:14:30    209 314.7 161.8 162.1857 3.269655e-05 13.47390 0.1068276  0.051065388  0.004882146   1.986756e-03      0.0001899453         1  4.766656e-02    0.001044091      1.464860e-03            3.208638e-05
182 2013-08-09 11:14:45    210 314.8 161.7 162.0876 3.269655e-05 13.37581 0.1068276  0.046796521  0.004882097   1.820671e-03      0.0001899434         1  4.776839e-02    0.001043814      1.467990e-03            3.207788e-05
183 2013-08-09 11:15:00    211 315.2 161.9 162.2895 3.269655e-05 13.57772 0.1068276  0.055583515  0.004882198   2.162538e-03      0.0001899473         1  4.817573e-02    0.001042718      1.480508e-03            3.204421e-05
184 2013-08-09 11:15:15    212 315.4 161.8 162.1914 3.269655e-05 13.47963 0.1068276  0.051314648  0.004882149   1.996453e-03      0.0001899454         1  4.837940e-02    0.001042177      1.486767e-03            3.202755e-05
185 2013-08-09 11:15:30    213 315.6 161.9 162.2933 3.269655e-05 13.58153 0.1068276  0.055749688  0.004882200   2.169003e-03      0.0001899474         1  4.858308e-02    0.001041639      1.493026e-03            3.201102e-05
186 2013-08-09 11:15:45    214 316.1 161.9 162.2952 3.269655e-05 13.58344 0.1068276  0.055832775  0.004882201   2.172236e-03      0.0001899474         1  4.909225e-02    0.001040311      1.508674e-03            3.197023e-05
187 2013-08-09 11:16:00    215 316.1 161.9 162.2971 3.269655e-05 13.58535 0.1068276  0.055915862  0.004882202   2.175469e-03      0.0001899475         1  4.909225e-02    0.001040311      1.508674e-03            3.197023e-05
188 2013-08-09 11:16:15    216 316.7 161.8 162.1990 3.269655e-05 13.48726 0.1068276  0.051646996  0.004882153   2.009384e-03      0.0001899456         1  4.970326e-02    0.001038752      1.527451e-03            3.192231e-05
189 2013-08-09 11:16:30    217 316.8 162.1 162.5009 3.269655e-05 13.78917 0.1068276  0.064785942  0.004882304   2.520569e-03      0.0001899515         1  4.980510e-02    0.001038496      1.530581e-03            3.191444e-05
190 2013-08-09 11:16:45    218 317.0 162.0 162.4028 3.269655e-05 13.69108 0.1068276  0.060517076  0.004882255   2.354484e-03      0.0001899495         1  5.000877e-02    0.001037986      1.536840e-03            3.189878e-05
191 2013-08-09 11:17:00    219 317.5 162.0 162.4047 3.269655e-05 13.69299 0.1068276  0.060600163  0.004882256   2.357717e-03      0.0001899496         1  5.051795e-02    0.001036730      1.552488e-03            3.186017e-05
192 2013-08-09 11:17:15    220 317.5 162.0 162.4067 3.269655e-05 13.69490 0.1068276  0.060683249  0.004882257   2.360949e-03      0.0001899496         1  5.051795e-02    0.001036730      1.552488e-03            3.186017e-05
193 2013-08-09 11:17:30    221 318.1 162.0 162.4086 3.269655e-05 13.69681 0.1068276  0.060766336  0.004882258   2.364182e-03      0.0001899496         1  5.112896e-02    0.001035256      1.571265e-03            3.181488e-05
194 2013-08-09 11:17:45    222 318.2 161.9 162.3105 3.269655e-05 13.59872 0.1068276  0.056497470  0.004882208   2.198097e-03      0.0001899477         1  5.123079e-02    0.001035014      1.574394e-03            3.180744e-05
195 2013-08-09 11:18:00    223 318.5 162.2 162.6124 3.269655e-05 13.90063 0.1068276  0.069636416  0.004882361   2.709282e-03      0.0001899537         1  5.153630e-02    0.001034294      1.583783e-03            3.178531e-05
196 2013-08-09 11:18:15    224 318.8 161.9 162.3143 3.269655e-05 13.60254 0.1068276  0.056663643  0.004882210   2.204562e-03      0.0001899478         1  5.184181e-02    0.001033583      1.593172e-03            3.176347e-05
197 2013-08-09 11:18:30    225 319.0 162.0 162.4162 3.269655e-05 13.70444 0.1068276  0.061098683  0.004882261   2.377112e-03      0.0001899498         1  5.204548e-02    0.001033115      1.599431e-03            3.174907e-05
198 2013-08-09 11:18:45    226 319.5 161.9 162.3181 3.269655e-05 13.60635 0.1068276  0.056829817  0.004882212   2.211027e-03      0.0001899479         1  5.255465e-02    0.001031961      1.615078e-03            3.171361e-05
199 2013-08-09 11:19:00    227 319.5 161.9 162.3200 3.269655e-05 13.60826 0.1068276  0.056912904  0.004882213   2.214260e-03      0.0001899479         1  5.255465e-02    0.001031961      1.615078e-03            3.171361e-05
200 2013-08-09 11:19:15    228 320.0 161.9 162.3219 3.269655e-05 13.61017 0.1068276  0.056995991  0.004882214   2.217492e-03      0.0001899480         1  5.306383e-02    0.001030833      1.630726e-03            3.167895e-05
201 2013-08-09 11:19:30    229 320.2 161.9 162.3238 3.269655e-05 13.61208 0.1068276  0.057079078  0.004882215   2.220725e-03      0.0001899480         1  5.326750e-02    0.001030389      1.636985e-03            3.166531e-05
202 2013-08-09 11:19:45    230 320.4 162.1 162.5257 3.269655e-05 13.81399 0.1068276  0.065866071  0.004882317   2.562593e-03      0.0001899520         1  5.347117e-02    0.001029950      1.643244e-03            3.165180e-05
203 2013-08-09 11:20:00    231 320.9 162.1 162.5277 3.269655e-05 13.81590 0.1068276  0.065949158  0.004882318   2.565825e-03      0.0001899520         1  5.398035e-02    0.001028869      1.658892e-03            3.161858e-05
204 2013-08-09 11:20:15    232 320.9 162.0 162.4296 3.269655e-05 13.71781 0.1068276  0.061680291  0.004882268   2.399740e-03      0.0001899501         1  5.398035e-02    0.001028869      1.658892e-03            3.161858e-05
205 2013-08-09 11:20:30    233 321.4 162.0 162.4315 3.269655e-05 13.71972 0.1068276  0.061763378  0.004882269   2.402973e-03      0.0001899501         1  5.448952e-02    0.001027814      1.674540e-03            3.158616e-05
206 2013-08-09 11:20:45    234 321.5 162.2 162.6334 3.269655e-05 13.92163 0.1068276  0.070550371  0.004882372   2.744840e-03      0.0001899541         1  5.459136e-02    0.001027606      1.677669e-03            3.157977e-05
207 2013-08-09 11:21:00    235 321.8 162.2 162.6353 3.269655e-05 13.92354 0.1068276  0.070633458  0.004882373   2.748073e-03      0.0001899541         1  5.489686e-02    0.001026989      1.687058e-03            3.156080e-05
208 2013-08-09 11:21:15    236 322.2 162.2 162.6372 3.269655e-05 13.92545 0.1068276  0.070716545  0.004882374   2.751306e-03      0.0001899542         1  5.530421e-02    0.001026180      1.699576e-03            3.153596e-05
209 2013-08-09 11:21:30    237 322.2 162.2 162.6391 3.269655e-05 13.92736 0.1068276  0.070799632  0.004882375   2.754538e-03      0.0001899542         1  5.530421e-02    0.001026180      1.699576e-03            3.153596e-05
210 2013-08-09 11:21:45    238 322.8 162.2 162.6410 3.269655e-05 13.92926 0.1068276  0.070882719  0.004882376   2.757771e-03      0.0001899543         1  5.591522e-02    0.001024999      1.718353e-03            3.149967e-05
211 2013-08-09 11:22:00    239 322.9 162.2 162.6429 3.269655e-05 13.93117 0.1068276  0.070965805  0.004882377   2.761003e-03      0.0001899543         1  5.601705e-02    0.001024806      1.721483e-03            3.149374e-05
212 2013-08-09 11:22:15    240 323.3 162.2 162.6448 3.269655e-05 13.93308 0.1068276  0.071048892  0.004882378   2.764236e-03      0.0001899543         1  5.642439e-02    0.001024044      1.734001e-03            3.147032e-05
213 2013-08-09 11:22:30    241 323.6 162.0 162.4467 3.269655e-05 13.73499 0.1068276  0.062428073  0.004882277   2.428833e-03      0.0001899504         1  5.672990e-02    0.001023484      1.743390e-03            3.145310e-05
214 2013-08-09 11:22:45    242 323.8 162.1 162.5487 3.269655e-05 13.83690 0.1068276  0.066863113  0.004882329   2.601384e-03      0.0001899524         1  5.693357e-02    0.001023116      1.749649e-03            3.144179e-05
215 2013-08-09 11:23:00    243 324.3 162.2 162.6506 3.269655e-05 13.93881 0.1068276  0.071298153  0.004882381   2.773934e-03      0.0001899544         1  5.744275e-02    0.001022214      1.765296e-03            3.141407e-05
216 2013-08-09 11:23:15    244 324.3 162.2 162.6525 3.269655e-05 13.94072 0.1068276  0.071381240  0.004882382   2.777166e-03      0.0001899545         1  5.744275e-02    0.001022214      1.765296e-03            3.141407e-05
217 2013-08-09 11:23:30    245 324.9 162.1 162.5544 3.269655e-05 13.84263 0.1068276  0.067112373  0.004882332   2.611081e-03      0.0001899525         1  5.805376e-02    0.001021166      1.784074e-03            3.138188e-05
218 2013-08-09 11:23:45    246 324.9 162.2 162.6563 3.269655e-05 13.94454 0.1068276  0.071547413  0.004882384   2.783632e-03      0.0001899546         1  5.805376e-02    0.001021166      1.784074e-03            3.138188e-05
219 2013-08-09 11:24:00    247 325.3 162.1 162.5582 3.269655e-05 13.84645 0.1068276  0.067278547  0.004882334   2.617547e-03      0.0001899526         1  5.846110e-02    0.001020490      1.796592e-03            3.136108e-05
220 2013-08-09 11:24:15    248 325.6 162.3 162.7601 3.269655e-05 14.04836 0.1068276  0.076065540  0.004882438   2.959414e-03      0.0001899566         1  5.876661e-02    0.001019993      1.805981e-03            3.134583e-05
221 2013-08-09 11:24:30    249 325.7 162.1 162.5620 3.269655e-05 13.85027 0.1068276  0.067444721  0.004882336   2.624012e-03      0.0001899527         1  5.886844e-02    0.001019830      1.809110e-03            3.134081e-05
222 2013-08-09 11:24:45    250 326.3 162.1 162.5639 3.269655e-05 13.85217 0.1068276  0.067527807  0.004882337   2.627244e-03      0.0001899527         1  5.947945e-02    0.001018873      1.827887e-03            3.131139e-05
223 2013-08-09 11:25:00    251 326.3 162.0 162.4658 3.269655e-05 13.75408 0.1068276  0.063258941  0.004882287   2.461159e-03      0.0001899508         1  5.947945e-02    0.001018873      1.827887e-03            3.131139e-05
224 2013-08-09 11:25:15    252 326.7 162.1 162.5678 3.269655e-05 13.85599 0.1068276  0.067693981  0.004882338   2.633709e-03      0.0001899528         1  5.988679e-02    0.001018256      1.840405e-03            3.129243e-05
225 2013-08-09 11:25:30    253 327.0 161.9 162.3697 3.269655e-05 13.65790 0.1068276  0.059073161  0.004882238   2.298307e-03      0.0001899489         1  6.019230e-02    0.001017804      1.849794e-03            3.127856e-05
226 2013-08-09 11:25:45    254 327.3 162.1 162.5716 3.269655e-05 13.85981 0.1068276  0.067860155  0.004882340   2.640175e-03      0.0001899529         1  6.049781e-02    0.001017363      1.859183e-03            3.126499e-05
227 2013-08-09 11:26:00    255 327.7 162.0 162.4735 3.269655e-05 13.76172 0.1068276  0.063591288  0.004882290   2.474090e-03      0.0001899509         1  6.090515e-02    0.001016789      1.871701e-03            3.124736e-05
228 2013-08-09 11:26:15    256 327.7 162.1 162.5754 3.269655e-05 13.86363 0.1068276  0.068026328  0.004882342   2.646640e-03      0.0001899529         1  6.090515e-02    0.001016789      1.871701e-03            3.124736e-05
229 2013-08-09 11:26:30    257 328.3 162.0 162.4773 3.269655e-05 13.76554 0.1068276  0.063757462  0.004882292   2.480555e-03      0.0001899510         1  6.151616e-02    0.001015961      1.890478e-03            3.122192e-05
230 2013-08-09 11:26:45    258 328.3 162.1 162.5792 3.269655e-05 13.86745 0.1068276  0.068192502  0.004882344   2.653105e-03      0.0001899530         1  6.151616e-02    0.001015961      1.890478e-03            3.122192e-05
231 2013-08-09 11:27:00    259 328.9 162.1 162.5811 3.269655e-05 13.86936 0.1068276  0.068275589  0.004882345   2.656338e-03      0.0001899531         1  6.212717e-02    0.001015172      1.909255e-03            3.119767e-05
232 2013-08-09 11:27:15    260 329.0 162.1 162.5830 3.269655e-05 13.87127 0.1068276  0.068358676  0.004882346   2.659570e-03      0.0001899531         1  6.222901e-02    0.001015045      1.912385e-03            3.119375e-05
233 2013-08-09 11:27:30    261 329.2 162.2 162.6849 3.269655e-05 13.97318 0.1068276  0.072793716  0.004882399   2.832120e-03      0.0001899551         1  6.243268e-02    0.001014792      1.918644e-03            3.118600e-05
234 2013-08-09 11:27:45    262 329.7 161.9 162.3868 3.269655e-05 13.67508 0.1068276  0.059820943  0.004882247   2.327400e-03      0.0001899492         1  6.294185e-02    0.001014181      1.934292e-03            3.116722e-05
235 2013-08-09 11:28:00    263 330.0 161.8 162.2888 3.269655e-05 13.57699 0.1068276  0.055552076  0.004882197   2.161315e-03      0.0001899473         1  6.324736e-02    0.001013827      1.943680e-03            3.115635e-05
236 2013-08-09 11:28:15    264 330.4 161.9 162.3907 3.269655e-05 13.67890 0.1068276  0.059987116  0.004882249   2.333865e-03      0.0001899493         1  6.365470e-02    0.001013371      1.956199e-03            3.114232e-05
237 2013-08-09 11:28:30    265 330.4 161.8 162.2926 3.269655e-05 13.58081 0.1068276  0.055718250  0.004882199   2.167780e-03      0.0001899474         1  6.365470e-02    0.001013371      1.956199e-03            3.114232e-05
238 2013-08-09 11:28:45    266 330.8 161.8 162.2945 3.269655e-05 13.58272 0.1068276  0.055801337  0.004882200   2.171013e-03      0.0001899474         1  6.406204e-02    0.001012932      1.968717e-03            3.112884e-05
239 2013-08-09 11:29:00    267 331.1 162.0 162.4964 3.269655e-05 13.78463 0.1068276  0.064588330  0.004882302   2.512881e-03      0.0001899514         1  6.436755e-02    0.001012615      1.978105e-03            3.111908e-05
240 2013-08-09 11:29:15    268 331.4 161.9 162.3983 3.269655e-05 13.68654 0.1068276  0.060319464  0.004882252   2.346796e-03      0.0001899494         1  6.467305e-02    0.001012307      1.987494e-03            3.110962e-05
241 2013-08-09 11:29:30    269 331.7 162.0 162.5002 3.269655e-05 13.78845 0.1068276  0.064754504  0.004882304   2.519346e-03      0.0001899515         1  6.497856e-02    0.001012009      1.996883e-03            3.110046e-05
242 2013-08-09 11:29:45    270 331.9 162.1 162.6021 3.269655e-05 13.89036 0.1068276  0.069189544  0.004882356   2.691896e-03      0.0001899535         1  6.518223e-02    0.001011816      2.003142e-03            3.109453e-05
243 2013-08-09 11:30:00    271 332.4 162.3 162.8040 3.269655e-05 14.09227 0.1068276  0.077976537  0.004882460   3.033764e-03      0.0001899575         1  6.569141e-02    0.001011352      2.018789e-03            3.108028e-05
244 2013-08-09 11:30:15    272 332.4 162.0 162.5059 3.269655e-05 13.79418 0.1068276  0.065003764  0.004882307   2.529044e-03      0.0001899516         1  6.569141e-02    0.001011352      2.018789e-03            3.108028e-05
245 2013-08-09 11:30:30    273 333.0 162.0 162.5078 3.269655e-05 13.79609 0.1068276  0.065086851  0.004882308   2.532276e-03      0.0001899516         1  6.630242e-02    0.001010832      2.037567e-03            3.106430e-05
246 2013-08-09 11:30:45    274 333.1 162.1 162.6098 3.269655e-05 13.89799 0.1068276  0.069521891  0.004882360   2.704826e-03      0.0001899536         1  6.640425e-02    0.001010750      2.040696e-03            3.106176e-05
247 2013-08-09 11:31:00    275 333.4 161.9 162.4117 3.269655e-05 13.69990 0.1068276  0.060901072  0.004882259   2.369424e-03      0.0001899497         1  6.670976e-02    0.001010508      2.050085e-03            3.105432e-05
248 2013-08-09 11:31:15    276 333.8 161.9 162.4136 3.269655e-05 13.70181 0.1068276  0.060984158  0.004882260   2.372656e-03      0.0001899497         1  6.711710e-02    0.001010201      2.062603e-03            3.104489e-05
249 2013-08-09 11:31:30    277 333.9 162.0 162.5155 3.269655e-05 13.80372 0.1068276  0.065419198  0.004882312   2.545207e-03      0.0001899518         1  6.721894e-02    0.001010127      2.065733e-03            3.104261e-05
250 2013-08-09 11:31:45    278 334.5 162.0 162.5174 3.269655e-05 13.80563 0.1068276  0.065502285  0.004882313   2.548439e-03      0.0001899518         1  6.782995e-02    0.001009706      2.084510e-03            3.102968e-05
251 2013-08-09 11:32:00    279 334.5 162.0 162.5193 3.269655e-05 13.80754 0.1068276  0.065585372  0.004882314   2.551672e-03      0.0001899518         1  6.782995e-02    0.001009706      2.084510e-03            3.102968e-05
252 2013-08-09 11:32:15    280 335.0 162.2 162.7212 3.269655e-05 14.00945 0.1068276  0.074372365  0.004882417   2.893539e-03      0.0001899559         1  6.833913e-02    0.001009385      2.100158e-03            3.101984e-05
253 2013-08-09 11:32:30    281 335.1 162.1 162.6231 3.269655e-05 13.91136 0.1068276  0.070103499  0.004882367   2.727454e-03      0.0001899539         1  6.844096e-02    0.001009325      2.103287e-03            3.101797e-05
254 2013-08-09 11:32:45    282 335.6 162.0 162.5250 3.269655e-05 13.81327 0.1068276  0.065834633  0.004882317   2.561369e-03      0.0001899519         1  6.895014e-02    0.001009038      2.118935e-03            3.100914e-05
255 2013-08-09 11:33:00    283 335.8 162.1 162.6269 3.269655e-05 13.91518 0.1068276  0.070269673  0.004882369   2.733920e-03      0.0001899540         1  6.915381e-02    0.001008930      2.125194e-03            3.100585e-05
256 2013-08-09 11:33:15    284 335.9 162.0 162.5288 3.269655e-05 13.81709 0.1068276  0.066000806  0.004882319   2.567835e-03      0.0001899520         1  6.925564e-02    0.001008879      2.128323e-03            3.100426e-05
257 2013-08-09 11:33:30    285 336.5 161.9 162.4308 3.269655e-05 13.71900 0.1068276  0.061731940  0.004882269   2.401750e-03      0.0001899501         1  6.986665e-02    0.001008590      2.147101e-03            3.099540e-05
258 2013-08-09 11:33:45    286 336.5 161.8 162.3327 3.269655e-05 13.62091 0.1068276  0.057463073  0.004882219   2.235665e-03      0.0001899482         1  6.986665e-02    0.001008590      2.147101e-03            3.099540e-05
259 2013-08-09 11:34:00    287 337.1 162.0 162.5346 3.269655e-05 13.82281 0.1068276  0.066250067  0.004882322   2.577532e-03      0.0001899521         1  7.047767e-02    0.001008342      2.165878e-03            3.098777e-05
260 2013-08-09 11:34:15    288 337.2 162.0 162.5365 3.269655e-05 13.82472 0.1068276  0.066333154  0.004882323   2.580765e-03      0.0001899522         1  7.057950e-02    0.001008305      2.169007e-03            3.098662e-05
261 2013-08-09 11:34:30    289 337.5 162.2 162.7384 3.269655e-05 14.02663 0.1068276  0.075120147  0.004882426   2.922633e-03      0.0001899562         1  7.088501e-02    0.001008199      2.178396e-03            3.098337e-05
262 2013-08-09 11:34:45    290 337.9 162.1 162.6403 3.269655e-05 13.92854 0.1068276  0.070851280  0.004882376   2.756548e-03      0.0001899542         1  7.129235e-02    0.001008073      2.190914e-03            3.097951e-05
263 2013-08-09 11:35:00    291 338.1 162.1 162.6422 3.269655e-05 13.93045 0.1068276  0.070934367  0.004882377   2.759780e-03      0.0001899543         1  7.149602e-02    0.001008017      2.197173e-03            3.097779e-05
264 2013-08-09 11:35:15    292 338.5 162.1 162.6441 3.269655e-05 13.93236 0.1068276  0.071017454  0.004882378   2.763013e-03      0.0001899543         1  7.190336e-02    0.001007918      2.209691e-03            3.097475e-05
265 2013-08-09 11:35:30    293 338.6 162.2 162.7460 3.269655e-05 14.03427 0.1068276  0.075452494  0.004882430   2.935563e-03      0.0001899564         1  7.200520e-02    0.001007896      2.212821e-03            3.097407e-05
266 2013-08-09 11:35:45    294 339.2 162.1 162.6479 3.269655e-05 13.93618 0.1068276  0.071183628  0.004882380   2.769478e-03      0.0001899544         1  7.261621e-02    0.001007788      2.231598e-03            3.097074e-05
267 2013-08-09 11:36:00    295 339.2 162.2 162.7498 3.269655e-05 14.03809 0.1068276  0.075618668  0.004882432   2.942028e-03      0.0001899564         1  7.261621e-02    0.001007788      2.231598e-03            3.097074e-05
268 2013-08-09 11:36:15    296 339.7 162.1 162.6518 3.269655e-05 13.94000 0.1068276  0.071349801  0.004882382   2.775943e-03      0.0001899545         1  7.312538e-02    0.001007728      2.247246e-03            3.096890e-05
269 2013-08-09 11:36:30    297 339.9 162.2 162.7537 3.269655e-05 14.04191 0.1068276  0.075784841  0.004882434   2.948493e-03      0.0001899565         1  7.332906e-02    0.001007712      2.253505e-03            3.096841e-05
270 2013-08-09 11:36:45    298 340.0 162.0 162.5556 3.269655e-05 13.84382 0.1068276  0.067164022  0.004882332   2.613091e-03      0.0001899526         1  7.343089e-02    0.001007706      2.256635e-03            3.096821e-05
271 2013-08-09 11:37:00    299 340.6 162.1 162.6575 3.269655e-05 13.94572 0.1068276  0.071599062  0.004882385   2.785641e-03      0.0001899546         1  7.404190e-02    0.001007691      2.275412e-03            3.096775e-05
272 2013-08-09 11:37:15    300 340.7 162.0 162.5594 3.269655e-05 13.84763 0.1068276  0.067330195  0.004882334   2.619556e-03      0.0001899526         1  7.414374e-02    0.001007692      2.278541e-03            3.096779e-05
273 2013-08-09 11:37:30    301 341.2 162.1 162.6613 3.269655e-05 13.94954 0.1068276  0.071765235  0.004882386   2.792106e-03      0.0001899547         1  7.465291e-02    0.001007716      2.294189e-03            3.096852e-05
274 2013-08-09 11:37:45    302 341.3 162.2 162.7632 3.269655e-05 14.05145 0.1068276  0.076200276  0.004882439   2.964656e-03      0.0001899567         1  7.475475e-02    0.001007724      2.297319e-03            3.096876e-05

$dryleafvolt
             timestamp record LWSmV  SEmV    CSEmV     CSEmV.sd   loadmV loadmV.sd
1  2013-08-09 10:27:00     19 263.8 161.2 161.2229 3.269655e-05 12.51115 0.1068276
2  2013-08-09 10:27:15     20 263.8 161.5 161.5248 3.269655e-05 12.81306 0.1068276
3  2013-08-09 10:27:30     21 263.8 161.0 161.0267 3.269655e-05 12.31497 0.1068276
4  2013-08-09 10:27:45     22 263.8 161.1 161.1286 3.269655e-05 12.41688 0.1068276
5  2013-08-09 10:28:00     23 263.8 160.8 160.8305 3.269655e-05 12.11879 0.1068276
6  2013-08-09 10:28:15     24 263.8 160.9 160.9325 3.269655e-05 12.22070 0.1068276
7  2013-08-09 10:28:30     25 264.7   NaN      NaN 3.269655e-05      NaN 0.1068276
8  2013-08-09 10:28:45     26 263.8 160.7 160.7363 3.269655e-05 12.02452 0.1068276
9  2013-08-09 10:29:00     27 263.8 160.8 160.8382 3.269655e-05 12.12643 0.1068276
10 2013-08-09 10:29:15     28 263.8 160.9 160.9401 3.269655e-05 12.22834 0.1068276
11 2013-08-09 10:29:30     29 263.8 160.9 160.9420 3.269655e-05 12.23024 0.1068276

$runtime
Time difference of 1.1375 hours

$startcalibvolt
            timestamp record LWSmV  SEmV    CSEmV     CSEmV.sd   loadmV loadmV.sd
1 2013-08-09 10:24:30      9 263.8 270.9 270.9038 3.269655e-05 122.1921 0.1068276
2 2013-08-09 10:24:45     10 263.8 271.0 271.0057 3.269655e-05 122.2940 0.1068276
3 2013-08-09 10:25:00     11 263.8 271.1 271.1076 3.269655e-05 122.3959 0.1068276
4 2013-08-09 10:25:15     12 263.8 271.1 271.1095 3.269655e-05 122.3978 0.1068276
5 2013-08-09 10:25:30     13 263.8 271.3 271.3115 3.269655e-05 122.5997 0.1068276
6 2013-08-09 10:25:45     14 263.8 271.3 271.3134 3.269655e-05 122.6016 0.1068276
7 2013-08-09 10:26:00     15 263.8 271.4 271.4153 3.269655e-05 122.7035 0.1068276
8 2013-08-09 10:26:15     16 263.8 271.3 271.3172 3.269655e-05 122.6054 0.1068276

$endcalibvolt
            timestamp record LWSmV  SEmV
1 2013-08-09 11:41:15    316 265.1 270.7
2 2013-08-09 11:41:30    317 265.1 270.9
3 2013-08-09 11:41:45    318 265.1 270.9
4 2013-08-09 11:42:00    319 265.1 270.8
5 2013-08-09 11:42:15    320 265.1 270.7

$lastLWSvolt
[1] 339.9

$maxLWSvolt
[1] 342.3

$species
[1] "bay"

$trial
[1] "6"

$replicate
[1] "1"

$isvertical
[1] FALSE

$conversionfactor
         avg        stdev
1 0.04351953 1.342084e-05

$LWSwatermass
         avg       stdev
1 0.07262687 0.003550868

$dryleafmass
        avg       stdev
1 0.5353123 0.001479409

$lwsmodel

Call:
lm(formula = LWSsurfacedensity ~ record, data = rd[rd$runfilter == 
    1, ])

Coefficients:
(Intercept)       record  
 -4.554e-04    9.140e-06  


$leafmodel

Call:
lm(formula = surfacedensity ~ record, data = rd[rd$runfilter == 
    1, ])

Coefficients:
(Intercept)       record  
  6.729e-04    7.512e-06  


