$name
[1] "bay7"

$leafarea
[1] 24.27708

$startbasevolt
            timestamp record LWSmV  SEmV CSEmV CSEmV.sd      loadmV loadmV.sd
1 2013-08-09 11:47:00      3 265.1 151.2 151.2        0 -0.03682222 0.1101593
2 2013-08-09 11:47:15      4 265.1 151.1 151.1        0 -0.13682222 0.1101593
3 2013-08-09 11:47:30      5 265.1 151.3 151.3        0  0.06317778 0.1101593
4 2013-08-09 11:47:45      6 265.1 151.3 151.3        0  0.06317778 0.1101593
5 2013-08-09 11:48:00      7 265.1 151.3 151.3        0  0.06317778 0.1101593

$endbasevolt
            timestamp record LWSmV  SEmV    CSEmV     CSEmV.sd      loadmV loadmV.sd
1 2013-08-09 12:49:30    253 265.1 150.6 151.3036 4.657133e-05  0.06673778 0.1101593
2 2013-08-09 12:49:45    254 265.1 150.7 151.4064 4.657133e-05  0.16959778 0.1101593
3 2013-08-09 12:50:00    255 265.1 150.4 151.1093 4.657133e-05 -0.12754222 0.1101593
4 2013-08-09 12:50:15    256 265.1 150.4 151.1121 4.657133e-05 -0.12468222 0.1101593

$dryragvolt
            timestamp record LWSmV  SEmV    CSEmV     CSEmV.sd   loadmV loadmV.sd
1 2013-08-09 12:45:00    235 313.0 301.3 301.9521 4.657133e-05 150.7153 0.1101593
2 2013-08-09 12:45:15    236 312.7 301.4 302.0549 4.657133e-05 150.8181 0.1101593
3 2013-08-09 12:45:30    237 312.7 301.1 301.7578 4.657133e-05 150.5210 0.1101593
4 2013-08-09 12:45:45    238 312.3 301.0 301.6607 4.657133e-05 150.4238 0.1101593

$wetragvolt
            timestamp record LWSmV  SEmV    CSEmV     CSEmV.sd   loadmV loadmV.sd
1 2013-08-09 12:46:45    242 265.8 301.9 302.5721 4.657133e-05 151.3353 0.1101593
2 2013-08-09 12:47:00    243 265.5 301.9 302.5750 4.657133e-05 151.3381 0.1101593
3 2013-08-09 12:47:15    244 265.1 301.6 302.2778 4.657133e-05 151.0410 0.1101593
4 2013-08-09 12:47:30    245 265.1 301.7 302.3807 4.657133e-05 151.1439 0.1101593

$rundata
              timestamp record LWSmV  SEmV    CSEmV     CSEmV.sd   loadmV loadmV.sd     watermass watermass.sd surfacedensity surfacedensity.sd runfilter      LWSwater LWSwater.stdev LWSsurfacedensity LWSsurfacedensity.stdev
1   2013-08-09 11:54:00     31 265.1 162.5 162.5686 4.657133e-05 11.33182 0.1101593 -1.240307e-03  0.004978796  -5.108964e-05      0.0002050822         0 -2.843756e-03    0.001285489     -8.739263e-05            3.950488e-05
2   2013-08-09 11:54:15     32 265.7 162.6 162.6715 4.657133e-05 11.43468 0.1101593  3.227672e-03  0.004978915   1.329514e-04      0.0002050871         0 -2.232744e-03    0.001281556     -6.861538e-05            3.938403e-05
3   2013-08-09 11:54:30     33 265.8 162.6 162.6744 4.657133e-05 11.43754 0.1101593  3.351903e-03  0.004978918   1.380687e-04      0.0002050872         0 -2.130909e-03    0.001280903     -6.548584e-05            3.936394e-05
4   2013-08-09 11:54:45     34 265.8 162.5 162.5772 4.657133e-05 11.34040 0.1101593 -8.676136e-04  0.004978806  -3.573797e-05      0.0002050826         0 -2.130909e-03    0.001280903     -6.548584e-05            3.936394e-05
5   2013-08-09 11:55:00     35 265.8 162.4 162.4801 4.657133e-05 11.24326 0.1101593 -5.087130e-03  0.004978694  -2.095446e-04      0.0002050780         0 -2.130909e-03    0.001280903     -6.548584e-05            3.936394e-05
6   2013-08-09 11:55:15     36 265.9 162.5 162.5829 4.657133e-05 11.34612 0.1101593 -6.191512e-04  0.004978812  -2.550353e-05      0.0002050829         0 -2.029074e-03    0.001280250     -6.235629e-05            3.934388e-05
7   2013-08-09 11:55:30     37 266.4 162.5 162.5858 4.657133e-05 11.34898 0.1101593 -4.949200e-04  0.004978816  -2.038631e-05      0.0002050830         0 -1.519897e-03    0.001276993     -4.670858e-05            3.924379e-05
8   2013-08-09 11:55:45     38 266.5 162.6 162.6887 4.657133e-05 11.45184 0.1101593  3.973059e-03  0.004978935   1.636548e-04      0.0002050879         0 -1.418062e-03    0.001276343     -4.357904e-05            3.922382e-05
9   2013-08-09 11:56:00     39 266.5 162.6 162.6915 4.657133e-05 11.45470 0.1101593  4.097290e-03  0.004978938   1.687720e-04      0.0002050881         0 -1.418062e-03    0.001276343     -4.357904e-05            3.922382e-05
10  2013-08-09 11:56:15     40 266.5 162.5 162.5944 4.657133e-05 11.35756 0.1101593 -1.222264e-04  0.004978826  -5.034642e-06      0.0002050834         0 -1.418062e-03    0.001276343     -4.357904e-05            3.922382e-05
11  2013-08-09 11:56:30     41 267.1 162.5 162.5972 4.657133e-05 11.36042 0.1101593  2.004807e-06  0.004978829   8.258024e-08      0.0002050835         0 -8.070501e-04    0.001272456     -2.480179e-05            3.910438e-05
12  2013-08-09 11:56:45     42 267.1 162.5 162.6001 4.657133e-05 11.36328 0.1101593  1.262360e-04  0.004978832   5.199802e-06      0.0002050837         0 -8.070501e-04    0.001272456     -2.480179e-05            3.910438e-05
13  2013-08-09 11:57:00     43 267.1 162.7 162.8030 4.657133e-05 11.56614 0.1101593  8.937963e-03  0.004979069   3.681647e-04      0.0002050934         0 -8.070501e-04    0.001272456     -2.480179e-05            3.910438e-05
14  2013-08-09 11:57:15     44 267.5 162.5 162.6058 4.657133e-05 11.36900 0.1101593  3.746984e-04  0.004978839   1.543425e-05      0.0002050840         0 -3.997088e-04    0.001269876     -1.228362e-05            3.902509e-05
15  2013-08-09 11:57:30     45 267.8 162.5 162.6087 4.657133e-05 11.37186 0.1101593  4.989296e-04  0.004978842   2.055147e-05      0.0002050841         0 -9.420292e-05    0.001267947     -2.894988e-06            3.896579e-05
16  2013-08-09 11:57:45     46 267.8 162.4 162.5115 4.657133e-05 11.27472 0.1101593 -3.720587e-03  0.004978730  -1.532552e-04      0.0002050795         0 -9.420292e-05    0.001267947     -2.894988e-06            3.896579e-05
17  2013-08-09 11:58:00     47 267.8 162.5 162.6144 4.657133e-05 11.37758 0.1101593  7.473920e-04  0.004978849   3.078591e-05      0.0002050844         0 -9.420292e-05    0.001267947     -2.894988e-06            3.896579e-05
18  2013-08-09 11:58:15     48 268.5 162.6 162.7173 4.657133e-05 11.48044 0.1101593  5.215371e-03  0.004978969   2.148270e-04      0.0002050893         0  6.186443e-04    0.001263465      1.901181e-05            3.882805e-05
19  2013-08-09 11:58:30     49 268.5 162.6 162.7201 4.657133e-05 11.48330 0.1101593  5.339602e-03  0.004978972   2.199442e-04      0.0002050894         0  6.186443e-04    0.001263465      1.901181e-05            3.882805e-05
20  2013-08-09 11:58:45     50 268.5 162.6 162.7230 4.657133e-05 11.48616 0.1101593  5.463834e-03  0.004978975   2.250614e-04      0.0002050896         0  6.186443e-04    0.001263465      1.901181e-05            3.882805e-05
21  2013-08-09 11:59:00     51 269.0 162.6 162.7258 4.657133e-05 11.48902 0.1101593  5.588065e-03  0.004978979   2.301787e-04      0.0002050897         0  1.127821e-03    0.001260280      3.465952e-05            3.873018e-05
22  2013-08-09 11:59:15     52 269.2 162.5 162.6287 4.657133e-05 11.39188 0.1101593  1.368548e-03  0.004978865   5.637202e-05      0.0002050850         0  1.331491e-03    0.001259010      4.091861e-05            3.869116e-05
23  2013-08-09 11:59:30     53 269.2 162.6 162.7316 4.657133e-05 11.49474 0.1101593  5.836527e-03  0.004978985   2.404131e-04      0.0002050900         0  1.331491e-03    0.001259010      4.091861e-05            3.869116e-05
24  2013-08-09 11:59:45     54 269.6 162.6 162.7344 4.657133e-05 11.49760 0.1101593  5.960758e-03  0.004978989   2.455303e-04      0.0002050901         0  1.738833e-03    0.001256477      5.343678e-05            3.861332e-05
25  2013-08-09 12:00:00     55 269.9 162.7 162.8373 4.657133e-05 11.60046 0.1101593  1.042874e-02  0.004979110   4.295714e-04      0.0002050951         0  2.044339e-03    0.001254584      6.282540e-05            3.855512e-05
26  2013-08-09 12:00:15     56 269.9 162.6 162.7401 4.657133e-05 11.50332 0.1101593  6.209221e-03  0.004978995   2.557648e-04      0.0002050904         0  2.044339e-03    0.001254584      6.282540e-05            3.855512e-05
27  2013-08-09 12:00:30     57 270.3 162.6 162.7430 4.657133e-05 11.50618 0.1101593  6.333452e-03  0.004978999   2.608820e-04      0.0002050905         0  2.451680e-03    0.001252067      7.534357e-05            3.847778e-05
28  2013-08-09 12:00:45     58 270.5 162.7 162.8459 4.657133e-05 11.60904 0.1101593  1.080143e-02  0.004979120   4.449231e-04      0.0002050955         0  2.655350e-03    0.001250812      8.160266e-05            3.843921e-05
29  2013-08-09 12:01:00     59 270.5 162.5 162.6487 4.657133e-05 11.41190 0.1101593  2.238166e-03  0.004978889   9.219258e-05      0.0002050860         0  2.655350e-03    0.001250812      8.160266e-05            3.843921e-05
30  2013-08-09 12:01:15     60 271.0 162.5 162.6516 4.657133e-05 11.41476 0.1101593  2.362397e-03  0.004978892   9.730980e-05      0.0002050861         0  3.164527e-03    0.001247685      9.725037e-05            3.834311e-05
31  2013-08-09 12:01:30     61 271.2 162.5 162.6544 4.657133e-05 11.41762 0.1101593  2.486629e-03  0.004978895   1.024270e-04      0.0002050863         0  3.368198e-03    0.001246438      1.035095e-04            3.830479e-05
32  2013-08-09 12:01:45     62 271.2 162.6 162.7573 4.657133e-05 11.52048 0.1101593  6.954608e-03  0.004979015   2.864681e-04      0.0002050912         0  3.368198e-03    0.001246438      1.035095e-04            3.830479e-05
33  2013-08-09 12:02:00     63 271.8 162.5 162.6602 4.657133e-05 11.42334 0.1101593  2.735091e-03  0.004978902   1.126615e-04      0.0002050866         0  3.979209e-03    0.001242712      1.222867e-04            3.819028e-05
34  2013-08-09 12:02:15     64 271.9 162.5 162.6630 4.657133e-05 11.42620 0.1101593  2.859322e-03  0.004978905   1.177787e-04      0.0002050867         0  4.081045e-03    0.001242093      1.254163e-04            3.817126e-05
35  2013-08-09 12:02:30     65 271.9 162.5 162.6659 4.657133e-05 11.42906 0.1101593  2.983553e-03  0.004978909   1.228959e-04      0.0002050868         0  4.081045e-03    0.001242093      1.254163e-04            3.817126e-05
36  2013-08-09 12:02:45     66 272.4 162.6 162.7687 4.657133e-05 11.53192 0.1101593  7.451533e-03  0.004979029   3.069370e-04      0.0002050918         0  4.590221e-03    0.001239007      1.410640e-04            3.807642e-05
37  2013-08-09 12:03:00     67 272.6 162.5 162.6716 4.657133e-05 11.43478 0.1101593  3.232016e-03  0.004978915   1.331304e-04      0.0002050871         0  4.793892e-03    0.001237777      1.473230e-04            3.803862e-05
38  2013-08-09 12:03:15     68 272.6 162.5 162.6745 4.657133e-05 11.43764 0.1101593  3.356247e-03  0.004978919   1.382476e-04      0.0002050872         0  4.793892e-03    0.001237777      1.473230e-04            3.803862e-05
39  2013-08-09 12:03:30     69 273.2 162.4 162.5773 4.657133e-05 11.34050 0.1101593 -8.632698e-04  0.004978806  -3.555905e-05      0.0002050826         0  5.404904e-03    0.001234101      1.661003e-04            3.792565e-05
40  2013-08-09 12:03:45     70 273.3 162.7 162.8802 4.657133e-05 11.64336 0.1101593  1.229221e-02  0.004979160   5.063297e-04      0.0002050972         0  5.506739e-03    0.001233490      1.692298e-04            3.790688e-05
41  2013-08-09 12:04:00     71 273.3 162.5 162.6830 4.657133e-05 11.44622 0.1101593  3.728941e-03  0.004978929   1.535992e-04      0.0002050876         0  5.506739e-03    0.001233490      1.692298e-04            3.790688e-05
42  2013-08-09 12:04:15     72 273.9 162.6 162.7859 4.657133e-05 11.54908 0.1101593  8.196920e-03  0.004979049   3.376403e-04      0.0002050926         0  6.117751e-03    0.001229839      1.880071e-04            3.779469e-05
43  2013-08-09 12:04:30     73 273.9 162.7 162.8888 4.657133e-05 11.65194 0.1101593  1.266490e-02  0.004979170   5.216814e-04      0.0002050976         0  6.117751e-03    0.001229839      1.880071e-04            3.779469e-05
44  2013-08-09 12:04:45     74 274.1 162.7 162.8916 4.657133e-05 11.65480 0.1101593  1.278913e-02  0.004979174   5.267986e-04      0.0002050978         1  6.321422e-03    0.001228627      1.942662e-04            3.775744e-05
45  2013-08-09 12:05:00     75 274.6 162.4 162.5945 4.657133e-05 11.35766 0.1101593 -1.178826e-04  0.004978826  -4.855718e-06      0.0002050834         0  6.830598e-03    0.001225608      2.099139e-04            3.766465e-05
46  2013-08-09 12:05:15     76 274.6 162.7 162.8973 4.657133e-05 11.66052 0.1101593  1.303759e-02  0.004979181   5.370331e-04      0.0002050980         1  6.830598e-03    0.001225608      2.099139e-04            3.766465e-05
47  2013-08-09 12:05:30     77 274.8 162.6 162.8002 4.657133e-05 11.56338 0.1101593  8.818076e-03  0.004979066   3.632264e-04      0.0002050933         0  7.034269e-03    0.001224404      2.161730e-04            3.762767e-05
48  2013-08-09 12:05:45     78 275.3 162.8 163.0031 4.657133e-05 11.76624 0.1101593  1.762980e-02  0.004979307   7.261914e-04      0.0002051032         1  7.543445e-03    0.001221407      2.318207e-04            3.753555e-05
49  2013-08-09 12:06:00     79 275.3 162.9 163.1059 4.657133e-05 11.86910 0.1101593  2.209778e-02  0.004979430   9.102324e-04      0.0002051083         1  7.543445e-03    0.001221407      2.318207e-04            3.753555e-05
50  2013-08-09 12:06:15     80 275.7 162.6 162.8088 4.657133e-05 11.57196 0.1101593  9.190769e-03  0.004979076   3.785781e-04      0.0002050937         0  7.950787e-03    0.001219020      2.443389e-04            3.746220e-05
51  2013-08-09 12:06:30     81 276.0 162.5 162.7116 4.657133e-05 11.47482 0.1101593  4.971253e-03  0.004978962   2.047715e-04      0.0002050890         0  8.256292e-03    0.001217236      2.537275e-04            3.740738e-05
52  2013-08-09 12:06:45     82 276.0 162.7 162.9145 4.657133e-05 11.67768 0.1101593  1.378298e-02  0.004979201   5.677364e-04      0.0002050989         1  8.256292e-03    0.001217236      2.537275e-04            3.740738e-05
53  2013-08-09 12:07:00     83 276.5 162.6 162.8174 4.657133e-05 11.58054 0.1101593  9.563463e-03  0.004979086   3.939298e-04      0.0002050941         0  8.765469e-03    0.001214276      2.693752e-04            3.731642e-05
54  2013-08-09 12:07:15     84 276.6 162.7 162.9202 4.657133e-05 11.68340 0.1101593  1.403144e-02  0.004979208   5.779708e-04      0.0002050992         1  8.867304e-03    0.001213686      2.725047e-04            3.729828e-05
55  2013-08-09 12:07:30     85 276.7 162.6 162.8231 4.657133e-05 11.58626 0.1101593  9.811925e-03  0.004979093   4.041642e-04      0.0002050944         0  8.969140e-03    0.001213097      2.756343e-04            3.728017e-05
56  2013-08-09 12:07:45     86 277.3 162.8 163.0259 4.657133e-05 11.78912 0.1101593  1.862365e-02  0.004979334   7.671291e-04      0.0002051044         1  9.580152e-03    0.001209573      2.944115e-04            3.717189e-05
57  2013-08-09 12:08:00     87 277.3 162.6 162.8288 4.657133e-05 11.59198 0.1101593  1.006039e-02  0.004979100   4.143986e-04      0.0002050947         0  9.580152e-03    0.001209573      2.944115e-04            3.717189e-05
58  2013-08-09 12:08:15     88 277.5 162.8 163.0317 4.657133e-05 11.79484 0.1101593  1.887212e-02  0.004979341   7.773636e-04      0.0002051046         1  9.783822e-03    0.001208404      3.006706e-04            3.713595e-05
59  2013-08-09 12:08:30     89 278.0 162.7 162.9345 4.657133e-05 11.69770 0.1101593  1.465260e-02  0.004979225   6.035569e-04      0.0002050999         1  1.029300e-02    0.001205492      3.163183e-04            3.704646e-05
60  2013-08-09 12:08:45     90 278.0 162.8 163.0374 4.657133e-05 11.80056 0.1101593  1.912058e-02  0.004979348   7.875980e-04      0.0002051049         1  1.029300e-02    0.001205492      3.163183e-04            3.704646e-05
61  2013-08-09 12:09:00     91 278.3 162.7 162.9402 4.657133e-05 11.70342 0.1101593  1.490106e-02  0.004979232   6.137914e-04      0.0002051001         1  1.059850e-02    0.001203752      3.257070e-04            3.699300e-05
62  2013-08-09 12:09:15     92 278.7 162.9 163.1431 4.657133e-05 11.90628 0.1101593  2.371279e-02  0.004979475   9.767563e-04      0.0002051102         1  1.100585e-02    0.001201442      3.382251e-04            3.692201e-05
63  2013-08-09 12:09:30     93 278.7 162.9 163.1460 4.657133e-05 11.90914 0.1101593  2.383702e-02  0.004979479   9.818735e-04      0.0002051103         1  1.100585e-02    0.001201442      3.382251e-04            3.692201e-05
64  2013-08-09 12:09:45     94 279.0 162.8 163.0488 4.657133e-05 11.81200 0.1101593  1.961750e-02  0.004979362   8.080669e-04      0.0002051055         1  1.131135e-02    0.001199716      3.476138e-04            3.686898e-05
65  2013-08-09 12:10:00     95 279.4 162.6 162.8517 4.657133e-05 11.61486 0.1101593  1.105424e-02  0.004979127   4.553364e-04      0.0002050958         0  1.171869e-02    0.001197425      3.601319e-04            3.679855e-05
66  2013-08-09 12:10:15     96 279.4 162.6 162.8545 4.657133e-05 11.61772 0.1101593  1.117847e-02  0.004979130   4.604536e-04      0.0002050959         0  1.171869e-02    0.001197425      3.601319e-04            3.679855e-05
67  2013-08-09 12:10:30     97 279.7 162.8 163.0574 4.657133e-05 11.82058 0.1101593  1.999020e-02  0.004979372   8.234186e-04      0.0002051059         1  1.202420e-02    0.001195713      3.695206e-04            3.674594e-05
68  2013-08-09 12:10:45     98 280.0 162.8 163.0603 4.657133e-05 11.82344 0.1101593  2.011443e-02  0.004979375   8.285358e-04      0.0002051061         1  1.232970e-02    0.001194007      3.789092e-04            3.669352e-05
69  2013-08-09 12:11:00     99 280.0 162.7 162.9631 4.657133e-05 11.72630 0.1101593  1.589491e-02  0.004979259   6.547292e-04      0.0002051013         1  1.232970e-02    0.001194007      3.789092e-04            3.669352e-05
70  2013-08-09 12:11:15    100 280.3 162.6 162.8660 4.657133e-05 11.62916 0.1101593  1.167539e-02  0.004979143   4.809225e-04      0.0002050965         0  1.263521e-02    0.001192307      3.882978e-04            3.664128e-05
71  2013-08-09 12:11:30    101 280.7 162.6 162.8688 4.657133e-05 11.63202 0.1101593  1.179962e-02  0.004979147   4.860398e-04      0.0002050966         0  1.304255e-02    0.001190050      4.008160e-04            3.657191e-05
72  2013-08-09 12:11:45    102 280.7 162.6 162.8717 4.657133e-05 11.63488 0.1101593  1.192386e-02  0.004979150   4.911570e-04      0.0002050968         0  1.304255e-02    0.001190050      4.008160e-04            3.657191e-05
73  2013-08-09 12:12:00    103 281.2 162.8 163.0746 4.657133e-05 11.83774 0.1101593  2.073558e-02  0.004979393   8.541219e-04      0.0002051068         1  1.355173e-02    0.001187244      4.164637e-04            3.648567e-05
74  2013-08-09 12:12:15    104 281.4 162.8 163.0774 4.657133e-05 11.84060 0.1101593  2.085981e-02  0.004979396   8.592391e-04      0.0002051069         1  1.375540e-02    0.001186126      4.227228e-04            3.645133e-05
75  2013-08-09 12:12:30    105 281.4 162.9 163.1803 4.657133e-05 11.94346 0.1101593  2.532779e-02  0.004979521   1.043280e-03      0.0002051120         1  1.375540e-02    0.001186126      4.227228e-04            3.645133e-05
76  2013-08-09 12:12:45    106 281.9 162.9 163.1831 4.657133e-05 11.94632 0.1101593  2.545202e-02  0.004979524   1.048397e-03      0.0002051122         1  1.426458e-02    0.001183344      4.383705e-04            3.636582e-05
77  2013-08-09 12:13:00    107 282.1 162.7 162.9860 4.657133e-05 11.74918 0.1101593  1.688876e-02  0.004979286   6.956669e-04      0.0002051024         1  1.446825e-02    0.001182236      4.446296e-04            3.633177e-05
78  2013-08-09 12:13:15    108 282.1 162.7 162.9889 4.657133e-05 11.75204 0.1101593  1.701299e-02  0.004979290   7.007842e-04      0.0002051025         1  1.446825e-02    0.001182236      4.446296e-04            3.633177e-05
79  2013-08-09 12:13:30    109 282.7 162.9 163.1917 4.657133e-05 11.95490 0.1101593  2.582472e-02  0.004979535   1.063749e-03      0.0002051126         1  1.507926e-02    0.001178928      4.634068e-04            3.623011e-05
80  2013-08-09 12:13:45    110 282.8 163.1 163.3946 4.657133e-05 12.15776 0.1101593  3.463645e-02  0.004979783   1.426714e-03      0.0002051229         1  1.518109e-02    0.001178379      4.665364e-04            3.621324e-05
81  2013-08-09 12:14:00    111 282.8 162.9 163.1974 4.657133e-05 11.96062 0.1101593  2.607318e-02  0.004979541   1.073984e-03      0.0002051129         1  1.518109e-02    0.001178379      4.665364e-04            3.621324e-05
82  2013-08-09 12:14:15    112 283.4 162.9 163.2003 4.657133e-05 11.96348 0.1101593  2.619741e-02  0.004979545   1.079101e-03      0.0002051130         1  1.579211e-02    0.001175100      4.853136e-04            3.611248e-05
83  2013-08-09 12:14:30    113 283.4 162.9 163.2032 4.657133e-05 11.96634 0.1101593  2.632164e-02  0.004979548   1.084218e-03      0.0002051132         1  1.579211e-02    0.001175100      4.853136e-04            3.611248e-05
84  2013-08-09 12:14:45    114 283.8 162.8 163.1060 4.657133e-05 11.86920 0.1101593  2.210213e-02  0.004979431   9.104113e-04      0.0002051083         1  1.619945e-02    0.001172928      4.978318e-04            3.604574e-05
85  2013-08-09 12:15:00    115 284.1 162.9 163.2089 4.657133e-05 11.97206 0.1101593  2.657011e-02  0.004979555   1.094452e-03      0.0002051135         1  1.650495e-02    0.001171307      5.072204e-04            3.599591e-05
86  2013-08-09 12:15:15    116 284.1 163.1 163.4117 4.657133e-05 12.17492 0.1101593  3.538183e-02  0.004979805   1.457417e-03      0.0002051237         1  1.650495e-02    0.001171307      5.072204e-04            3.599591e-05
87  2013-08-09 12:15:30    117 284.6 162.9 163.2146 4.657133e-05 11.97778 0.1101593  2.681857e-02  0.004979562   1.104687e-03      0.0002051138         1  1.701413e-02    0.001168619      5.228681e-04            3.591329e-05
88  2013-08-09 12:15:45    118 284.8 163.1 163.4175 4.657133e-05 12.18064 0.1101593  3.563030e-02  0.004979812   1.467652e-03      0.0002051240         1  1.721780e-02    0.001167548      5.291272e-04            3.588040e-05
89  2013-08-09 12:16:00    119 284.9 163.0 163.3203 4.657133e-05 12.08350 0.1101593  3.141078e-02  0.004979692   1.293845e-03      0.0002051191         1  1.731964e-02    0.001167014      5.322568e-04            3.586399e-05
90  2013-08-09 12:16:15    120 285.5 163.1 163.4232 4.657133e-05 12.18636 0.1101593  3.587876e-02  0.004979819   1.477886e-03      0.0002051243         1  1.793065e-02    0.001163825      5.510340e-04            3.576597e-05
91  2013-08-09 12:16:30    121 285.5 162.9 163.2260 4.657133e-05 11.98922 0.1101593  2.731549e-02  0.004979576   1.125156e-03      0.0002051143         1  1.793065e-02    0.001163825      5.510340e-04            3.576597e-05
92  2013-08-09 12:16:45    122 285.6 162.9 163.2289 4.657133e-05 11.99208 0.1101593  2.743972e-02  0.004979580   1.130273e-03      0.0002051145         1  1.803248e-02    0.001163296      5.541636e-04            3.574971e-05
93  2013-08-09 12:17:00    123 286.2 162.7 163.0318 4.657133e-05 11.79494 0.1101593  1.887646e-02  0.004979341   7.775425e-04      0.0002051046         1  1.864349e-02    0.001160136      5.729408e-04            3.565262e-05
94  2013-08-09 12:17:15    124 286.2 162.9 163.2346 4.657133e-05 11.99780 0.1101593  2.768819e-02  0.004979587   1.140507e-03      0.0002051148         1  1.864349e-02    0.001160136      5.729408e-04            3.565262e-05
95  2013-08-09 12:17:30    125 286.7 163.1 163.4375 4.657133e-05 12.20066 0.1101593  3.649991e-02  0.004979837   1.503472e-03      0.0002051251         1  1.915267e-02    0.001157524      5.885885e-04            3.557233e-05
96  2013-08-09 12:17:45    126 286.8 163.0 163.3403 4.657133e-05 12.10352 0.1101593  3.228040e-02  0.004979717   1.329666e-03      0.0002051201         1  1.925451e-02    0.001157003      5.917181e-04            3.555634e-05
97  2013-08-09 12:18:00    127 286.9 162.8 163.1432 4.657133e-05 11.90638 0.1101593  2.371713e-02  0.004979476   9.769352e-04      0.0002051102         1  1.935634e-02    0.001156484      5.948476e-04            3.554037e-05
98  2013-08-09 12:18:15    128 287.5 163.0 163.3461 4.657133e-05 12.10924 0.1101593  3.252886e-02  0.004979724   1.339900e-03      0.0002051204         1  1.996735e-02    0.001153382      6.136249e-04            3.544504e-05
99  2013-08-09 12:18:30    129 287.5 163.0 163.3489 4.657133e-05 12.11210 0.1101593  3.265309e-02  0.004979727   1.345017e-03      0.0002051205         1  1.996735e-02    0.001153382      6.136249e-04            3.544504e-05
100 2013-08-09 12:18:45    130 287.8 162.9 163.2518 4.657133e-05 12.01496 0.1101593  2.843357e-02  0.004979608   1.171211e-03      0.0002051156         1  2.027286e-02    0.001151841      6.230135e-04            3.539768e-05
101 2013-08-09 12:19:00    131 288.2 163.0 163.3546 4.657133e-05 12.11782 0.1101593  3.290155e-02  0.004979734   1.355252e-03      0.0002051208         1  2.068020e-02    0.001149796      6.355317e-04            3.533486e-05
102 2013-08-09 12:19:15    132 288.2 163.2 163.5575 4.657133e-05 12.32068 0.1101593  4.171328e-02  0.004979986   1.718217e-03      0.0002051312         1  2.068020e-02    0.001149796      6.355317e-04            3.533486e-05
103 2013-08-09 12:19:30    133 288.6 162.9 163.2604 4.657133e-05 12.02354 0.1101593  2.880627e-02  0.004979618   1.186562e-03      0.0002051161         1  2.108754e-02    0.001147764      6.480498e-04            3.527240e-05
104 2013-08-09 12:19:45    134 288.9 162.9 163.2632 4.657133e-05 12.02640 0.1101593  2.893050e-02  0.004979622   1.191680e-03      0.0002051162         1  2.139305e-02    0.001146247      6.574385e-04            3.522580e-05
105 2013-08-09 12:20:00    135 288.9 163.0 163.3661 4.657133e-05 12.12926 0.1101593  3.339848e-02  0.004979748   1.375721e-03      0.0002051214         1  2.139305e-02    0.001146247      6.574385e-04            3.522580e-05
106 2013-08-09 12:20:15    136 289.5 163.0 163.3689 4.657133e-05 12.13212 0.1101593  3.352271e-02  0.004979752   1.380838e-03      0.0002051216         1  2.200406e-02    0.001143235      6.762157e-04            3.513322e-05
107 2013-08-09 12:20:30    137 289.6 163.0 163.3718 4.657133e-05 12.13498 0.1101593  3.364694e-02  0.004979755   1.385955e-03      0.0002051217         1  2.210589e-02    0.001142736      6.793453e-04            3.511788e-05
108 2013-08-09 12:20:45    138 289.8 163.1 163.4747 4.657133e-05 12.23784 0.1101593  3.811492e-02  0.004979883   1.569996e-03      0.0002051270         1  2.230957e-02    0.001141739      6.856043e-04            3.508725e-05
109 2013-08-09 12:21:00    139 290.2 162.9 163.2775 4.657133e-05 12.04070 0.1101593  2.955165e-02  0.004979639   1.217266e-03      0.0002051169         1  2.271691e-02    0.001139755      6.981225e-04            3.502629e-05
110 2013-08-09 12:21:15    140 290.2 163.0 163.3804 4.657133e-05 12.14356 0.1101593  3.401963e-02  0.004979766   1.401307e-03      0.0002051221         1  2.271691e-02    0.001139755      6.981225e-04            3.502629e-05
111 2013-08-09 12:21:30    141 290.7 163.0 163.3832 4.657133e-05 12.14642 0.1101593  3.414386e-02  0.004979769   1.406424e-03      0.0002051223         1  2.322608e-02    0.001137293      7.137702e-04            3.495061e-05
112 2013-08-09 12:21:45    142 290.9 163.1 163.4861 4.657133e-05 12.24928 0.1101593  3.861184e-02  0.004979897   1.590465e-03      0.0002051275         1  2.342975e-02    0.001136313      7.200293e-04            3.492050e-05
113 2013-08-09 12:22:00    143 290.9 163.1 163.4890 4.657133e-05 12.25214 0.1101593  3.873607e-02  0.004979901   1.595582e-03      0.0002051277         1  2.342975e-02    0.001136313      7.200293e-04            3.492050e-05
114 2013-08-09 12:22:15    144 291.5 163.0 163.3918 4.657133e-05 12.15500 0.1101593  3.451656e-02  0.004979780   1.421776e-03      0.0002051227         1  2.404077e-02    0.001133393      7.388066e-04            3.483076e-05
115 2013-08-09 12:22:30    145 291.6 163.0 163.3947 4.657133e-05 12.15786 0.1101593  3.464079e-02  0.004979784   1.426893e-03      0.0002051229         1  2.414260e-02    0.001132909      7.419361e-04            3.481589e-05
116 2013-08-09 12:22:45    146 291.7 163.2 163.5975 4.657133e-05 12.36072 0.1101593  4.345252e-02  0.004980037   1.789858e-03      0.0002051333         1  2.424444e-02    0.001132426      7.450656e-04            3.480104e-05
117 2013-08-09 12:23:00    147 292.3 163.0 163.4004 4.657133e-05 12.16358 0.1101593  3.488925e-02  0.004979791   1.437127e-03      0.0002051232         1  2.485545e-02    0.001129543      7.638429e-04            3.471245e-05
118 2013-08-09 12:23:15    148 292.3 163.1 163.5033 4.657133e-05 12.26644 0.1101593  3.935723e-02  0.004979919   1.621168e-03      0.0002051284         1  2.485545e-02    0.001129543      7.638429e-04            3.471245e-05
119 2013-08-09 12:23:30    149 292.6 163.0 163.4061 4.657133e-05 12.16930 0.1101593  3.513771e-02  0.004979798   1.447362e-03      0.0002051235         1  2.516095e-02    0.001128112      7.732315e-04            3.466848e-05
120 2013-08-09 12:23:45    150 293.0 163.0 163.4090 4.657133e-05 12.17216 0.1101593  3.526195e-02  0.004979801   1.452479e-03      0.0002051236         1  2.556830e-02    0.001126216      7.857497e-04            3.461020e-05
121 2013-08-09 12:24:00    151 293.0 162.9 163.3118 4.657133e-05 12.07502 0.1101593  3.104243e-02  0.004979681   1.278672e-03      0.0002051187         1  2.556830e-02    0.001126216      7.857497e-04            3.461020e-05
122 2013-08-09 12:24:15    152 293.6 163.1 163.5147 4.657133e-05 12.27788 0.1101593  3.985416e-02  0.004979933   1.641637e-03      0.0002051290         1  2.617931e-02    0.001123395      8.045270e-04            3.452351e-05
123 2013-08-09 12:24:30    153 293.6 163.1 163.5176 4.657133e-05 12.28074 0.1101593  3.997839e-02  0.004979936   1.646755e-03      0.0002051292         1  2.617931e-02    0.001123395      8.045270e-04            3.452351e-05
124 2013-08-09 12:24:45    154 293.8 163.2 163.6204 4.657133e-05 12.38360 0.1101593  4.444637e-02  0.004980066   1.830796e-03      0.0002051345         1  2.638298e-02    0.001122461      8.107860e-04            3.449481e-05
125 2013-08-09 12:25:00    155 294.3 163.1 163.5233 4.657133e-05 12.28646 0.1101593  4.022685e-02  0.004979944   1.656989e-03      0.0002051295         1  2.689215e-02    0.001120141      8.264337e-04            3.442350e-05
126 2013-08-09 12:25:15    156 294.3 163.0 163.4261 4.657133e-05 12.18932 0.1101593  3.600733e-02  0.004979823   1.483182e-03      0.0002051245         1  2.689215e-02    0.001120141      8.264337e-04            3.442350e-05
127 2013-08-09 12:25:30    157 294.8 163.2 163.6290 4.657133e-05 12.39218 0.1101593  4.481906e-02  0.004980076   1.846147e-03      0.0002051349         1  2.740133e-02    0.001117840      8.420815e-04            3.435280e-05
128 2013-08-09 12:25:45    158 295.0 163.3 163.7319 4.657133e-05 12.49504 0.1101593  4.928704e-02  0.004980207   2.030188e-03      0.0002051403         1  2.760500e-02    0.001116926      8.483405e-04            3.432470e-05
129 2013-08-09 12:26:00    159 295.0 163.0 163.4347 4.657133e-05 12.19790 0.1101593  3.638003e-02  0.004979833   1.498534e-03      0.0002051249         1  2.760500e-02    0.001116926      8.483405e-04            3.432470e-05
130 2013-08-09 12:26:15    160 295.5 163.2 163.6376 4.657133e-05 12.40076 0.1101593  4.519175e-02  0.004980087   1.861499e-03      0.0002051354         1  2.811418e-02    0.001114654      8.639883e-04            3.425488e-05
131 2013-08-09 12:26:30    161 295.7 163.1 163.5404 4.657133e-05 12.30362 0.1101593  4.097224e-02  0.004979965   1.687692e-03      0.0002051303         1  2.831785e-02    0.001113751      8.702473e-04            3.422713e-05
132 2013-08-09 12:26:45    162 295.8 163.3 163.7433 4.657133e-05 12.50648 0.1101593  4.978396e-02  0.004980221   2.050657e-03      0.0002051409         1  2.841968e-02    0.001113301      8.733769e-04            3.421330e-05
133 2013-08-09 12:27:00    163 296.4 163.2 163.6462 4.657133e-05 12.40934 0.1101593  4.556445e-02  0.004980098   1.876851e-03      0.0002051358         1  2.903070e-02    0.001110616      8.921541e-04            3.413080e-05
134 2013-08-09 12:27:15    164 296.4 163.0 163.4490 4.657133e-05 12.21220 0.1101593  3.700118e-02  0.004979851   1.524120e-03      0.0002051256         1  2.903070e-02    0.001110616      8.921541e-04            3.413080e-05
135 2013-08-09 12:27:30    165 296.8 163.1 163.5519 4.657133e-05 12.31506 0.1101593  4.146916e-02  0.004979979   1.708161e-03      0.0002051309         1  2.943804e-02    0.001108843      9.046723e-04            3.407632e-05
136 2013-08-09 12:27:45    166 297.0 163.1 163.5547 4.657133e-05 12.31792 0.1101593  4.159339e-02  0.004979983   1.713278e-03      0.0002051311         1  2.964171e-02    0.001107962      9.109314e-04            3.404923e-05
137 2013-08-09 12:28:00    167 297.3 163.4 163.8576 4.657133e-05 12.62078 0.1101593  5.474887e-02  0.004980367   2.255167e-03      0.0002051469         1  2.994721e-02    0.001106646      9.203200e-04            3.400879e-05
138 2013-08-09 12:28:15    168 297.7 163.4 163.8605 4.657133e-05 12.62364 0.1101593  5.487310e-02  0.004980371   2.260284e-03      0.0002051471         1  3.035455e-02    0.001104903      9.328382e-04            3.395523e-05
139 2013-08-09 12:28:30    169 297.7 163.3 163.7633 4.657133e-05 12.52650 0.1101593  5.065358e-02  0.004980247   2.086478e-03      0.0002051419         1  3.035455e-02    0.001104903      9.328382e-04            3.395523e-05
140 2013-08-09 12:28:45    170 298.0 163.3 163.7662 4.657133e-05 12.52936 0.1101593  5.077781e-02  0.004980250   2.091595e-03      0.0002051421         1  3.066006e-02    0.001103605      9.422268e-04            3.391534e-05
141 2013-08-09 12:29:00    171 298.4 163.1 163.5690 4.657133e-05 12.33222 0.1101593  4.221455e-02  0.004980001   1.738865e-03      0.0002051318         1  3.106740e-02    0.001101886      9.547450e-04            3.386250e-05
142 2013-08-09 12:29:15    172 298.5 163.2 163.6719 4.657133e-05 12.43508 0.1101593  4.668253e-02  0.004980131   1.922906e-03      0.0002051372         1  3.116924e-02    0.001101458      9.578745e-04            3.384936e-05
143 2013-08-09 12:29:30    173 299.0 163.3 163.7748 4.657133e-05 12.53794 0.1101593  5.115051e-02  0.004980261   2.106947e-03      0.0002051425         1  3.167841e-02    0.001099333      9.735222e-04            3.378404e-05
144 2013-08-09 12:29:45    174 299.1 163.3 163.7776 4.657133e-05 12.54080 0.1101593  5.127474e-02  0.004980265   2.112064e-03      0.0002051427         1  3.178025e-02    0.001098910      9.766518e-04            3.377105e-05
145 2013-08-09 12:30:00    175 299.3 163.3 163.7805 4.657133e-05 12.54366 0.1101593  5.139897e-02  0.004980269   2.117181e-03      0.0002051428         1  3.198392e-02    0.001098068      9.829109e-04            3.374516e-05
146 2013-08-09 12:30:15    176 299.8 163.2 163.6833 4.657133e-05 12.44652 0.1101593  4.717945e-02  0.004980145   1.943375e-03      0.0002051378         1  3.249310e-02    0.001095976      9.985586e-04            3.368089e-05
147 2013-08-09 12:30:30    177 299.8 163.3 163.7862 4.657133e-05 12.54938 0.1101593  5.164743e-02  0.004980276   2.127416e-03      0.0002051431         1  3.249310e-02    0.001095976      9.985586e-04            3.368089e-05
148 2013-08-09 12:30:45    178 300.3 163.0 163.4891 4.657133e-05 12.25224 0.1101593  3.874042e-02  0.004979901   1.595761e-03      0.0002051277         0  3.300227e-02    0.001093907      1.014206e-03            3.361729e-05
149 2013-08-09 12:31:00    179 300.4 163.0 163.4919 4.657133e-05 12.25510 0.1101593  3.886465e-02  0.004979904   1.600878e-03      0.0002051278         0  3.310411e-02    0.001093495      1.017336e-03            3.360465e-05
150 2013-08-09 12:31:15    180 300.5 163.0 163.4948 4.657133e-05 12.25796 0.1101593  3.898888e-02  0.004979908   1.605996e-03      0.0002051280         0  3.320594e-02    0.001093085      1.020465e-03            3.359203e-05
151 2013-08-09 12:31:30    181 301.1 163.1 163.5976 4.657133e-05 12.36082 0.1101593  4.345686e-02  0.004980037   1.790037e-03      0.0002051333         0  3.381696e-02    0.001090640      1.039243e-03            3.351691e-05
152 2013-08-09 12:31:45    182 301.1 163.1 163.6005 4.657133e-05 12.36368 0.1101593  4.358109e-02  0.004980040   1.795154e-03      0.0002051334         0  3.381696e-02    0.001090640      1.039243e-03            3.351691e-05
153 2013-08-09 12:32:00    183 301.6 163.2 163.7034 4.657133e-05 12.46654 0.1101593  4.804907e-02  0.004980170   1.979195e-03      0.0002051388         0  3.432613e-02    0.001088627      1.054890e-03            3.345505e-05
154 2013-08-09 12:32:15    184 301.8 163.1 163.6062 4.657133e-05 12.36940 0.1101593  4.382955e-02  0.004980048   1.805388e-03      0.0002051337         0  3.452980e-02    0.001087828      1.061149e-03            3.343050e-05
155 2013-08-09 12:32:30    185 301.8 163.1 163.6091 4.657133e-05 12.37226 0.1101593  4.395379e-02  0.004980051   1.810506e-03      0.0002051339         0  3.452980e-02    0.001087828      1.061149e-03            3.343050e-05
156 2013-08-09 12:32:45    186 302.4 163.2 163.7119 4.657133e-05 12.47512 0.1101593  4.842176e-02  0.004980181   1.994547e-03      0.0002051393         0  3.514081e-02    0.001085453      1.079927e-03            3.335748e-05
157 2013-08-09 12:33:00    187 302.5 163.0 163.5148 4.657133e-05 12.27798 0.1101593  3.985850e-02  0.004979933   1.641816e-03      0.0002051290         0  3.524265e-02    0.001085060      1.083056e-03            3.334541e-05
158 2013-08-09 12:33:15    188 302.9 163.1 163.6177 4.657133e-05 12.38084 0.1101593  4.432648e-02  0.004980062   1.825857e-03      0.0002051343         0  3.564999e-02    0.001083497      1.095574e-03            3.329739e-05
159 2013-08-09 12:33:30    189 303.2 163.1 163.6205 4.657133e-05 12.38370 0.1101593  4.445071e-02  0.004980066   1.830975e-03      0.0002051345         0  3.595550e-02    0.001082335      1.104963e-03            3.326166e-05
160 2013-08-09 12:33:45    190 303.2 163.1 163.6234 4.657133e-05 12.38656 0.1101593  4.457494e-02  0.004980069   1.836092e-03      0.0002051346         0  3.595550e-02    0.001082335      1.104963e-03            3.326166e-05
161 2013-08-09 12:34:00    191 303.8 163.2 163.7262 4.657133e-05 12.48942 0.1101593  4.904292e-02  0.004980200   2.020133e-03      0.0002051400         0  3.656651e-02    0.001080034      1.123740e-03            3.319096e-05
162 2013-08-09 12:34:15    192 303.8 163.1 163.6291 4.657133e-05 12.39228 0.1101593  4.482340e-02  0.004980077   1.846326e-03      0.0002051349         0  3.656651e-02    0.001080034      1.123740e-03            3.319096e-05
163 2013-08-09 12:34:30    193 304.2 163.1 163.6320 4.657133e-05 12.39514 0.1101593  4.494763e-02  0.004980080   1.851443e-03      0.0002051351         0  3.697385e-02    0.001078518      1.136258e-03            3.314437e-05
164 2013-08-09 12:34:45    194 304.5 163.2 163.7348 4.657133e-05 12.49800 0.1101593  4.941561e-02  0.004980210   2.035485e-03      0.0002051404         0  3.727936e-02    0.001077391      1.145647e-03            3.310973e-05
165 2013-08-09 12:35:00    195 304.5 163.1 163.6377 4.657133e-05 12.40086 0.1101593  4.519610e-02  0.004980087   1.861678e-03      0.0002051354         0  3.727936e-02    0.001077391      1.145647e-03            3.310973e-05
166 2013-08-09 12:35:15    196 305.2 163.2 163.7405 4.657133e-05 12.50372 0.1101593  4.966408e-02  0.004980218   2.045719e-03      0.0002051407         0  3.799220e-02    0.001074792      1.167554e-03            3.302987e-05
167 2013-08-09 12:35:30    197 305.2 163.1 163.6434 4.657133e-05 12.40658 0.1101593  4.544456e-02  0.004980095   1.871912e-03      0.0002051357         0  3.799220e-02    0.001074792      1.167554e-03            3.302987e-05
168 2013-08-09 12:35:45    198 305.6 163.1 163.6463 4.657133e-05 12.40944 0.1101593  4.556879e-02  0.004980098   1.877030e-03      0.0002051358         0  3.839954e-02    0.001073327      1.180072e-03            3.298485e-05
169 2013-08-09 12:36:00    199 305.9 163.0 163.5491 4.657133e-05 12.31230 0.1101593  4.134927e-02  0.004979976   1.703223e-03      0.0002051308         0  3.870505e-02    0.001072238      1.189461e-03            3.295138e-05
170 2013-08-09 12:36:15    200 305.9 163.0 163.5520 4.657133e-05 12.31516 0.1101593  4.147350e-02  0.004979980   1.708340e-03      0.0002051309         0  3.870505e-02    0.001072238      1.189461e-03            3.295138e-05
171 2013-08-09 12:36:30    201 306.4 163.1 163.6548 4.657133e-05 12.41802 0.1101593  4.594148e-02  0.004980109   1.892381e-03      0.0002051363         0  3.921423e-02    0.001070442      1.205108e-03            3.289618e-05
172 2013-08-09 12:36:45    202 306.6 163.1 163.6577 4.657133e-05 12.42088 0.1101593  4.606572e-02  0.004980113   1.897498e-03      0.0002051364         0  3.941790e-02    0.001069729      1.211367e-03            3.287429e-05
173 2013-08-09 12:37:00    203 306.9 163.3 163.8606 4.657133e-05 12.62374 0.1101593  5.487744e-02  0.004980371   2.260463e-03      0.0002051471         0  3.972340e-02    0.001068668      1.220756e-03            3.284168e-05
174 2013-08-09 12:37:15    204 307.2 163.4 163.9634 4.657133e-05 12.72660 0.1101593  5.934542e-02  0.004980504   2.444504e-03      0.0002051525         0  4.002891e-02    0.001067615      1.230145e-03            3.280933e-05
175 2013-08-09 12:37:30    205 307.3 163.2 163.7663 4.657133e-05 12.52946 0.1101593  5.078216e-02  0.004980251   2.091774e-03      0.0002051421         0  4.013074e-02    0.001067266      1.233274e-03            3.279860e-05
176 2013-08-09 12:37:45    206 307.8 163.2 163.7691 4.657133e-05 12.53232 0.1101593  5.090639e-02  0.004980254   2.096891e-03      0.0002051423         0  4.063992e-02    0.001065535      1.248922e-03            3.274539e-05
177 2013-08-09 12:38:00    207 308.0 163.0 163.5720 4.657133e-05 12.33518 0.1101593  4.234312e-02  0.004980005   1.744161e-03      0.0002051320         0  4.084359e-02    0.001064849      1.255181e-03            3.272431e-05
178 2013-08-09 12:38:15    208 308.6 163.0 163.5749 4.657133e-05 12.33804 0.1101593  4.246735e-02  0.004980008   1.749278e-03      0.0002051321         0  4.145460e-02    0.001062814      1.273958e-03            3.266177e-05
179 2013-08-09 12:38:30    209 308.6 163.2 163.7777 4.657133e-05 12.54090 0.1101593  5.127908e-02  0.004980265   2.112243e-03      0.0002051427         0  4.145460e-02    0.001062814      1.273958e-03            3.266177e-05
180 2013-08-09 12:38:45    210 308.6 163.1 163.6806 4.657133e-05 12.44376 0.1101593  4.705956e-02  0.004980142   1.938436e-03      0.0002051376         0  4.145460e-02    0.001062814      1.273958e-03            3.266177e-05
181 2013-08-09 12:39:00    211 309.1 163.1 163.6834 4.657133e-05 12.44662 0.1101593  4.718380e-02  0.004980145   1.943553e-03      0.0002051378         0  4.196378e-02    0.001061144      1.289606e-03            3.261045e-05
182 2013-08-09 12:39:15    212 309.3 163.2 163.7863 4.657133e-05 12.54948 0.1101593  5.165178e-02  0.004980276   2.127595e-03      0.0002051432         0  4.216745e-02    0.001060483      1.295865e-03            3.259012e-05
183 2013-08-09 12:39:30    213 309.4 163.1 163.6892 4.657133e-05 12.45234 0.1101593  4.743226e-02  0.004980152   1.953788e-03      0.0002051381         0  4.226929e-02    0.001060153      1.298995e-03            3.258001e-05
184 2013-08-09 12:39:45    214 310.0 163.3 163.8920 4.657133e-05 12.65520 0.1101593  5.624399e-02  0.004980412   2.316753e-03      0.0002051487         0  4.288030e-02    0.001058198      1.317772e-03            3.251991e-05
185 2013-08-09 12:40:00    215 310.0 163.1 163.6949 4.657133e-05 12.45806 0.1101593  4.768072e-02  0.004980160   1.964022e-03      0.0002051384         0  4.288030e-02    0.001058198      1.317772e-03            3.251991e-05
186 2013-08-09 12:40:15    216 310.3 163.0 163.5977 4.657133e-05 12.36092 0.1101593  4.346120e-02  0.004980037   1.790216e-03      0.0002051333         0  4.318580e-02    0.001057233      1.327161e-03            3.249027e-05
187 2013-08-09 12:40:30    217 310.6 163.1 163.7006 4.657133e-05 12.46378 0.1101593  4.792918e-02  0.004980167   1.974257e-03      0.0002051387         0  4.349131e-02    0.001056277      1.336549e-03            3.246089e-05
188 2013-08-09 12:40:45    218 310.7 163.2 163.8035 4.657133e-05 12.56664 0.1101593  5.239716e-02  0.004980298   2.158298e-03      0.0002051441         0  4.359314e-02    0.001055960      1.339679e-03            3.245115e-05
189 2013-08-09 12:41:00    219 311.3 163.3 163.9063 4.657133e-05 12.66950 0.1101593  5.686514e-02  0.004980430   2.342339e-03      0.0002051495         0  4.420416e-02    0.001054080      1.358456e-03            3.239337e-05
190 2013-08-09 12:41:15    220 311.3 163.3 163.9092 4.657133e-05 12.67236 0.1101593  5.698937e-02  0.004980434   2.347456e-03      0.0002051496         0  4.420416e-02    0.001054080      1.358456e-03            3.239337e-05
191 2013-08-09 12:41:30    221 311.5 163.3 163.9120 4.657133e-05 12.67522 0.1101593  5.711360e-02  0.004980437   2.352573e-03      0.0002051498         0  4.440783e-02    0.001053461      1.364715e-03            3.237434e-05
192 2013-08-09 12:41:45    222 312.0 163.2 163.8149 4.657133e-05 12.57808 0.1101593  5.289409e-02  0.004980313   2.178767e-03      0.0002051447         0  4.491700e-02    0.001051931      1.380363e-03            3.232731e-05
193 2013-08-09 12:42:00    223 312.0 163.2 163.8178 4.657133e-05 12.58094 0.1101593  5.301832e-02  0.004980316   2.183884e-03      0.0002051448         0  4.491700e-02    0.001051931      1.380363e-03            3.232731e-05
194 2013-08-09 12:42:15    224 312.5 163.4 164.0206 4.657133e-05 12.78380 0.1101593  6.183005e-02  0.004980578   2.546849e-03      0.0002051556         0  4.542618e-02    0.001050425      1.396010e-03            3.228103e-05
195 2013-08-09 12:42:30    225 312.7 163.4 164.0235 4.657133e-05 12.78666 0.1101593  6.195428e-02  0.004980582   2.551966e-03      0.0002051557         0  4.562985e-02    0.001049829      1.402270e-03            3.226273e-05
196 2013-08-09 12:42:45    226 312.8 163.4 164.0263 4.657133e-05 12.78952 0.1101593  6.207851e-02  0.004980586   2.557083e-03      0.0002051559         0  4.573169e-02    0.001049533      1.405399e-03            3.225362e-05
197 2013-08-09 12:43:00    227 313.4 163.4 164.0292 4.657133e-05 12.79238 0.1101593  6.220274e-02  0.004980589   2.562201e-03      0.0002051561         0  4.634270e-02    0.001047776      1.424176e-03            3.219962e-05
198 2013-08-09 12:43:15    228 313.4 163.4 164.0321 4.657133e-05 12.79524 0.1101593  6.232697e-02  0.004980593   2.567318e-03      0.0002051562         0  4.634270e-02    0.001047776      1.424176e-03            3.219962e-05
199 2013-08-09 12:43:30    229 313.8 163.1 163.7349 4.657133e-05 12.49810 0.1101593  4.941996e-02  0.004980211   2.035663e-03      0.0002051405         0  4.675004e-02    0.001046624      1.436695e-03            3.216423e-05
200 2013-08-09 12:43:45    230 314.0 163.5 164.1378 4.657133e-05 12.90096 0.1101593  6.691918e-02  0.004980731   2.756476e-03      0.0002051619         0  4.695371e-02    0.001046054      1.442954e-03            3.214671e-05

$dryleafvolt
             timestamp record LWSmV  SEmV    CSEmV     CSEmV.sd   loadmV loadmV.sd
1  2013-08-09 11:50:45     18 265.1 162.7 162.7315 4.657133e-05 11.49464 0.1101593
2  2013-08-09 11:51:00     19 265.1 162.7 162.7343 4.657133e-05 11.49750 0.1101593
3  2013-08-09 11:51:15     20 265.1   NaN      NaN 4.657133e-05      NaN 0.1101593
4  2013-08-09 11:51:30     21 265.1 162.6 162.6400 4.657133e-05 11.40322 0.1101593
5  2013-08-09 11:51:45     22 265.1 162.6 162.6429 4.657133e-05 11.40608 0.1101593
6  2013-08-09 11:52:00     23 265.1 162.5 162.5458 4.657133e-05 11.30894 0.1101593
7  2013-08-09 11:52:15     24 265.1 162.5 162.5486 4.657133e-05 11.31180 0.1101593
8  2013-08-09 11:52:30     25 265.1 162.5 162.5515 4.657133e-05 11.31466 0.1101593
9  2013-08-09 11:52:45     26 265.1 162.5 162.5543 4.657133e-05 11.31752 0.1101593
10 2013-08-09 11:53:00     27 265.1 162.5 162.5572 4.657133e-05 11.32038 0.1101593
11 2013-08-09 11:53:15     28 265.1 162.6 162.6601 4.657133e-05 11.42324 0.1101593
12 2013-08-09 11:53:30     29 265.1 162.5 162.5629 4.657133e-05 11.32610 0.1101593
13 2013-08-09 11:53:45     30 265.1 162.4 162.4658 4.657133e-05 11.22896 0.1101593
14 2013-08-09 11:54:00     31 265.1 162.5 162.5686 4.657133e-05 11.33182 0.1101593

$runtime
Time difference of 49.75 mins

$startcalibvolt
            timestamp record LWSmV  SEmV    CSEmV     CSEmV.sd   loadmV loadmV.sd
1 2013-08-09 11:48:30      9 265.1 274.0 274.0057 4.657133e-05 122.7689 0.1101593
2 2013-08-09 11:48:45     10 265.1 273.9 273.9086 4.657133e-05 122.6718 0.1101593
3 2013-08-09 11:49:00     11 265.1 273.9 273.9114 4.657133e-05 122.6746 0.1101593

$endcalibvolt
            timestamp record LWSmV  SEmV
1 2013-08-09 12:48:00    247 265.1 273.5
2 2013-08-09 12:48:15    248 265.1 273.5
3 2013-08-09 12:48:30    249 265.1 273.3
4 2013-08-09 12:48:45    250 265.1 273.4
5 2013-08-09 12:49:00    251 265.1 273.3

$lastLWSvolt
[1] 312.3

$maxLWSvolt
[1] 314.1

$species
[1] "bay"

$trial
[1] "7"

$replicate
[1] "1"

$isvertical
[1] FALSE

$conversionfactor
         avg        stdev
1 0.04343748 2.251451e-05

$LWSwatermass
         avg       stdev
1 0.02584617 0.003383562

$dryleafmass
        avg       stdev
1 0.4934659 0.001351554

$lwsmodel

Call:
lm(formula = LWSsurfacedensity ~ record, data = rd[rd$runfilter == 
    1, ])

Coefficients:
(Intercept)       record  
 -3.914e-04    7.831e-06  


$leafmodel

Call:
lm(formula = surfacedensity ~ record, data = rd[rd$runfilter == 
    1, ])

Coefficients:
(Intercept)       record  
 -5.768e-04    1.469e-05  


