$name
[1] "blackoak4"

$leafarea
[1] 29.67525

$startbasevolt
            timestamp record LWSmV  SEmV CSEmV CSEmV.sd   loadmV loadmV.sd
1 2013-07-16 13:08:00      2 264.4 155.7 155.7        0  0.02625 0.1013232
2 2013-07-16 13:08:15      3 264.4 155.6 155.6        0 -0.07375 0.1013232
3 2013-07-16 13:08:30      4 264.3 155.6 155.6        0 -0.07375 0.1013232
4 2013-07-16 13:08:45      5 264.3 155.7 155.7        0  0.02625 0.1013232
5 2013-07-16 13:09:00      6 264.3 155.8 155.8        0  0.12625 0.1013232

$endbasevolt
            timestamp record LWSmV  SEmV    CSEmV     CSEmV.sd       loadmV loadmV.sd
1 2013-07-16 14:01:45    217 265.1 154.8 155.6792 4.781461e-05  0.005416667 0.1013232
2 2013-07-16 14:02:00    218 265.1 155.0 155.8833 4.781461e-05  0.209583333 0.1013232
3 2013-07-16 14:02:15    219 265.1 154.7 155.5875 4.781461e-05 -0.086250000 0.1013232
4 2013-07-16 14:02:30    220 265.1 154.7 155.5917 4.781461e-05 -0.082083333 0.1013232
5 2013-07-16 14:02:45    221 265.1 154.7 155.5958 4.781461e-05 -0.077916667 0.1013232

$dryragvolt
            timestamp record LWSmV  SEmV    CSEmV     CSEmV.sd   loadmV loadmV.sd
1 2013-07-16 13:59:00    206 401.3 248.7 249.5333 4.781461e-05 93.85958 0.1013232
2 2013-07-16 13:59:15    207 400.1 248.7 249.5375 4.781461e-05 93.86375 0.1013232
3 2013-07-16 13:59:30    208 399.1 248.2 249.0417 4.781461e-05 93.36792 0.1013232

$wetragvolt
            timestamp record LWSmV  SEmV    CSEmV     CSEmV.sd   loadmV loadmV.sd
1 2013-07-16 14:00:15    211 265.8 251.2 252.0542 4.781461e-05 96.38042 0.1013232
2 2013-07-16 14:00:30    212 265.1 251.3 252.1583 4.781461e-05 96.48458 0.1013232
3 2013-07-16 14:00:45    213 265.1 250.8 251.6625 4.781461e-05 95.98875 0.1013232
4 2013-07-16 14:01:00    214 265.1 250.8 251.6667 4.781461e-05 95.99292 0.1013232
5 2013-07-16 14:01:15    215 265.1 250.7 251.5708 4.781461e-05 95.89708 0.1013232

$rundata
              timestamp record LWSmV  SEmV    CSEmV     CSEmV.sd   loadmV loadmV.sd    watermass watermass.sd surfacedensity surfacedensity.sd runfilter      LWSwater LWSwater.stdev LWSsurfacedensity LWSsurfacedensity.stdev
1   2013-07-16 13:12:30     20 264.4 168.2 168.2583 4.781461e-05 12.58458 0.1013232 0.0073969705  0.004737442   2.492640e-04      0.0001596429         0 -3.556603e-03    0.001290101     -1.092994e-04            3.964662e-05
2   2013-07-16 13:12:45     21 265.0 168.2 168.2625 4.781461e-05 12.58875 0.1013232 0.0075786505  0.004737447   2.553863e-04      0.0001596430         0 -2.945592e-03    0.001286146     -9.052218e-05            3.952508e-05
3   2013-07-16 13:13:00     22 265.1 168.5 168.5667 4.781461e-05 12.89292 0.1013232 0.0208412888  0.004737803   7.023122e-04      0.0001596550         0 -2.843756e-03    0.001285489     -8.739263e-05            3.950488e-05
4   2013-07-16 13:13:15     23 265.3 168.5 168.5708 4.781461e-05 12.89708 0.1013232 0.0210229688  0.004737808   7.084345e-04      0.0001596552         0 -2.640086e-03    0.001284176     -8.113355e-05            3.946453e-05
5   2013-07-16 13:13:30     24 265.8 168.4 168.4750 4.781461e-05 12.80125 0.1013232 0.0168443293  0.004737695   5.676222e-04      0.0001596514         0 -2.130909e-03    0.001280903     -6.548584e-05            3.936394e-05
6   2013-07-16 13:13:45     25 266.2 168.4 168.4792 4.781461e-05 12.80542 0.1013232 0.0170260093  0.004737700   5.737445e-04      0.0001596516         0 -1.723568e-03    0.001278294     -5.296767e-05            3.928377e-05
7   2013-07-16 13:14:00     26 266.7 168.5 168.5833 4.781461e-05 12.90958 0.1013232 0.0215680087  0.004737823   7.268013e-04      0.0001596557         0 -1.214391e-03    0.001275045     -3.731995e-05            3.918394e-05
8   2013-07-16 13:14:15     27 267.2 168.2 168.2875 4.781461e-05 12.61375 0.1013232 0.0086687303  0.004737476   2.921199e-04      0.0001596440         0 -7.052148e-04    0.001271811     -2.167224e-05            3.908453e-05
9   2013-07-16 13:14:30     28 267.8 168.3 168.3917 4.781461e-05 12.71792 0.1013232 0.0132107298  0.004737597   4.451767e-04      0.0001596481         0 -9.420292e-05    0.001267947     -2.894988e-06            3.896579e-05
10  2013-07-16 13:14:45     29 268.4 168.3 168.3958 4.781461e-05 12.72208 0.1013232 0.0133924098  0.004737602   4.512990e-04      0.0001596483         0  5.168089e-04    0.001264103      1.588227e-05            3.884768e-05
11  2013-07-16 13:15:00     30 269.0 168.0 168.1000 4.781461e-05 12.42625 0.1013232 0.0004931314  0.004737260   1.661760e-05      0.0001596367         0  1.127821e-03    0.001260280      3.465952e-05            3.873018e-05
12  2013-07-16 13:15:15     31 269.6 168.2 168.3042 4.781461e-05 12.63042 0.1013232 0.0093954503  0.004737495   3.166090e-04      0.0001596447         0  1.738833e-03    0.001256477      5.343678e-05            3.861332e-05
13  2013-07-16 13:15:30     32 270.2 168.3 168.4083 4.781461e-05 12.73458 0.1013232 0.0139374497  0.004737616   4.696658e-04      0.0001596488         0  2.349845e-03    0.001252695      7.221403e-05            3.849709e-05
14  2013-07-16 13:15:45     33 270.9 168.0 168.1125 4.781461e-05 12.43875 0.1013232 0.0010381713  0.004737274   3.498442e-05      0.0001596372         0  3.062692e-03    0.001248309      9.412083e-05            3.836229e-05
15  2013-07-16 13:16:00     34 271.6 168.2 168.3167 4.781461e-05 12.64292 0.1013232 0.0099404902  0.004737510   3.349758e-04      0.0001596452         0  3.775539e-03    0.001243951      1.160276e-04            3.822838e-05
16  2013-07-16 13:16:15     35 272.3 168.1 168.2208 4.781461e-05 12.54708 0.1013232 0.0057618507  0.004737399   1.941635e-04      0.0001596414         0  4.488386e-03    0.001239623      1.379344e-04            3.809535e-05
17  2013-07-16 13:16:30     36 273.0 168.2 168.3250 4.781461e-05 12.65125 0.1013232 0.0103038501  0.004737519   3.472204e-04      0.0001596455         0  5.201233e-03    0.001235323      1.598412e-04            3.796323e-05
18  2013-07-16 13:16:45     37 273.7 168.2 168.3292 4.781461e-05 12.65542 0.1013232 0.0104855301  0.004737524   3.533426e-04      0.0001596457         0  5.914080e-03    0.001231054      1.817480e-04            3.783201e-05
19  2013-07-16 13:17:00     38 274.4 168.3 168.4333 4.781461e-05 12.75958 0.1013232 0.0150275296  0.004737646   5.063995e-04      0.0001596498         1  6.626928e-03    0.001226814      2.036548e-04            3.770171e-05
20  2013-07-16 13:17:15     39 275.1 168.9 169.0375 4.781461e-05 13.36375 0.1013232 0.0413711263  0.004738371   1.394129e-03      0.0001596742         1  7.339775e-03    0.001222604      2.255616e-04            3.757234e-05
21  2013-07-16 13:17:30     40 275.8 168.4 168.5417 4.781461e-05 12.86792 0.1013232 0.0197512090  0.004737773   6.655786e-04      0.0001596541         1  8.052622e-03    0.001218425      2.474684e-04            3.744391e-05
22  2013-07-16 13:17:45     41 276.5 168.2 168.3458 4.781461e-05 12.67208 0.1013232 0.0112122500  0.004737544   3.778317e-04      0.0001596463         0  8.765469e-03    0.001214276      2.693752e-04            3.731642e-05
23  2013-07-16 13:18:00     42 277.2 168.6 168.7500 4.781461e-05 13.07625 0.1013232 0.0288352078  0.004738022   9.716923e-04      0.0001596624         1  9.478316e-03    0.001210159      2.912820e-04            3.718988e-05
24  2013-07-16 13:18:15     43 277.9 168.6 168.7542 4.781461e-05 13.08042 0.1013232 0.0290168878  0.004738027   9.778145e-04      0.0001596626         1  1.019116e-02    0.001206073      3.131888e-04            3.706432e-05
25  2013-07-16 13:18:30     44 278.6 168.7 168.8583 4.781461e-05 13.18458 0.1013232 0.0335588872  0.004738152   1.130871e-03      0.0001596668         1  1.090401e-02    0.001202019      3.350956e-04            3.693973e-05
26  2013-07-16 13:18:45     45 279.3 168.9 169.0625 4.781461e-05 13.38875 0.1013232 0.0424612061  0.004738402   1.430863e-03      0.0001596752         1  1.161686e-02    0.001197997      3.570024e-04            3.681612e-05
27  2013-07-16 13:19:00     46 280.0 169.0 169.1667 4.781461e-05 13.49292 0.1013232 0.0470032056  0.004738530   1.583920e-03      0.0001596796         1  1.232970e-02    0.001194007      3.789092e-04            3.669352e-05
28  2013-07-16 13:19:15     47 280.8 169.0 169.1708 4.781461e-05 13.49708 0.1013232 0.0471848856  0.004738536   1.590042e-03      0.0001596797         1  1.314439e-02    0.001189487      4.039455e-04            3.655462e-05
29  2013-07-16 13:19:30     48 281.5 169.0 169.1750 4.781461e-05 13.50125 0.1013232 0.0473665655  0.004738541   1.596164e-03      0.0001596799         1  1.385723e-02    0.001185568      4.258523e-04            3.643418e-05
30  2013-07-16 13:19:45     49 282.2 168.9 169.0792 4.781461e-05 13.40542 0.1013232 0.0431879260  0.004738422   1.455352e-03      0.0001596759         1  1.457008e-02    0.001181683      4.477591e-04            3.631477e-05
31  2013-07-16 13:20:00     50 282.9 168.9 169.0833 4.781461e-05 13.40958 0.1013232 0.0433696060  0.004738427   1.461474e-03      0.0001596761         1  1.528293e-02    0.001177831      4.696659e-04            3.619639e-05
32  2013-07-16 13:20:15     51 283.6 168.7 168.8875 4.781461e-05 13.21375 0.1013232 0.0348306471  0.004738188   1.173727e-03      0.0001596680         1  1.599578e-02    0.001174013      4.915727e-04            3.607907e-05
33  2013-07-16 13:20:30     52 284.3 168.9 169.0917 4.781461e-05 13.41792 0.1013232 0.0437329660  0.004738438   1.473719e-03      0.0001596764         1  1.670862e-02    0.001170229      5.134795e-04            3.596280e-05
34  2013-07-16 13:20:45     53 285.0 168.9 169.0958 4.781461e-05 13.42208 0.1013232 0.0439146460  0.004738443   1.479841e-03      0.0001596766         1  1.742147e-02    0.001166481      5.353863e-04            3.584760e-05
35  2013-07-16 13:21:00     54 285.7 168.9 169.1000 4.781461e-05 13.42625 0.1013232 0.0440963259  0.004738448   1.485963e-03      0.0001596768         1  1.813432e-02    0.001162767      5.572931e-04            3.573347e-05
36  2013-07-16 13:21:15     55 286.5 168.9 169.1042 4.781461e-05 13.43042 0.1013232 0.0442780059  0.004738453   1.492086e-03      0.0001596770         1  1.894900e-02    0.001158567      5.823294e-04            3.560438e-05
37  2013-07-16 13:21:30     56 287.1 168.7 168.9083 4.781461e-05 13.23458 0.1013232 0.0357390470  0.004738213   1.204339e-03      0.0001596689         1  1.956001e-02    0.001155447      6.011067e-04            3.550851e-05
38  2013-07-16 13:21:45     57 287.8 168.8 169.0125 4.781461e-05 13.33875 0.1013232 0.0402810464  0.004738340   1.357395e-03      0.0001596732         1  2.027286e-02    0.001151841      6.230135e-04            3.539768e-05
39  2013-07-16 13:22:00     58 288.5 168.7 168.9167 4.781461e-05 13.24292 0.1013232 0.0361024069  0.004738223   1.216583e-03      0.0001596692         1  2.098571e-02    0.001148271      6.449203e-04            3.528798e-05
40  2013-07-16 13:22:15     59 289.2 168.6 168.8208 4.781461e-05 13.14708 0.1013232 0.0319237675  0.004738107   1.075771e-03      0.0001596653         1  2.169855e-02    0.001144738      6.668271e-04            3.517941e-05
41  2013-07-16 13:22:30     60 289.9 168.7 168.9250 4.781461e-05 13.25125 0.1013232 0.0364657669  0.004738233   1.228828e-03      0.0001596696         1  2.241140e-02    0.001141242      6.887339e-04            3.507198e-05
42  2013-07-16 13:22:45     61 290.7 168.9 169.1292 4.781461e-05 13.45542 0.1013232 0.0453680858  0.004738484   1.528819e-03      0.0001596780         1  2.322608e-02    0.001137293      7.137702e-04            3.495061e-05
43  2013-07-16 13:23:00     62 291.4 168.8 169.0333 4.781461e-05 13.35958 0.1013232 0.0411894463  0.004738366   1.388007e-03      0.0001596740         1  2.393893e-02    0.001133878      7.356770e-04            3.484566e-05
44  2013-07-16 13:23:15     63 292.1 169.1 169.3375 4.781461e-05 13.66375 0.1013232 0.0544520846  0.004738744   1.834933e-03      0.0001596867         1  2.465178e-02    0.001130501      7.575838e-04            3.474188e-05
45  2013-07-16 13:23:30     64 292.8 169.0 169.2417 4.781461e-05 13.56792 0.1013232 0.0502734452  0.004738624   1.694121e-03      0.0001596827         1  2.536462e-02    0.001127163      7.794906e-04            3.463929e-05
46  2013-07-16 13:23:45     65 293.5 168.8 169.0458 4.781461e-05 13.37208 0.1013232 0.0417344862  0.004738381   1.406374e-03      0.0001596745         1  2.607747e-02    0.001123863      8.013974e-04            3.453790e-05
47  2013-07-16 13:24:00     66 294.2 169.0 169.2500 4.781461e-05 13.57625 0.1013232 0.0506368051  0.004738634   1.706365e-03      0.0001596831         1  2.679032e-02    0.001120603      8.233042e-04            3.443771e-05
48  2013-07-16 13:24:15     67 294.9 168.7 168.9542 4.781461e-05 13.28042 0.1013232 0.0377375267  0.004738269   1.271684e-03      0.0001596708         1  2.750317e-02    0.001117383      8.452110e-04            3.433874e-05
49  2013-07-16 13:24:30     68 295.6 168.8 169.0583 4.781461e-05 13.38458 0.1013232 0.0422795262  0.004738397   1.424741e-03      0.0001596751         1  2.821601e-02    0.001114202      8.671178e-04            3.424100e-05
50  2013-07-16 13:24:45     69 296.4 168.8 169.0625 4.781461e-05 13.38875 0.1013232 0.0424612061  0.004738402   1.430863e-03      0.0001596752         1  2.903070e-02    0.001110616      8.921541e-04            3.413080e-05
51  2013-07-16 13:25:00     70 297.1 168.9 169.1667 4.781461e-05 13.49292 0.1013232 0.0470032056  0.004738530   1.583920e-03      0.0001596796         1  2.974354e-02    0.001107523      9.140609e-04            3.403573e-05
52  2013-07-16 13:25:15     71 297.8 168.8 169.0708 4.781461e-05 13.39708 0.1013232 0.0428245661  0.004738412   1.443107e-03      0.0001596756         1  3.045639e-02    0.001104470      9.359677e-04            3.394191e-05
53  2013-07-16 13:25:30     72 298.5 169.2 169.4750 4.781461e-05 13.80125 0.1013232 0.0604475239  0.004738917   2.036968e-03      0.0001596926         1  3.116924e-02    0.001101458      9.578745e-04            3.384936e-05
54  2013-07-16 13:25:45     73 299.2 169.1 169.3792 4.781461e-05 13.70542 0.1013232 0.0562688844  0.004738796   1.896156e-03      0.0001596885         1  3.188208e-02    0.001098488      9.797813e-04            3.375809e-05
55  2013-07-16 13:26:00     74 299.9 169.1 169.3833 4.781461e-05 13.70958 0.1013232 0.0564505644  0.004738801   1.902278e-03      0.0001596887         1  3.259493e-02    0.001095561      1.001688e-03            3.366812e-05
56  2013-07-16 13:26:15     75 300.7 168.8 169.0875 4.781461e-05 13.41375 0.1013232 0.0435512860  0.004738433   1.467596e-03      0.0001596763         1  3.340961e-02    0.001092266      1.026724e-03            3.356689e-05
57  2013-07-16 13:26:30     76 301.4 169.4 169.6917 4.781461e-05 14.01792 0.1013232 0.0698948827  0.004739194   2.355326e-03      0.0001597019         1  3.412246e-02    0.001089430      1.048631e-03            3.347971e-05
58  2013-07-16 13:26:45     77 302.0 169.3 169.5958 4.781461e-05 13.92208 0.1013232 0.0657162432  0.004739071   2.214514e-03      0.0001596978         1  3.473347e-02    0.001087033      1.067409e-03            3.340605e-05
59  2013-07-16 13:27:00     78 302.8 169.0 169.3000 4.781461e-05 13.62625 0.1013232 0.0528169648  0.004738697   1.779832e-03      0.0001596852         1  3.554816e-02    0.001083886      1.092445e-03            3.330935e-05
60  2013-07-16 13:27:15     79 303.4 169.3 169.6042 4.781461e-05 13.93042 0.1013232 0.0660796032  0.004739082   2.226758e-03      0.0001596981         1  3.615917e-02    0.001081564      1.111222e-03            3.323798e-05
61  2013-07-16 13:27:30     80 304.1 169.5 169.8083 4.781461e-05 14.13458 0.1013232 0.0749819221  0.004739345   2.526750e-03      0.0001597070         1  3.687201e-02    0.001078895      1.133129e-03            3.315598e-05
62  2013-07-16 13:27:45     81 304.8 169.5 169.8125 4.781461e-05 14.13875 0.1013232 0.0751636021  0.004739350   2.532872e-03      0.0001597072         1  3.758486e-02    0.001076271      1.155036e-03            3.307533e-05
63  2013-07-16 13:28:00     82 305.5 169.4 169.7167 4.781461e-05 14.04292 0.1013232 0.0709849626  0.004739226   2.392060e-03      0.0001597030         1  3.829771e-02    0.001073692      1.176942e-03            3.299606e-05
64  2013-07-16 13:28:15     83 306.2 169.1 169.4208 4.781461e-05 13.74708 0.1013232 0.0580856842  0.004738848   1.957378e-03      0.0001596903         1  3.901056e-02    0.001071157      1.198849e-03            3.291817e-05
65  2013-07-16 13:28:30     84 306.9 169.5 169.8250 4.781461e-05 14.15125 0.1013232 0.0757086420  0.004739366   2.551239e-03      0.0001597077         1  3.972340e-02    0.001068668      1.220756e-03            3.284168e-05
66  2013-07-16 13:28:45     85 307.6 169.4 169.7292 4.781461e-05 14.05542 0.1013232 0.0715300025  0.004739242   2.410427e-03      0.0001597036         1  4.043625e-02    0.001066225      1.242663e-03            3.276659e-05
67  2013-07-16 13:29:00     86 308.5 169.4 169.7333 4.781461e-05 14.05958 0.1013232 0.0717116825  0.004739248   2.416549e-03      0.0001597037         1  4.135277e-02    0.001063151      1.270829e-03            3.267212e-05
68  2013-07-16 13:29:15     87 309.0 169.6 169.9375 4.781461e-05 14.26375 0.1013232 0.0806140014  0.004739513   2.716540e-03      0.0001597127         1  4.186194e-02    0.001061476      1.286476e-03            3.262065e-05
69  2013-07-16 13:29:30     88 309.8 169.5 169.8417 4.781461e-05 14.16792 0.1013232 0.0764353619  0.004739388   2.575728e-03      0.0001597085         1  4.267663e-02    0.001058846      1.311513e-03            3.253983e-05
70  2013-07-16 13:29:45     89 310.5 169.3 169.6458 4.781461e-05 13.97208 0.1013232 0.0678964030  0.004739135   2.287981e-03      0.0001596999         1  4.338947e-02    0.001056595      1.333420e-03            3.247065e-05
71  2013-07-16 13:30:00     90 311.2 169.2 169.5500 4.781461e-05 13.87625 0.1013232 0.0637177635  0.004739012   2.147169e-03      0.0001596958         1  4.410232e-02    0.001054391      1.355326e-03            3.240292e-05
72  2013-07-16 13:30:15     91 311.9 169.7 170.0542 4.781461e-05 14.38042 0.1013232 0.0857010408  0.004739667   2.887964e-03      0.0001597179         1  4.481517e-02    0.001052235      1.377233e-03            3.233666e-05
73  2013-07-16 13:30:30     92 312.6 169.8 170.1583 4.781461e-05 14.48458 0.1013232 0.0902430402  0.004739805   3.041021e-03      0.0001597225         1  4.552802e-02    0.001050126      1.399140e-03            3.227186e-05
74  2013-07-16 13:30:45     93 313.3 169.8 170.1625 4.781461e-05 14.48875 0.1013232 0.0904247202  0.004739810   3.047143e-03      0.0001597227         1  4.624086e-02    0.001048066      1.421047e-03            3.220854e-05
75  2013-07-16 13:31:00     94 314.0 169.6 169.9667 4.781461e-05 14.29292 0.1013232 0.0818857612  0.004739552   2.759396e-03      0.0001597140         1  4.695371e-02    0.001046054      1.442954e-03            3.214671e-05
76  2013-07-16 13:31:15     95 314.8 169.3 169.6708 4.781461e-05 13.99708 0.1013232 0.0689864828  0.004739167   2.324715e-03      0.0001597010         1  4.776839e-02    0.001043814      1.467990e-03            3.207788e-05
77  2013-07-16 13:31:30     96 315.5 169.6 169.9750 4.781461e-05 14.30125 0.1013232 0.0822491212  0.004739563   2.771641e-03      0.0001597143         1  4.848124e-02    0.001041907      1.489897e-03            3.201927e-05
78  2013-07-16 13:31:45     97 316.2 169.4 169.7792 4.781461e-05 14.10542 0.1013232 0.0737101622  0.004739307   2.483894e-03      0.0001597057         1  4.919409e-02    0.001040049      1.511804e-03            3.196217e-05
79  2013-07-16 13:32:00     98 316.9 169.2 169.5833 4.781461e-05 13.90958 0.1013232 0.0651712033  0.004739055   2.196147e-03      0.0001596972         1  4.990693e-02    0.001038240      1.533710e-03            3.190659e-05
80  2013-07-16 13:32:15     99 317.6 169.5 169.8875 4.781461e-05 14.21375 0.1013232 0.0784338417  0.004739448   2.643073e-03      0.0001597105         1  5.061978e-02    0.001036482      1.555617e-03            3.185254e-05
81  2013-07-16 13:32:30    100 318.3 169.5 169.8917 4.781461e-05 14.21792 0.1013232 0.0786155216  0.004739453   2.649195e-03      0.0001597107         1  5.133263e-02    0.001034773      1.577524e-03            3.180003e-05
82  2013-07-16 13:32:45    101 319.0 169.3 169.6958 4.781461e-05 14.02208 0.1013232 0.0700765627  0.004739199   2.361448e-03      0.0001597021         1  5.204548e-02    0.001033115      1.599431e-03            3.174907e-05
83  2013-07-16 13:33:00    102 319.7 169.6 170.0000 4.781461e-05 14.32625 0.1013232 0.0833392010  0.004739595   2.808374e-03      0.0001597154         1  5.275832e-02    0.001031507      1.621338e-03            3.169965e-05
84  2013-07-16 13:33:15    103 320.4 169.5 169.9042 4.781461e-05 14.23042 0.1013232 0.0791605616  0.004739470   2.667562e-03      0.0001597112         1  5.347117e-02    0.001029950      1.643244e-03            3.165180e-05
85  2013-07-16 13:33:30    104 321.1 169.4 169.8083 4.781461e-05 14.13458 0.1013232 0.0749819221  0.004739345   2.526750e-03      0.0001597070         1  5.418402e-02    0.001028443      1.665151e-03            3.160552e-05
86  2013-07-16 13:33:45    105 321.9 169.2 169.6125 4.781461e-05 13.93875 0.1013232 0.0664429632  0.004739092   2.239003e-03      0.0001596985         1  5.499870e-02    0.001026785      1.690187e-03            3.155455e-05
87  2013-07-16 13:34:00    106 322.6 169.7 170.1167 4.781461e-05 14.44292 0.1013232 0.0884262404  0.004739750   2.979798e-03      0.0001597206         1  5.571155e-02    0.001025389      1.712094e-03            3.151164e-05
88  2013-07-16 13:34:15    107 323.3 169.7 170.1208 4.781461e-05 14.44708 0.1013232 0.0886079204  0.004739755   2.985920e-03      0.0001597208         1  5.642439e-02    0.001024044      1.734001e-03            3.147032e-05
89  2013-07-16 13:34:30    108 323.9 169.2 169.6250 4.781461e-05 13.95125 0.1013232 0.0669880031  0.004739108   2.257370e-03      0.0001596990         1  5.703541e-02    0.001022933      1.752778e-03            3.143618e-05
90  2013-07-16 13:34:45    109 324.7 169.7 170.1292 4.781461e-05 14.45542 0.1013232 0.0889712803  0.004739766   2.998165e-03      0.0001597212         1  5.785009e-02    0.001021511      1.777815e-03            3.139248e-05
91  2013-07-16 13:35:00    110 325.3 169.9 170.3333 4.781461e-05 14.65958 0.1013232 0.0978735992  0.004740039   3.298156e-03      0.0001597304         1  5.846110e-02    0.001020490      1.796592e-03            3.136108e-05
92  2013-07-16 13:35:15    111 326.1 169.9 170.3375 4.781461e-05 14.66375 0.1013232 0.0980552792  0.004740045   3.304278e-03      0.0001597306         1  5.927578e-02    0.001019187      1.821628e-03            3.132106e-05
93  2013-07-16 13:35:30    112 326.7 169.8 170.2417 4.781461e-05 14.56792 0.1013232 0.0938766397  0.004739916   3.163466e-03      0.0001597263         1  5.988679e-02    0.001018256      1.840405e-03            3.129243e-05
94  2013-07-16 13:35:45    113 327.5 169.9 170.3458 4.781461e-05 14.67208 0.1013232 0.0984186392  0.004740056   3.316523e-03      0.0001597310         1  6.070148e-02    0.001017074      1.865442e-03            3.125611e-05
95  2013-07-16 13:36:00    114 328.2 169.7 170.1500 4.781461e-05 14.47625 0.1013232 0.0898796802  0.004739794   3.028776e-03      0.0001597221         1  6.141432e-02    0.001016097      1.887349e-03            3.122608e-05
96  2013-07-16 13:36:15    115 328.9 169.6 170.0542 4.781461e-05 14.38042 0.1013232 0.0857010408  0.004739667   2.887964e-03      0.0001597179         1  6.212717e-02    0.001015172      1.909255e-03            3.119767e-05
97  2013-07-16 13:36:30    116 329.8 169.3 169.7583 4.781461e-05 14.08458 0.1013232 0.0728017624  0.004739280   2.453282e-03      0.0001597048         1  6.304369e-02    0.001014062      1.937421e-03            3.116356e-05
98  2013-07-16 13:36:45    117 330.4 169.5 169.9625 4.781461e-05 14.28875 0.1013232 0.0817040813  0.004739546   2.753274e-03      0.0001597138         1  6.365470e-02    0.001013371      1.956199e-03            3.114232e-05
99  2013-07-16 13:37:00    118 331.2 170.2 170.6667 4.781461e-05 14.99292 0.1013232 0.1124079974  0.004740493   3.787938e-03      0.0001597457         1  6.446938e-02    0.001012511      1.981235e-03            3.111589e-05
100 2013-07-16 13:37:15    119 331.8 170.3 170.7708 4.781461e-05 15.09708 0.1013232 0.1169499969  0.004740637   3.940995e-03      0.0001597506         1  6.508040e-02    0.001011912      2.000012e-03            3.109748e-05
101 2013-07-16 13:37:30    120 332.6 170.3 170.7750 4.781461e-05 15.10125 0.1013232 0.1171316768  0.004740643   3.947117e-03      0.0001597507         1  6.589508e-02    0.001011175      2.025048e-03            3.107482e-05
102 2013-07-16 13:37:45    121 333.2 170.2 170.6792 4.781461e-05 15.00542 0.1013232 0.1129530374  0.004740510   3.806305e-03      0.0001597463         1  6.650609e-02    0.001010668      2.043826e-03            3.105924e-05
103 2013-07-16 13:38:00    122 334.0 170.2 170.6833 4.781461e-05 15.00958 0.1013232 0.1131347173  0.004740516   3.812427e-03      0.0001597465         1  6.732077e-02    0.001010054      2.068862e-03            3.104037e-05
104 2013-07-16 13:38:15    123 334.7 170.0 170.4875 4.781461e-05 14.81375 0.1013232 0.1045957584  0.004740248   3.524680e-03      0.0001597374         1  6.803362e-02    0.001009574      2.090769e-03            3.102564e-05
105 2013-07-16 13:38:30    124 335.5 170.1 170.5917 4.781461e-05 14.91792 0.1013232 0.1091377578  0.004740390   3.677737e-03      0.0001597422         1  6.884830e-02    0.001009093      2.115805e-03            3.101084e-05
106 2013-07-16 13:38:45    125 336.2 169.9 170.3958 4.781461e-05 14.72208 0.1013232 0.1005987989  0.004740124   3.389990e-03      0.0001597332         1  6.956115e-02    0.001008729      2.137712e-03            3.099968e-05
107 2013-07-16 13:39:00    126 336.8 170.0 170.5000 4.781461e-05 14.82625 0.1013232 0.1051407983  0.004740265   3.543047e-03      0.0001597380         1  7.017216e-02    0.001008461      2.156489e-03            3.099144e-05
108 2013-07-16 13:39:15    127 337.5 170.2 170.7042 4.781461e-05 15.03042 0.1013232 0.1140431172  0.004740545   3.843039e-03      0.0001597474         1  7.088501e-02    0.001008199      2.178396e-03            3.098337e-05
109 2013-07-16 13:39:30    128 338.2 170.4 170.9083 4.781461e-05 15.23458 0.1013232 0.1229454361  0.004740829   4.143030e-03      0.0001597570         1  7.159786e-02    0.001007991      2.200303e-03            3.097698e-05
110 2013-07-16 13:39:45    129 339.0 170.0 170.5125 4.781461e-05 14.83875 0.1013232 0.1056858383  0.004740282   3.561414e-03      0.0001597386         1  7.241254e-02    0.001007820      2.225339e-03            3.097172e-05
111 2013-07-16 13:40:00    130 339.8 170.0 170.5167 4.781461e-05 14.84292 0.1013232 0.1058675182  0.004740288   3.567536e-03      0.0001597388         1  7.322722e-02    0.001007720      2.250376e-03            3.096864e-05
112 2013-07-16 13:40:15    131 340.4 170.2 170.7208 4.781461e-05 15.04708 0.1013232 0.1147698371  0.004740568   3.867528e-03      0.0001597482         1  7.383823e-02    0.001007691      2.269153e-03            3.096777e-05
113 2013-07-16 13:40:30    132 341.2 170.4 170.9250 4.781461e-05 15.25125 0.1013232 0.1236721560  0.004740852   4.167519e-03      0.0001597578         1  7.465291e-02    0.001007716      2.294189e-03            3.096852e-05
114 2013-07-16 13:40:45    133 341.9 170.1 170.6292 4.781461e-05 14.95542 0.1013232 0.1107728776  0.004740442   3.732838e-03      0.0001597440         1  7.536576e-02    0.001007795      2.316096e-03            3.097096e-05
115 2013-07-16 13:41:00    134 342.7 169.8 170.3333 4.781461e-05 14.65958 0.1013232 0.0978735992  0.004740039   3.298156e-03      0.0001597304         1  7.618044e-02    0.001007953      2.341132e-03            3.097581e-05
116 2013-07-16 13:41:15    135 343.4 170.2 170.7375 4.781461e-05 15.06375 0.1013232 0.1154965570  0.004740591   3.892017e-03      0.0001597490         1  7.689329e-02    0.001008149      2.363039e-03            3.098184e-05
117 2013-07-16 13:41:30    136 344.2 170.1 170.6417 4.781461e-05 14.96792 0.1013232 0.1113179176  0.004740459   3.751204e-03      0.0001597445         1  7.770797e-02    0.001008440      2.388075e-03            3.099078e-05
118 2013-07-16 13:41:45    137 345.0 169.7 170.2458 4.781461e-05 14.57208 0.1013232 0.0940583197  0.004739922   3.169588e-03      0.0001597264         1  7.852266e-02    0.001008802      2.413112e-03            3.100190e-05
119 2013-07-16 13:42:00    138 345.7 169.8 170.3500 4.781461e-05 14.67625 0.1013232 0.0986003191  0.004740062   3.322645e-03      0.0001597312         1  7.923550e-02    0.001009177      2.435019e-03            3.101342e-05
120 2013-07-16 13:42:15    139 346.5 170.6 171.1542 4.781461e-05 15.48042 0.1013232 0.1336645548  0.004741175   4.504244e-03      0.0001597687         1  8.005019e-02    0.001009671      2.460055e-03            3.102862e-05
121 2013-07-16 13:42:30    140 347.3 170.5 171.0583 4.781461e-05 15.38458 0.1013232 0.1294859153  0.004741040   4.363432e-03      0.0001597641         1  8.086487e-02    0.001010237      2.485091e-03            3.104599e-05
122 2013-07-16 13:42:45    141 348.1 170.0 170.5625 4.781461e-05 14.88875 0.1013232 0.1078659980  0.004740350   3.634881e-03      0.0001597409         1  8.167955e-02    0.001010873      2.510128e-03            3.106554e-05
123 2013-07-16 13:43:00    142 348.9 170.4 170.9667 4.781461e-05 15.29292 0.1013232 0.1254889558  0.004740910   4.228742e-03      0.0001597598         1  8.249423e-02    0.001011579      2.535164e-03            3.108724e-05
124 2013-07-16 13:43:15    143 349.7 170.6 171.1708 4.781461e-05 15.49708 0.1013232 0.1343912747  0.004741199   4.528733e-03      0.0001597695         1  8.330892e-02    0.001012356      2.560200e-03            3.111111e-05
125 2013-07-16 13:43:30    144 350.5 170.8 171.3750 4.781461e-05 15.70125 0.1013232 0.1432935936  0.004741492   4.828725e-03      0.0001597793         1  8.412360e-02    0.001013202      2.585237e-03            3.113714e-05
126 2013-07-16 13:43:45    145 351.3 170.7 171.2792 4.781461e-05 15.60542 0.1013232 0.1391149541  0.004741354   4.687912e-03      0.0001597747         1  8.493828e-02    0.001014119      2.610273e-03            3.116531e-05
127 2013-07-16 13:44:00    146 352.1 170.3 170.8833 4.781461e-05 15.20958 0.1013232 0.1218553562  0.004740794   4.106296e-03      0.0001597558         1  8.575296e-02    0.001015106      2.635309e-03            3.119563e-05
128 2013-07-16 13:44:15    147 352.8 170.8 171.3875 4.781461e-05 15.71375 0.1013232 0.1438386335  0.004741510   4.847091e-03      0.0001597800         1  8.646581e-02    0.001016026      2.657216e-03            3.122391e-05
129 2013-07-16 13:44:30    148 353.6 170.9 171.4917 4.781461e-05 15.81792 0.1013232 0.1483806329  0.004741660   5.000148e-03      0.0001597850         1  8.728049e-02    0.001017143      2.682252e-03            3.125823e-05
130 2013-07-16 13:44:45    149 354.4 170.8 171.3958 4.781461e-05 15.72208 0.1013232 0.1442019935  0.004741522   4.859336e-03      0.0001597804         1  8.809518e-02    0.001018329      2.707289e-03            3.129468e-05
131 2013-07-16 13:45:00    150 355.2 170.6 171.2000 4.781461e-05 15.52625 0.1013232 0.1356630345  0.004741241   4.571589e-03      0.0001597709         1  8.890986e-02    0.001019584      2.732325e-03            3.133325e-05
132 2013-07-16 13:45:15    151 356.0 170.9 171.5042 4.781461e-05 15.83042 0.1013232 0.1489256729  0.004741679   5.018515e-03      0.0001597856         1  8.972454e-02    0.001020907      2.757361e-03            3.137392e-05
133 2013-07-16 13:45:30    152 356.7 170.6 171.2083 4.781461e-05 15.53458 0.1013232 0.1360263945  0.004741253   4.583834e-03      0.0001597713         1  9.043739e-02    0.001022122      2.779268e-03            3.141124e-05
134 2013-07-16 13:45:45    153 357.6 170.7 171.3125 4.781461e-05 15.63875 0.1013232 0.1405683939  0.004741402   4.736890e-03      0.0001597763         1  9.135391e-02    0.001023759      2.807434e-03            3.146157e-05
135 2013-07-16 13:46:00    154 358.4 171.2 171.8167 4.781461e-05 16.14292 0.1013232 0.1625516712  0.004742137   5.477686e-03      0.0001598011         1  9.216859e-02    0.001025287      2.832470e-03            3.150852e-05
136 2013-07-16 13:46:15    155 359.2 170.9 171.5208 4.781461e-05 15.84708 0.1013232 0.1496523928  0.004741703   5.043004e-03      0.0001597865         1  9.298327e-02    0.001026883      2.857507e-03            3.155755e-05
137 2013-07-16 13:46:30    156 360.1 170.9 171.5250 4.781461e-05 15.85125 0.1013232 0.1498340728  0.004741709   5.049126e-03      0.0001597867         1  9.389979e-02    0.001028758      2.885673e-03            3.161517e-05
138 2013-07-16 13:46:45    157 361.0 170.7 171.3292 4.781461e-05 15.65542 0.1013232 0.1412951138  0.004741426   4.761380e-03      0.0001597771         1  9.481631e-02    0.001030717      2.913839e-03            3.167540e-05
139 2013-07-16 13:47:00    158 361.8 171.0 171.6333 4.781461e-05 15.95958 0.1013232 0.1545577522  0.004741867   5.208306e-03      0.0001597920         1  9.563099e-02    0.001032530      2.938875e-03            3.173110e-05
140 2013-07-16 13:47:15    159 362.6 170.7 171.3375 4.781461e-05 15.66375 0.1013232 0.1416584738  0.004741438   4.773624e-03      0.0001597775         1  9.644567e-02    0.001034409      2.963911e-03            3.178884e-05
141 2013-07-16 13:47:30    160 363.4 170.9 171.5417 4.781461e-05 15.86792 0.1013232 0.1505607927  0.004741733   5.073616e-03      0.0001597875         1  9.726035e-02    0.001036353      2.988948e-03            3.184859e-05
142 2013-07-16 13:47:45    161 364.1 170.7 171.3458 4.781461e-05 15.67208 0.1013232 0.1420218337  0.004741450   4.785869e-03      0.0001597779         1  9.797320e-02    0.001038108      3.010854e-03            3.190253e-05
143 2013-07-16 13:48:00    162 364.9 170.8 171.4500 4.781461e-05 15.77625 0.1013232 0.1465638332  0.004741600   4.938925e-03      0.0001597830         1  9.878788e-02    0.001040175      3.035891e-03            3.196604e-05
144 2013-07-16 13:48:15    163 365.8 170.8 171.4542 4.781461e-05 15.78042 0.1013232 0.1467455131  0.004741606   4.945048e-03      0.0001597832         1  9.970440e-02    0.001042577      3.064057e-03            3.203987e-05
145 2013-07-16 13:48:30    164 366.6 170.8 171.4583 4.781461e-05 15.78458 0.1013232 0.1469271931  0.004741612   4.951170e-03      0.0001597834         1  1.005191e-01    0.001044781      3.089093e-03            3.210759e-05
146 2013-07-16 13:48:45    165 367.3 170.9 171.5625 4.781461e-05 15.88875 0.1013232 0.1514691926  0.004741764   5.104227e-03      0.0001597885         1  1.012319e-01    0.001046762      3.111000e-03            3.216845e-05
147 2013-07-16 13:49:00    166 368.2 170.6 171.2667 4.781461e-05 15.59292 0.1013232 0.1385699142  0.004741336   4.669545e-03      0.0001597741         1  1.021484e-01    0.001049379      3.139166e-03            3.224890e-05
148 2013-07-16 13:49:15    167 368.9 170.9 171.5708 4.781461e-05 15.89708 0.1013232 0.1518325525  0.004741776   5.116471e-03      0.0001597889         1  1.028613e-01    0.001051470      3.161072e-03            3.231317e-05
149 2013-07-16 13:49:30    168 369.8 170.7 171.3750 4.781461e-05 15.70125 0.1013232 0.1432935936  0.004741492   4.828725e-03      0.0001597793         1  1.037778e-01    0.001054229      3.189238e-03            3.239796e-05
150 2013-07-16 13:49:45    169 370.7 170.8 171.4792 4.781461e-05 15.80542 0.1013232 0.1478355930  0.004741642   4.981781e-03      0.0001597844         1  1.046943e-01    0.001057067      3.217404e-03            3.248516e-05
151 2013-07-16 13:50:00    170 371.4 170.4 171.0833 4.781461e-05 15.40958 0.1013232 0.1305759952  0.004741075   4.400165e-03      0.0001597653         1  1.054072e-01    0.001059328      3.239311e-03            3.255464e-05
152 2013-07-16 13:50:15    171 372.3 170.6 171.2875 4.781461e-05 15.61375 0.1013232 0.1394783141  0.004741366   4.700157e-03      0.0001597751         1  1.063237e-01    0.001062304      3.267477e-03            3.264610e-05
153 2013-07-16 13:50:30    172 373.2 170.9 171.5917 4.781461e-05 15.91792 0.1013232 0.1527409524  0.004741806   5.147083e-03      0.0001597899         1  1.072402e-01    0.001065357      3.295643e-03            3.273991e-05
154 2013-07-16 13:50:45    173 374.0 171.0 171.6958 4.781461e-05 16.02208 0.1013232 0.1572829518  0.004741959   5.300140e-03      0.0001597951         1  1.080549e-01    0.001068134      3.320679e-03            3.282526e-05
155 2013-07-16 13:51:00    174 374.9 170.9 171.6000 4.781461e-05 15.92625 0.1013232 0.1531043124  0.004741818   5.159327e-03      0.0001597904         1  1.089714e-01    0.001071330      3.348845e-03            3.292348e-05
156 2013-07-16 13:51:15    175 375.6 171.2 171.9042 4.781461e-05 16.23042 0.1013232 0.1663669507  0.004742267   5.606253e-03      0.0001598055         1  1.096843e-01    0.001073868      3.370752e-03            3.300146e-05
157 2013-07-16 13:51:30    176 376.5 171.3 172.0083 4.781461e-05 16.33458 0.1013232 0.1709089501  0.004742423   5.759310e-03      0.0001598107         1  1.106008e-01    0.001077196      3.398918e-03            3.310375e-05
158 2013-07-16 13:51:45    177 377.3 171.2 171.9125 4.781461e-05 16.23875 0.1013232 0.1667303107  0.004742280   5.618498e-03      0.0001598059         1  1.114155e-01    0.001080217      3.423954e-03            3.319658e-05
159 2013-07-16 13:52:00    178 378.1 171.4 172.1167 4.781461e-05 16.44292 0.1013232 0.1756326295  0.004742586   5.918489e-03      0.0001598162         1  1.122301e-01    0.001083295      3.448990e-03            3.329119e-05
160 2013-07-16 13:52:15    179 378.9 171.5 172.2208 4.781461e-05 16.54708 0.1013232 0.1801746290  0.004742744   6.071546e-03      0.0001598215         1  1.130448e-01    0.001086431      3.474027e-03            3.338755e-05
161 2013-07-16 13:52:30    180 379.7 171.5 172.2250 4.781461e-05 16.55125 0.1013232 0.1803563090  0.004742750   6.077668e-03      0.0001598218         1  1.138595e-01    0.001089623      3.499063e-03            3.348566e-05
162 2013-07-16 13:52:45    181 380.6 171.2 171.9292 4.781461e-05 16.25542 0.1013232 0.1674570306  0.004742305   5.642987e-03      0.0001598067         1  1.147760e-01    0.001093282      3.527229e-03            3.359809e-05
163 2013-07-16 13:53:00    182 381.5 171.2 171.9333 4.781461e-05 16.25958 0.1013232 0.1676387105  0.004742311   5.649109e-03      0.0001598070         1  1.156925e-01    0.001097011      3.555395e-03            3.371270e-05
164 2013-07-16 13:53:15    183 382.3 171.2 171.9375 4.781461e-05 16.26375 0.1013232 0.1678203905  0.004742317   5.655231e-03      0.0001598072         1  1.165072e-01    0.001100384      3.580431e-03            3.381636e-05
165 2013-07-16 13:53:30    184 383.2 171.3 172.0417 4.781461e-05 16.36792 0.1013232 0.1723623900  0.004742473   5.808288e-03      0.0001598124         1  1.174237e-01    0.001104245      3.608597e-03            3.393500e-05
166 2013-07-16 13:53:45    185 384.1 171.6 172.3458 4.781461e-05 16.67208 0.1013232 0.1856250283  0.004742934   6.255214e-03      0.0001598280         1  1.183403e-01    0.001108174      3.636763e-03            3.405573e-05
167 2013-07-16 13:54:00    186 385.0 171.4 172.1500 4.781461e-05 16.47625 0.1013232 0.1770860694  0.004742636   5.967467e-03      0.0001598179         1  1.192568e-01    0.001112170      3.664929e-03            3.417855e-05
168 2013-07-16 13:54:15    187 385.9 171.7 172.4542 4.781461e-05 16.78042 0.1013232 0.1903487077  0.004743101   6.414393e-03      0.0001598336         1  1.201733e-01    0.001116233      3.693095e-03            3.430342e-05
169 2013-07-16 13:54:30    188 387.0 171.6 172.3583 4.781461e-05 16.68458 0.1013232 0.1861700682  0.004742954   6.273581e-03      0.0001598286         1  1.212935e-01    0.001121289      3.727520e-03            3.445880e-05
170 2013-07-16 13:54:45    189 387.9 171.6 172.3625 4.781461e-05 16.68875 0.1013232 0.1863517482  0.004742960   6.279703e-03      0.0001598288         1  1.222100e-01    0.001125499      3.755685e-03            3.458817e-05
171 2013-07-16 13:55:00    190 388.9 171.7 172.4667 4.781461e-05 16.79292 0.1013232 0.1908937476  0.004743120   6.432760e-03      0.0001598342         1  1.232284e-01    0.001130252      3.786981e-03            3.473423e-05
172 2013-07-16 13:55:15    191 389.8 171.7 172.4708 4.781461e-05 16.79708 0.1013232 0.1910754276  0.004743127   6.438882e-03      0.0001598344         1  1.241449e-01    0.001134597      3.815147e-03            3.486776e-05
173 2013-07-16 13:55:30    192 390.7 171.5 172.2750 4.781461e-05 16.60125 0.1013232 0.1825364687  0.004742826   6.151136e-03      0.0001598243         1  1.250614e-01    0.001139005      3.843313e-03            3.500323e-05
174 2013-07-16 13:55:45    193 391.7 171.7 172.4792 4.781461e-05 16.80542 0.1013232 0.1914387876  0.004743139   6.451127e-03      0.0001598349         1  1.260797e-01    0.001143976      3.874608e-03            3.515599e-05
175 2013-07-16 13:56:00    194 392.8 171.6 172.3833 4.781461e-05 16.70958 0.1013232 0.1872601481  0.004742992   6.310315e-03      0.0001598299         1  1.271999e-01    0.001149532      3.909033e-03            3.532673e-05
176 2013-07-16 13:56:15    195 393.8 171.6 172.3875 4.781461e-05 16.71375 0.1013232 0.1874418281  0.004742998   6.316437e-03      0.0001598301         1  1.282183e-01    0.001154661      3.940328e-03            3.548436e-05
177 2013-07-16 13:56:30    196 394.7 171.5 172.2917 4.781461e-05 16.61792 0.1013232 0.1832631886  0.004742852   6.175625e-03      0.0001598252         1  1.291348e-01    0.001159341      3.968494e-03            3.562817e-05
178 2013-07-16 13:56:45    197 395.9 171.5 172.2958 4.781461e-05 16.62208 0.1013232 0.1834448686  0.004742858   6.181747e-03      0.0001598254         1  1.303568e-01    0.001165672      4.006049e-03            3.582273e-05
179 2013-07-16 13:57:00    198 397.1 171.5 172.3000 4.781461e-05 16.62625 0.1013232 0.1836265486  0.004742864   6.187869e-03      0.0001598256         1  1.315789e-01    0.001172106      4.043603e-03            3.602048e-05
180 2013-07-16 13:57:15    199 398.2 171.3 172.1042 4.781461e-05 16.43042 0.1013232 0.1750875896  0.004742567   5.900122e-03      0.0001598156         1  1.326990e-01    0.001178094      4.078028e-03            3.620449e-05
181 2013-07-16 13:57:30    200 399.3 171.3 172.1083 4.781461e-05 16.43458 0.1013232 0.1752692696  0.004742574   5.906245e-03      0.0001598158         1  1.338192e-01    0.001184166      4.112453e-03            3.639109e-05

$dryleafvolt
            timestamp record LWSmV  SEmV    CSEmV     CSEmV.sd   loadmV loadmV.sd
1 2013-07-16 13:11:00     14 264.2 167.8 167.8333 4.781461e-05 12.15958 0.1013232
2 2013-07-16 13:11:15     15 264.1 167.8 167.8375 4.781461e-05 12.16375 0.1013232
3 2013-07-16 13:11:30     16 264.2 168.0 168.0417 4.781461e-05 12.36792 0.1013232
4 2013-07-16 13:11:45     17 264.3 168.3 168.3458 4.781461e-05 12.67208 0.1013232
5 2013-07-16 13:12:00     18 264.4 168.1 168.1500 4.781461e-05 12.47625 0.1013232
6 2013-07-16 13:12:15     19 264.4 168.1 168.1542 4.781461e-05 12.48042 0.1013232
7 2013-07-16 13:12:30     20 264.4 168.2 168.2583 4.781461e-05 12.58458 0.1013232

$runtime
Time difference of 45 mins

$startcalibvolt
            timestamp record LWSmV  SEmV    CSEmV     CSEmV.sd   loadmV loadmV.sd
1 2013-07-16 13:09:30      8 264.2 277.9 277.9083 4.781461e-05 122.2346 0.1013232
2 2013-07-16 13:09:45      9 263.9 277.9 277.9125 4.781461e-05 122.2387 0.1013232
3 2013-07-16 13:10:00     10 263.8 277.9 277.9167 4.781461e-05 122.2429 0.1013232

$endcalibvolt
[1] NA

$lastLWSvolt
[1] 399.1

$maxLWSvolt
[1] 402.9

$species
[1] "blackoak"

$trial
[1] "4"

$replicate
[1] "1"

$isvertical
[1] FALSE

$conversionfactor
         avg       stdev
1 0.04360319 2.08669e-05

$LWSwatermass
        avg       stdev
1 0.1069005 0.003226869

$dryleafmass
        avg       stdev
1 0.5413311 0.001689829

$lwsmodel

Call:
lm(formula = LWSsurfacedensity ~ record, data = rd[rd$runfilter == 
    1, ])

Coefficients:
(Intercept)       record  
 -7.511e-04    2.351e-05  


$leafmodel

Call:
lm(formula = surfacedensity ~ record, data = rd[rd$runfilter == 
    1, ])

Coefficients:
(Intercept)       record  
 -6.146e-04    3.459e-05  


