$name
[1] "blackoak7rep2"

$leafarea
[1] 39.73629

$startbasevolt
            timestamp record LWSmV  SEmV CSEmV CSEmV.sd    loadmV loadmV.sd
1 2013-08-13 12:04:30      1 263.5 148.7 148.7        0 -0.017897 0.1206344
2 2013-08-13 12:04:45      2 263.5 148.8 148.8        0  0.082103 0.1206344
3 2013-08-13 12:05:00      3 263.5 148.7 148.7        0 -0.017897 0.1206344
4 2013-08-13 12:05:15      4 263.5 148.9 148.9        0  0.182103 0.1206344
5 2013-08-13 12:05:30      5 263.5 148.5 148.5        0 -0.217897 0.1206344

$endbasevolt
             timestamp record LWSmV  SEmV    CSEmV     CSEmV.sd      loadmV loadmV.sd
1  2013-08-13 13:00:30    225 266.5 148.8 148.8915 5.397781e-05  0.17361836 0.1206344
2  2013-08-13 13:00:45    226 266.5 148.7 148.7919 5.397781e-05  0.07403433 0.1206344
3  2013-08-13 13:01:00    227 266.1 148.8 148.8923 5.397781e-05  0.17445031 0.1206344
4  2013-08-13 13:01:15    228 265.8 148.7 148.7928 5.397781e-05  0.07486629 0.1206344
5  2013-08-13 13:01:30    229 265.8 148.7 148.7932 5.397781e-05  0.07528227 0.1206344
6  2013-08-13 13:01:45    230 265.8 148.6 148.6936 5.397781e-05 -0.02430175 0.1206344
7  2013-08-13 13:02:00    231 265.8 148.6 148.6940 5.397781e-05 -0.02388577 0.1206344
8  2013-08-13 13:02:15    232 265.8 148.6 148.6944 5.397781e-05 -0.02346979 0.1206344
9  2013-08-13 13:02:30    233 265.8 148.5 148.5948 5.397781e-05 -0.12305381 0.1206344
10 2013-08-13 13:02:45    234 265.8 148.5 148.5953 5.397781e-05 -0.12263783 0.1206344
11 2013-08-13 13:03:00    235 265.8 148.6 148.6957 5.397781e-05 -0.02222186 0.1206344
12 2013-08-13 13:03:15    236 265.7 148.4 148.4961 5.397781e-05 -0.22180588 0.1206344
13 2013-08-13 13:03:30    237 265.3 148.6 148.6965 5.397781e-05 -0.02138990 0.1206344

$dryragvolt
            timestamp record LWSmV  SEmV    CSEmV     CSEmV.sd   loadmV loadmV.sd
1 2013-08-13 12:57:30    213 302.5 233.5 233.5865 5.397781e-05 84.86863 0.1206344
2 2013-08-13 12:57:45    214 302.1 233.3 233.3869 5.397781e-05 84.66904 0.1206344

$wetragvolt
            timestamp record LWSmV  SEmV    CSEmV     CSEmV.sd   loadmV loadmV.sd
1 2013-08-13 12:58:30    217 267.7 234.3 234.3882 5.397781e-05 85.67029 0.1206344
2 2013-08-13 12:58:45    218 267.2 234.1 234.1886 5.397781e-05 85.47071 0.1206344

$rundata
              timestamp record LWSmV  SEmV    CSEmV     CSEmV.sd   loadmV loadmV.sd   watermass watermass.sd surfacedensity surfacedensity.sd runfilter      LWSwater LWSwater.stdev LWSsurfacedensity LWSsurfacedensity.stdev
1   2013-08-13 12:11:45     30 263.8 162.9 162.9104 5.397781e-05 14.19250 0.1206344 0.006332139  0.005445431   0.0001593541      0.0001370392         0 -4.167615e-03    0.001294075     -1.280767e-04            3.976874e-05
2   2013-08-13 12:12:00     31 264.0 162.9 162.9108 5.397781e-05 14.19292 0.1206344 0.006350235  0.005445431   0.0001598095      0.0001370392         0 -3.963945e-03    0.001292748     -1.218176e-04            3.972797e-05
3   2013-08-13 12:12:15     32 264.4 162.9 162.9112 5.397781e-05 14.19333 0.1206344 0.006368331  0.005445431   0.0001602649      0.0001370393         0 -3.556603e-03    0.001290101     -1.092994e-04            3.964662e-05
4   2013-08-13 12:12:30     33 264.4 162.9 162.9116 5.397781e-05 14.19375 0.1206344 0.006386426  0.005445432   0.0001607203      0.0001370393         0 -3.556603e-03    0.001290101     -1.092994e-04            3.964662e-05
5   2013-08-13 12:12:45     34 264.4 163.0 163.0121 5.397781e-05 14.29417 0.1206344 0.010754684  0.005445528   0.0002706514      0.0001370417         0 -3.556603e-03    0.001290101     -1.092994e-04            3.964662e-05
6   2013-08-13 12:13:00     35 264.5 163.0 163.0125 5.397781e-05 14.29458 0.1206344 0.010772779  0.005445529   0.0002711068      0.0001370417         0 -3.454768e-03    0.001289440     -1.061699e-04            3.962632e-05
7   2013-08-13 12:13:15     36 265.0 163.0 163.0129 5.397781e-05 14.29500 0.1206344 0.010790875  0.005445529   0.0002715622      0.0001370417         0 -2.945592e-03    0.001286146     -9.052218e-05            3.952508e-05
8   2013-08-13 12:13:30     37 265.1 163.0 163.0133 5.397781e-05 14.29541 0.1206344 0.010808971  0.005445529   0.0002720176      0.0001370417         0 -2.843756e-03    0.001285489     -8.739263e-05            3.950488e-05
9   2013-08-13 12:13:45     38 265.1 162.9 162.9137 5.397781e-05 14.19583 0.1206344 0.006476905  0.005445434   0.0001629972      0.0001370393         0 -2.843756e-03    0.001285489     -8.739263e-05            3.950488e-05
10  2013-08-13 12:14:00     39 265.1 162.9 162.9141 5.397781e-05 14.19625 0.1206344 0.006495001  0.005445434   0.0001634526      0.0001370393         0 -2.843756e-03    0.001285489     -8.739263e-05            3.950488e-05
11  2013-08-13 12:14:15     40 265.1 163.0 163.0146 5.397781e-05 14.29666 0.1206344 0.010863258  0.005445531   0.0002733838      0.0001370418         0 -2.843756e-03    0.001285489     -8.739263e-05            3.950488e-05
12  2013-08-13 12:14:30     41 265.1 163.1 163.1150 5.397781e-05 14.39708 0.1206344 0.015231516  0.005445628   0.0003833150      0.0001370442         0 -2.843756e-03    0.001285489     -8.739263e-05            3.950488e-05
13  2013-08-13 12:14:45     42 265.2 163.1 163.1154 5.397781e-05 14.39749 0.1206344 0.015249611  0.005445628   0.0003837704      0.0001370442         0 -2.741921e-03    0.001284832     -8.426309e-05            3.948469e-05
14  2013-08-13 12:15:00     43 265.7 163.2 163.2158 5.397781e-05 14.49791 0.1206344 0.019617869  0.005445726   0.0004937016      0.0001370467         0 -2.232744e-03    0.001281556     -6.861538e-05            3.938403e-05
15  2013-08-13 12:15:15     44 265.8 163.1 163.1162 5.397781e-05 14.39833 0.1206344 0.015285803  0.005445629   0.0003846812      0.0001370442         0 -2.130909e-03    0.001280903     -6.548584e-05            3.936394e-05
16  2013-08-13 12:15:30     45 265.8 163.1 163.1166 5.397781e-05 14.39874 0.1206344 0.015303899  0.005445629   0.0003851366      0.0001370442         0 -2.130909e-03    0.001280903     -6.548584e-05            3.936394e-05
17  2013-08-13 12:15:45     46 265.8 163.1 163.1171 5.397781e-05 14.39916 0.1206344 0.015321994  0.005445630   0.0003855920      0.0001370442         0 -2.130909e-03    0.001280903     -6.548584e-05            3.936394e-05
18  2013-08-13 12:16:00     47 266.0 163.1 163.1175 5.397781e-05 14.39957 0.1206344 0.015340090  0.005445630   0.0003860474      0.0001370443         0 -1.927238e-03    0.001279597     -5.922675e-05            3.932383e-05
19  2013-08-13 12:16:15     48 266.5 163.1 163.1179 5.397781e-05 14.39999 0.1206344 0.015358186  0.005445630   0.0003865028      0.0001370443         0 -1.418062e-03    0.001276343     -4.357904e-05            3.922382e-05
20  2013-08-13 12:16:30     49 266.5 163.2 163.2183 5.397781e-05 14.50041 0.1206344 0.019726443  0.005445728   0.0004964340      0.0001370467         0 -1.418062e-03    0.001276343     -4.357904e-05            3.922382e-05
21  2013-08-13 12:16:45     50 266.5 163.3 163.3187 5.397781e-05 14.60082 0.1206344 0.024094701  0.005445827   0.0006063652      0.0001370492         0 -1.418062e-03    0.001276343     -4.357904e-05            3.922382e-05
22  2013-08-13 12:17:00     51 266.5 163.2 163.2191 5.397781e-05 14.50124 0.1206344 0.019762635  0.005445729   0.0004973448      0.0001370467         0 -1.418062e-03    0.001276343     -4.357904e-05            3.922382e-05
23  2013-08-13 12:17:15     52 266.9 163.2 163.2196 5.397781e-05 14.50165 0.1206344 0.019780731  0.005445729   0.0004978002      0.0001370468         0 -1.010721e-03    0.001273750     -3.106087e-05            3.914413e-05
24  2013-08-13 12:17:30     53 267.2 163.3 163.3200 5.397781e-05 14.60207 0.1206344 0.024148988  0.005445828   0.0006077313      0.0001370492         0 -7.052148e-04    0.001271811     -2.167224e-05            3.908453e-05
25  2013-08-13 12:17:45     54 267.2 163.3 163.3204 5.397781e-05 14.60249 0.1206344 0.024167084  0.005445828   0.0006081867      0.0001370492         0 -7.052148e-04    0.001271811     -2.167224e-05            3.908453e-05
26  2013-08-13 12:18:00     55 267.2 163.3 163.3208 5.397781e-05 14.60290 0.1206344 0.024185179  0.005445829   0.0006086421      0.0001370493         0 -7.052148e-04    0.001271811     -2.167224e-05            3.908453e-05
27  2013-08-13 12:18:15     56 267.5 163.3 163.3212 5.397781e-05 14.60332 0.1206344 0.024203275  0.005445829   0.0006090975      0.0001370493         0 -3.997088e-04    0.001269876     -1.228362e-05            3.902509e-05
28  2013-08-13 12:18:30     57 267.8 163.2 163.2216 5.397781e-05 14.50373 0.1206344 0.019871209  0.005445731   0.0005000771      0.0001370468         0 -9.420292e-05    0.001267947     -2.894988e-06            3.896579e-05
29  2013-08-13 12:18:45     58 267.8 163.2 163.2220 5.397781e-05 14.50415 0.1206344 0.019889305  0.005445732   0.0005005325      0.0001370468         0 -9.420292e-05    0.001267947     -2.894988e-06            3.896579e-05
30  2013-08-13 12:19:00     59 267.8 163.4 163.4225 5.397781e-05 14.70457 0.1206344 0.028607724  0.005445929   0.0007199395      0.0001370518         0 -9.420292e-05    0.001267947     -2.894988e-06            3.896579e-05
31  2013-08-13 12:19:15     60 268.1 163.4 163.4229 5.397781e-05 14.70498 0.1206344 0.028625820  0.005445929   0.0007203949      0.0001370518         0  2.113030e-04    0.001266023      6.493639e-06            3.890666e-05
32  2013-08-13 12:19:30     61 268.5 163.4 163.4233 5.397781e-05 14.70540 0.1206344 0.028643916  0.005445930   0.0007208503      0.0001370518         0  6.186443e-04    0.001263465      1.901181e-05            3.882805e-05
33  2013-08-13 12:19:45     62 268.5 163.2 163.2237 5.397781e-05 14.50581 0.1206344 0.019961688  0.005445733   0.0005023541      0.0001370469         0  6.186443e-04    0.001263465      1.901181e-05            3.882805e-05
34  2013-08-13 12:20:00     63 268.5 163.3 163.3241 5.397781e-05 14.60623 0.1206344 0.024329945  0.005445832   0.0006122853      0.0001370493         0  6.186443e-04    0.001263465      1.901181e-05            3.882805e-05
35  2013-08-13 12:20:15     64 269.0 163.4 163.4245 5.397781e-05 14.70665 0.1206344 0.028698203  0.005445931   0.0007222165      0.0001370518         0  1.127821e-03    0.001260280      3.465952e-05            3.873018e-05
36  2013-08-13 12:20:30     65 269.2 163.5 163.5250 5.397781e-05 14.80706 0.1206344 0.033066460  0.005446031   0.0008321477      0.0001370543         0  1.331491e-03    0.001259010      4.091861e-05            3.869116e-05
37  2013-08-13 12:20:45     66 269.2 163.4 163.4254 5.397781e-05 14.70748 0.1206344 0.028734394  0.005445932   0.0007231273      0.0001370519         0  1.331491e-03    0.001259010      4.091861e-05            3.869116e-05
38  2013-08-13 12:21:00     67 269.3 163.4 163.4258 5.397781e-05 14.70789 0.1206344 0.028752490  0.005445932   0.0007235827      0.0001370519         0  1.433327e-03    0.001258376      4.404815e-05            3.867167e-05
39  2013-08-13 12:21:15     68 269.9 163.5 163.5262 5.397781e-05 14.80831 0.1206344 0.033120747  0.005446032   0.0008335139      0.0001370544         0  2.044339e-03    0.001254584      6.282540e-05            3.855512e-05
40  2013-08-13 12:21:30     69 269.9 163.4 163.4266 5.397781e-05 14.70873 0.1206344 0.028788682  0.005445933   0.0007244935      0.0001370519         0  2.044339e-03    0.001254584      6.282540e-05            3.855512e-05
41  2013-08-13 12:21:45     70 269.9 163.5 163.5270 5.397781e-05 14.80914 0.1206344 0.033156939  0.005446033   0.0008344247      0.0001370544         0  2.044339e-03    0.001254584      6.282540e-05            3.855512e-05
42  2013-08-13 12:22:00     71 270.3 163.6 163.6275 5.397781e-05 14.90956 0.1206344 0.037525196  0.005446134   0.0009443559      0.0001370569         0  2.451680e-03    0.001252067      7.534357e-05            3.847778e-05
43  2013-08-13 12:22:15     72 270.6 163.4 163.4279 5.397781e-05 14.70997 0.1206344 0.028842969  0.005445934   0.0007258597      0.0001370519         0  2.757186e-03    0.001250185      8.473220e-05            3.841995e-05
44  2013-08-13 12:22:30     73 270.6 163.4 163.4283 5.397781e-05 14.71039 0.1206344 0.028861065  0.005445935   0.0007263151      0.0001370519         0  2.757186e-03    0.001250185      8.473220e-05            3.841995e-05
45  2013-08-13 12:22:45     74 270.7 163.6 163.6287 5.397781e-05 14.91081 0.1206344 0.037579484  0.005446135   0.0009457220      0.0001370570         0  2.859021e-03    0.001249559      8.786174e-05            3.840072e-05
46  2013-08-13 12:23:00     75 271.2 163.5 163.5291 5.397781e-05 14.81122 0.1206344 0.033247418  0.005446035   0.0008367016      0.0001370544         0  3.368198e-03    0.001246438      1.035095e-04            3.830479e-05
47  2013-08-13 12:23:15     76 271.2 163.5 163.5295 5.397781e-05 14.81164 0.1206344 0.033265513  0.005446036   0.0008371570      0.0001370545         0  3.368198e-03    0.001246438      1.035095e-04            3.830479e-05
48  2013-08-13 12:23:30     77 271.3 163.5 163.5300 5.397781e-05 14.81205 0.1206344 0.033283609  0.005446036   0.0008376124      0.0001370545         0  3.470033e-03    0.001245815      1.066390e-04            3.828566e-05
49  2013-08-13 12:23:45     78 271.8 163.5 163.5304 5.397781e-05 14.81247 0.1206344 0.033301705  0.005446036   0.0008380678      0.0001370545         0  3.979209e-03    0.001242712      1.222867e-04            3.819028e-05
50  2013-08-13 12:24:00     79 271.9 163.5 163.5308 5.397781e-05 14.81289 0.1206344 0.033319801  0.005446037   0.0008385232      0.0001370545         0  4.081045e-03    0.001242093      1.254163e-04            3.817126e-05
51  2013-08-13 12:24:15     80 271.9 163.5 163.5312 5.397781e-05 14.81330 0.1206344 0.033337897  0.005446037   0.0008389786      0.0001370545         0  4.081045e-03    0.001242093      1.254163e-04            3.817126e-05
52  2013-08-13 12:24:30     81 272.2 163.5 163.5316 5.397781e-05 14.81372 0.1206344 0.033355992  0.005446038   0.0008394340      0.0001370545         0  4.386551e-03    0.001240239      1.348049e-04            3.811430e-05
53  2013-08-13 12:24:45     82 272.6 163.5 163.5320 5.397781e-05 14.81413 0.1206344 0.033374088  0.005446038   0.0008398894      0.0001370545         0  4.793892e-03    0.001237777      1.473230e-04            3.803862e-05
54  2013-08-13 12:25:00     83 272.6 163.5 163.5324 5.397781e-05 14.81455 0.1206344 0.033392184  0.005446038   0.0008403448      0.0001370545         0  4.793892e-03    0.001237777      1.473230e-04            3.803862e-05
55  2013-08-13 12:25:15     84 272.7 163.4 163.4329 5.397781e-05 14.71497 0.1206344 0.029060118  0.005445939   0.0007313244      0.0001370520         0  4.895727e-03    0.001237162      1.504526e-04            3.801974e-05
56  2013-08-13 12:25:30     85 273.3 163.4 163.4333 5.397781e-05 14.71538 0.1206344 0.029078214  0.005445940   0.0007317798      0.0001370521         0  5.506739e-03    0.001233490      1.692298e-04            3.790688e-05
57  2013-08-13 12:25:45     86 273.3 163.5 163.5337 5.397781e-05 14.81580 0.1206344 0.033446471  0.005446040   0.0008417110      0.0001370546         0  5.506739e-03    0.001233490      1.692298e-04            3.790688e-05
58  2013-08-13 12:26:00     87 273.3 163.6 163.6341 5.397781e-05 14.91621 0.1206344 0.037814728  0.005446140   0.0009516422      0.0001370571         0  5.506739e-03    0.001233490      1.692298e-04            3.790688e-05
59  2013-08-13 12:26:15     88 273.8 163.6 163.6345 5.397781e-05 14.91663 0.1206344 0.037832824  0.005446141   0.0009520976      0.0001370571         0  6.015916e-03    0.001230446      1.848776e-04            3.781334e-05
60  2013-08-13 12:26:30     89 274.0 163.5 163.5349 5.397781e-05 14.81705 0.1206344 0.033500758  0.005446041   0.0008430772      0.0001370546         1  6.219586e-03    0.001229233      1.911366e-04            3.777606e-05
61  2013-08-13 12:26:45     90 274.0 163.6 163.6354 5.397781e-05 14.91746 0.1206344 0.037869016  0.005446141   0.0009530084      0.0001370571         1  6.219586e-03    0.001229233      1.911366e-04            3.777606e-05
62  2013-08-13 12:27:00     91 274.3 163.7 163.7358 5.397781e-05 15.01788 0.1206344 0.042237273  0.005446243   0.0010629396      0.0001370597         1  6.525092e-03    0.001227418      2.005253e-04            3.772027e-05
63  2013-08-13 12:27:15     92 274.6 163.8 163.8362 5.397781e-05 15.11829 0.1206344 0.046605530  0.005446345   0.0011728708      0.0001370622         1  6.830598e-03    0.001225608      2.099139e-04            3.766465e-05
64  2013-08-13 12:27:30     93 274.6 163.8 163.8366 5.397781e-05 15.11871 0.1206344 0.046623626  0.005446345   0.0011733262      0.0001370623         1  6.830598e-03    0.001225608      2.099139e-04            3.766465e-05
65  2013-08-13 12:27:45     94 274.8 163.7 163.7370 5.397781e-05 15.01913 0.1206344 0.042291560  0.005446244   0.0010643058      0.0001370597         1  7.034269e-03    0.001224404      2.161730e-04            3.762767e-05
66  2013-08-13 12:28:00     95 275.3 163.5 163.5374 5.397781e-05 14.81954 0.1206344 0.033609333  0.005446043   0.0008458096      0.0001370547         1  7.543445e-03    0.001221407      2.318207e-04            3.753555e-05
67  2013-08-13 12:28:15     96 275.3 163.5 163.5379 5.397781e-05 14.81996 0.1206344 0.033627429  0.005446044   0.0008462650      0.0001370547         1  7.543445e-03    0.001221407      2.318207e-04            3.753555e-05
68  2013-08-13 12:28:30     97 275.4 163.5 163.5383 5.397781e-05 14.82037 0.1206344 0.033645524  0.005446044   0.0008467204      0.0001370547         1  7.645281e-03    0.001220809      2.349502e-04            3.751718e-05
69  2013-08-13 12:28:45     98 275.9 163.4 163.4387 5.397781e-05 14.72079 0.1206344 0.029313458  0.005445945   0.0007377000      0.0001370522         1  8.154457e-03    0.001217830      2.505979e-04            3.742563e-05
70  2013-08-13 12:29:00     99 276.0 163.5 163.5391 5.397781e-05 14.82121 0.1206344 0.033681716  0.005446045   0.0008476312      0.0001370547         1  8.256292e-03    0.001217236      2.537275e-04            3.740738e-05
71  2013-08-13 12:29:15    100 276.0 163.5 163.5395 5.397781e-05 14.82162 0.1206344 0.033699812  0.005446045   0.0008480866      0.0001370547         1  8.256292e-03    0.001217236      2.537275e-04            3.740738e-05
72  2013-08-13 12:29:30    101 276.5 163.6 163.6399 5.397781e-05 14.92204 0.1206344 0.038068069  0.005446146   0.0009580177      0.0001370572         1  8.765469e-03    0.001214276      2.693752e-04            3.731642e-05
73  2013-08-13 12:29:45    102 276.7 163.6 163.6403 5.397781e-05 14.92245 0.1206344 0.038086165  0.005446146   0.0009584731      0.0001370573         1  8.969140e-03    0.001213097      2.756343e-04            3.728017e-05
74  2013-08-13 12:30:00    103 276.7 163.6 163.6408 5.397781e-05 14.92287 0.1206344 0.038104260  0.005446147   0.0009589285      0.0001370573         1  8.969140e-03    0.001213097      2.756343e-04            3.728017e-05
75  2013-08-13 12:30:15    104 277.2 163.4 163.4412 5.397781e-05 14.72328 0.1206344 0.029422033  0.005445948   0.0007404323      0.0001370522         1  9.478316e-03    0.001210159      2.912820e-04            3.718988e-05
76  2013-08-13 12:30:30    105 277.4 163.5 163.5416 5.397781e-05 14.82370 0.1206344 0.033790290  0.005446048   0.0008503635      0.0001370548         1  9.681987e-03    0.001208988      2.975411e-04            3.715391e-05
77  2013-08-13 12:30:45    106 277.4 163.5 163.5420 5.397781e-05 14.82412 0.1206344 0.033808386  0.005446048   0.0008508189      0.0001370548         1  9.681987e-03    0.001208988      2.975411e-04            3.715391e-05
78  2013-08-13 12:31:00    107 277.7 163.6 163.6424 5.397781e-05 14.92453 0.1206344 0.038176643  0.005446149   0.0009607501      0.0001370573         1  9.987493e-03    0.001207237      3.069297e-04            3.710009e-05
79  2013-08-13 12:31:15    108 278.0 163.5 163.5428 5.397781e-05 14.82495 0.1206344 0.033844578  0.005446049   0.0008517297      0.0001370548         1  1.029300e-02    0.001205492      3.163183e-04            3.704646e-05
80  2013-08-13 12:31:30    109 278.0 163.6 163.6433 5.397781e-05 14.92536 0.1206344 0.038212835  0.005446149   0.0009616609      0.0001370573         1  1.029300e-02    0.001205492      3.163183e-04            3.704646e-05
81  2013-08-13 12:31:45    110 278.4 163.8 163.8437 5.397781e-05 15.12578 0.1206344 0.046931254  0.005446352   0.0011810679      0.0001370624         1  1.070034e-02    0.001203174      3.288365e-04            3.697522e-05
82  2013-08-13 12:32:00    111 278.7 163.6 163.6441 5.397781e-05 14.92620 0.1206344 0.038249026  0.005446150   0.0009625717      0.0001370573         1  1.100585e-02    0.001201442      3.382251e-04            3.692201e-05
83  2013-08-13 12:32:15    112 278.7 163.6 163.6445 5.397781e-05 14.92661 0.1206344 0.038267122  0.005446151   0.0009630271      0.0001370574         1  1.100585e-02    0.001201442      3.382251e-04            3.692201e-05
84  2013-08-13 12:32:30    113 279.1 163.6 163.6449 5.397781e-05 14.92703 0.1206344 0.038285218  0.005446151   0.0009634825      0.0001370574         1  1.141319e-02    0.001199143      3.507433e-04            3.685134e-05
85  2013-08-13 12:32:45    114 279.4 163.5 163.5453 5.397781e-05 14.82744 0.1206344 0.033953152  0.005446051   0.0008544621      0.0001370549         1  1.171869e-02    0.001197425      3.601319e-04            3.679855e-05
86  2013-08-13 12:33:00    115 279.4 163.4 163.4458 5.397781e-05 14.72786 0.1206344 0.029621086  0.005445952   0.0007454417      0.0001370524         1  1.171869e-02    0.001197425      3.601319e-04            3.679855e-05
87  2013-08-13 12:33:15    116 280.0 163.3 163.3462 5.397781e-05 14.62828 0.1206344 0.025289020  0.005445854   0.0006364213      0.0001370499         1  1.232970e-02    0.001194007      3.789092e-04            3.669352e-05
88  2013-08-13 12:33:30    117 280.1 163.4 163.4466 5.397781e-05 14.72869 0.1206344 0.029657278  0.005445953   0.0007463525      0.0001370524         1  1.243154e-02    0.001193440      3.820387e-04            3.667608e-05
89  2013-08-13 12:33:45    118 280.1 163.5 163.5470 5.397781e-05 14.82911 0.1206344 0.034025535  0.005446053   0.0008562837      0.0001370549         1  1.243154e-02    0.001193440      3.820387e-04            3.667608e-05
90  2013-08-13 12:34:00    119 280.7 163.6 163.6474 5.397781e-05 14.92952 0.1206344 0.038393793  0.005446154   0.0009662149      0.0001370574         1  1.304255e-02    0.001190050      4.008160e-04            3.657191e-05
91  2013-08-13 12:34:15    120 280.8 163.6 163.6478 5.397781e-05 14.92994 0.1206344 0.038411888  0.005446154   0.0009666703      0.0001370574         1  1.314439e-02    0.001189487      4.039455e-04            3.655462e-05
92  2013-08-13 12:34:30    121 281.1 163.8 163.8483 5.397781e-05 15.13036 0.1206344 0.047130307  0.005446357   0.0011860773      0.0001370625         1  1.344989e-02    0.001187804      4.133342e-04            3.650288e-05
93  2013-08-13 12:34:45    122 281.4 163.9 163.9487 5.397781e-05 15.23077 0.1206344 0.051498565  0.005446460   0.0012960084      0.0001370651         1  1.375540e-02    0.001186126      4.227228e-04            3.645133e-05
94  2013-08-13 12:35:00    123 281.4 163.8 163.8491 5.397781e-05 15.13119 0.1206344 0.047166499  0.005446358   0.0011869880      0.0001370626         1  1.375540e-02    0.001186126      4.227228e-04            3.645133e-05
95  2013-08-13 12:35:15    124 281.9 163.7 163.7495 5.397781e-05 15.03160 0.1206344 0.042834433  0.005446257   0.0010779676      0.0001370600         1  1.426458e-02    0.001183344      4.383705e-04            3.636582e-05
96  2013-08-13 12:35:30    125 282.1 163.8 163.8499 5.397781e-05 15.13202 0.1206344 0.047202690  0.005446359   0.0011878988      0.0001370626         1  1.446825e-02    0.001182236      4.446296e-04            3.633177e-05
97  2013-08-13 12:35:45    126 282.2 163.8 163.8503 5.397781e-05 15.13244 0.1206344 0.047220786  0.005446359   0.0011883542      0.0001370626         1  1.457008e-02    0.001181683      4.477591e-04            3.631477e-05
98  2013-08-13 12:36:00    127 282.8 163.8 163.8507 5.397781e-05 15.13285 0.1206344 0.047238882  0.005446359   0.0011888096      0.0001370626         1  1.518109e-02    0.001178379      4.665364e-04            3.621324e-05
99  2013-08-13 12:36:15    128 282.8 163.9 163.9512 5.397781e-05 15.23327 0.1206344 0.051607139  0.005446462   0.0012987408      0.0001370652         1  1.518109e-02    0.001178379      4.665364e-04            3.621324e-05
100 2013-08-13 12:36:30    129 283.0 163.9 163.9516 5.397781e-05 15.23368 0.1206344 0.051625235  0.005446463   0.0012991962      0.0001370652         1  1.538476e-02    0.001177283      4.727955e-04            3.617957e-05
101 2013-08-13 12:36:45    130 283.5 164.0 164.0520 5.397781e-05 15.33410 0.1206344 0.055993492  0.005446566   0.0014091274      0.0001370678         1  1.589394e-02    0.001174556      4.884432e-04            3.609576e-05
102 2013-08-13 12:37:00    131 283.5 164.0 164.0524 5.397781e-05 15.33452 0.1206344 0.056011588  0.005446566   0.0014095828      0.0001370678         1  1.589394e-02    0.001174556      4.884432e-04            3.609576e-05
103 2013-08-13 12:37:15    132 284.0 163.7 163.7528 5.397781e-05 15.03493 0.1206344 0.042979199  0.005446260   0.0010816108      0.0001370601         1  1.640312e-02    0.001171847      5.040909e-04            3.601250e-05
104 2013-08-13 12:37:30    133 284.2 163.8 163.8532 5.397781e-05 15.13535 0.1206344 0.047347456  0.005446362   0.0011915420      0.0001370627         1  1.660679e-02    0.001170768      5.103500e-04            3.597934e-05
105 2013-08-13 12:37:45    134 284.2 163.9 163.9537 5.397781e-05 15.23576 0.1206344 0.051715714  0.005446465   0.0013014732      0.0001370653         1  1.660679e-02    0.001170768      5.103500e-04            3.597934e-05
106 2013-08-13 12:38:00    135 284.8 163.9 163.9541 5.397781e-05 15.23618 0.1206344 0.051733809  0.005446465   0.0013019286      0.0001370653         1  1.721780e-02    0.001167548      5.291272e-04            3.588040e-05
107 2013-08-13 12:38:15    136 284.8 163.8 163.8545 5.397781e-05 15.13660 0.1206344 0.047401744  0.005446363   0.0011929082      0.0001370627         1  1.721780e-02    0.001167548      5.291272e-04            3.588040e-05
108 2013-08-13 12:38:30    137 285.3 163.7 163.7549 5.397781e-05 15.03701 0.1206344 0.043069678  0.005446262   0.0010838878      0.0001370602         1  1.772698e-02    0.001164885      5.447749e-04            3.579855e-05
109 2013-08-13 12:38:45    138 285.5 163.8 163.8553 5.397781e-05 15.13743 0.1206344 0.047437935  0.005446364   0.0011938190      0.0001370627         1  1.793065e-02    0.001163825      5.510340e-04            3.576597e-05
110 2013-08-13 12:39:00    139 285.5 163.8 163.8557 5.397781e-05 15.13784 0.1206344 0.047456031  0.005446365   0.0011942744      0.0001370627         1  1.793065e-02    0.001163825      5.510340e-04            3.576597e-05
111 2013-08-13 12:39:15    140 286.1 163.8 163.8562 5.397781e-05 15.13826 0.1206344 0.047474127  0.005446365   0.0011947298      0.0001370628         1  1.854166e-02    0.001160661      5.698113e-04            3.566875e-05
112 2013-08-13 12:39:30    141 286.2 163.7 163.7566 5.397781e-05 15.03868 0.1206344 0.043142061  0.005446264   0.0010857094      0.0001370602         1  1.864349e-02    0.001160136      5.729408e-04            3.565262e-05
113 2013-08-13 12:39:45    142 286.5 163.8 163.8570 5.397781e-05 15.13909 0.1206344 0.047510318  0.005446366   0.0011956406      0.0001370628         1  1.894900e-02    0.001158567      5.823294e-04            3.560438e-05
114 2013-08-13 12:40:00    143 286.9 163.9 163.9574 5.397781e-05 15.23951 0.1206344 0.051878576  0.005446469   0.0013055718      0.0001370654         1  1.935634e-02    0.001156484      5.948476e-04            3.554037e-05
115 2013-08-13 12:40:15    144 286.9 163.7 163.7578 5.397781e-05 15.03992 0.1206344 0.043196348  0.005446265   0.0010870756      0.0001370602         1  1.935634e-02    0.001156484      5.948476e-04            3.554037e-05
116 2013-08-13 12:40:30    145 287.2 163.9 163.9582 5.397781e-05 15.24034 0.1206344 0.051914767  0.005446469   0.0013064826      0.0001370654         1  1.966185e-02    0.001154929      6.042362e-04            3.549261e-05
117 2013-08-13 12:40:45    146 287.6 164.0 164.0587 5.397781e-05 15.34076 0.1206344 0.056283024  0.005446573   0.0014164137      0.0001370680         1  2.006919e-02    0.001152867      6.167544e-04            3.542923e-05
118 2013-08-13 12:41:00    147 287.6 163.9 163.9591 5.397781e-05 15.24117 0.1206344 0.051950959  0.005446470   0.0013073933      0.0001370654         1  2.006919e-02    0.001152867      6.167544e-04            3.542923e-05
119 2013-08-13 12:41:15    148 288.2 163.8 163.8595 5.397781e-05 15.14159 0.1206344 0.047618893  0.005446368   0.0011983729      0.0001370628         1  2.068020e-02    0.001149796      6.355317e-04            3.533486e-05
120 2013-08-13 12:41:30    149 288.2 163.7 163.7599 5.397781e-05 15.04200 0.1206344 0.043286827  0.005446267   0.0010893526      0.0001370603         1  2.068020e-02    0.001149796      6.355317e-04            3.533486e-05
121 2013-08-13 12:41:45    150 288.3 163.6 163.6603 5.397781e-05 14.94242 0.1206344 0.038954761  0.005446167   0.0009803322      0.0001370578         1  2.078204e-02    0.001149287      6.386612e-04            3.531921e-05
122 2013-08-13 12:42:00    151 288.9 163.7 163.7607 5.397781e-05 15.04284 0.1206344 0.043323018  0.005446268   0.0010902633      0.0001370603         1  2.139305e-02    0.001146247      6.574385e-04            3.522580e-05
123 2013-08-13 12:42:15    152 288.9 164.0 164.0611 5.397781e-05 15.34325 0.1206344 0.056391599  0.005446575   0.0014191461      0.0001370680         1  2.139305e-02    0.001146247      6.574385e-04            3.522580e-05
124 2013-08-13 12:42:30    153 289.2 163.7 163.7616 5.397781e-05 15.04367 0.1206344 0.043359210  0.005446269   0.0010911741      0.0001370603         1  2.169855e-02    0.001144738      6.668271e-04            3.517941e-05
125 2013-08-13 12:42:45    154 289.6 163.8 163.8620 5.397781e-05 15.14408 0.1206344 0.047727467  0.005446371   0.0012011053      0.0001370629         1  2.210589e-02    0.001142736      6.793453e-04            3.511788e-05
126 2013-08-13 12:43:00    155 289.6 164.0 164.0624 5.397781e-05 15.34450 0.1206344 0.056445886  0.005446577   0.0014205123      0.0001370681         1  2.210589e-02    0.001142736      6.793453e-04            3.511788e-05
127 2013-08-13 12:43:15    156 290.0 163.8 163.8628 5.397781e-05 15.14492 0.1206344 0.047763659  0.005446372   0.0012020161      0.0001370629         1  2.251324e-02    0.001140746      6.918634e-04            3.505672e-05
128 2013-08-13 12:43:30    157 290.3 164.0 164.0632 5.397781e-05 15.34533 0.1206344 0.056482078  0.005446578   0.0014214231      0.0001370681         1  2.281874e-02    0.001139261      7.012521e-04            3.501110e-05
129 2013-08-13 12:43:45    158 290.3 164.0 164.0636 5.397781e-05 15.34575 0.1206344 0.056500173  0.005446578   0.0014218785      0.0001370681         1  2.281874e-02    0.001139261      7.012521e-04            3.501110e-05
130 2013-08-13 12:44:00    159 290.9 163.8 163.8641 5.397781e-05 15.14616 0.1206344 0.047817946  0.005446373   0.0012033823      0.0001370630         1  2.342975e-02    0.001136313      7.200293e-04            3.492050e-05
131 2013-08-13 12:44:15    160 291.0 163.7 163.7645 5.397781e-05 15.04658 0.1206344 0.043485880  0.005446272   0.0010943619      0.0001370604         1  2.353159e-02    0.001135825      7.231588e-04            3.490549e-05
132 2013-08-13 12:44:30    161 291.1 163.9 163.9649 5.397781e-05 15.24700 0.1206344 0.052204299  0.005446476   0.0013137689      0.0001370656         1  2.363342e-02    0.001135337      7.262884e-04            3.489049e-05
133 2013-08-13 12:44:45    162 291.6 163.8 163.8653 5.397781e-05 15.14741 0.1206344 0.047872233  0.005446374   0.0012047485      0.0001370630         1  2.414260e-02    0.001132909      7.419361e-04            3.481589e-05
134 2013-08-13 12:45:00    163 291.6 163.6 163.6657 5.397781e-05 14.94783 0.1206344 0.039190006  0.005446172   0.0009862523      0.0001370579         1  2.414260e-02    0.001132909      7.419361e-04            3.481589e-05
135 2013-08-13 12:45:15    164 292.1 163.7 163.7661 5.397781e-05 15.04824 0.1206344 0.043558263  0.005446273   0.0010961835      0.0001370604         1  2.465178e-02    0.001130501      7.575838e-04            3.474188e-05
136 2013-08-13 12:45:30    165 292.3 163.7 163.7666 5.397781e-05 15.04866 0.1206344 0.043576359  0.005446274   0.0010966389      0.0001370605         1  2.485545e-02    0.001129543      7.638429e-04            3.471245e-05
137 2013-08-13 12:45:45    166 292.4 163.9 163.9670 5.397781e-05 15.24908 0.1206344 0.052294778  0.005446478   0.0013160459      0.0001370656         1  2.495728e-02    0.001129065      7.669724e-04            3.469777e-05
138 2013-08-13 12:46:00    167 293.0 163.9 163.9674 5.397781e-05 15.24949 0.1206344 0.052312874  0.005446479   0.0013165013      0.0001370656         1  2.556830e-02    0.001126216      7.857497e-04            3.461020e-05
139 2013-08-13 12:46:15    168 293.0 164.0 164.0678 5.397781e-05 15.34991 0.1206344 0.056681131  0.005446582   0.0014264325      0.0001370682         1  2.556830e-02    0.001126216      7.857497e-04            3.461020e-05
140 2013-08-13 12:46:30    169 293.4 163.9 163.9682 5.397781e-05 15.25032 0.1206344 0.052349065  0.005446480   0.0013174121      0.0001370656         1  2.597564e-02    0.001124332      7.982679e-04            3.455231e-05
141 2013-08-13 12:46:45    170 293.7 163.8 163.8686 5.397781e-05 15.15074 0.1206344 0.048016999  0.005446378   0.0012083917      0.0001370631         1  2.628114e-02    0.001122928      8.076565e-04            3.450915e-05
142 2013-08-13 12:47:00    171 293.7 163.8 163.8691 5.397781e-05 15.15116 0.1206344 0.048035095  0.005446378   0.0012088471      0.0001370631         1  2.628114e-02    0.001122928      8.076565e-04            3.450915e-05
143 2013-08-13 12:47:15    172 294.2 163.8 163.8695 5.397781e-05 15.15157 0.1206344 0.048053191  0.005446379   0.0012093025      0.0001370631         1  2.679032e-02    0.001120603      8.233042e-04            3.443771e-05
144 2013-08-13 12:47:30    173 294.4 163.9 163.9699 5.397781e-05 15.25199 0.1206344 0.052421448  0.005446481   0.0013192336      0.0001370657         1  2.699399e-02    0.001119679      8.295633e-04            3.440931e-05
145 2013-08-13 12:47:45    174 294.6 163.9 163.9703 5.397781e-05 15.25240 0.1206344 0.052439544  0.005446482   0.0013196890      0.0001370657         1  2.719766e-02    0.001118758      8.358224e-04            3.438101e-05
146 2013-08-13 12:48:00    175 295.0 164.0 164.0707 5.397781e-05 15.35282 0.1206344 0.056807801  0.005446585   0.0014296202      0.0001370683         1  2.760500e-02    0.001116926      8.483405e-04            3.432470e-05
147 2013-08-13 12:48:15    176 295.0 163.9 163.9711 5.397781e-05 15.25324 0.1206344 0.052475735  0.005446483   0.0013205998      0.0001370657         1  2.760500e-02    0.001116926      8.483405e-04            3.432470e-05
148 2013-08-13 12:48:30    177 295.6 163.9 163.9715 5.397781e-05 15.25365 0.1206344 0.052493831  0.005446483   0.0013210552      0.0001370657         1  2.821601e-02    0.001114202      8.671178e-04            3.424100e-05
149 2013-08-13 12:48:45    178 295.7 164.1 164.1720 5.397781e-05 15.45407 0.1206344 0.061212250  0.005446690   0.0015404622      0.0001370709         1  2.831785e-02    0.001113751      8.702473e-04            3.422713e-05
150 2013-08-13 12:49:00    179 296.0 163.9 163.9724 5.397781e-05 15.25448 0.1206344 0.052530023  0.005446484   0.0013219660      0.0001370657         1  2.862335e-02    0.001112403      8.796360e-04            3.418570e-05
151 2013-08-13 12:49:15    180 296.4 163.9 163.9728 5.397781e-05 15.25490 0.1206344 0.052548118  0.005446484   0.0013224214      0.0001370658         1  2.903070e-02    0.001110616      8.921541e-04            3.413080e-05
152 2013-08-13 12:49:30    181 296.4 164.2 164.2732 5.397781e-05 15.55532 0.1206344 0.065616699  0.005446796   0.0016513042      0.0001370736         1  2.903070e-02    0.001110616      8.921541e-04            3.413080e-05
153 2013-08-13 12:49:45    182 296.9 164.0 164.0736 5.397781e-05 15.35573 0.1206344 0.056934472  0.005446588   0.0014328080      0.0001370684         1  2.953987e-02    0.001108402      9.078019e-04            3.406276e-05
154 2013-08-13 12:50:00    183 297.1 163.9 163.9740 5.397781e-05 15.25615 0.1206344 0.052602406  0.005446486   0.0013237876      0.0001370658         1  2.974354e-02    0.001107523      9.140609e-04            3.403573e-05
155 2013-08-13 12:50:15    184 297.4 163.9 163.9745 5.397781e-05 15.25656 0.1206344 0.052620501  0.005446486   0.0013242430      0.0001370658         1  3.004905e-02    0.001106209      9.234496e-04            3.399536e-05
156 2013-08-13 12:50:30    185 297.8 163.9 163.9749 5.397781e-05 15.25698 0.1206344 0.052638597  0.005446487   0.0013246984      0.0001370658         1  3.045639e-02    0.001104470      9.359677e-04            3.394191e-05
157 2013-08-13 12:50:45    186 297.8 163.9 163.9753 5.397781e-05 15.25740 0.1206344 0.052656693  0.005446487   0.0013251538      0.0001370658         1  3.045639e-02    0.001104470      9.359677e-04            3.394191e-05
158 2013-08-13 12:51:00    187 298.1 164.0 164.0757 5.397781e-05 15.35781 0.1206344 0.057024950  0.005446591   0.0014350850      0.0001370684         1  3.076190e-02    0.001103174      9.453564e-04            3.390209e-05
159 2013-08-13 12:51:15    188 298.4 163.9 163.9761 5.397781e-05 15.25823 0.1206344 0.052692884  0.005446488   0.0013260646      0.0001370658         1  3.106740e-02    0.001101886      9.547450e-04            3.386250e-05
160 2013-08-13 12:51:30    189 298.5 164.2 164.2765 5.397781e-05 15.55864 0.1206344 0.065761465  0.005446800   0.0016549474      0.0001370737         1  3.116924e-02    0.001101458      9.578745e-04            3.384936e-05
161 2013-08-13 12:51:45    190 299.1 164.1 164.1770 5.397781e-05 15.45906 0.1206344 0.061429399  0.005446696   0.0015459270      0.0001370711         1  3.178025e-02    0.001098910      9.766518e-04            3.377105e-05
162 2013-08-13 12:52:00    191 299.1 164.2 164.2774 5.397781e-05 15.55948 0.1206344 0.065797657  0.005446801   0.0016558582      0.0001370737         1  3.178025e-02    0.001098910      9.766518e-04            3.377105e-05
163 2013-08-13 12:52:15    192 299.2 164.0 164.0778 5.397781e-05 15.35989 0.1206344 0.057115429  0.005446593   0.0014373620      0.0001370685         1  3.188208e-02    0.001098488      9.797813e-04            3.375809e-05
164 2013-08-13 12:52:30    193 299.8 164.0 164.0782 5.397781e-05 15.36031 0.1206344 0.057133525  0.005446593   0.0014378174      0.0001370685         1  3.249310e-02    0.001095976      9.985586e-04            3.368089e-05
165 2013-08-13 12:52:45    194 299.8 164.2 164.2786 5.397781e-05 15.56072 0.1206344 0.065851944  0.005446802   0.0016572243      0.0001370737         1  3.249310e-02    0.001095976      9.985586e-04            3.368089e-05
166 2013-08-13 12:53:00    195 300.2 163.8 163.8790 5.397781e-05 15.16114 0.1206344 0.048469393  0.005446388   0.0012197766      0.0001370633         1  3.290044e-02    0.001094319      1.011077e-03            3.362996e-05
167 2013-08-13 12:53:15    196 300.5 164.0 164.0795 5.397781e-05 15.36155 0.1206344 0.057187812  0.005446594   0.0014391836      0.0001370685         1  3.320594e-02    0.001093085      1.020465e-03            3.359203e-05
168 2013-08-13 12:53:30    197 300.5 163.9 163.9799 5.397781e-05 15.26197 0.1206344 0.052855746  0.005446492   0.0013301632      0.0001370659         1  3.320594e-02    0.001093085      1.020465e-03            3.359203e-05
169 2013-08-13 12:53:45    198 300.9 164.0 164.0803 5.397781e-05 15.36239 0.1206344 0.057224004  0.005446595   0.0014400943      0.0001370685         1  3.361328e-02    0.001091452      1.032984e-03            3.354185e-05
170 2013-08-13 12:54:00    199 301.2 163.9 163.9807 5.397781e-05 15.26280 0.1206344 0.052891938  0.005446493   0.0013310739      0.0001370660         1  3.391879e-02    0.001090236      1.042372e-03            3.350449e-05
171 2013-08-13 12:54:15    200 301.2 163.8 163.8811 5.397781e-05 15.16322 0.1206344 0.048559872  0.005446390   0.0012220535      0.0001370634         1  3.391879e-02    0.001090236      1.042372e-03            3.350449e-05
172 2013-08-13 12:54:30    201 301.8 163.9 163.9815 5.397781e-05 15.26363 0.1206344 0.052928129  0.005446493   0.0013319847      0.0001370660         1  3.452980e-02    0.001087828      1.061149e-03            3.343050e-05
173 2013-08-13 12:54:45    202 301.8 164.0 164.0819 5.397781e-05 15.36405 0.1206344 0.057296387  0.005446597   0.0014419159      0.0001370686         1  3.452980e-02    0.001087828      1.061149e-03            3.343050e-05
174 2013-08-13 12:55:00    203 301.9 164.1 164.1824 5.397781e-05 15.46447 0.1206344 0.061664644  0.005446701   0.0015518471      0.0001370712         1  3.463164e-02    0.001087430      1.064279e-03            3.341826e-05
175 2013-08-13 12:55:15    204 302.5 163.7 163.7828 5.397781e-05 15.06488 0.1206344 0.044282093  0.005446290   0.0011143993      0.0001370609         1  3.524265e-02    0.001085060      1.083056e-03            3.334541e-05
176 2013-08-13 12:55:30    205 302.5 163.7 163.7832 5.397781e-05 15.06530 0.1206344 0.044300189  0.005446291   0.0011148547      0.0001370609         1  3.524265e-02    0.001085060      1.083056e-03            3.334541e-05
177 2013-08-13 12:55:45    206 302.9 163.9 163.9836 5.397781e-05 15.26571 0.1206344 0.053018608  0.005446496   0.0013342617      0.0001370660         1  3.564999e-02    0.001083497      1.095574e-03            3.329739e-05
178 2013-08-13 12:56:00    207 303.2 163.9 163.9840 5.397781e-05 15.26613 0.1206344 0.053036704  0.005446496   0.0013347171      0.0001370660         1  3.595550e-02    0.001082335      1.104963e-03            3.326166e-05
179 2013-08-13 12:56:15    208 303.2 163.9 163.9844 5.397781e-05 15.26655 0.1206344 0.053054799  0.005446496   0.0013351725      0.0001370661         1  3.595550e-02    0.001082335      1.104963e-03            3.326166e-05
180 2013-08-13 12:56:30    209 303.5 164.2 164.2849 5.397781e-05 15.56696 0.1206344 0.066123380  0.005446808   0.0016640553      0.0001370739         1  3.626100e-02    0.001081180      1.114352e-03            3.322619e-05
181 2013-08-13 12:56:45    210 303.5 164.2 164.2853 5.397781e-05 15.56738 0.1206344 0.066141476  0.005446809   0.0016645107      0.0001370739         1  3.626100e-02    0.001081180      1.114352e-03            3.322619e-05
182 2013-08-13 12:57:00    211 303.2 163.8 163.8857 5.397781e-05 15.16779 0.1206344 0.048758925  0.005446395   0.0012270629      0.0001370635         0  3.595550e-02    0.001082335      1.104963e-03            3.326166e-05

$dryleafvolt
             timestamp record LWSmV  SEmV    CSEmV     CSEmV.sd   loadmV loadmV.sd
1  2013-08-13 12:08:30     17 263.7 162.0 162.0050 5.397781e-05 13.28709 0.1206344
2  2013-08-13 12:08:45     18 263.7 163.0 163.0054 5.397781e-05 14.28751 0.1206344
3  2013-08-13 12:09:00     19 263.6 162.8 162.8058 5.397781e-05 14.08793 0.1206344
4  2013-08-13 12:09:15     20 263.6 162.7 162.7062 5.397781e-05 13.98834 0.1206344
5  2013-08-13 12:09:30     21 263.6 162.6 162.6067 5.397781e-05 13.88876 0.1206344
6  2013-08-13 12:09:45     22 263.7 162.7 162.7071 5.397781e-05 13.98917 0.1206344
7  2013-08-13 12:10:00     23 263.8 162.7 162.7075 5.397781e-05 13.98959 0.1206344
8  2013-08-13 12:10:15     24 263.8 162.8 162.8079 5.397781e-05 14.09001 0.1206344
9  2013-08-13 12:10:30     25 263.8 162.7 162.7083 5.397781e-05 13.99042 0.1206344
10 2013-08-13 12:10:45     26 263.8 162.8 162.8087 5.397781e-05 14.09084 0.1206344
11 2013-08-13 12:11:00     27 263.8 162.9 162.9092 5.397781e-05 14.19125 0.1206344
12 2013-08-13 12:11:15     28 263.8 162.9 162.9096 5.397781e-05 14.19167 0.1206344
13 2013-08-13 12:11:30     29 263.8 163.1 163.1100 5.397781e-05 14.39209 0.1206344
14 2013-08-13 12:11:45     30 263.8 162.9 162.9104 5.397781e-05 14.19250 0.1206344

$runtime
Time difference of 45.25 mins

$startcalibvolt
            timestamp record LWSmV  SEmV    CSEmV     CSEmV.sd   loadmV loadmV.sd
1 2013-08-13 12:06:15      8 263.7 271.1 271.1012 5.397781e-05 122.3834 0.1206344
2 2013-08-13 12:06:30      9 263.6 271.2 271.2017 5.397781e-05 122.4838 0.1206344
3 2013-08-13 12:06:45     10 263.6 271.2 271.2021 5.397781e-05 122.4842 0.1206344
4 2013-08-13 12:07:00     11 263.6 271.3 271.3025 5.397781e-05 122.5846 0.1206344
5 2013-08-13 12:07:15     12 263.5 271.4 271.4029 5.397781e-05 122.6850 0.1206344

$endcalibvolt
            timestamp record LWSmV  SEmV
1 2013-08-13 12:59:30    221 266.5 271.5
2 2013-08-13 12:59:45    222 266.5 271.4
3 2013-08-13 13:00:00    223 266.5 271.6

$lastLWSvolt
[1] 302.1

$maxLWSvolt
[1] 303.5

$species
[1] "blackoak"

$trial
[1] "7"

$replicate
[1] "2"

$isvertical
[1] FALSE

$conversionfactor
         avg        stdev
1 0.04350162 1.915446e-05

$LWSwatermass
         avg       stdev
1 0.03487368 0.005247815

$dryleafmass
        avg       stdev
1 0.6110647 0.001428107

$lwsmodel

Call:
lm(formula = LWSsurfacedensity ~ record, data = rd[rd$runfilter == 
    1, ])

Coefficients:
(Intercept)       record  
 -5.364e-04    7.899e-06  


$leafmodel

Call:
lm(formula = surfacedensity ~ record, data = rd[rd$runfilter == 
    1, ])

Coefficients:
(Intercept)       record  
  4.767e-04    4.826e-06  


