$name
[1] "blackoak5"

$leafarea
[1] 37.17597

$startbasevolt
            timestamp record LWSmV  SEmV CSEmV CSEmV.sd       loadmV loadmV.sd
1 2013-07-16 14:15:30      1 263.7 154.2 154.2        0 -0.097672594 0.1196021
2 2013-07-16 14:15:45      2 263.7 154.3 154.3        0  0.002327406 0.1196021
3 2013-07-16 14:16:00      3 263.7 154.3 154.3        0  0.002327406 0.1196021
4 2013-07-16 14:16:15      4 263.7 154.3 154.3        0  0.002327406 0.1196021
5 2013-07-16 14:16:30      5 263.7 154.4 154.4        0  0.102327406 0.1196021
6 2013-07-16 14:16:45      6 263.7 154.3 154.3        0  0.002327406 0.1196021
7 2013-07-16 14:17:00      7 263.7 154.3 154.3        0  0.002327406 0.1196021
8 2013-07-16 14:17:15      8 263.7 154.4 154.4        0  0.102327406 0.1196021

$endbasevolt
             timestamp record LWSmV  SEmV    CSEmV     CSEmV.sd      loadmV loadmV.sd
1  2013-07-16 15:12:00    227 265.1 153.8 154.2330 4.368614e-05 -0.06471234 0.1196021
2  2013-07-16 15:12:15    228 265.1 153.9 154.3349 4.368614e-05  0.03726464 0.1196021
3  2013-07-16 15:12:30    229 265.1 154.0 154.4369 4.368614e-05  0.13924163 0.1196021
4  2013-07-16 15:12:45    230 265.1 153.8 154.2389 4.368614e-05 -0.05878138 0.1196021
5  2013-07-16 15:13:00    231 265.1 154.2 154.6409 4.368614e-05  0.34319561 0.1196021
6  2013-07-16 15:13:15    232 265.1 153.9 154.3428 4.368614e-05  0.04517259 0.1196021
7  2013-07-16 15:13:30    233 265.1 154.0 154.4448 4.368614e-05  0.14714958 0.1196021
8  2013-07-16 15:13:45    234 265.1 153.9 154.3468 4.368614e-05  0.04912657 0.1196021
9  2013-07-16 15:14:00    235 265.1 153.8 154.2488 4.368614e-05 -0.04889644 0.1196021
10 2013-07-16 15:14:15    236 265.1 153.9 154.3508 4.368614e-05  0.05308054 0.1196021
11 2013-07-16 15:14:30    237 265.1 153.9 154.3527 4.368614e-05  0.05505753 0.1196021
12 2013-07-16 15:14:45    238 265.1 153.7 154.1547 4.368614e-05 -0.14296548 0.1196021
13 2013-07-16 15:15:00    239 265.1 153.9 154.3567 4.368614e-05  0.05901151 0.1196021
14 2013-07-16 15:15:15    240 264.9 153.7 154.1587 4.368614e-05 -0.13901151 0.1196021
15 2013-07-16 15:15:30    241 264.9 153.7 154.1606 4.368614e-05 -0.13703452 0.1196021
16 2013-07-16 15:15:45    242 264.7 153.6 154.0626 4.368614e-05 -0.23505753 0.1196021
17 2013-07-16 15:16:00    243 264.6 153.9 154.3646 4.368614e-05  0.06691946 0.1196021
18 2013-07-16 15:16:15    244 264.5 153.8 154.2666 4.368614e-05 -0.03110356 0.1196021
19 2013-07-16 15:16:30    245 264.5 153.8 154.2685 4.368614e-05 -0.02912657 0.1196021
20 2013-07-16 15:16:45    246 264.4 153.6 154.0705 4.368614e-05 -0.22714958 0.1196021

$dryragvolt
            timestamp record LWSmV  SEmV    CSEmV     CSEmV.sd   loadmV loadmV.sd
1 2013-07-16 15:09:45    218 397.8 231.7 232.1152 4.368614e-05 77.81749 0.1196021
2 2013-07-16 15:10:00    219 396.8 231.7 232.1171 4.368614e-05 77.81947 0.1196021
3 2013-07-16 15:10:15    220 395.8 231.5 231.9191 4.368614e-05 77.62145 0.1196021

$wetragvolt
            timestamp record LWSmV  SEmV    CSEmV     CSEmV.sd   loadmV loadmV.sd
1 2013-07-16 15:11:00    223 266.4 234.3 234.7251 4.368614e-05 80.42738 0.1196021
2 2013-07-16 15:11:15    224 265.4 234.2 234.6270 4.368614e-05 80.32936 0.1196021
3 2013-07-16 15:11:30    225 265.1 234.0 234.4290 4.368614e-05 80.13133 0.1196021

$rundata
              timestamp record LWSmV  SEmV    CSEmV     CSEmV.sd   loadmV loadmV.sd    watermass watermass.sd surfacedensity surfacedensity.sd runfilter      LWSwater LWSwater.stdev LWSsurfacedensity LWSsurfacedensity.stdev
1   2013-07-16 14:23:00     31 264.4 170.6 170.6455 4.368614e-05 16.34780 0.1196021 -0.007466814  0.005383381  -2.008505e-04      0.0001448081         0 -0.0035566034    0.001290101     -1.092994e-04            3.964662e-05
2   2013-07-16 14:23:15     32 264.5 170.5 170.5474 4.368614e-05 16.24978 0.1196021 -0.011724508  0.005383275  -3.153786e-04      0.0001448052         0 -0.0034547681    0.001289440     -1.061699e-04            3.962632e-05
3   2013-07-16 14:23:30     33 265.1 170.9 170.9494 4.368614e-05 16.65175 0.1196021  0.005735627  0.005383715   1.542832e-04      0.0001448171         0 -0.0028437563    0.001285489     -8.739263e-05            3.950488e-05
4   2013-07-16 14:23:45     34 265.1 170.7 170.7514 4.368614e-05 16.45373 0.1196021 -0.002865633  0.005383497  -7.708292e-05      0.0001448112         0 -0.0028437563    0.001285489     -8.739263e-05            3.950488e-05
5   2013-07-16 14:24:00     35 265.5 170.5 170.5534 4.368614e-05 16.25571 0.1196021 -0.011466893  0.005383281  -3.084490e-04      0.0001448054         0 -0.0024364150    0.001282865     -7.487446e-05            3.942424e-05
6   2013-07-16 14:24:15     36 265.9 170.6 170.6554 4.368614e-05 16.35768 0.1196021 -0.007037455  0.005383392  -1.893012e-04      0.0001448084         0 -0.0020290738    0.001280250     -6.235629e-05            3.934388e-05
7   2013-07-16 14:24:30     37 266.5 171.0 171.0573 4.368614e-05 16.75966 0.1196021  0.010422680  0.005383835   2.803606e-04      0.0001448203         0 -0.0014180619    0.001276343     -4.357904e-05            3.922382e-05
8   2013-07-16 14:24:45     38 266.9 170.8 170.8593 4.368614e-05 16.56164 0.1196021  0.001821420  0.005383616   4.899455e-05      0.0001448144         0 -0.0010107207    0.001273750     -3.106087e-05            3.914413e-05
9   2013-07-16 14:25:00     39 267.4 170.9 170.9613 4.368614e-05 16.66361 0.1196021  0.006250858  0.005383729   1.681424e-04      0.0001448174         0 -0.0005015442    0.001270520     -1.541316e-05            3.904488e-05
10  2013-07-16 14:25:15     40 268.0 170.8 170.8633 4.368614e-05 16.56559 0.1196021  0.001993164  0.005383620   5.361429e-05      0.0001448145         0  0.0001094677    0.001266664      3.364097e-06            3.892635e-05
11  2013-07-16 14:25:30     41 268.6 170.7 170.7652 4.368614e-05 16.46757 0.1196021 -0.002264531  0.005383512  -6.091382e-05      0.0001448116         0  0.0007204796    0.001262827      2.214135e-05            3.880844e-05
12  2013-07-16 14:25:45     42 269.2 170.9 170.9672 4.368614e-05 16.66954 0.1196021  0.006508473  0.005383735   1.750720e-04      0.0001448176         0  0.0013314914    0.001259010      4.091861e-05            3.869116e-05
13  2013-07-16 14:26:00     43 269.9 171.0 171.0692 4.368614e-05 16.77152 0.1196021  0.010937911  0.005383849   2.942199e-04      0.0001448206         0  0.0020443386    0.001254584      6.282540e-05            3.855512e-05
14  2013-07-16 14:26:15     44 270.5 171.0 171.0712 4.368614e-05 16.77350 0.1196021  0.011023783  0.005383851   2.965298e-04      0.0001448207         0  0.0026553504    0.001250812      8.160266e-05            3.843921e-05
15  2013-07-16 14:26:30     45 271.2 171.1 171.1731 4.368614e-05 16.87548 0.1196021  0.015453220  0.005383965   4.156776e-04      0.0001448238         0  0.0033681976    0.001246438      1.035095e-04            3.830479e-05
16  2013-07-16 14:26:45     46 271.9 171.2 171.2751 4.368614e-05 16.97745 0.1196021  0.019882658  0.005384080   5.348255e-04      0.0001448269         0  0.0040810448    0.001242093      1.254163e-04            3.817126e-05
17  2013-07-16 14:27:00     47 272.6 170.9 170.9771 4.368614e-05 16.67943 0.1196021  0.006937832  0.005383746   1.866214e-04      0.0001448179         0  0.0047938920    0.001237777      1.473230e-04            3.803862e-05
18  2013-07-16 14:27:15     48 273.3 170.8 170.8791 4.368614e-05 16.58141 0.1196021  0.002680138  0.005383638   7.209327e-05      0.0001448150         0  0.0055067391    0.001233490      1.692298e-04            3.790688e-05
19  2013-07-16 14:27:30     49 274.1 171.0 171.0811 4.368614e-05 16.78338 0.1196021  0.011453141  0.005383862   3.080791e-04      0.0001448210         0  0.0063214216    0.001228627      1.942662e-04            3.775744e-05
20  2013-07-16 14:27:45     50 274.8 171.2 171.2830 4.368614e-05 16.98536 0.1196021  0.020226145  0.005384089   5.440650e-04      0.0001448271         0  0.0070342688    0.001224404      2.161730e-04            3.762767e-05
21  2013-07-16 14:28:00     51 275.5 171.5 171.5850 4.368614e-05 17.28734 0.1196021  0.033342715  0.005384433   8.968888e-04      0.0001448364         0  0.0077471159    0.001220212      2.380798e-04            3.749883e-05
22  2013-07-16 14:28:15     52 276.3 170.9 170.9870 4.368614e-05 16.68931 0.1196021  0.007367191  0.005383757   1.981707e-04      0.0001448182         0  0.0085617984    0.001215458      2.631161e-04            3.735274e-05
23  2013-07-16 14:28:30     53 277.0 171.1 171.1890 4.368614e-05 16.89129 0.1196021  0.016140194  0.005383983   4.341566e-04      0.0001448243         0  0.0092746456    0.001211332      2.850229e-04            3.722594e-05
24  2013-07-16 14:28:45     54 277.7 171.2 171.2909 4.368614e-05 16.99327 0.1196021  0.020569632  0.005384098   5.533044e-04      0.0001448273         0  0.0099874928    0.001207237      3.069297e-04            3.710009e-05
25  2013-07-16 14:29:00     55 278.5 170.9 170.9929 4.368614e-05 16.69525 0.1196021  0.007624806  0.005383764   2.051004e-04      0.0001448184         0  0.0108021752    0.001202596      3.319660e-04            3.695747e-05
26  2013-07-16 14:29:15     56 279.2 171.2 171.2949 4.368614e-05 16.99722 0.1196021  0.020741376  0.005384102   5.579242e-04      0.0001448275         0  0.0115150224    0.001198569      3.538728e-04            3.683372e-05
27  2013-07-16 14:29:30     57 280.0 171.2 171.2969 4.368614e-05 16.99920 0.1196021  0.020827247  0.005384105   5.602341e-04      0.0001448275         0  0.0123297049    0.001194007      3.789092e-04            3.669352e-05
28  2013-07-16 14:29:45     58 280.7 171.4 171.4988 4.368614e-05 17.20118 0.1196021  0.029600251  0.005384335   7.962199e-04      0.0001448337         0  0.0130425520    0.001190050      4.008160e-04            3.657191e-05
29  2013-07-16 14:30:00     59 281.5 171.4 171.5008 4.368614e-05 17.20315 0.1196021  0.029686123  0.005384337   7.985298e-04      0.0001448338         0  0.0138572345    0.001185568      4.258523e-04            3.643418e-05
30  2013-07-16 14:30:15     60 282.3 171.4 171.5028 4.368614e-05 17.20513 0.1196021  0.029771994  0.005384339   8.008396e-04      0.0001448338         0  0.0146719170    0.001181130      4.508887e-04            3.629779e-05
31  2013-07-16 14:30:30     61 283.0 171.2 171.3048 4.368614e-05 17.00711 0.1196021  0.021170734  0.005384114   5.694735e-04      0.0001448278         0  0.0153847642    0.001177283      4.727955e-04            3.617957e-05
32  2013-07-16 14:30:45     62 283.8 171.1 171.2068 4.368614e-05 16.90908 0.1196021  0.016913040  0.005384003   4.549454e-04      0.0001448248         0  0.0161994467    0.001172928      4.978318e-04            3.604574e-05
33  2013-07-16 14:31:00     63 284.5 171.0 171.1087 4.368614e-05 16.81106 0.1196021  0.012655346  0.005383893   3.404173e-04      0.0001448218         0  0.0169122938    0.001169155      5.197386e-04            3.592977e-05
34  2013-07-16 14:31:15     64 285.3 171.5 171.6107 4.368614e-05 17.31304 0.1196021  0.034459047  0.005384463   9.269171e-04      0.0001448372         0  0.0177269763    0.001164885      5.447749e-04            3.579855e-05
35  2013-07-16 14:31:30     65 286.0 171.7 171.8127 4.368614e-05 17.51502 0.1196021  0.043232051  0.005384697   1.162903e-03      0.0001448435         0  0.0184398235    0.001161187      5.666817e-04            3.568490e-05
36  2013-07-16 14:31:45     66 286.8 171.7 171.8147 4.368614e-05 17.51699 0.1196021  0.043317923  0.005384700   1.165213e-03      0.0001448435         0  0.0192545059    0.001157003      5.917181e-04            3.555634e-05
37  2013-07-16 14:32:00     67 287.5 171.6 171.7166 4.368614e-05 17.41897 0.1196021  0.039060229  0.005384586   1.050685e-03      0.0001448405         0  0.0199673531    0.001153382      6.136249e-04            3.544504e-05
38  2013-07-16 14:32:15     68 288.2 171.5 171.6186 4.368614e-05 17.32095 0.1196021  0.034802534  0.005384472   9.361566e-04      0.0001448374         0  0.0206802003    0.001149796      6.355317e-04            3.533486e-05
39  2013-07-16 14:32:30     69 289.0 171.5 171.6206 4.368614e-05 17.32292 0.1196021  0.034888406  0.005384474   9.384665e-04      0.0001448375         0  0.0214948828    0.001145744      6.605680e-04            3.521031e-05
40  2013-07-16 14:32:45     70 289.7 171.5 171.6226 4.368614e-05 17.32490 0.1196021  0.034974278  0.005384477   9.407763e-04      0.0001448375         0  0.0222077299    0.001142237      6.824748e-04            3.510255e-05
41  2013-07-16 14:33:00     71 290.5 171.5 171.6246 4.368614e-05 17.32688 0.1196021  0.035060150  0.005384479   9.430862e-04      0.0001448376         0  0.0230224124    0.001138276      7.075111e-04            3.498081e-05
42  2013-07-16 14:33:15     72 291.2 171.4 171.5265 4.368614e-05 17.22885 0.1196021  0.030802455  0.005384366   8.285581e-04      0.0001448346         0  0.0237352596    0.001134850      7.294179e-04            3.487553e-05
43  2013-07-16 14:33:30     73 292.0 171.5 171.6285 4.368614e-05 17.33083 0.1196021  0.035231893  0.005384484   9.477060e-04      0.0001448377         0  0.0245499421    0.001130981      7.544543e-04            3.475664e-05
44  2013-07-16 14:33:45     74 292.7 171.4 171.5305 4.368614e-05 17.23281 0.1196021  0.030974199  0.005384371   8.331779e-04      0.0001448347         0  0.0252627892    0.001127637      7.763611e-04            3.465388e-05
45  2013-07-16 14:34:00     75 293.4 171.6 171.7325 4.368614e-05 17.43479 0.1196021  0.039747203  0.005384604   1.069164e-03      0.0001448410         0  0.0259756364    0.001124332      7.982679e-04            3.455231e-05
46  2013-07-16 14:34:15     76 294.1 171.4 171.5344 4.368614e-05 17.23676 0.1196021  0.031145942  0.005384375   8.377976e-04      0.0001448348         0  0.0266884836    0.001121066      8.201747e-04            3.445195e-05
47  2013-07-16 14:34:30     77 294.9 171.6 171.7364 4.368614e-05 17.43874 0.1196021  0.039918946  0.005384608   1.073783e-03      0.0001448411         0  0.0275031660    0.001117383      8.452110e-04            3.433874e-05
48  2013-07-16 14:34:45     78 295.7 171.5 171.6384 4.368614e-05 17.34072 0.1196021  0.035661252  0.005384495   9.592553e-04      0.0001448380         0  0.0283178485    0.001113751      8.702473e-04            3.422713e-05
49  2013-07-16 14:35:00     79 296.4 171.7 171.8404 4.368614e-05 17.54269 0.1196021  0.044434256  0.005384729   1.195241e-03      0.0001448443         0  0.0290306957    0.001110616      8.921541e-04            3.413080e-05
50  2013-07-16 14:35:15     80 297.3 172.0 172.1423 4.368614e-05 17.84467 0.1196021  0.057550825  0.005385085   1.548065e-03      0.0001448539         0  0.0299472135    0.001106646      9.203200e-04            3.400879e-05
51  2013-07-16 14:35:30     81 297.9 171.8 171.9443 4.368614e-05 17.64665 0.1196021  0.048949565  0.005384851   1.316699e-03      0.0001448476         0  0.0305582253    0.001104037      9.390973e-04            3.392861e-05
52  2013-07-16 14:35:45     82 298.7 171.4 171.5463 4.368614e-05 17.24862 0.1196021  0.031661173  0.005384389   8.516568e-04      0.0001448352         0  0.0313729078    0.001100605      9.641336e-04            3.382315e-05
53  2013-07-16 14:36:00     83 299.4 171.3 171.4483 4.368614e-05 17.15060 0.1196021  0.027403479  0.005384277   7.371287e-04      0.0001448322         0  0.0320857550    0.001097648      9.860404e-04            3.373225e-05
54  2013-07-16 14:36:15     84 300.2 171.6 171.7503 4.368614e-05 17.45258 0.1196021  0.040520048  0.005384625   1.089953e-03      0.0001448415         0  0.0329004375    0.001094319      1.011077e-03            3.362996e-05
55  2013-07-16 14:36:30     85 300.8 172.1 172.2522 4.368614e-05 17.95456 0.1196021  0.062323750  0.005385216   1.676452e-03      0.0001448574         0  0.0335114493    0.001091859      1.029854e-03            3.355435e-05
56  2013-07-16 14:36:45     86 301.6 172.6 172.7542 4.368614e-05 18.45653 0.1196021  0.084127451  0.005385824   2.262952e-03      0.0001448738         0  0.0343261318    0.001088627      1.054890e-03            3.345505e-05
57  2013-07-16 14:37:00     87 302.4 172.7 172.8562 4.368614e-05 18.55851 0.1196021  0.088556889  0.005385950   2.382100e-03      0.0001448772         1  0.0351408143    0.001085453      1.079927e-03            3.335748e-05
58  2013-07-16 14:37:15     88 303.1 172.9 173.0582 4.368614e-05 18.76049 0.1196021  0.097329893  0.005386201   2.618086e-03      0.0001448839         1  0.0358536614    0.001082721      1.101833e-03            3.327355e-05
59  2013-07-16 14:37:30     89 303.8 172.7 172.8601 4.368614e-05 18.56246 0.1196021  0.088728633  0.005385955   2.386720e-03      0.0001448773         1  0.0365665086    0.001080034      1.123740e-03            3.319096e-05
60  2013-07-16 14:37:45     90 304.6 172.8 172.9621 4.368614e-05 18.66444 0.1196021  0.093158070  0.005386081   2.505868e-03      0.0001448807         1  0.0373811911    0.001077017      1.148777e-03            3.309823e-05
61  2013-07-16 14:38:00     91 305.3 172.8 172.9641 4.368614e-05 18.66642 0.1196021  0.093243942  0.005386084   2.508177e-03      0.0001448808         1  0.0380940383    0.001074424      1.170683e-03            3.301857e-05
62  2013-07-16 14:38:15     92 306.0 172.6 172.7661 4.368614e-05 18.46839 0.1196021  0.084642682  0.005385839   2.276811e-03      0.0001448742         1  0.0388068854    0.001071877      1.192590e-03            3.294029e-05
63  2013-07-16 14:38:30     93 306.8 172.8 172.9680 4.368614e-05 18.67037 0.1196021  0.093415686  0.005386089   2.512797e-03      0.0001448809         1  0.0396215679    0.001069021      1.217627e-03            3.285252e-05
64  2013-07-16 14:38:45     94 307.5 172.6 172.7700 4.368614e-05 18.47235 0.1196021  0.084814425  0.005385844   2.281431e-03      0.0001448743         1  0.0403344151    0.001066571      1.239533e-03            3.277723e-05
65  2013-07-16 14:39:00     95 308.4 173.0 173.1720 4.368614e-05 18.87433 0.1196021  0.102274561  0.005386343   2.751093e-03      0.0001448878         1  0.0412509329    0.001063489      1.267699e-03            3.268250e-05
66  2013-07-16 14:39:15     96 309.0 173.0 173.1740 4.368614e-05 18.87630 0.1196021  0.102360433  0.005386346   2.753403e-03      0.0001448878         1  0.0418619447    0.001061476      1.286476e-03            3.262065e-05
67  2013-07-16 14:39:30     97 309.7 173.0 173.1760 4.368614e-05 18.87828 0.1196021  0.102446305  0.005386348   2.755713e-03      0.0001448879         1  0.0425747919    0.001059171      1.308383e-03            3.254983e-05
68  2013-07-16 14:39:45     98 310.4 172.9 173.0779 4.368614e-05 18.78026 0.1196021  0.098188610  0.005386225   2.641185e-03      0.0001448846         1  0.0432876391    0.001056914      1.330290e-03            3.248044e-05
69  2013-07-16 14:40:00     99 311.2 172.9 173.0799 4.368614e-05 18.78223 0.1196021  0.098274482  0.005386228   2.643494e-03      0.0001448846         1  0.0441023215    0.001054391      1.355326e-03            3.240292e-05
70  2013-07-16 14:40:15    100 311.9 173.0 173.1819 4.368614e-05 18.88421 0.1196021  0.102703920  0.005386356   2.762642e-03      0.0001448881         1  0.0448151687    0.001052235      1.377233e-03            3.233666e-05
71  2013-07-16 14:40:30    101 312.7 172.8 172.9839 4.368614e-05 18.68619 0.1196021  0.094102660  0.005386108   2.531276e-03      0.0001448814         1  0.0456298512    0.001049829      1.402270e-03            3.226273e-05
72  2013-07-16 14:40:45    102 313.5 172.9 173.0858 4.368614e-05 18.78816 0.1196021  0.098532097  0.005386235   2.650424e-03      0.0001448848         1  0.0464445337    0.001047486      1.427306e-03            3.219073e-05
73  2013-07-16 14:41:00    103 314.2 172.6 172.7878 4.368614e-05 18.49014 0.1196021  0.085587271  0.005385866   2.302220e-03      0.0001448749         1  0.0471573808    0.001045488      1.449213e-03            3.212932e-05
74  2013-07-16 14:41:15    104 314.9 172.9 173.0898 4.368614e-05 18.79212 0.1196021  0.098703841  0.005386240   2.655044e-03      0.0001448850         1  0.0478702280    0.001043539      1.471119e-03            3.206942e-05
75  2013-07-16 14:41:30    105 315.6 172.9 173.0918 4.368614e-05 18.79410 0.1196021  0.098789713  0.005386243   2.657354e-03      0.0001448850         1  0.0485830752    0.001041639      1.493026e-03            3.201102e-05
76  2013-07-16 14:41:45    106 316.4 172.8 172.9937 4.368614e-05 18.69607 0.1196021  0.094532018  0.005386121   2.542826e-03      0.0001448818         1  0.0493977576    0.001039527      1.518063e-03            3.194613e-05
77  2013-07-16 14:42:00    107 317.1 173.0 173.1957 4.368614e-05 18.89805 0.1196021  0.103305022  0.005386373   2.778811e-03      0.0001448886         1  0.0501106048    0.001037733      1.539969e-03            3.189099e-05
78  2013-07-16 14:42:15    108 317.8 172.7 172.8977 4.368614e-05 18.60003 0.1196021  0.090360196  0.005386001   2.430607e-03      0.0001448785         1  0.0508234520    0.001035988      1.561876e-03            3.183738e-05
79  2013-07-16 14:42:30    109 318.5 173.1 173.2997 4.368614e-05 19.00200 0.1196021  0.107820332  0.005386504   2.900269e-03      0.0001448921         1  0.0515362992    0.001034294      1.583783e-03            3.178531e-05
80  2013-07-16 14:42:45    110 319.2 173.0 173.2017 4.368614e-05 18.90398 0.1196021  0.103562637  0.005386381   2.785741e-03      0.0001448888         1  0.0522491463    0.001032650      1.605690e-03            3.173479e-05
81  2013-07-16 14:43:00    111 319.9 173.0 173.2036 4.368614e-05 18.90596 0.1196021  0.103648509  0.005386383   2.788051e-03      0.0001448888         1  0.0529619935    0.001031057      1.627597e-03            3.168582e-05
82  2013-07-16 14:43:15    112 320.7 172.9 173.1056 4.368614e-05 18.80793 0.1196021  0.099390815  0.005386260   2.673523e-03      0.0001448855         1  0.0537766760    0.001029298      1.652633e-03            3.163177e-05
83  2013-07-16 14:43:30    113 321.4 173.1 173.3076 4.368614e-05 19.00991 0.1196021  0.108163819  0.005386514   2.909509e-03      0.0001448923         1  0.0544895231    0.001027814      1.674540e-03            3.158616e-05
84  2013-07-16 14:43:45    114 322.1 173.1 173.3096 4.368614e-05 19.01189 0.1196021  0.108249690  0.005386517   2.911818e-03      0.0001448924         1  0.0552023703    0.001026381      1.696447e-03            3.154212e-05
85  2013-07-16 14:44:00    115 322.8 173.2 173.4115 4.368614e-05 19.11387 0.1196021  0.112679128  0.005386646   3.030966e-03      0.0001448959         1  0.0559152175    0.001024999      1.718353e-03            3.149967e-05
86  2013-07-16 14:44:15    116 323.5 173.2 173.4135 4.368614e-05 19.11584 0.1196021  0.112765000  0.005386649   3.033276e-03      0.0001448960         1  0.0566280646    0.001023670      1.740260e-03            3.145881e-05
87  2013-07-16 14:44:30    117 324.2 173.5 173.7155 4.368614e-05 19.41782 0.1196021  0.125881569  0.005387036   3.386100e-03      0.0001449064         1  0.0573409118    0.001022392      1.762167e-03            3.141955e-05
88  2013-07-16 14:44:45    118 324.9 173.3 173.5175 4.368614e-05 19.21980 0.1196021  0.117280309  0.005386781   3.154734e-03      0.0001448995         1  0.0580537590    0.001021166      1.784074e-03            3.138188e-05
89  2013-07-16 14:45:00    119 325.6 173.5 173.7194 4.368614e-05 19.42177 0.1196021  0.126053313  0.005387041   3.390720e-03      0.0001449065         1  0.0587666061    0.001019993      1.805981e-03            3.134583e-05
90  2013-07-16 14:45:15    120 326.3 173.6 173.8214 4.368614e-05 19.52375 0.1196021  0.130482751  0.005387173   3.509868e-03      0.0001449101         1  0.0594794533    0.001018873      1.827887e-03            3.131139e-05
91  2013-07-16 14:45:30    121 327.1 173.6 173.8234 4.368614e-05 19.52573 0.1196021  0.130568622  0.005387176   3.512177e-03      0.0001449101         1  0.0602941358    0.001017656      1.852924e-03            3.127401e-05
92  2013-07-16 14:45:45    122 327.7 173.8 174.0254 4.368614e-05 19.72770 0.1196021  0.139341626  0.005387439   3.748163e-03      0.0001449172         1  0.0609051477    0.001016789      1.871701e-03            3.124736e-05
93  2013-07-16 14:46:00    123 328.5 173.7 173.9274 4.368614e-05 19.62968 0.1196021  0.135083932  0.005387311   3.633635e-03      0.0001449138         1  0.0617198301    0.001015694      1.896737e-03            3.121370e-05
94  2013-07-16 14:46:15    124 329.2 173.7 173.9293 4.368614e-05 19.63166 0.1196021  0.135169804  0.005387314   3.635945e-03      0.0001449138         1  0.0624326773    0.001014792      1.918644e-03            3.118600e-05
95  2013-07-16 14:46:30    125 330.1 174.0 174.2313 4.368614e-05 19.93363 0.1196021  0.148286373  0.005387711   3.988769e-03      0.0001449245         1  0.0633491951    0.001013712      1.946810e-03            3.115279e-05
96  2013-07-16 14:46:45    126 330.6 173.7 173.9333 4.368614e-05 19.63561 0.1196021  0.135341547  0.005387319   3.640565e-03      0.0001449140         1  0.0638583716    0.001013150      1.962458e-03            3.113551e-05
97  2013-07-16 14:47:00    127 331.4 173.9 174.1353 4.368614e-05 19.83759 0.1196021  0.144114551  0.005387584   3.876551e-03      0.0001449211         1  0.0646730541    0.001012307      1.987494e-03            3.110962e-05
98  2013-07-16 14:47:15    128 332.1 173.9 174.1372 4.368614e-05 19.83957 0.1196021  0.144200422  0.005387587   3.878861e-03      0.0001449212         1  0.0653859013    0.001011627      2.009401e-03            3.108873e-05
99  2013-07-16 14:47:30    129 332.8 173.7 173.9392 4.368614e-05 19.64154 0.1196021  0.135599162  0.005387327   3.647494e-03      0.0001449142         1  0.0660987485    0.001011001      2.031308e-03            3.106949e-05
100 2013-07-16 14:47:45    130 333.5 174.0 174.2412 4.368614e-05 19.94352 0.1196021  0.148715732  0.005387724   4.000318e-03      0.0001449249         1  0.0668115956    0.001010429      2.053214e-03            3.105191e-05
101 2013-07-16 14:48:00    131 334.2 173.8 174.0432 4.368614e-05 19.74550 0.1196021  0.140114472  0.005387463   3.768952e-03      0.0001449179         1  0.0675244428    0.001009911      2.075121e-03            3.103599e-05
102 2013-07-16 14:48:15    132 334.9 174.0 174.2451 4.368614e-05 19.94747 0.1196021  0.148887475  0.005387729   4.004938e-03      0.0001449250         1  0.0682372900    0.001009447      2.097028e-03            3.102174e-05
103 2013-07-16 14:48:30    133 335.6 173.9 174.1471 4.368614e-05 19.84945 0.1196021  0.144629781  0.005387600   3.890410e-03      0.0001449215         1  0.0689501371    0.001009038      2.118935e-03            3.100914e-05
104 2013-07-16 14:48:45    134 336.3 173.6 173.8491 4.368614e-05 19.55143 0.1196021  0.131684955  0.005387209   3.542206e-03      0.0001449110         1  0.0696629843    0.001008682      2.140842e-03            3.099822e-05
105 2013-07-16 14:49:00    135 337.0 173.9 174.1511 4.368614e-05 19.85340 0.1196021  0.144801525  0.005387605   3.895030e-03      0.0001449217         1  0.0703758315    0.001008381      2.162748e-03            3.098896e-05
106 2013-07-16 14:49:15    136 337.7 173.8 174.0531 4.368614e-05 19.75538 0.1196021  0.140543831  0.005387476   3.780502e-03      0.0001449182         1  0.0710886786    0.001008134      2.184655e-03            3.098137e-05
107 2013-07-16 14:49:30    137 338.5 173.7 173.9550 4.368614e-05 19.65736 0.1196021  0.136286136  0.005387347   3.665973e-03      0.0001449148         1  0.0719033611    0.001007918      2.209691e-03            3.097475e-05
108 2013-07-16 14:49:45    138 339.2 173.7 173.9570 4.368614e-05 19.65934 0.1196021  0.136372008  0.005387350   3.668283e-03      0.0001449148         1  0.0726162083    0.001007788      2.231598e-03            3.097074e-05
109 2013-07-16 14:50:00    139 339.9 174.0 174.2590 4.368614e-05 19.96131 0.1196021  0.149488578  0.005387748   4.021107e-03      0.0001449255         1  0.0733290555    0.001007712      2.253505e-03            3.096841e-05
110 2013-07-16 14:50:15    140 340.7 173.7 173.9610 4.368614e-05 19.66329 0.1196021  0.136543752  0.005387355   3.672903e-03      0.0001449150         1  0.0741437379    0.001007692      2.278541e-03            3.096779e-05
111 2013-07-16 14:50:30    141 341.3 173.8 174.0629 4.368614e-05 19.76527 0.1196021  0.140973189  0.005387489   3.792051e-03      0.0001449186         1  0.0747547498    0.001007724      2.297319e-03            3.096876e-05
112 2013-07-16 14:50:45    142 342.1 173.5 173.7649 4.368614e-05 19.46724 0.1196021  0.128028363  0.005387100   3.443847e-03      0.0001449081         1  0.0755694323    0.001007828      2.322355e-03            3.097197e-05
113 2013-07-16 14:51:00    143 342.8 173.9 174.1669 4.368614e-05 19.86922 0.1196021  0.145488499  0.005387626   3.913509e-03      0.0001449222         1  0.0762822794    0.001007978      2.344262e-03            3.097657e-05
114 2013-07-16 14:51:15    144 343.6 173.9 174.1689 4.368614e-05 19.87120 0.1196021  0.145574370  0.005387628   3.915819e-03      0.0001449223         1  0.0770969619    0.001008215      2.369298e-03            3.098387e-05
115 2013-07-16 14:51:30    145 344.4 173.9 174.1708 4.368614e-05 19.87317 0.1196021  0.145660242  0.005387631   3.918128e-03      0.0001449224         1  0.0779116444    0.001008524      2.394334e-03            3.099336e-05
116 2013-07-16 14:51:45    146 345.1 173.9 174.1728 4.368614e-05 19.87515 0.1196021  0.145746114  0.005387634   3.920438e-03      0.0001449225         1  0.0786244916    0.001008852      2.416241e-03            3.100344e-05
117 2013-07-16 14:52:00    147 345.9 173.7 173.9748 4.368614e-05 19.67713 0.1196021  0.137144854  0.005387373   3.689072e-03      0.0001449154         1  0.0794391740    0.001009294      2.441278e-03            3.101701e-05
118 2013-07-16 14:52:15    148 346.7 173.9 174.1768 4.368614e-05 19.87911 0.1196021  0.145917858  0.005387639   3.925058e-03      0.0001449226         1  0.0802538565    0.001009806      2.466314e-03            3.103276e-05
119 2013-07-16 14:52:30    149 347.5 174.2 174.4788 4.368614e-05 20.18108 0.1196021  0.159034427  0.005388041   4.277882e-03      0.0001449334         1  0.0810685390    0.001010389      2.491350e-03            3.105068e-05
120 2013-07-16 14:52:45    150 348.2 174.3 174.5807 4.368614e-05 20.28306 0.1196021  0.163463865  0.005388179   4.397030e-03      0.0001449371         1  0.0817813862    0.001010957      2.513257e-03            3.106813e-05
121 2013-07-16 14:53:00    151 349.0 174.3 174.5827 4.368614e-05 20.28504 0.1196021  0.163549737  0.005388181   4.399340e-03      0.0001449372         1  0.0825960686    0.001011672      2.538293e-03            3.109011e-05
122 2013-07-16 14:53:15    152 349.8 174.1 174.3847 4.368614e-05 20.08701 0.1196021  0.154948476  0.005387915   4.167973e-03      0.0001449300         1  0.0834107511    0.001012458      2.563330e-03            3.111425e-05
123 2013-07-16 14:53:30    153 350.6 174.4 174.6867 4.368614e-05 20.38899 0.1196021  0.168065046  0.005388322   4.520797e-03      0.0001449410         1  0.0842254336    0.001013313      2.588366e-03            3.114054e-05
124 2013-07-16 14:53:45    154 351.5 174.3 174.5886 4.368614e-05 20.29097 0.1196021  0.163807352  0.005388189   4.406269e-03      0.0001449374         1  0.0851419514    0.001014359      2.616532e-03            3.117269e-05
125 2013-07-16 14:54:00    155 352.2 174.0 174.2906 4.368614e-05 19.99294 0.1196021  0.150862526  0.005387790   4.058065e-03      0.0001449267         1  0.0858547986    0.001015234      2.638439e-03            3.119957e-05
126 2013-07-16 14:54:15    156 353.0 174.2 174.4926 4.368614e-05 20.19492 0.1196021  0.159635529  0.005388060   4.294051e-03      0.0001449339         1  0.0866694810    0.001016299      2.663475e-03            3.123229e-05
127 2013-07-16 14:54:30    157 353.8 174.7 174.9946 4.368614e-05 20.69690 0.1196021  0.181439231  0.005388743   4.880551e-03      0.0001449523         1  0.0874841635    0.001017433      2.688511e-03            3.126715e-05
128 2013-07-16 14:54:45    158 354.6 174.8 175.0965 4.368614e-05 20.79888 0.1196021  0.185868669  0.005388883   4.999699e-03      0.0001449561         1  0.0882988460    0.001018636      2.713548e-03            3.130412e-05
129 2013-07-16 14:55:00    159 355.4 174.3 174.5985 4.368614e-05 20.30085 0.1196021  0.164236711  0.005388203   4.417819e-03      0.0001449378         1  0.0891135285    0.001019908      2.738584e-03            3.134322e-05
130 2013-07-16 14:55:15    160 356.3 174.6 174.9005 4.368614e-05 20.60283 0.1196021  0.177353280  0.005388613   4.770642e-03      0.0001449488         1  0.0900300463    0.001021421      2.766750e-03            3.138972e-05
131 2013-07-16 14:55:30    161 357.1 174.7 175.0025 4.368614e-05 20.70481 0.1196021  0.181782718  0.005388754   4.889790e-03      0.0001449526         1  0.0908447287    0.001022839      2.791786e-03            3.143328e-05
132 2013-07-16 14:55:45    162 357.9 174.7 175.0045 4.368614e-05 20.70678 0.1196021  0.181868590  0.005388756   4.892100e-03      0.0001449527         1  0.0916594112    0.001024324      2.816823e-03            3.147893e-05
133 2013-07-16 14:56:00    163 358.7 174.9 175.2064 4.368614e-05 20.90876 0.1196021  0.190641593  0.005389036   5.128086e-03      0.0001449602         1  0.0924740937    0.001025878      2.841859e-03            3.152666e-05
134 2013-07-16 14:56:15    164 359.5 174.6 174.9084 4.368614e-05 20.61074 0.1196021  0.177696767  0.005388624   4.779882e-03      0.0001449491         1  0.0932887762    0.001027498      2.866895e-03            3.157647e-05
135 2013-07-16 14:56:30    165 360.3 174.5 174.8104 4.368614e-05 20.51271 0.1196021  0.173439073  0.005388490   4.665354e-03      0.0001449455         1  0.0941034586    0.001029186      2.891932e-03            3.162833e-05
136 2013-07-16 14:56:45    166 361.2 174.4 174.7124 4.368614e-05 20.41469 0.1196021  0.169181379  0.005388357   4.550826e-03      0.0001449419         1  0.0950199764    0.001031164      2.920098e-03            3.168913e-05
137 2013-07-16 14:57:00    167 362.0 174.9 175.2143 4.368614e-05 20.91667 0.1196021  0.190985080  0.005389047   5.137325e-03      0.0001449605         1  0.0958346589    0.001032994      2.945134e-03            3.174535e-05
138 2013-07-16 14:57:15    168 362.8 174.9 175.2163 4.368614e-05 20.91865 0.1196021  0.191070952  0.005389050   5.139635e-03      0.0001449605         1  0.0966493414    0.001034889      2.970170e-03            3.180359e-05
139 2013-07-16 14:57:30    169 363.8 174.5 174.8183 4.368614e-05 20.52062 0.1196021  0.173782560  0.005388501   4.674593e-03      0.0001449458         1  0.0976676945    0.001037350      3.001466e-03            3.187923e-05
140 2013-07-16 14:57:45    170 364.6 174.2 174.5203 4.368614e-05 20.22260 0.1196021  0.160837734  0.005388097   4.326389e-03      0.0001449349         1  0.0984823770    0.001039392      3.026502e-03            3.194199e-05
141 2013-07-16 14:58:00    171 365.4 174.5 174.8222 4.368614e-05 20.52458 0.1196021  0.173954304  0.005388506   4.679213e-03      0.0001449459         1  0.0992970594    0.001041500      3.051538e-03            3.200675e-05
142 2013-07-16 14:58:15    172 366.1 174.6 174.9242 4.368614e-05 20.62655 0.1196021  0.178383741  0.005388646   4.798361e-03      0.0001449497         1  0.1000099066    0.001043396      3.073445e-03            3.206503e-05
143 2013-07-16 14:58:30    173 366.9 174.6 174.9262 4.368614e-05 20.62853 0.1196021  0.178469613  0.005388649   4.800671e-03      0.0001449498         1  0.1008245891    0.001045624      3.098482e-03            3.213349e-05
144 2013-07-16 14:58:45    174 367.8 174.6 174.9282 4.368614e-05 20.63051 0.1196021  0.178555485  0.005388651   4.802981e-03      0.0001449498         1  0.1017411069    0.001048206      3.126647e-03            3.221284e-05
145 2013-07-16 14:59:00    175 368.6 174.3 174.6302 4.368614e-05 20.33248 0.1196021  0.165610659  0.005388245   4.454776e-03      0.0001449389         1  0.1025557894    0.001050568      3.151684e-03            3.228544e-05
146 2013-07-16 14:59:15    176 369.4 174.4 174.7321 4.368614e-05 20.43446 0.1196021  0.170040096  0.005388384   4.573924e-03      0.0001449426         1  0.1033704718    0.001052994      3.176720e-03            3.235997e-05
147 2013-07-16 14:59:30    177 370.2 174.9 175.2341 4.368614e-05 20.93644 0.1196021  0.191843798  0.005389074   5.160424e-03      0.0001449612         1  0.1041851543    0.001055481      3.201756e-03            3.243642e-05
148 2013-07-16 14:59:45    178 371.1 174.9 175.2361 4.368614e-05 20.93842 0.1196021  0.191929670  0.005389077   5.162734e-03      0.0001449613         1  0.1051016721    0.001058353      3.229922e-03            3.252469e-05
149 2013-07-16 15:00:00    179 372.0 174.9 175.2381 4.368614e-05 20.94039 0.1196021  0.192015541  0.005389080   5.165044e-03      0.0001449614         1  0.1060181899    0.001061303      3.258088e-03            3.261535e-05
150 2013-07-16 15:00:15    180 372.8 174.9 175.2400 4.368614e-05 20.94237 0.1196021  0.192101413  0.005389083   5.167354e-03      0.0001449614         1  0.1068328724    0.001063990      3.283125e-03            3.269792e-05
151 2013-07-16 15:00:30    181 373.5 175.1 175.4420 4.368614e-05 21.14435 0.1196021  0.200874417  0.005389365   5.403340e-03      0.0001449690         1  0.1075457195    0.001066391      3.305031e-03            3.277170e-05
152 2013-07-16 15:00:45    182 374.3 174.4 174.7440 4.368614e-05 20.44632 0.1196021  0.170555327  0.005388400   4.587784e-03      0.0001449431         0  0.1083604020    0.001069191      3.330068e-03            3.285774e-05
153 2013-07-16 15:01:00    183 375.1 174.2 174.5460 4.368614e-05 20.24830 0.1196021  0.161954067  0.005388132   4.356417e-03      0.0001449359         0  0.1091750845    0.001072050      3.355104e-03            3.294562e-05
154 2013-07-16 15:01:15    184 375.8 173.9 174.2479 4.368614e-05 19.95028 0.1196021  0.149009241  0.005387733   4.008213e-03      0.0001449251         0  0.1098879317    0.001074601      3.377011e-03            3.302400e-05
155 2013-07-16 15:01:30    185 376.6 174.0 174.3499 4.368614e-05 20.05225 0.1196021  0.153438678  0.005387869   4.127361e-03      0.0001449288         0  0.1107026141    0.001077571      3.402047e-03            3.311526e-05
156 2013-07-16 15:01:45    186 377.4 174.4 174.7519 4.368614e-05 20.45423 0.1196021  0.170898814  0.005388411   4.597023e-03      0.0001449434         0  0.1115172966    0.001080598      3.427083e-03            3.320831e-05
157 2013-07-16 15:02:00    187 378.3 175.2 175.5539 4.368614e-05 21.25621 0.1196021  0.205733213  0.005389523   5.534037e-03      0.0001449733         0  0.1124338144    0.001084074      3.455249e-03            3.331511e-05
158 2013-07-16 15:02:15    188 379.0 175.0 175.3559 4.368614e-05 21.05819 0.1196021  0.197131953  0.005389244   5.302671e-03      0.0001449658         0  0.1131466616    0.001086827      3.477156e-03            3.339972e-05
159 2013-07-16 15:02:30    189 379.8 175.5 175.8578 4.368614e-05 21.56016 0.1196021  0.218935655  0.005389956   5.889170e-03      0.0001449849         0  0.1139613441    0.001090026      3.502193e-03            3.349804e-05
160 2013-07-16 15:02:45    190 380.6 174.7 175.0598 4.368614e-05 20.76214 0.1196021  0.184272999  0.005388833   4.956776e-03      0.0001449547         0  0.1147760265    0.001093282      3.527229e-03            3.359809e-05
161 2013-07-16 15:03:00    191 381.5 174.8 175.1618 4.368614e-05 20.86412 0.1196021  0.188702436  0.005388974   5.075924e-03      0.0001449585         0  0.1156925443    0.001097011      3.555395e-03            3.371270e-05
162 2013-07-16 15:03:15    192 382.2 174.9 175.2638 4.368614e-05 20.96609 0.1196021  0.193131874  0.005389116   5.195072e-03      0.0001449623         0  0.1164053915    0.001099960      3.577302e-03            3.380331e-05
163 2013-07-16 15:03:30    193 383.0 174.6 174.9657 4.368614e-05 20.66807 0.1196021  0.180187048  0.005388703   4.846868e-03      0.0001449512         0  0.1172200740    0.001103381      3.602338e-03            3.390845e-05
164 2013-07-16 15:03:45    194 383.7 174.7 175.0677 4.368614e-05 20.77005 0.1196021  0.184616486  0.005388844   4.966016e-03      0.0001449550         0  0.1179329211    0.001106419      3.624245e-03            3.400181e-05
165 2013-07-16 15:04:00    195 384.6 174.8 175.1697 4.368614e-05 20.87202 0.1196021  0.189045923  0.005388985   5.085164e-03      0.0001449588         0  0.1188494389    0.001110385      3.652411e-03            3.412371e-05
166 2013-07-16 15:04:15    196 385.3 174.8 175.1717 4.368614e-05 20.87400 0.1196021  0.189131795  0.005388988   5.087474e-03      0.0001449589         0  0.1195622861    0.001113517      3.674317e-03            3.421994e-05
167 2013-07-16 15:04:30    197 386.2 174.8 175.1737 4.368614e-05 20.87598 0.1196021  0.189217667  0.005388990   5.089784e-03      0.0001449589         0  0.1204788039    0.001117602      3.702483e-03            3.434550e-05
168 2013-07-16 15:04:45    198 387.0 174.8 175.1756 4.368614e-05 20.87796 0.1196021  0.189303539  0.005388993   5.092093e-03      0.0001449590         0  0.1212934864    0.001121289      3.727520e-03            3.445880e-05
169 2013-07-16 15:05:00    199 387.8 174.9 175.2776 4.368614e-05 20.97993 0.1196021  0.193732976  0.005389135   5.211241e-03      0.0001449628         0  0.1221081688    0.001125028      3.752556e-03            3.457369e-05
170 2013-07-16 15:05:15    200 388.6 174.8 175.1796 4.368614e-05 20.88191 0.1196021  0.189475282  0.005388998   5.096713e-03      0.0001449592         0  0.1229228513    0.001128818      3.777592e-03            3.469016e-05
171 2013-07-16 15:05:30    201 389.6 174.6 174.9816 4.368614e-05 20.68389 0.1196021  0.180874022  0.005388725   4.865347e-03      0.0001449518         0  0.1239412044    0.001133626      3.808888e-03            3.483792e-05
172 2013-07-16 15:05:45    202 390.4 174.7 175.0835 4.368614e-05 20.78586 0.1196021  0.185303460  0.005388865   4.984495e-03      0.0001449556         0  0.1247558869    0.001137529      3.833924e-03            3.495786e-05
173 2013-07-16 15:06:00    203 391.3 174.3 174.6855 4.368614e-05 20.38784 0.1196021  0.168015068  0.005388320   4.519453e-03      0.0001449409         0  0.1256724047    0.001141978      3.862090e-03            3.509460e-05
174 2013-07-16 15:06:15    204 392.3 174.9 175.2875 4.368614e-05 20.98982 0.1196021  0.194162335  0.005389149   5.222791e-03      0.0001449632         0  0.1266907578    0.001146995      3.893385e-03            3.524877e-05
175 2013-07-16 15:06:30    205 393.2 174.6 174.9895 4.368614e-05 20.69179 0.1196021  0.181217509  0.005388736   4.874587e-03      0.0001449521         0  0.1276072756    0.001151574      3.921551e-03            3.538950e-05
176 2013-07-16 15:06:45    206 394.1 174.6 174.9914 4.368614e-05 20.69377 0.1196021  0.181303381  0.005388738   4.876896e-03      0.0001449522         0  0.1285237934    0.001156214      3.949717e-03            3.553209e-05
177 2013-07-16 15:07:00    207 395.2 174.6 174.9934 4.368614e-05 20.69575 0.1196021  0.181389253  0.005388741   4.879206e-03      0.0001449522         0  0.1296439818    0.001161966      3.984142e-03            3.570885e-05
178 2013-07-16 15:07:15    208 396.0 174.7 175.0954 4.368614e-05 20.79772 0.1196021  0.185818690  0.005388882   4.998354e-03      0.0001449560         0  0.1304586642    0.001166204      4.009178e-03            3.583909e-05
179 2013-07-16 15:07:30    209 397.0 174.7 175.0974 4.368614e-05 20.79970 0.1196021  0.185904562  0.005388885   5.000664e-03      0.0001449561         0  0.1314770173    0.001171566      4.040474e-03            3.600388e-05
180 2013-07-16 15:07:45    210 398.0 174.6 174.9994 4.368614e-05 20.70168 0.1196021  0.181646868  0.005388749   4.886136e-03      0.0001449525         0  0.1324953704    0.001176999      4.071769e-03            3.617084e-05
181 2013-07-16 15:08:00    211 399.0 174.5 174.9013 4.368614e-05 20.60366 0.1196021  0.177389174  0.005388615   4.771608e-03      0.0001449488         0  0.1335137235    0.001182502      4.103065e-03            3.633994e-05
182 2013-07-16 15:08:15    212 400.1   NaN      NaN 4.368614e-05      NaN 0.1196021          NaN          NaN            NaN               NaN         0  0.1346339120    0.001188634      4.137490e-03            3.652839e-05
183 2013-07-16 15:08:30    213 400.9 174.4 174.8053 4.368614e-05 20.50761 0.1196021  0.173217351  0.005388483   4.659390e-03      0.0001449453         0  0.1354485944    0.001193145      4.162526e-03            3.666703e-05
184 2013-07-16 15:08:45    214 401.0 175.0 175.4073 4.368614e-05 21.10959 0.1196021  0.199364619  0.005389316   5.362727e-03      0.0001449677         0  0.1355504297    0.001193712      4.165655e-03            3.668446e-05
185 2013-07-16 15:09:00    215 400.5 175.1 175.5092 4.368614e-05 21.21156 0.1196021  0.203794056  0.005389460   5.481875e-03      0.0001449716         0  0.1350412532    0.001190884      4.150008e-03            3.659755e-05

$dryleafvolt
             timestamp record LWSmV  SEmV    CSEmV     CSEmV.sd   loadmV loadmV.sd
1  2013-07-16 14:19:15     16 263.7 171.4 171.4158 4.368614e-05 17.11814 0.1196021
2  2013-07-16 14:19:30     17 263.7 171.3 171.3178 4.368614e-05 17.02012 0.1196021
3  2013-07-16 14:19:45     18 263.7 171.0 171.0198 4.368614e-05 16.72210 0.1196021
4  2013-07-16 14:20:00     19 263.7 170.9 170.9217 4.368614e-05 16.62407 0.1196021
5  2013-07-16 14:20:15     20 263.8 170.5 170.5237 4.368614e-05 16.22605 0.1196021
6  2013-07-16 14:20:30     21 263.9 170.6 170.6257 4.368614e-05 16.32803 0.1196021
7  2013-07-16 14:20:45     22 263.9 170.9 170.9277 4.368614e-05 16.63001 0.1196021
8  2013-07-16 14:21:00     23 264.0   NaN      NaN 4.368614e-05      NaN 0.1196021
9  2013-07-16 14:21:15     24 264.2 170.5 170.5316 4.368614e-05 16.23396 0.1196021
10 2013-07-16 14:21:30     25 264.4 170.3 170.3336 4.368614e-05 16.03594 0.1196021
11 2013-07-16 14:21:45     26 264.4 170.9 170.9356 4.368614e-05 16.63791 0.1196021
12 2013-07-16 14:22:00     27 264.4 170.8 170.8376 4.368614e-05 16.53989 0.1196021
13 2013-07-16 14:22:15     28 264.4 170.7 170.7395 4.368614e-05 16.44187 0.1196021
14 2013-07-16 14:22:30     29 264.4 170.3 170.3415 4.368614e-05 16.04384 0.1196021
15 2013-07-16 14:22:45     30 264.4 171.1 171.1435 4.368614e-05 16.84582 0.1196021
16 2013-07-16 14:23:00     31 264.4 170.6 170.6455 4.368614e-05 16.34780 0.1196021

$runtime
Time difference of 46 mins

$startcalibvolt
            timestamp record LWSmV  SEmV    CSEmV     CSEmV.sd   loadmV loadmV.sd
1 2013-07-16 14:17:45     10 263.7 276.7 276.7040 4.368614e-05 122.4063 0.1196021
2 2013-07-16 14:18:00     11 263.7 276.9 276.9059 4.368614e-05 122.6083 0.1196021
3 2013-07-16 14:18:15     12 263.7 277.2 277.2079 4.368614e-05 122.9102 0.1196021
4 2013-07-16 14:18:30     13 263.7 277.2 277.2099 4.368614e-05 122.9122 0.1196021
5 2013-07-16 14:18:45     14 263.7 277.0 277.0119 4.368614e-05 122.7142 0.1196021

$endcalibvolt
[1] NA

$lastLWSvolt
[1] 395.8

$maxLWSvolt
[1] 401

$species
[1] "blackoak"

$trial
[1] "5"

$replicate
[1] "1"

$isvertical
[1] FALSE

$conversionfactor
         avg      stdev
1 0.04343566 1.8933e-05

$LWSwatermass
        avg       stdev
1 0.1104664 0.004241969

$dryleafmass
        avg       stdev
1 0.7175442 0.001377324

$lwsmodel

Call:
lm(formula = LWSsurfacedensity ~ record, data = rd[rd$runfilter == 
    1, ])

Coefficients:
(Intercept)       record  
 -9.767e-04    2.343e-05  


$leafmodel

Call:
lm(formula = surfacedensity ~ record, data = rd[rd$runfilter == 
    1, ])

Coefficients:
(Intercept)       record  
 -4.159e-04    3.097e-05  


