$name
[1] "blackoak7rep3"

$leafarea
[1] 39.73629

$startbasevolt
            timestamp record LWSmV  SEmV CSEmV CSEmV.sd      loadmV  loadmV.sd
1 2013-08-13 14:06:30      2 265.1 144.7 144.7        0 -0.13199693 0.08868456
2 2013-08-13 14:06:45      3 265.1 144.9 144.9        0  0.06800307 0.08868456
3 2013-08-13 14:07:00      4 265.1 144.9 144.9        0  0.06800307 0.08868456

$endbasevolt
            timestamp record LWSmV  SEmV    CSEmV     CSEmV.sd      loadmV  loadmV.sd
1 2013-08-13 15:00:45    219 265.1 144.4 144.8789 4.159774e-05  0.04688172 0.08868457
2 2013-08-13 15:01:00    220 265.1 144.3 144.7811 4.159774e-05 -0.05089094 0.08868457

$dryragvolt
            timestamp record LWSmV  SEmV    CSEmV     CSEmV.sd   loadmV  loadmV.sd
1 2013-08-13 14:56:15    201 466.3 201.3 201.7388 4.159774e-05 56.90679 0.08868457
2 2013-08-13 14:56:30    202 465.9 201.0 201.4410 4.159774e-05 56.60902 0.08868457
3 2013-08-13 14:56:45    203 465.6 200.9 201.3432 4.159774e-05 56.51124 0.08868457

$wetragvolt
            timestamp record LWSmV  SEmV    CSEmV     CSEmV.sd   loadmV  loadmV.sd
1 2013-08-13 14:57:45    207 266.5 205.6 206.0522 4.159774e-05 61.22015 0.08868457
2 2013-08-13 14:58:00    208 266.1 205.6 206.0544 4.159774e-05 61.22238 0.08868457
3 2013-08-13 14:58:15    209 265.7 205.4 205.8566 4.159774e-05 61.02461 0.08868457
4 2013-08-13 14:58:30    210 265.7 205.4 205.8588 4.159774e-05 61.02684 0.08868457
5 2013-08-13 14:58:45    211 265.7 205.6 206.0611 4.159774e-05 61.22906 0.08868457
6 2013-08-13 14:59:00    212 265.7 205.4 205.8633 4.159774e-05 61.03129 0.08868457

$rundata
              timestamp record LWSmV  SEmV    CSEmV     CSEmV.sd   loadmV  loadmV.sd   watermass watermass.sd surfacedensity surfacedensity.sd runfilter      LWSwater LWSwater.stdev LWSsurfacedensity LWSsurfacedensity.stdev
1   2013-08-13 14:10:00     16 265.1 157.9 157.9267 4.159774e-05 13.09473 0.08868457 0.004013367  0.004131673   0.0001010001      0.0001039773         0 -2.843756e-03    0.001285489     -8.739263e-05            3.950488e-05
2   2013-08-13 14:10:15     17 265.2 158.0 158.0290 4.159774e-05 13.19696 0.08868457 0.008453760  0.004131780   0.0002127466      0.0001039800         0 -2.741921e-03    0.001284832     -8.426309e-05            3.948469e-05
3   2013-08-13 14:10:30     18 265.7 158.1 158.1312 4.159774e-05 13.29919 0.08868457 0.012894152  0.004131888   0.0003244931      0.0001039827         0 -2.232744e-03    0.001281556     -6.861538e-05            3.938403e-05
4   2013-08-13 14:10:45     19 266.2 158.1 158.1334 4.159774e-05 13.30141 0.08868457 0.012990900  0.004131890   0.0003269279      0.0001039828         0 -1.723568e-03    0.001278294     -5.296767e-05            3.928377e-05
5   2013-08-13 14:11:00     20 266.7 158.2 158.2356 4.159774e-05 13.40364 0.08868457 0.017431292  0.004131999   0.0004386744      0.0001039855         0 -1.214391e-03    0.001275045     -3.731995e-05            3.918394e-05
6   2013-08-13 14:11:15     21 267.3 158.3 158.3379 4.159774e-05 13.50587 0.08868457 0.021871684  0.004132108   0.0005504209      0.0001039883         0 -6.033795e-04    0.001271165     -1.854270e-05            3.906470e-05
7   2013-08-13 14:11:30     22 267.9 158.2 158.2401 4.159774e-05 13.40810 0.08868457 0.017624788  0.004132004   0.0004435439      0.0001039856         0  7.632394e-06    0.001267305      2.345542e-07            3.894607e-05
8   2013-08-13 14:11:45     23 268.5 158.4 158.4423 4.159774e-05 13.61032 0.08868457 0.026408824  0.004132221   0.0006646022      0.0001039911         0  6.186443e-04    0.001263465      1.901181e-05            3.882805e-05
9   2013-08-13 14:12:00     24 269.2 158.2 158.2445 4.159774e-05 13.41255 0.08868457 0.017818283  0.004132008   0.0004484134      0.0001039858         0  1.331491e-03    0.001259010      4.091861e-05            3.869116e-05
10  2013-08-13 14:12:15     25 269.9 158.3 158.3468 4.159774e-05 13.51478 0.08868457 0.022258676  0.004132118   0.0005601599      0.0001039885         0  2.044339e-03    0.001254584      6.282540e-05            3.855512e-05
11  2013-08-13 14:12:30     26 270.7 158.3 158.3490 4.159774e-05 13.51700 0.08868457 0.022355423  0.004132120   0.0005625947      0.0001039886         0  2.859021e-03    0.001249559      8.786174e-05            3.840072e-05
12  2013-08-13 14:12:45     27 271.4 158.4 158.4512 4.159774e-05 13.61923 0.08868457 0.026795816  0.004132230   0.0006743412      0.0001039914         0  3.571868e-03    0.001245194      1.097685e-04            3.826655e-05
13  2013-08-13 14:13:00     28 272.2 158.4 158.4535 4.159774e-05 13.62146 0.08868457 0.026892564  0.004132233   0.0006767759      0.0001039914         0  4.386551e-03    0.001240239      1.348049e-04            3.811430e-05
14  2013-08-13 14:13:15     29 273.0 158.7 158.7557 4.159774e-05 13.92369 0.08868457 0.040020245  0.004132564   0.0010071460      0.0001039997         0  5.201233e-03    0.001235323      1.598412e-04            3.796323e-05
15  2013-08-13 14:13:30     30 273.8 158.6 158.6579 4.159774e-05 13.82591 0.08868457 0.035773348  0.004132456   0.0009002690      0.0001039970         0  6.015916e-03    0.001230446      1.848776e-04            3.781334e-05
16  2013-08-13 14:13:45     31 274.8 158.7 158.7601 4.159774e-05 13.92814 0.08868457 0.040213740  0.004132569   0.0010120155      0.0001039999         1  7.034269e-03    0.001224404      2.161730e-04            3.762767e-05
17  2013-08-13 14:14:00     32 275.6 158.8 158.8624 4.159774e-05 14.03037 0.08868457 0.044654133  0.004132682   0.0011237621      0.0001040027         1  7.848951e-03    0.001219616      2.412093e-04            3.748050e-05
18  2013-08-13 14:14:15     33 276.4 158.7 158.7646 4.159774e-05 13.93260 0.08868457 0.040407236  0.004132574   0.0010168850      0.0001040000         1  8.663634e-03    0.001214867      2.662457e-04            3.733457e-05
19  2013-08-13 14:14:30     34 277.3 158.7 158.7668 4.159774e-05 13.93482 0.08868457 0.040503984  0.004132576   0.0010193198      0.0001040001         1  9.580152e-03    0.001209573      2.944115e-04            3.717189e-05
20  2013-08-13 14:14:45     35 278.2 158.7 158.7690 4.159774e-05 13.93705 0.08868457 0.040600732  0.004132579   0.0010217545      0.0001040001         1  1.049667e-02    0.001204332      3.225774e-04            3.701080e-05
21  2013-08-13 14:15:00     36 279.0 158.7 158.7713 4.159774e-05 13.93928 0.08868457 0.040697480  0.004132581   0.0010241893      0.0001040002         1  1.131135e-02    0.001199716      3.476138e-04            3.686898e-05
22  2013-08-13 14:15:15     37 279.9 158.7 158.7735 4.159774e-05 13.94151 0.08868457 0.040794227  0.004132583   0.0010266240      0.0001040002         1  1.222787e-02    0.001194575      3.757796e-04            3.671097e-05
23  2013-08-13 14:15:30     38 280.8 158.6 158.6757 4.159774e-05 13.84373 0.08868457 0.036547331  0.004132475   0.0009197470      0.0001039975         1  1.314439e-02    0.001189487      4.039455e-04            3.655462e-05
24  2013-08-13 14:15:45     39 281.6 158.8 158.8780 4.159774e-05 14.04596 0.08868457 0.045331367  0.004132700   0.0011408053      0.0001040032         1  1.395907e-02    0.001185011      4.289819e-04            3.641706e-05
25  2013-08-13 14:16:00     40 282.5 158.7 158.7802 4.159774e-05 13.94819 0.08868457 0.041084471  0.004132591   0.0010339283      0.0001040004         1  1.487559e-02    0.001180028      4.571477e-04            3.626391e-05
26  2013-08-13 14:16:15     41 283.4 158.8 158.8824 4.159774e-05 14.05041 0.08868457 0.045524863  0.004132705   0.0011456748      0.0001040033         1  1.579211e-02    0.001175100      4.853136e-04            3.611248e-05
27  2013-08-13 14:16:30     42 284.3 158.7 158.7846 4.159774e-05 13.95264 0.08868457 0.041277967  0.004132596   0.0010387977      0.0001040005         1  1.670862e-02    0.001170229      5.134795e-04            3.596280e-05
28  2013-08-13 14:16:45     43 285.2 158.9 158.9869 4.159774e-05 14.15487 0.08868457 0.050062003  0.004132822   0.0012598561      0.0001040062         1  1.762514e-02    0.001165416      5.416454e-04            3.581488e-05
29  2013-08-13 14:17:00     44 286.0 158.9 158.9891 4.159774e-05 14.15710 0.08868457 0.050158751  0.004132824   0.0012622908      0.0001040063         1  1.843982e-02    0.001161187      5.666817e-04            3.568490e-05
30  2013-08-13 14:17:15     45 286.9 158.9 158.9913 4.159774e-05 14.15932 0.08868457 0.050255499  0.004132827   0.0012647256      0.0001040064         1  1.935634e-02    0.001156484      5.948476e-04            3.554037e-05
31  2013-08-13 14:17:30     46 287.7 159.0 159.0935 4.159774e-05 14.26155 0.08868457 0.054695891  0.004132942   0.0013764721      0.0001040093         1  2.017102e-02    0.001152354      6.198840e-04            3.541345e-05
32  2013-08-13 14:17:45     47 288.5 159.0 159.0958 4.159774e-05 14.26378 0.08868457 0.054792639  0.004132945   0.0013789068      0.0001040093         1  2.098571e-02    0.001148271      6.449203e-04            3.528798e-05
33  2013-08-13 14:18:00     48 289.4 159.1 159.1980 4.159774e-05 14.36601 0.08868457 0.059233031  0.004133061   0.0014906534      0.0001040123         1  2.190222e-02    0.001143735      6.730862e-04            3.514860e-05
34  2013-08-13 14:18:15     49 290.3 159.0 159.1002 4.159774e-05 14.26823 0.08868457 0.054986135  0.004132950   0.0013837763      0.0001040095         1  2.281874e-02    0.001139261      7.012521e-04            3.501110e-05
35  2013-08-13 14:18:30     50 291.2 159.0 159.1025 4.159774e-05 14.27046 0.08868457 0.055082883  0.004132952   0.0013862111      0.0001040095         1  2.373526e-02    0.001134850      7.294179e-04            3.487553e-05
36  2013-08-13 14:18:45     51 292.0 159.1 159.2047 4.159774e-05 14.37269 0.08868457 0.059523275  0.004133069   0.0014979576      0.0001040124         1  2.454994e-02    0.001130981      7.544543e-04            3.475664e-05
37  2013-08-13 14:19:00     52 293.0 159.2 159.3069 4.159774e-05 14.47492 0.08868457 0.063963667  0.004133186   0.0016097041      0.0001040154         1  2.556830e-02    0.001126216      7.857497e-04            3.461020e-05
38  2013-08-13 14:19:15     53 293.8 159.1 159.2091 4.159774e-05 14.37714 0.08868457 0.059716770  0.004133074   0.0015028271      0.0001040126         1  2.638298e-02    0.001122461      8.107860e-04            3.449481e-05
39  2013-08-13 14:19:30     54 294.7 159.2 159.3114 4.159774e-05 14.47937 0.08868457 0.064157163  0.004133191   0.0016145736      0.0001040155         1  2.729950e-02    0.001118299      8.389519e-04            3.436689e-05
40  2013-08-13 14:19:45     55 295.6 159.2 159.3136 4.159774e-05 14.48160 0.08868457 0.064253911  0.004133194   0.0016170084      0.0001040156         1  2.821601e-02    0.001114202      8.671178e-04            3.424100e-05
41  2013-08-13 14:20:00     56 296.6 159.2 159.3158 4.159774e-05 14.48382 0.08868457 0.064350658  0.004133196   0.0016194431      0.0001040157         1  2.923437e-02    0.001109728      8.984132e-04            3.410351e-05
42  2013-08-13 14:20:15     57 297.5 159.3 159.4180 4.159774e-05 14.58605 0.08868457 0.068791051  0.004133314   0.0017311897      0.0001040186         1  3.015088e-02    0.001105773      9.265791e-04            3.398196e-05
43  2013-08-13 14:20:30     58 298.3 159.3 159.4203 4.159774e-05 14.58828 0.08868457 0.068887799  0.004133317   0.0017336244      0.0001040187         1  3.096557e-02    0.001102314      9.516154e-04            3.387567e-05
44  2013-08-13 14:20:45     59 299.3 159.5 159.6225 4.159774e-05 14.79051 0.08868457 0.077671835  0.004133553   0.0019546827      0.0001040246         1  3.198392e-02    0.001098068      9.829109e-04            3.374516e-05
45  2013-08-13 14:21:00     60 300.1 159.6 159.7247 4.159774e-05 14.89273 0.08868457 0.082112227  0.004133673   0.0020664292      0.0001040277         1  3.279860e-02    0.001094732      1.007947e-03            3.364265e-05
46  2013-08-13 14:21:15     61 301.0 159.7 159.8270 4.159774e-05 14.99496 0.08868457 0.086552620  0.004133795   0.0021781758      0.0001040307         1  3.371512e-02    0.001091046      1.036113e-03            3.352937e-05
47  2013-08-13 14:21:30     62 302.0 159.6 159.7292 4.159774e-05 14.89719 0.08868457 0.082305723  0.004133679   0.0020712987      0.0001040278         1  3.473347e-02    0.001087033      1.067409e-03            3.340605e-05
48  2013-08-13 14:21:45     63 302.9 159.6 159.7314 4.159774e-05 14.89942 0.08868457 0.082402471  0.004133681   0.0020737335      0.0001040279         1  3.564999e-02    0.001083497      1.095574e-03            3.329739e-05
49  2013-08-13 14:22:00     64 303.7 159.5 159.6336 4.159774e-05 14.80164 0.08868457 0.078155574  0.004133566   0.0019668565      0.0001040250         1  3.646467e-02    0.001080415      1.120611e-03            3.320267e-05
50  2013-08-13 14:22:15     65 304.6 159.6 159.7359 4.159774e-05 14.90387 0.08868457 0.082595967  0.004133687   0.0020786030      0.0001040280         1  3.738119e-02    0.001077017      1.148777e-03            3.309823e-05
51  2013-08-13 14:22:30     66 305.5 159.7 159.8381 4.159774e-05 15.00610 0.08868457 0.087036359  0.004133808   0.0021903495      0.0001040311         1  3.829771e-02    0.001073692      1.176942e-03            3.299606e-05
52  2013-08-13 14:22:45     67 306.4 159.8 159.9403 4.159774e-05 15.10833 0.08868457 0.091476751  0.004133930   0.0023020960      0.0001040341         1  3.921423e-02    0.001070442      1.205108e-03            3.289618e-05
53  2013-08-13 14:23:00     68 307.3 159.8 159.9425 4.159774e-05 15.11055 0.08868457 0.091573499  0.004133933   0.0023045308      0.0001040342         1  4.013074e-02    0.001067266      1.233274e-03            3.279860e-05
54  2013-08-13 14:23:15     69 308.4 160.0 160.1448 4.159774e-05 15.31278 0.08868457 0.100357536  0.004134178   0.0025255891      0.0001040404         1  4.125093e-02    0.001063489      1.267699e-03            3.268250e-05
55  2013-08-13 14:23:30     70 309.1 159.9 160.0470 4.159774e-05 15.21501 0.08868457 0.096110639  0.004134059   0.0024187121      0.0001040374         1  4.196378e-02    0.001061144      1.289606e-03            3.261045e-05
56  2013-08-13 14:23:45     71 310.1 159.9 160.0492 4.159774e-05 15.21724 0.08868457 0.096207387  0.004134062   0.0024211468      0.0001040374         1  4.298213e-02    0.001057875      1.320901e-03            3.251000e-05
57  2013-08-13 14:24:00     72 311.0 159.9 160.0515 4.159774e-05 15.21946 0.08868457 0.096304135  0.004134064   0.0024235816      0.0001040375         1  4.389865e-02    0.001055016      1.349067e-03            3.242212e-05
58  2013-08-13 14:24:15     73 312.0 159.9 160.0537 4.159774e-05 15.22169 0.08868457 0.096400883  0.004134067   0.0024260163      0.0001040376         1  4.491700e-02    0.001051931      1.380363e-03            3.232731e-05
59  2013-08-13 14:24:30     74 312.9 160.0 160.1559 4.159774e-05 15.32392 0.08868457 0.100841275  0.004134191   0.0025377628      0.0001040407         1  4.583352e-02    0.001049237      1.408529e-03            3.224454e-05
60  2013-08-13 14:24:45     75 313.8 160.1 160.2581 4.159774e-05 15.42614 0.08868457 0.105281667  0.004134316   0.0026495094      0.0001040438         1  4.675004e-02    0.001046624      1.436695e-03            3.216423e-05
61  2013-08-13 14:25:00     76 314.9 160.1 160.2604 4.159774e-05 15.42837 0.08868457 0.105378415  0.004134319   0.0026519441      0.0001040439         1  4.787023e-02    0.001043539      1.471119e-03            3.206942e-05
62  2013-08-13 14:25:15     77 315.7 160.2 160.3626 4.159774e-05 15.53060 0.08868457 0.109818807  0.004134444   0.0027636906      0.0001040471         1  4.868491e-02    0.001041371      1.496156e-03            3.200280e-05
63  2013-08-13 14:25:30     78 316.7 160.2 160.3648 4.159774e-05 15.53283 0.08868457 0.109915555  0.004134447   0.0027661254      0.0001040471         1  4.970326e-02    0.001038752      1.527451e-03            3.192231e-05
64  2013-08-13 14:25:45     79 317.8 160.1 160.2671 4.159774e-05 15.43505 0.08868457 0.105668659  0.004134327   0.0026592484      0.0001040441         1  5.082345e-02    0.001035988      1.561876e-03            3.183738e-05
65  2013-08-13 14:26:00     80 318.8 160.2 160.3693 4.159774e-05 15.53728 0.08868457 0.110109051  0.004134453   0.0027709949      0.0001040473         1  5.184181e-02    0.001033583      1.593172e-03            3.176347e-05
66  2013-08-13 14:26:15     81 319.8 160.3 160.4715 4.159774e-05 15.63951 0.08868457 0.114549443  0.004134579   0.0028827414      0.0001040505         1  5.286016e-02    0.001031281      1.624467e-03            3.169272e-05
67  2013-08-13 14:26:30     82 320.7 160.5 160.6737 4.159774e-05 15.84174 0.08868457 0.123333480  0.004134832   0.0031037997      0.0001040568         1  5.377668e-02    0.001029298      1.652633e-03            3.163177e-05
68  2013-08-13 14:26:45     83 321.8 160.4 160.5760 4.159774e-05 15.74396 0.08868457 0.119086583  0.004134710   0.0029969227      0.0001040537         1  5.489686e-02    0.001026989      1.687058e-03            3.156080e-05
69  2013-08-13 14:27:00     84 322.7 160.4 160.5782 4.159774e-05 15.74619 0.08868457 0.119183331  0.004134712   0.0029993574      0.0001040538         1  5.581338e-02    0.001025194      1.715224e-03            3.150564e-05
70  2013-08-13 14:27:15     85 323.7 160.3 160.4804 4.159774e-05 15.64842 0.08868457 0.114936434  0.004134590   0.0028924804      0.0001040507         1  5.683174e-02    0.001023299      1.746519e-03            3.144743e-05
71  2013-08-13 14:27:30     86 324.7 160.6 160.7826 4.159774e-05 15.95065 0.08868457 0.128064116  0.004134970   0.0032228505      0.0001040603         1  5.785009e-02    0.001021511      1.777815e-03            3.139248e-05
72  2013-08-13 14:27:45     87 325.7 160.7 160.8849 4.159774e-05 16.05287 0.08868457 0.132504508  0.004135100   0.0033345970      0.0001040636         1  5.886844e-02    0.001019830      1.809110e-03            3.134081e-05
73  2013-08-13 14:28:00     88 326.7 160.6 160.7871 4.159774e-05 15.95510 0.08868457 0.128257611  0.004134975   0.0032277200      0.0001040604         1  5.988679e-02    0.001018256      1.840405e-03            3.129243e-05
74  2013-08-13 14:28:15     89 327.7 160.5 160.6893 4.159774e-05 15.85733 0.08868457 0.124010715  0.004134852   0.0031208430      0.0001040573         1  6.090515e-02    0.001016789      1.871701e-03            3.124736e-05
75  2013-08-13 14:28:30     90 328.7 160.6 160.7916 4.159774e-05 15.95955 0.08868457 0.128451107  0.004134981   0.0032325895      0.0001040606         1  6.192350e-02    0.001015431      1.902996e-03            3.120562e-05
76  2013-08-13 14:28:45     91 329.7 160.5 160.6938 4.159774e-05 15.86178 0.08868457 0.124204210  0.004134857   0.0031257125      0.0001040575         1  6.294185e-02    0.001014181      1.934292e-03            3.116722e-05
77  2013-08-13 14:29:00     92 330.5 160.6 160.7960 4.159774e-05 15.96401 0.08868457 0.128644603  0.004134987   0.0032374590      0.0001040607         1  6.375654e-02    0.001013260      1.959328e-03            3.113890e-05
78  2013-08-13 14:29:15     93 331.4 160.6 160.7982 4.159774e-05 15.96624 0.08868457 0.128741350  0.004134990   0.0032398937      0.0001040608         1  6.467305e-02    0.001012307      1.987494e-03            3.110962e-05
79  2013-08-13 14:29:30     94 332.3 160.6 160.8005 4.159774e-05 15.96846 0.08868457 0.128838098  0.004134992   0.0032423285      0.0001040609         1  6.558957e-02    0.001011443      2.015660e-03            3.108306e-05
80  2013-08-13 14:29:45     95 333.3 160.6 160.8027 4.159774e-05 15.97069 0.08868457 0.128934846  0.004134995   0.0032447632      0.0001040609         1  6.660793e-02    0.001010587      2.046955e-03            3.105677e-05
81  2013-08-13 14:30:00     96 334.2 160.6 160.8049 4.159774e-05 15.97292 0.08868457 0.129031594  0.004134998   0.0032471980      0.0001040610         1  6.752444e-02    0.001009911      2.075121e-03            3.103599e-05
82  2013-08-13 14:30:15     97 335.3 160.8 161.0071 4.159774e-05 16.17515 0.08868457 0.137815631  0.004135256   0.0034682563      0.0001040675         1  6.864463e-02    0.001009207      2.109546e-03            3.101434e-05
83  2013-08-13 14:30:30     98 336.2 160.9 161.1094 4.159774e-05 16.27737 0.08868457 0.142256023  0.004135388   0.0035800028      0.0001040708         1  6.956115e-02    0.001008729      2.137712e-03            3.099968e-05
84  2013-08-13 14:30:45     99 337.3 161.0 161.2116 4.159774e-05 16.37960 0.08868457 0.146696415  0.004135521   0.0036917493      0.0001040742         1  7.068134e-02    0.001008268      2.172137e-03            3.098550e-05
85  2013-08-13 14:31:00    100 338.3 160.9 161.1138 4.159774e-05 16.28183 0.08868457 0.142449519  0.004135394   0.0035848723      0.0001040710         1  7.169969e-02    0.001007966      2.203432e-03            3.097620e-05
86  2013-08-13 14:31:15    101 339.4 161.0 161.2161 4.159774e-05 16.38406 0.08868457 0.146889911  0.004135526   0.0036966188      0.0001040743         1  7.281988e-02    0.001007761      2.237857e-03            3.096990e-05
87  2013-08-13 14:31:30    102 340.5 161.0 161.2183 4.159774e-05 16.38628 0.08868457 0.146986659  0.004135529   0.0036990536      0.0001040744         1  7.394007e-02    0.001007690      2.272282e-03            3.096774e-05
88  2013-08-13 14:31:45    103 341.5 161.1 161.3205 4.159774e-05 16.48851 0.08868457 0.151427051  0.004135663   0.0038108001      0.0001040777         1  7.495842e-02    0.001007743      2.303578e-03            3.096936e-05
89  2013-08-13 14:32:00    104 342.8 161.1 161.3227 4.159774e-05 16.49074 0.08868457 0.151523799  0.004135666   0.0038132349      0.0001040778         1  7.628228e-02    0.001007978      2.344262e-03            3.097657e-05
90  2013-08-13 14:32:15    105 344.0 161.1 161.3250 4.159774e-05 16.49296 0.08868457 0.151620547  0.004135669   0.0038156696      0.0001040779         1  7.750430e-02    0.001008361      2.381816e-03            3.098834e-05
91  2013-08-13 14:32:30    106 345.2 161.1 161.3272 4.159774e-05 16.49519 0.08868457 0.151717295  0.004135672   0.0038181044      0.0001040780         1  7.872633e-02    0.001008903      2.419371e-03            3.100502e-05
92  2013-08-13 14:32:45    107 346.4 161.2 161.4294 4.159774e-05 16.59742 0.08868457 0.156157687  0.004135806   0.0039298509      0.0001040813         1  7.994835e-02    0.001009606      2.456925e-03            3.102660e-05
93  2013-08-13 14:33:00    108 347.6 161.3 161.5316 4.159774e-05 16.69965 0.08868457 0.160598079  0.004135941   0.0040415974      0.0001040847         1  8.117037e-02    0.001010467      2.494480e-03            3.105307e-05
94  2013-08-13 14:33:15    109 348.8 161.2 161.4339 4.159774e-05 16.60187 0.08868457 0.156351182  0.004135812   0.0039347204      0.0001040815         1  8.239240e-02    0.001011487      2.532034e-03            3.108441e-05
95  2013-08-13 14:33:30    110 349.9 161.4 161.6361 4.159774e-05 16.80410 0.08868457 0.165135219  0.004136080   0.0041557787      0.0001040882         1  8.351259e-02    0.001012561      2.566459e-03            3.111742e-05
96  2013-08-13 14:33:45    111 351.1 161.4 161.6383 4.159774e-05 16.80633 0.08868457 0.165231967  0.004136083   0.0041582134      0.0001040883         1  8.473461e-02    0.001013883      2.604014e-03            3.115807e-05
97  2013-08-13 14:34:00    112 352.3 161.4 161.6406 4.159774e-05 16.80856 0.08868457 0.165328715  0.004136086   0.0041606482      0.0001040884         1  8.595663e-02    0.001015363      2.641568e-03            3.120354e-05
98  2013-08-13 14:34:15    113 353.5 161.4 161.6428 4.159774e-05 16.81078 0.08868457 0.165425463  0.004136089   0.0041630829      0.0001040885         1  8.717866e-02    0.001017000      2.679123e-03            3.125383e-05
99  2013-08-13 14:34:30    114 354.9 161.5 161.7450 4.159774e-05 16.91301 0.08868457 0.169865855  0.004136226   0.0042748295      0.0001040919         1  8.860435e-02    0.001019105      2.722936e-03            3.131854e-05
100 2013-08-13 14:34:45    115 356.2 161.5 161.7472 4.159774e-05 16.91524 0.08868457 0.169962603  0.004136229   0.0042772642      0.0001040920         1  8.992821e-02    0.001021249      2.763620e-03            3.138442e-05
101 2013-08-13 14:35:00    116 357.4 161.7 161.9495 4.159774e-05 17.11747 0.08868457 0.178746639  0.004136502   0.0044983225      0.0001040989         1  9.115023e-02    0.001023388      2.801175e-03            3.145015e-05
102 2013-08-13 14:35:15    117 358.7 161.6 161.8517 4.159774e-05 17.01969 0.08868457 0.174499743  0.004136370   0.0043914455      0.0001040955         1  9.247409e-02    0.001025878      2.841859e-03            3.152666e-05
103 2013-08-13 14:35:30    118 360.0 161.6 161.8539 4.159774e-05 17.02192 0.08868457 0.174596491  0.004136373   0.0043938802      0.0001040956         1  9.379795e-02    0.001028545      2.882543e-03            3.160864e-05
104 2013-08-13 14:35:45    119 361.2 161.4 161.6561 4.159774e-05 16.82415 0.08868457 0.166005950  0.004136107   0.0041776914      0.0001040889         1  9.501998e-02    0.001031164      2.920098e-03            3.168913e-05
105 2013-08-13 14:36:00    120 362.1 161.6 161.8584 4.159774e-05 17.02637 0.08868457 0.174789986  0.004136379   0.0043987497      0.0001040957         1  9.593649e-02    0.001033227      2.948263e-03            3.175252e-05
106 2013-08-13 14:36:15    121 363.4 161.6 161.8606 4.159774e-05 17.02860 0.08868457 0.174886734  0.004136382   0.0044011845      0.0001040958         1  9.726035e-02    0.001036353      2.988948e-03            3.184859e-05
107 2013-08-13 14:36:30    122 364.6 161.6 161.8628 4.159774e-05 17.03083 0.08868457 0.174983482  0.004136385   0.0044036192      0.0001040959         1  9.848238e-02    0.001039392      3.026502e-03            3.194199e-05
108 2013-08-13 14:36:45    123 365.9 161.6 161.8651 4.159774e-05 17.03306 0.08868457 0.175080230  0.004136388   0.0044060540      0.0001040960         1  9.980624e-02    0.001042849      3.067186e-03            3.204823e-05
109 2013-08-13 14:37:00    124 367.1 161.6 161.8673 4.159774e-05 17.03528 0.08868457 0.175176978  0.004136391   0.0044084887      0.0001040961         1  1.010283e-01    0.001046191      3.104741e-03            3.215091e-05
110 2013-08-13 14:37:15    125 368.3 161.7 161.9695 4.159774e-05 17.13751 0.08868457 0.179617370  0.004136529   0.0045202353      0.0001040995         1  1.022503e-01    0.001049675      3.142295e-03            3.225799e-05
111 2013-08-13 14:37:30    126 369.4 161.6 161.8717 4.159774e-05 17.03974 0.08868457 0.175370473  0.004136397   0.0044133582      0.0001040962         1  1.033705e-01    0.001052994      3.176720e-03            3.235997e-05
112 2013-08-13 14:37:45    127 370.6 161.8 162.0740 4.159774e-05 17.24197 0.08868457 0.184154510  0.004136672   0.0046344165      0.0001041031         1  1.045925e-01    0.001056748      3.214275e-03            3.247535e-05
113 2013-08-13 14:38:00    128 371.7 161.9 162.1762 4.159774e-05 17.34419 0.08868457 0.188594902  0.004136812   0.0047461631      0.0001041067         1  1.057127e-01    0.001060311      3.248700e-03            3.258486e-05
114 2013-08-13 14:38:15    129 372.9 162.0 162.2784 4.159774e-05 17.44642 0.08868457 0.193035295  0.004136954   0.0048579096      0.0001041102         1  1.069347e-01    0.001064331      3.286254e-03            3.270838e-05
115 2013-08-13 14:38:30    130 374.1 162.1 162.3806 4.159774e-05 17.54865 0.08868457 0.197475687  0.004137096   0.0049696561      0.0001041138         1  1.081567e-01    0.001068485      3.323809e-03            3.283606e-05
116 2013-08-13 14:38:45    131 375.3 162.0 162.2829 4.159774e-05 17.45088 0.08868457 0.193228790  0.004136960   0.0048627791      0.0001041104         1  1.093788e-01    0.001072774      3.361363e-03            3.296787e-05
117 2013-08-13 14:39:00    132 376.7 162.1 162.3851 4.159774e-05 17.55310 0.08868457 0.197669183  0.004137102   0.0049745256      0.0001041139         1  1.108044e-01    0.001077946      3.405177e-03            3.312679e-05
118 2013-08-13 14:39:15    133 378.0 162.1 162.3873 4.159774e-05 17.55533 0.08868457 0.197765930  0.004137105   0.0049769604      0.0001041140         1  1.121283e-01    0.001082907      3.445861e-03            3.327927e-05
119 2013-08-13 14:39:30    134 379.2 162.0 162.2896 4.159774e-05 17.45756 0.08868457 0.193519034  0.004136969   0.0048700833      0.0001041106         1  1.133503e-01    0.001087621      3.483415e-03            3.342414e-05
120 2013-08-13 14:39:45    135 380.5 162.1 162.3918 4.159774e-05 17.55978 0.08868457 0.197959426  0.004137111   0.0049818299      0.0001041142         1  1.146742e-01    0.001092872      3.524099e-03            3.358549e-05
121 2013-08-13 14:40:00    136 381.8 162.0 162.2940 4.159774e-05 17.46201 0.08868457 0.193712530  0.004136975   0.0048749528      0.0001041108         1  1.159981e-01    0.001098270      3.564783e-03            3.375137e-05
122 2013-08-13 14:40:15    137 383.1 162.1 162.3962 4.159774e-05 17.56424 0.08868457 0.198152922  0.004137117   0.0049866994      0.0001041143         1  1.173219e-01    0.001103812      3.605467e-03            3.392171e-05
123 2013-08-13 14:40:30    138 384.5 162.3 162.5985 4.159774e-05 17.76647 0.08868457 0.206936958  0.004137401   0.0052077577      0.0001041215         1  1.187476e-01    0.001109941      3.649281e-03            3.411006e-05
124 2013-08-13 14:40:45    139 385.7 162.2 162.5007 4.159774e-05 17.66869 0.08868457 0.202690062  0.004137263   0.0051008806      0.0001041180         1  1.199696e-01    0.001115325      3.686836e-03            3.427549e-05
125 2013-08-13 14:41:00    140 386.9 162.3 162.6029 4.159774e-05 17.77092 0.08868457 0.207130454  0.004137407   0.0052126272      0.0001041216         1  1.211917e-01    0.001120826      3.724390e-03            3.444455e-05
126 2013-08-13 14:41:15    141 388.2 162.3 162.6051 4.159774e-05 17.77315 0.08868457 0.207227202  0.004137410   0.0052150619      0.0001041217         1  1.225155e-01    0.001126916      3.765074e-03            3.463173e-05
127 2013-08-13 14:41:30    142 389.7 162.4 162.7074 4.159774e-05 17.87538 0.08868457 0.211667594  0.004137555   0.0053268084      0.0001041254         1  1.240430e-01    0.001134111      3.812017e-03            3.485283e-05
128 2013-08-13 14:41:45    143 391.1 162.4 162.7096 4.159774e-05 17.87760 0.08868457 0.211764342  0.004137558   0.0053292432      0.0001041254         1  1.254687e-01    0.001140984      3.855831e-03            3.506405e-05
129 2013-08-13 14:42:00    144 392.7 162.5 162.8118 4.159774e-05 17.97983 0.08868457 0.216204734  0.004137704   0.0054409897      0.0001041291         1  1.270981e-01    0.001149023      3.905903e-03            3.531109e-05
130 2013-08-13 14:42:15    145 394.1 162.3 162.6141 4.159774e-05 17.78206 0.08868457 0.207614193  0.004137423   0.0052248009      0.0001041220         1  1.285238e-01    0.001156214      3.949717e-03            3.553209e-05
131 2013-08-13 14:42:30    146 395.6 162.4 162.7163 4.159774e-05 17.88429 0.08868457 0.212054586  0.004137568   0.0053365474      0.0001041257         1  1.300513e-01    0.001164079      3.996660e-03            3.577379e-05
132 2013-08-13 14:42:45    147 397.1 162.4 162.7185 4.159774e-05 17.88651 0.08868457 0.212151333  0.004137571   0.0053389822      0.0001041258         1  1.315789e-01    0.001172106      4.043603e-03            3.602048e-05
133 2013-08-13 14:43:00    148 398.8 162.5 162.8207 4.159774e-05 17.98874 0.08868457 0.216591726  0.004137717   0.0054507287      0.0001041294         1  1.333101e-01    0.001181396      4.096806e-03            3.630595e-05
134 2013-08-13 14:43:15    149 400.6 162.7 163.0230 4.159774e-05 18.19097 0.08868457 0.225375762  0.004138007   0.0056717870      0.0001041367         1  1.351431e-01    0.001191448      4.153137e-03            3.661489e-05
135 2013-08-13 14:43:30    150 402.4 162.8 163.1252 4.159774e-05 18.29320 0.08868457 0.229816155  0.004138155   0.0057835335      0.0001041405         1  1.369761e-01    0.001201719      4.209469e-03            3.693052e-05
136 2013-08-13 14:43:45    151 404.1 162.8 163.1274 4.159774e-05 18.29542 0.08868457 0.229912903  0.004138158   0.0057859683      0.0001041405         1  1.387073e-01    0.001211614      4.262671e-03            3.723461e-05
137 2013-08-13 14:44:00    152 406.0 162.7 163.0296 4.159774e-05 18.19765 0.08868457 0.225666006  0.004138017   0.0056790913      0.0001041370         1  1.406422e-01    0.001222892      4.322133e-03            3.758119e-05
138 2013-08-13 14:44:15    153 407.6 161.8 162.1319 4.159774e-05 17.29988 0.08868457 0.186669954  0.004136751   0.0046977200      0.0001041051         0  1.422716e-01    0.001232563      4.372205e-03            3.787841e-05
139 2013-08-13 14:44:30    154 409.5 162.0 162.3341 4.159774e-05 17.50210 0.08868457 0.195453991  0.004137031   0.0049187783      0.0001041122         0  1.442064e-01    0.001244250      4.431667e-03            3.823755e-05
140 2013-08-13 14:44:45    155 411.3 162.0 162.3363 4.159774e-05 17.50433 0.08868457 0.195550739  0.004137034   0.0049212130      0.0001041122         0  1.460395e-01    0.001255518      4.487998e-03            3.858382e-05
141 2013-08-13 14:45:00    156 413.0 162.0 162.3386 4.159774e-05 17.50656 0.08868457 0.195647486  0.004137037   0.0049236478      0.0001041123         0  1.477707e-01    0.001266331      4.541201e-03            3.891612e-05
142 2013-08-13 14:45:15    157 414.7 162.0 162.3408 4.159774e-05 17.50879 0.08868457 0.195744234  0.004137040   0.0049260825      0.0001041124         0  1.495019e-01    0.001277305      4.594403e-03            3.925339e-05
143 2013-08-13 14:45:30    158 416.7 162.1 162.4430 4.159774e-05 17.61101 0.08868457 0.200184626  0.004137183   0.0050378291      0.0001041160         0  1.515386e-01    0.001290419      4.656994e-03            3.965638e-05
144 2013-08-13 14:45:45    159 418.5 162.1 162.4452 4.159774e-05 17.61324 0.08868457 0.200281374  0.004137186   0.0050402638      0.0001041161         0  1.533716e-01    0.001302401      4.713325e-03            4.002463e-05
145 2013-08-13 14:46:00    160 419.9 162.2 162.5475 4.159774e-05 17.71547 0.08868457 0.204721767  0.004137329   0.0051520103      0.0001041197         0  1.547973e-01    0.001311837      4.757139e-03            4.031460e-05
146 2013-08-13 14:46:15    161 421.3 162.2 162.5497 4.159774e-05 17.71770 0.08868457 0.204818514  0.004137332   0.0051544451      0.0001041197         0  1.562230e-01    0.001321371      4.800953e-03            4.060760e-05
147 2013-08-13 14:46:30    162 422.7 162.3 162.6519 4.159774e-05 17.81992 0.08868457 0.209258907  0.004137477   0.0052661916      0.0001041234         0  1.576487e-01    0.001331002      4.844766e-03            4.090358e-05
148 2013-08-13 14:46:45    163 424.4 162.3 162.6541 4.159774e-05 17.82215 0.08868457 0.209355655  0.004137480   0.0052686264      0.0001041235         0  1.593799e-01    0.001342824      4.897968e-03            4.126687e-05
149 2013-08-13 14:47:00    164 425.9 162.4 162.7564 4.159774e-05 17.92438 0.08868457 0.213796047  0.004137625   0.0053803729      0.0001041271         0  1.609074e-01    0.001353368      4.944912e-03            4.159089e-05
150 2013-08-13 14:47:15    165 427.3 162.4 162.7586 4.159774e-05 17.92661 0.08868457 0.213892795  0.004137628   0.0053828076      0.0001041272         0  1.623331e-01    0.001363301      4.988725e-03            4.189617e-05
151 2013-08-13 14:47:30    166 428.4 162.5 162.8608 4.159774e-05 18.02883 0.08868457 0.218333187  0.004137774   0.0054945542      0.0001041309         0  1.634533e-01    0.001371168      5.023150e-03            4.213794e-05
152 2013-08-13 14:47:45    167 429.5 162.4 162.7631 4.159774e-05 17.93106 0.08868457 0.214086290  0.004137634   0.0053876771      0.0001041273         0  1.645735e-01    0.001379089      5.057575e-03            4.238134e-05
153 2013-08-13 14:48:00    168 430.8 162.5 162.8653 4.159774e-05 18.03329 0.08868457 0.218526683  0.004137780   0.0054994237      0.0001041310         0  1.658974e-01    0.001388517      5.098259e-03            4.267108e-05
154 2013-08-13 14:48:15    169 431.9 162.5 162.8675 4.159774e-05 18.03551 0.08868457 0.218623430  0.004137783   0.0055018584      0.0001041311         0  1.670175e-01    0.001396550      5.132684e-03            4.291796e-05
155 2013-08-13 14:48:30    170 433.0 162.5 162.8697 4.159774e-05 18.03774 0.08868457 0.218720178  0.004137787   0.0055042932      0.0001041312         0  1.681377e-01    0.001404635      5.167109e-03            4.316640e-05
156 2013-08-13 14:48:45    171 434.0 162.5 162.8720 4.159774e-05 18.03997 0.08868457 0.218816926  0.004137790   0.0055067279      0.0001041313         0  1.691561e-01    0.001412027      5.198404e-03            4.339358e-05
157 2013-08-13 14:49:00    172 435.2 162.5 162.8742 4.159774e-05 18.04220 0.08868457 0.218913674  0.004137793   0.0055091627      0.0001041313         0  1.703781e-01    0.001420951      5.235959e-03            4.366783e-05
158 2013-08-13 14:49:15    173 436.1 162.6 162.9764 4.159774e-05 18.14442 0.08868457 0.223354066  0.004137940   0.0056209092      0.0001041350         0  1.712946e-01    0.001427682      5.264125e-03            4.387467e-05
159 2013-08-13 14:49:30    174 437.3 162.4 162.7786 4.159774e-05 17.94665 0.08868457 0.214763525  0.004137656   0.0054047204      0.0001041279         0  1.725166e-01    0.001436705      5.301679e-03            4.415196e-05
160 2013-08-13 14:49:45    175 438.5 162.5 162.8809 4.159774e-05 18.04888 0.08868457 0.219203917  0.004137803   0.0055164669      0.0001041316         0  1.737387e-01    0.001445783      5.339234e-03            4.443096e-05
161 2013-08-13 14:50:00    176 439.7 162.7 163.0831 4.159774e-05 18.25111 0.08868457 0.227987954  0.004138094   0.0057375252      0.0001041389         0  1.749607e-01    0.001454916      5.376788e-03            4.471162e-05
162 2013-08-13 14:50:15    177 440.7 161.9 162.2853 4.159774e-05 17.45333 0.08868457 0.193335547  0.004136963   0.0048654657      0.0001041105         0  1.759790e-01    0.001462567      5.408084e-03            4.494675e-05
163 2013-08-13 14:50:30    178 441.8 162.0 162.3876 4.159774e-05 17.55556 0.08868457 0.197775939  0.004137105   0.0049772122      0.0001041140         0  1.770992e-01    0.001471026      5.442509e-03            4.520669e-05
164 2013-08-13 14:50:45    179 442.9 162.0 162.3898 4.159774e-05 17.55779 0.08868457 0.197872687  0.004137108   0.0049796470      0.0001041141         0  1.782194e-01    0.001479527      5.476934e-03            4.546795e-05
165 2013-08-13 14:51:00    180 444.2 162.0 162.3920 4.159774e-05 17.56002 0.08868457 0.197969435  0.004137111   0.0049820817      0.0001041142         0  1.795433e-01    0.001489629      5.517618e-03            4.577840e-05
166 2013-08-13 14:51:15    181 445.3 162.3 162.6942 4.159774e-05 17.86224 0.08868457 0.211097116  0.004137536   0.0053124518      0.0001041249         0  1.806635e-01    0.001498222      5.552043e-03            4.604248e-05
167 2013-08-13 14:51:30    182 446.3 162.2 162.5965 4.159774e-05 17.76447 0.08868457 0.206850219  0.004137398   0.0052055748      0.0001041214         0  1.816818e-01    0.001506070      5.583338e-03            4.628364e-05
168 2013-08-13 14:51:45    183 447.6 162.3 162.6987 4.159774e-05 17.86670 0.08868457 0.211290611  0.004137543   0.0053173213      0.0001041250         0  1.830057e-01    0.001516321      5.624022e-03            4.659869e-05
169 2013-08-13 14:52:00    184 448.8 162.3 162.7009 4.159774e-05 17.86892 0.08868457 0.211387359  0.004137546   0.0053197561      0.0001041251         0  1.842277e-01    0.001525833      5.661577e-03            4.689100e-05
170 2013-08-13 14:52:15    185 449.9 162.3 162.7031 4.159774e-05 17.87115 0.08868457 0.211484107  0.004137549   0.0053221908      0.0001041252         0  1.853479e-01    0.001534593      5.696002e-03            4.716020e-05
171 2013-08-13 14:52:30    186 451.0 162.4 162.8054 4.159774e-05 17.97338 0.08868457 0.215924499  0.004137695   0.0054339373      0.0001041289         0  1.864681e-01    0.001543391      5.730427e-03            4.743057e-05
172 2013-08-13 14:52:45    187 452.3 162.2 162.6076 4.159774e-05 17.77561 0.08868457 0.207333958  0.004137414   0.0052177485      0.0001041218         0  1.877919e-01    0.001553836      5.771111e-03            4.775158e-05
173 2013-08-13 14:53:00    188 453.5 162.3 162.7098 4.159774e-05 17.87783 0.08868457 0.211774351  0.004137559   0.0053294951      0.0001041254         0  1.890140e-01    0.001563524      5.808665e-03            4.804929e-05
174 2013-08-13 14:53:15    189 454.6 162.4 162.8121 4.159774e-05 17.98006 0.08868457 0.216214743  0.004137704   0.0054412416      0.0001041291         0  1.901342e-01    0.001572442      5.843090e-03            4.832335e-05
175 2013-08-13 14:53:30    190 455.8 162.4 162.8143 4.159774e-05 17.98229 0.08868457 0.216311491  0.004137707   0.0054436763      0.0001041292         0  1.913562e-01    0.001582211      5.880645e-03            4.862357e-05
176 2013-08-13 14:53:45    191 457.1 162.6 163.0165 4.159774e-05 18.18452 0.08868457 0.225095527  0.004137998   0.0056647346      0.0001041365         0  1.926800e-01    0.001592841      5.921329e-03            4.895024e-05
177 2013-08-13 14:54:00    192 458.2 162.5 162.9187 4.159774e-05 18.08674 0.08868457 0.220848631  0.004137857   0.0055578576      0.0001041329         0  1.938002e-01    0.001601872      5.955754e-03            4.922779e-05
178 2013-08-13 14:54:15    193 459.2 162.5 162.9210 4.159774e-05 18.08897 0.08868457 0.220945379  0.004137860   0.0055602924      0.0001041330         0  1.948186e-01    0.001610112      5.987049e-03            4.948100e-05
179 2013-08-13 14:54:30    194 460.5 162.5 162.9232 4.159774e-05 18.09120 0.08868457 0.221042126  0.004137863   0.0055627271      0.0001041331         0  1.961424e-01    0.001620864      6.027733e-03            4.981143e-05
180 2013-08-13 14:54:45    195 461.8 162.7 163.1254 4.159774e-05 18.29343 0.08868457 0.229826163  0.004138155   0.0057837854      0.0001041405         0  1.974663e-01    0.001631661      6.068417e-03            5.014324e-05
181 2013-08-13 14:55:00    196 463.1 162.7 163.1276 4.159774e-05 18.29565 0.08868457 0.229922911  0.004138159   0.0057862202      0.0001041405         0  1.987902e-01    0.001642503      6.109101e-03            5.047642e-05
182 2013-08-13 14:55:15    197 464.5 162.8 163.2299 4.159774e-05 18.39788 0.08868457 0.234363303  0.004138307   0.0058979667      0.0001041443         0  2.002159e-01    0.001654227      6.152915e-03            5.083671e-05

$dryleafvolt
            timestamp record LWSmV  SEmV    CSEmV     CSEmV.sd   loadmV  loadmV.sd
1 2013-08-13 14:08:30     10 265.1 157.9 157.9134 4.159774e-05 13.08137 0.08868457
2 2013-08-13 14:08:45     11 265.1 156.6 156.6156 4.159774e-05 11.78359 0.08868457
3 2013-08-13 14:09:00     12 265.1 157.5 157.5178 4.159774e-05 12.68582 0.08868457
4 2013-08-13 14:09:15     13 265.1 158.0 158.0200 4.159774e-05 13.18805 0.08868457
5 2013-08-13 14:09:30     14 265.1 157.9 157.9223 4.159774e-05 13.09028 0.08868457
6 2013-08-13 14:09:45     15 265.1 158.9 158.9245 4.159774e-05 14.09250 0.08868457
7 2013-08-13 14:10:00     16 265.1 157.9 157.9267 4.159774e-05 13.09473 0.08868457

$runtime
Time difference of 45.25 mins

$startcalibvolt
            timestamp record LWSmV  SEmV    CSEmV     CSEmV.sd   loadmV  loadmV.sd
1 2013-08-13 14:07:30      6 265.1 267.6 267.6045 4.159774e-05 122.7725 0.08868457
2 2013-08-13 14:07:45      7 265.1 267.6 267.6067 4.159774e-05 122.7747 0.08868457
3 2013-08-13 14:08:00      8 265.1 267.4 267.4089 4.159774e-05 122.5769 0.08868457

$endcalibvolt
            timestamp record LWSmV  SEmV
1 2013-08-13 14:59:30    214 265.6 267.1
2 2013-08-13 14:59:45    215 265.3 267.0
3 2013-08-13 15:00:00    216 265.1 266.9
4 2013-08-13 15:00:15    217 265.1 267.0

$lastLWSvolt
[1] 465.6

$maxLWSvolt
[1] 466.3

$species
[1] "blackoak"

$trial
[1] "7"

$replicate
[1] "3"

$isvertical
[1] FALSE

$conversionfactor
         avg        stdev
1 0.04343644 1.812461e-05

$LWSwatermass
        avg      stdev
1 0.1932938 0.00272507

$dryleafmass
        avg       stdev
1 0.5647752 0.001474922

$lwsmodel

Call:
lm(formula = LWSsurfacedensity ~ record, data = rd[rd$runfilter == 
    1, ])

Coefficients:
(Intercept)       record  
 -9.694e-04    3.298e-05  


$leafmodel

Call:
lm(formula = surfacedensity ~ record, data = rd[rd$runfilter == 
    1, ])

Coefficients:
(Intercept)       record  
 -4.721e-04    4.065e-05  


