$name
[1] "blackoak3"

$leafarea
[1] 35.53174

$startbasevolt
            timestamp record LWSmV  SEmV CSEmV CSEmV.sd    loadmV loadmV.sd
1 2013-07-16 12:11:45      1 263.7 153.4 153.4        0  0.042334 0.1104531
2 2013-07-16 12:12:00      2 263.7 153.5 153.5        0  0.142334 0.1104531
3 2013-07-16 12:12:15      3 263.7 153.4 153.4        0  0.042334 0.1104531
4 2013-07-16 12:12:30      4 263.7 153.3 153.3        0 -0.057666 0.1104531
5 2013-07-16 12:12:45      5 263.7 153.2 153.2        0 -0.157666 0.1104531

$endbasevolt
            timestamp record LWSmV  SEmV    CSEmV     CSEmV.sd      loadmV loadmV.sd
1 2013-07-16 13:05:30    216 264.4 152.1 153.2491 5.685728e-05 -0.10855801 0.1104531
2 2013-07-16 13:05:45    217 264.4 152.3 153.4546 5.685728e-05  0.09688799 0.1104531

$dryragvolt
            timestamp record LWSmV  SEmV    CSEmV     CSEmV.sd   loadmV loadmV.sd
1 2013-07-16 13:02:30    204 396.6 236.2 237.2838 5.685728e-05 83.92609 0.1104531
2 2013-07-16 13:02:45    205 395.5 236.5 237.5892 5.685728e-05 84.23154 0.1104531
3 2013-07-16 13:03:00    206 394.3 236.2 237.2946 5.685728e-05 83.93698 0.1104531

$wetragvolt
            timestamp record LWSmV  SEmV    CSEmV     CSEmV.sd   loadmV loadmV.sd
1 2013-07-16 13:03:45    209 265.1 239.1 240.2110 5.685728e-05 86.85332 0.1104531
2 2013-07-16 13:04:00    210 264.5 239.0 240.1164 5.685728e-05 86.75877 0.1104531
3 2013-07-16 13:04:15    211 264.4 239.1 240.2219 5.685728e-05 86.86421 0.1104531
4 2013-07-16 13:04:30    212 264.4 239.0 240.1273 5.685728e-05 86.76966 0.1104531
5 2013-07-16 13:04:45    213 264.4 238.8 239.9328 5.685728e-05 86.57510 0.1104531

$rundata
              timestamp record LWSmV  SEmV    CSEmV     CSEmV.sd   loadmV loadmV.sd    watermass watermass.sd surfacedensity surfacedensity.sd runfilter      LWSwater LWSwater.stdev LWSsurfacedensity LWSsurfacedensity.stdev
1   2013-07-16 12:16:15     19 263.7 167.3 167.3762 5.685728e-05 14.01858 0.1104531 -0.005621581  0.005282851  -1.582130e-04      0.0001486798         0 -0.0042694506    0.001294739     -1.312062e-04            3.978915e-05
2   2013-07-16 12:16:30     20 263.9 167.4 167.4817 5.685728e-05 14.12402 0.1104531 -0.001030282  0.005282959  -2.899612e-05      0.0001486828         0 -0.0040657800    0.001293411     -1.249471e-04            3.974835e-05
3   2013-07-16 12:16:45     21 264.4 167.7 167.7871 5.685728e-05 14.42947 0.1104531  0.012269355  0.005283278   3.453070e-04      0.0001486918         0 -0.0035566034    0.001290101     -1.092994e-04            3.964662e-05
4   2013-07-16 12:17:00     22 264.8 167.9 167.9926 5.685728e-05 14.63492 0.1104531  0.021214824  0.005283496   5.970669e-04      0.0001486979         0 -0.0031492622    0.001287462     -9.678126e-05            3.956552e-05
5   2013-07-16 12:17:15     23 265.1 167.7 167.7980 5.685728e-05 14.44036 0.1104531  0.012743612  0.005283289   3.586544e-04      0.0001486921         0 -0.0028437563    0.001285489     -8.739263e-05            3.950488e-05
6   2013-07-16 12:17:30     24 265.2 167.6 167.7035 5.685728e-05 14.34581 0.1104531  0.008626571  0.005283190   2.427850e-04      0.0001486893         0 -0.0027419210    0.001284832     -8.426309e-05            3.948469e-05
7   2013-07-16 12:17:45     25 265.8 167.6 167.7089 5.685728e-05 14.35125 0.1104531  0.008863700  0.005283196   2.494587e-04      0.0001486895         0 -0.0021309091    0.001280903     -6.548584e-05            3.936394e-05
8   2013-07-16 12:18:00     26 266.2 167.6 167.7144 5.685728e-05 14.35670 0.1104531  0.009100828  0.005283201   2.561324e-04      0.0001486897         0 -0.0017235679    0.001278294     -5.296767e-05            3.928377e-05
9   2013-07-16 12:18:15     27 266.5 168.0 168.1198 5.685728e-05 14.76215 0.1104531  0.026754636  0.005283633   7.529786e-04      0.0001487018         0 -0.0014180619    0.001276343     -4.357904e-05            3.922382e-05
10  2013-07-16 12:18:30     28 267.1 168.1 168.2253 5.685728e-05 14.86759 0.1104531  0.031345934  0.005283747   8.821954e-04      0.0001487050         0 -0.0008070501    0.001272456     -2.480179e-05            3.910438e-05
11  2013-07-16 12:18:45     29 267.7 168.2 168.3307 5.685728e-05 14.97304 0.1104531  0.035937232  0.005283862   1.011412e-03      0.0001487082         0 -0.0001960382    0.001268590     -6.024531e-06            3.898554e-05
12  2013-07-16 12:19:00     30 268.2 168.2 168.3362 5.685728e-05 14.97848 0.1104531  0.036174361  0.005283868   1.018086e-03      0.0001487084         0  0.0003131383    0.001265382      9.623181e-06            3.888698e-05
13  2013-07-16 12:19:15     31 268.8 168.1 168.2416 5.685728e-05 14.88393 0.1104531  0.032057320  0.005283764   9.022165e-04      0.0001487055         0  0.0009241502    0.001261552      2.840044e-05            3.876928e-05
14  2013-07-16 12:19:30     32 269.4 168.1 168.2470 5.685728e-05 14.88938 0.1104531  0.032294448  0.005283770   9.088903e-04      0.0001487057         0  0.0015351620    0.001257743      4.717769e-05            3.865220e-05
15  2013-07-16 12:19:45     33 270.0 168.1 168.2525 5.685728e-05 14.89482 0.1104531  0.032531577  0.005283776   9.155640e-04      0.0001487058         0  0.0021461739    0.001253954      6.595494e-05            3.853576e-05
16  2013-07-16 12:20:00     34 270.7 167.9 168.0579 5.685728e-05 14.70027 0.1104531  0.024060366  0.005283566   6.771514e-04      0.0001486999         0  0.0028590211    0.001249559      8.786174e-05            3.840072e-05
17  2013-07-16 12:20:15     35 271.4 167.9 168.0634 5.685728e-05 14.70571 0.1104531  0.024297494  0.005283572   6.838251e-04      0.0001487001         0  0.0035718682    0.001245194      1.097685e-04            3.826655e-05
18  2013-07-16 12:20:30     36 272.0 168.0 168.1688 5.685728e-05 14.81116 0.1104531  0.028888792  0.005283686   8.130420e-04      0.0001487033         0  0.0041828801    0.001241474      1.285458e-04            3.815226e-05
19  2013-07-16 12:20:45     37 272.7 167.8 167.9743 5.685728e-05 14.61661 0.1104531  0.020417581  0.005283476   5.746294e-04      0.0001486974         0  0.0048957273    0.001237162      1.504526e-04            3.801974e-05
20  2013-07-16 12:21:00     38 273.4 168.1 168.2797 5.685728e-05 14.92205 0.1104531  0.033717219  0.005283806   9.489325e-04      0.0001487067         0  0.0056085744    0.001232880      1.723594e-04            3.788814e-05
21  2013-07-16 12:21:15     39 274.0 168.2 168.3852 5.685728e-05 15.02750 0.1104531  0.038308517  0.005283921   1.078149e-03      0.0001487099         1  0.0062195863    0.001229233      1.911366e-04            3.777606e-05
22  2013-07-16 12:21:30     40 274.7 168.2 168.3906 5.685728e-05 15.03294 0.1104531  0.038545646  0.005283927   1.084823e-03      0.0001487101         1  0.0069324335    0.001225006      2.130434e-04            3.764615e-05
23  2013-07-16 12:21:45     41 275.4 168.0 168.1961 5.685728e-05 14.83839 0.1104531  0.030074435  0.005283715   8.464105e-04      0.0001487041         1  0.0076452806    0.001220809      2.349502e-04            3.751718e-05
24  2013-07-16 12:22:00     42 276.1 168.1 168.3015 5.685728e-05 14.94384 0.1104531  0.034665733  0.005283830   9.756274e-04      0.0001487073         1  0.0083581278    0.001216643      2.568570e-04            3.738915e-05
25  2013-07-16 12:22:15     43 276.8 167.9 168.1069 5.685728e-05 14.74928 0.1104531  0.026194522  0.005283619   7.372148e-04      0.0001487014         1  0.0090709750    0.001212508      2.787638e-04            3.726207e-05
26  2013-07-16 12:22:30     44 277.5 167.9 168.1124 5.685728e-05 14.75473 0.1104531  0.026431651  0.005283625   7.438885e-04      0.0001487016         1  0.0097838221    0.001208404      3.006706e-04            3.713595e-05
27  2013-07-16 12:22:45     45 278.2 167.8 168.0178 5.685728e-05 14.66017 0.1104531  0.022314609  0.005283523   6.280191e-04      0.0001486987         1  0.0104966693    0.001204332      3.225774e-04            3.701080e-05
28  2013-07-16 12:23:00     46 278.8 168.0 168.2233 5.685728e-05 14.86562 0.1104531  0.031260077  0.005283745   8.797791e-04      0.0001487049         1  0.0111076812    0.001200866      3.413547e-04            3.690431e-05
29  2013-07-16 12:23:15     47 279.6 168.1 168.3287 5.685728e-05 14.97107 0.1104531  0.035851376  0.005283859   1.008996e-03      0.0001487082         1  0.0119223636    0.001196283      3.663910e-04            3.676345e-05
30  2013-07-16 12:23:30     48 280.2 168.1 168.3342 5.685728e-05 14.97651 0.1104531  0.036088504  0.005283865   1.015670e-03      0.0001487083         1  0.0125333755    0.001192873      3.851683e-04            3.665867e-05
31  2013-07-16 12:23:45     49 281.0 167.9 168.1396 5.685728e-05 14.78196 0.1104531  0.027617293  0.005283654   7.772571e-04      0.0001487024         1  0.0133480580    0.001188364      4.102046e-04            3.652011e-05
32  2013-07-16 12:24:00     50 281.6 168.0 168.2451 5.685728e-05 14.88740 0.1104531  0.032208591  0.005283768   9.064739e-04      0.0001487056         1  0.0139590698    0.001185011      4.289819e-04            3.641706e-05
33  2013-07-16 12:24:15     51 282.3 167.8 168.0505 5.685728e-05 14.69285 0.1104531  0.023737380  0.005283558   6.680614e-04      0.0001486997         1  0.0146719170    0.001181130      4.508887e-04            3.629779e-05
34  2013-07-16 12:24:30     52 283.0 168.0 168.2560 5.685728e-05 14.89830 0.1104531  0.032682848  0.005283780   9.198213e-04      0.0001487059         1  0.0153847642    0.001177283      4.727955e-04            3.617957e-05
35  2013-07-16 12:24:45     53 283.7 168.3 168.5614 5.685728e-05 15.20374 0.1104531  0.045982486  0.005284116   1.294124e-03      0.0001487154         1  0.0160976113    0.001173470      4.947023e-04            3.606239e-05
36  2013-07-16 12:25:00     54 284.4 168.3 168.5669 5.685728e-05 15.20919 0.1104531  0.046219615  0.005284122   1.300798e-03      0.0001487156         1  0.0168104585    0.001169692      5.166091e-04            3.594627e-05
37  2013-07-16 12:25:15     55 285.1 168.7 168.9723 5.685728e-05 15.61463 0.1104531  0.063873422  0.005284578   1.797644e-03      0.0001487284         1  0.0175233057    0.001165948      5.385158e-04            3.583123e-05
38  2013-07-16 12:25:30     56 285.8 168.4 168.6777 5.685728e-05 15.32008 0.1104531  0.051048041  0.005284245   1.436689e-03      0.0001487190         1  0.0182361528    0.001162240      5.604226e-04            3.571726e-05
39  2013-07-16 12:25:45     57 286.5 168.2 168.4832 5.685728e-05 15.12553 0.1104531  0.042576830  0.005284029   1.198276e-03      0.0001487130         1  0.0189490000    0.001158567      5.823294e-04            3.560438e-05
40  2013-07-16 12:26:00     58 287.2 168.2 168.4886 5.685728e-05 15.13097 0.1104531  0.042813959  0.005284035   1.204950e-03      0.0001487131         1  0.0196618472    0.001154929      6.042362e-04            3.549261e-05
41  2013-07-16 12:26:15     59 287.9 168.2 168.4941 5.685728e-05 15.13642 0.1104531  0.043051087  0.005284041   1.211624e-03      0.0001487133         1  0.0203746944    0.001151328      6.261430e-04            3.538194e-05
42  2013-07-16 12:26:30     60 288.6 168.4 168.6995 5.685728e-05 15.34186 0.1104531  0.051996555  0.005284270   1.463384e-03      0.0001487197         1  0.0210875415    0.001147764      6.480498e-04            3.527240e-05
43  2013-07-16 12:26:45     61 289.3 168.9 169.2050 5.685728e-05 15.84731 0.1104531  0.074004533  0.005284845   2.082773e-03      0.0001487359         1  0.0218003887    0.001144236      6.699566e-04            3.516399e-05
44  2013-07-16 12:27:00     62 289.9 168.6 168.9104 5.685728e-05 15.55276 0.1104531  0.061179152  0.005284508   1.721817e-03      0.0001487264         1  0.0224114006    0.001141242      6.887339e-04            3.507198e-05
45  2013-07-16 12:27:15     63 290.7 168.6 168.9159 5.685728e-05 15.55820 0.1104531  0.061416281  0.005284514   1.728491e-03      0.0001487266         1  0.0232260830    0.001137293      7.137702e-04            3.495061e-05
46  2013-07-16 12:27:30     64 291.3 168.6 168.9213 5.685728e-05 15.56365 0.1104531  0.061653409  0.005284520   1.735165e-03      0.0001487268         1  0.0238370949    0.001134363      7.325475e-04            3.486058e-05
47  2013-07-16 12:27:45     65 292.1 168.5 168.8268 5.685728e-05 15.46909 0.1104531  0.057536368  0.005284413   1.619295e-03      0.0001487238         1  0.0246517774    0.001130501      7.575838e-04            3.474188e-05
48  2013-07-16 12:28:00     66 292.8 168.7 169.0322 5.685728e-05 15.67454 0.1104531  0.066481836  0.005284647   1.871055e-03      0.0001487303         1  0.0253646245    0.001127163      7.794906e-04            3.463929e-05
49  2013-07-16 12:28:15     67 293.5 168.5 168.8377 5.685728e-05 15.47999 0.1104531  0.058010625  0.005284425   1.632643e-03      0.0001487241         1  0.0260774717    0.001123863      8.013974e-04            3.453790e-05
50  2013-07-16 12:28:30     68 294.1 168.4 168.7431 5.685728e-05 15.38543 0.1104531  0.053893583  0.005284319   1.516773e-03      0.0001487211         1  0.0266884836    0.001121066      8.201747e-04            3.445195e-05
51  2013-07-16 12:28:45     69 294.9 168.4 168.7485 5.685728e-05 15.39088 0.1104531  0.054130712  0.005284325   1.523447e-03      0.0001487213         1  0.0275031660    0.001117383      8.452110e-04            3.433874e-05
52  2013-07-16 12:29:00     70 295.6 168.6 168.9540 5.685728e-05 15.59632 0.1104531  0.063076180  0.005284557   1.775207e-03      0.0001487278         1  0.0282160132    0.001114202      8.671178e-04            3.424100e-05
53  2013-07-16 12:29:15     71 296.3 168.7 169.0594 5.685728e-05 15.70177 0.1104531  0.067667478  0.005284678   1.904424e-03      0.0001487312         1  0.0289288604    0.001111062      8.890246e-04            3.414449e-05
54  2013-07-16 12:29:30     72 297.0 168.9 169.2649 5.685728e-05 15.90722 0.1104531  0.076612946  0.005284915   2.156184e-03      0.0001487379         1  0.0296417075    0.001107962      9.109314e-04            3.404923e-05
55  2013-07-16 12:29:45     73 297.7 168.8 169.1703 5.685728e-05 15.81266 0.1104531  0.072495905  0.005284805   2.040314e-03      0.0001487348         1  0.0303545547    0.001104903      9.328382e-04            3.395523e-05
56  2013-07-16 12:30:00     74 298.4 168.7 169.0758 5.685728e-05 15.71811 0.1104531  0.068378864  0.005284697   1.924445e-03      0.0001487317         1  0.0310674019    0.001101886      9.547450e-04            3.386250e-05
57  2013-07-16 12:30:15     75 299.1 168.9 169.2812 5.685728e-05 15.92355 0.1104531  0.077324332  0.005284934   2.176205e-03      0.0001487384         1  0.0317802491    0.001098910      9.766518e-04            3.377105e-05
58  2013-07-16 12:30:30     76 299.8 168.7 169.0867 5.685728e-05 15.72900 0.1104531  0.068853121  0.005284709   1.937792e-03      0.0001487321         1  0.0324930962    0.001095976      9.985586e-04            3.368089e-05
59  2013-07-16 12:30:45     77 300.5 168.6 168.9921 5.685728e-05 15.63445 0.1104531  0.064736080  0.005284601   1.821923e-03      0.0001487290         1  0.0332059434    0.001093085      1.020465e-03            3.359203e-05
60  2013-07-16 12:31:00     78 301.2 168.5 168.8976 5.685728e-05 15.53989 0.1104531  0.060619038  0.005284493   1.706053e-03      0.0001487260         1  0.0339187906    0.001090236      1.042372e-03            3.350449e-05
61  2013-07-16 12:31:15     79 301.9 168.3 168.7030 5.685728e-05 15.34534 0.1104531  0.052147827  0.005284274   1.467641e-03      0.0001487198         1  0.0346316377    0.001087430      1.064279e-03            3.341826e-05
62  2013-07-16 12:31:30     80 302.7 168.2 168.6085 5.685728e-05 15.25078 0.1104531  0.048030786  0.005284168   1.351771e-03      0.0001487169         1  0.0354463202    0.001084277      1.089315e-03            3.332135e-05
63  2013-07-16 12:31:45     81 303.3 168.9 169.3139 5.685728e-05 15.95623 0.1104531  0.078747103  0.005284972   2.216247e-03      0.0001487395         1  0.0360573321    0.001081949      1.108093e-03            3.324981e-05
64  2013-07-16 12:32:00     82 304.0 168.5 168.9193 5.685728e-05 15.56168 0.1104531  0.061567552  0.005284518   1.732748e-03      0.0001487267         1  0.0367701792    0.001079274      1.129999e-03            3.316761e-05
65  2013-07-16 12:32:15     83 304.7 168.7 169.1248 5.685728e-05 15.76712 0.1104531  0.070513020  0.005284753   1.984508e-03      0.0001487333         1  0.0374830264    0.001076643      1.151906e-03            3.308677e-05
66  2013-07-16 12:32:30     84 305.5 168.7 169.1302 5.685728e-05 15.77257 0.1104531  0.070750149  0.005284759   1.991182e-03      0.0001487335         1  0.0382977089    0.001073692      1.176942e-03            3.299606e-05
67  2013-07-16 12:32:45     85 306.2 169.1 169.5357 5.685728e-05 16.17801 0.1104531  0.088403957  0.005285232   2.488028e-03      0.0001487468         1  0.0390105560    0.001071157      1.198849e-03            3.291817e-05
68  2013-07-16 12:33:00     86 306.9 169.1 169.5411 5.685728e-05 16.18346 0.1104531  0.088641085  0.005285239   2.494702e-03      0.0001487470         1  0.0397234032    0.001068668      1.220756e-03            3.284168e-05
69  2013-07-16 12:33:15     87 307.6 169.2 169.6466 5.685728e-05 16.28891 0.1104531  0.093232383  0.005285364   2.623919e-03      0.0001487505         1  0.0404362504    0.001066225      1.242663e-03            3.276659e-05
70  2013-07-16 12:33:30     88 308.5 169.0 169.4520 5.685728e-05 16.09435 0.1104531  0.084761172  0.005285134   2.385506e-03      0.0001487440         1  0.0413527682    0.001063151      1.270829e-03            3.267212e-05
71  2013-07-16 12:33:45     89 309.0 169.0 169.4575 5.685728e-05 16.09980 0.1104531  0.084998301  0.005285140   2.392180e-03      0.0001487442         1  0.0418619447    0.001061476      1.286476e-03            3.262065e-05
72  2013-07-16 12:34:00     90 309.8 169.1 169.5629 5.685728e-05 16.20524 0.1104531  0.089589599  0.005285264   2.521397e-03      0.0001487477         1  0.0426766272    0.001058846      1.311513e-03            3.253983e-05
73  2013-07-16 12:34:15     91 310.4 169.3 169.7684 5.685728e-05 16.41069 0.1104531  0.098535067  0.005285509   2.773157e-03      0.0001487546         1  0.0432876391    0.001056914      1.330290e-03            3.248044e-05
74  2013-07-16 12:34:30     92 311.1 169.0 169.4738 5.685728e-05 16.11614 0.1104531  0.085709686  0.005285159   2.412201e-03      0.0001487448         1  0.0440004862    0.001054703      1.352197e-03            3.241251e-05
75  2013-07-16 12:34:45     93 311.9 169.0 169.4792 5.685728e-05 16.12158 0.1104531  0.085946815  0.005285166   2.418875e-03      0.0001487449         1  0.0448151687    0.001052235      1.377233e-03            3.233666e-05
76  2013-07-16 12:35:00     94 312.6 169.6 170.0847 5.685728e-05 16.72703 0.1104531  0.112308962  0.005285892   3.160807e-03      0.0001487654         1  0.0455280159    0.001050126      1.399140e-03            3.227186e-05
77  2013-07-16 12:35:15     95 313.3 169.5 169.9901 5.685728e-05 16.63247 0.1104531  0.108191921  0.005285776   3.044938e-03      0.0001487621         1  0.0462408630    0.001048066      1.421047e-03            3.220854e-05
78  2013-07-16 12:35:30     96 314.0 169.4 169.8956 5.685728e-05 16.53792 0.1104531  0.104074879  0.005285662   2.929068e-03      0.0001487589         1  0.0469537102    0.001046054      1.442954e-03            3.214671e-05
79  2013-07-16 12:35:45     97 314.7 169.3 169.8010 5.685728e-05 16.44337 0.1104531  0.099957838  0.005285548   2.813199e-03      0.0001487557         1  0.0476665574    0.001044091      1.464860e-03            3.208638e-05
80  2013-07-16 12:36:00     98 315.4 169.4 169.9065 5.685728e-05 16.54881 0.1104531  0.104549136  0.005285675   2.942416e-03      0.0001487593         1  0.0483794045    0.001042177      1.486767e-03            3.202755e-05
81  2013-07-16 12:36:15     99 316.2 169.0 169.5119 5.685728e-05 16.15426 0.1104531  0.087369586  0.005285204   2.458917e-03      0.0001487460         1  0.0491940870    0.001040049      1.511804e-03            3.196217e-05
82  2013-07-16 12:36:30    100 316.9 169.1 169.6174 5.685728e-05 16.25970 0.1104531  0.091960884  0.005285329   2.588134e-03      0.0001487495         1  0.0499069342    0.001038240      1.533710e-03            3.190659e-05
83  2013-07-16 12:36:45    101 317.6 169.3 169.8228 5.685728e-05 16.46515 0.1104531  0.100906352  0.005285574   2.839894e-03      0.0001487564         1  0.0506197814    0.001036482      1.555617e-03            3.185254e-05
84  2013-07-16 12:37:00    102 318.3 169.2 169.7283 5.685728e-05 16.37060 0.1104531  0.096789311  0.005285461   2.724024e-03      0.0001487532         1  0.0513326285    0.001034773      1.577524e-03            3.180003e-05
85  2013-07-16 12:37:15    103 319.0 169.3 169.8337 5.685728e-05 16.47604 0.1104531  0.101380609  0.005285587   2.853241e-03      0.0001487568         1  0.0520454757    0.001033115      1.599431e-03            3.174907e-05
86  2013-07-16 12:37:30    104 319.7 169.3 169.8392 5.685728e-05 16.48149 0.1104531  0.101617738  0.005285594   2.859915e-03      0.0001487570         1  0.0527583229    0.001031507      1.621338e-03            3.169965e-05
87  2013-07-16 12:37:45    105 320.4 169.0 169.5446 5.685728e-05 16.18693 0.1104531  0.088792357  0.005285243   2.498959e-03      0.0001487471         1  0.0534711700    0.001029950      1.643244e-03            3.165180e-05
88  2013-07-16 12:38:00    106 321.1 169.3 169.8500 5.685728e-05 16.49238 0.1104531  0.102091995  0.005285607   2.873262e-03      0.0001487574         1  0.0541840172    0.001028443      1.665151e-03            3.160552e-05
89  2013-07-16 12:38:15    107 321.8 169.6 170.1555 5.685728e-05 16.79783 0.1104531  0.115391632  0.005285978   3.247565e-03      0.0001487678         1  0.0548968644    0.001026989      1.687058e-03            3.156080e-05
90  2013-07-16 12:38:30    108 322.4 169.7 170.2609 5.685728e-05 16.90327 0.1104531  0.119982931  0.005286108   3.376782e-03      0.0001487715         1  0.0555078762    0.001025782      1.705835e-03            3.152374e-05
91  2013-07-16 12:38:45    109 323.1 169.5 170.0664 5.685728e-05 16.70872 0.1104531  0.111511720  0.005285869   3.138370e-03      0.0001487647         1  0.0562207234    0.001024423      1.727742e-03            3.148197e-05
92  2013-07-16 12:39:00    110 323.8 169.4 169.9718 5.685728e-05 16.61416 0.1104531  0.107394678  0.005285754   3.022500e-03      0.0001487615         1  0.0569335706    0.001023116      1.749649e-03            3.144179e-05
93  2013-07-16 12:39:15    111 324.6 169.3 169.8773 5.685728e-05 16.51961 0.1104531  0.103277637  0.005285640   2.906631e-03      0.0001487583         1  0.0577482531    0.001021685      1.774685e-03            3.139783e-05
94  2013-07-16 12:39:30    112 325.3 169.5 170.0827 5.685728e-05 16.72506 0.1104531  0.112223105  0.005285889   3.158391e-03      0.0001487653         1  0.0584611002    0.001020490      1.796592e-03            3.136108e-05
95  2013-07-16 12:39:45    113 326.0 169.4 169.9882 5.685728e-05 16.63050 0.1104531  0.108106064  0.005285774   3.042521e-03      0.0001487621         1  0.0591739474    0.001019346      1.818499e-03            3.132595e-05
96  2013-07-16 12:40:00    114 326.7 169.4 169.9936 5.685728e-05 16.63595 0.1104531  0.108343192  0.005285781   3.049195e-03      0.0001487622         1  0.0598867946    0.001018256      1.840405e-03            3.129243e-05
97  2013-07-16 12:40:15    115 327.5 169.3 169.8991 5.685728e-05 16.54140 0.1104531  0.104226151  0.005285666   2.933326e-03      0.0001487590         1  0.0607014770    0.001017074      1.865442e-03            3.125611e-05
98  2013-07-16 12:40:30    116 328.2 168.9 169.5045 5.685728e-05 16.14684 0.1104531  0.087046600  0.005285195   2.449827e-03      0.0001487458         1  0.0614143242    0.001016097      1.887349e-03            3.122608e-05
99  2013-07-16 12:40:45    117 328.9 169.1 169.7100 5.685728e-05 16.35229 0.1104531  0.095992068  0.005285439   2.701587e-03      0.0001487526         1  0.0621271714    0.001015172      1.909255e-03            3.119767e-05
100 2013-07-16 12:41:00    118 329.7 169.4 170.0154 5.685728e-05 16.65773 0.1104531  0.109291706  0.005285807   3.075890e-03      0.0001487630         1  0.0629418539    0.001014181      1.934292e-03            3.116722e-05
101 2013-07-16 12:41:15    119 330.4 169.5 170.1208 5.685728e-05 16.76318 0.1104531  0.113883005  0.005285936   3.205107e-03      0.0001487666         1  0.0636547010    0.001013371      1.956199e-03            3.114232e-05
102 2013-07-16 12:41:30    120 331.1 169.5 170.1263 5.685728e-05 16.76863 0.1104531  0.114120133  0.005285942   3.211780e-03      0.0001487668         1  0.0643675482    0.001012615      1.978105e-03            3.111908e-05
103 2013-07-16 12:41:45    121 331.8 169.5 170.1317 5.685728e-05 16.77407 0.1104531  0.114357262  0.005285949   3.218454e-03      0.0001487670         1  0.0650803954    0.001011912      2.000012e-03            3.109748e-05
104 2013-07-16 12:42:00    122 332.5 169.5 170.1372 5.685728e-05 16.77952 0.1104531  0.114594390  0.005285956   3.225128e-03      0.0001487672         1  0.0657932425    0.001011263      2.021919e-03            3.107753e-05
105 2013-07-16 12:42:15    123 333.2 169.7 170.3426 5.685728e-05 16.98496 0.1104531  0.123539858  0.005286209   3.476888e-03      0.0001487743         1  0.0665060897    0.001010668      2.043826e-03            3.105924e-05
106 2013-07-16 12:42:30    124 333.9 170.0 170.6481 5.685728e-05 17.29041 0.1104531  0.136839496  0.005286591   3.851191e-03      0.0001487851         1  0.0672189369    0.001010127      2.065733e-03            3.104261e-05
107 2013-07-16 12:42:45    125 334.6 170.0 170.6535 5.685728e-05 17.29586 0.1104531  0.137076625  0.005286598   3.857865e-03      0.0001487852         1  0.0679317840    0.001009640      2.087639e-03            3.102764e-05
108 2013-07-16 12:43:00    126 335.3 169.9 170.5590 5.685728e-05 17.20130 0.1104531  0.132959583  0.005286479   3.741995e-03      0.0001487819         1  0.0686446312    0.001009207      2.109546e-03            3.101434e-05
109 2013-07-16 12:43:15    127 336.0 169.7 170.3644 5.685728e-05 17.00675 0.1104531  0.124488372  0.005286236   3.503583e-03      0.0001487751         1  0.0693574784    0.001008828      2.131453e-03            3.100270e-05
110 2013-07-16 12:43:30    128 336.8 169.5 170.1699 5.685728e-05 16.81219 0.1104531  0.116017161  0.005285996   3.265170e-03      0.0001487683         1  0.0701721608    0.001008461      2.156489e-03            3.099144e-05
111 2013-07-16 12:43:45    129 337.5 170.2 170.8753 5.685728e-05 17.51764 0.1104531  0.146733478  0.005286880   4.129646e-03      0.0001487932         1  0.0708850080    0.001008199      2.178396e-03            3.098337e-05
112 2013-07-16 12:44:00    130 338.2 170.2 170.8808 5.685728e-05 17.52309 0.1104531  0.146970607  0.005286887   4.136319e-03      0.0001487934         1  0.0715978552    0.001007991      2.200303e-03            3.097698e-05
113 2013-07-16 12:44:15    131 339.0 170.2 170.8862 5.685728e-05 17.52853 0.1104531  0.147207735  0.005286894   4.142993e-03      0.0001487936         1  0.0724125377    0.001007820      2.225339e-03            3.097172e-05
114 2013-07-16 12:44:30    132 339.7 170.3 170.9916 5.685728e-05 17.63398 0.1104531  0.151799033  0.005287029   4.272210e-03      0.0001487974         1  0.0731253848    0.001007728      2.247246e-03            3.096890e-05
115 2013-07-16 12:44:45    133 340.4 170.2 170.8971 5.685728e-05 17.53942 0.1104531  0.147681992  0.005286908   4.156341e-03      0.0001487940         1  0.0738382320    0.001007691      2.269153e-03            3.096777e-05
116 2013-07-16 12:45:00    134 341.2 169.7 170.4025 5.685728e-05 17.04487 0.1104531  0.126148272  0.005286283   3.550299e-03      0.0001487764         1  0.0746529145    0.001007716      2.294189e-03            3.096852e-05
117 2013-07-16 12:45:15    135 342.0 169.9 170.6080 5.685728e-05 17.25032 0.1104531  0.135093740  0.005286541   3.802059e-03      0.0001487836         1  0.0754675970    0.001007811      2.319225e-03            3.097145e-05
118 2013-07-16 12:45:30    136 342.8 169.8 170.5134 5.685728e-05 17.15576 0.1104531  0.130976698  0.005286422   3.686189e-03      0.0001487803         1  0.0762822794    0.001007978      2.344262e-03            3.097657e-05
119 2013-07-16 12:45:45    137 343.6 170.0 170.7189 5.685728e-05 17.36121 0.1104531  0.139922167  0.005286681   3.937949e-03      0.0001487876         1  0.0770969619    0.001008215      2.369298e-03            3.098387e-05
120 2013-07-16 12:46:00    138 344.3 169.9 170.6243 5.685728e-05 17.26665 0.1104531  0.135805125  0.005286561   3.822080e-03      0.0001487842         1  0.0778098091    0.001008481      2.391205e-03            3.099205e-05
121 2013-07-16 12:46:15    139 345.1 169.9 170.6298 5.685728e-05 17.27210 0.1104531  0.136042254  0.005286568   3.828753e-03      0.0001487844         1  0.0786244916    0.001008852      2.416241e-03            3.100344e-05
122 2013-07-16 12:46:30    140 345.8 170.0 170.7352 5.685728e-05 17.37755 0.1104531  0.140633552  0.005286701   3.957970e-03      0.0001487882         1  0.0793373387    0.001009235      2.438148e-03            3.101520e-05
123 2013-07-16 12:46:45    141 346.7 169.8 170.5407 5.685728e-05 17.18299 0.1104531  0.132162341  0.005286456   3.719558e-03      0.0001487812         1  0.0802538565    0.001009806      2.466314e-03            3.103276e-05
124 2013-07-16 12:47:00    142 347.5 170.0 170.7461 5.685728e-05 17.38844 0.1104531  0.141107809  0.005286715   3.971318e-03      0.0001487885         1  0.0810685390    0.001010389      2.491350e-03            3.105068e-05
125 2013-07-16 12:47:15    143 348.3 169.5 170.2515 5.685728e-05 16.89388 0.1104531  0.119574089  0.005286096   3.365276e-03      0.0001487711         1  0.0818832215    0.001011043      2.516387e-03            3.107076e-05
126 2013-07-16 12:47:30    144 349.2 169.6 170.3570 5.685728e-05 16.99933 0.1104531  0.124165387  0.005286227   3.494493e-03      0.0001487748         1  0.0827997393    0.001011862      2.544553e-03            3.109594e-05
127 2013-07-16 12:47:45    145 350.0 169.7 170.4624 5.685728e-05 17.10478 0.1104531  0.128756685  0.005286358   3.623709e-03      0.0001487785         1  0.0836144217    0.001012665      2.569589e-03            3.112062e-05
128 2013-07-16 12:48:00    146 350.8 169.8 170.5679 5.685728e-05 17.21022 0.1104531  0.133347983  0.005286490   3.752926e-03      0.0001487822         1  0.0844291042    0.001013538      2.594625e-03            3.114745e-05
129 2013-07-16 12:48:15    147 351.7 169.9 170.6733 5.685728e-05 17.31567 0.1104531  0.137939282  0.005286623   3.882143e-03      0.0001487859         1  0.0853456220    0.001014604      2.622791e-03            3.118020e-05
130 2013-07-16 12:48:30    148 352.3 170.3 171.0788 5.685728e-05 17.72111 0.1104531  0.155593089  0.005287141   4.378989e-03      0.0001488005         1  0.0859566339    0.001015363      2.641568e-03            3.120354e-05
131 2013-07-16 12:48:45    149 353.2 170.0 170.7842 5.685728e-05 17.42656 0.1104531  0.142767709  0.005286764   4.018034e-03      0.0001487899         1  0.0868731517    0.001016576      2.669734e-03            3.124081e-05
132 2013-07-16 12:49:00    150 354.0 170.0 170.7897 5.685728e-05 17.43201 0.1104531  0.143004837  0.005286770   4.024707e-03      0.0001487901         1  0.0876878341    0.001017727      2.694771e-03            3.127619e-05
133 2013-07-16 12:49:15    151 354.8 170.0 170.7951 5.685728e-05 17.43745 0.1104531  0.143241966  0.005286777   4.031381e-03      0.0001487903         1  0.0885025166    0.001018948      2.719807e-03            3.131370e-05
134 2013-07-16 12:49:30    152 355.6 170.0 170.8006 5.685728e-05 17.44290 0.1104531  0.143479094  0.005286784   4.038055e-03      0.0001487905         1  0.0893171991    0.001020237      2.744843e-03            3.135332e-05
135 2013-07-16 12:49:45    153 356.4 170.0 170.8060 5.685728e-05 17.44834 0.1104531  0.143716223  0.005286791   4.044728e-03      0.0001487907         1  0.0901318816    0.001021595      2.769880e-03            3.139505e-05
136 2013-07-16 12:50:00    154 357.2 170.2 171.0115 5.685728e-05 17.65379 0.1104531  0.152661691  0.005287054   4.296488e-03      0.0001487981         1  0.0909465640    0.001023021      2.794916e-03            3.143887e-05
137 2013-07-16 12:50:15    155 358.1 170.1 170.9169 5.685728e-05 17.55924 0.1104531  0.148544649  0.005286933   4.180619e-03      0.0001487947         1  0.0918630818    0.001024706      2.823082e-03            3.149067e-05
138 2013-07-16 12:50:30    156 359.0 170.4 171.2223 5.685728e-05 17.86468 0.1104531  0.161844287  0.005287328   4.554922e-03      0.0001488058         1  0.0927795996    0.001026477      2.851248e-03            3.154510e-05
139 2013-07-16 12:50:45    157 359.8 170.4 171.2278 5.685728e-05 17.87013 0.1104531  0.162081416  0.005287335   4.561596e-03      0.0001488060         1  0.0935942821    0.001028123      2.876284e-03            3.159568e-05
140 2013-07-16 12:51:00    158 360.6 170.2 171.0332 5.685728e-05 17.67557 0.1104531  0.153610205  0.005287083   4.323183e-03      0.0001487989         1  0.0944089646    0.001029836      2.901320e-03            3.164831e-05
141 2013-07-16 12:51:15    159 361.4 170.1 170.9387 5.685728e-05 17.58102 0.1104531  0.149493163  0.005286961   4.207314e-03      0.0001487955         1  0.0952236471    0.001031615      2.926357e-03            3.170300e-05
142 2013-07-16 12:51:30    160 362.3 170.4 171.2441 5.685728e-05 17.88647 0.1104531  0.162792801  0.005287356   4.581617e-03      0.0001488066         1  0.0961401648    0.001033697      2.954523e-03            3.176695e-05
143 2013-07-16 12:51:45    161 363.1 170.5 171.3496 5.685728e-05 17.99191 0.1104531  0.167384099  0.005287494   4.710834e-03      0.0001488105         1  0.0969548473    0.001035616      2.979559e-03            3.182595e-05
144 2013-07-16 12:52:00    162 364.0 170.2 171.0550 5.685728e-05 17.69736 0.1104531  0.154558719  0.005287111   4.349878e-03      0.0001487997         1  0.0978713651    0.001037854      3.007725e-03            3.189473e-05
145 2013-07-16 12:52:15    163 364.7 170.2 171.0605 5.685728e-05 17.70280 0.1104531  0.154795847  0.005287118   4.356552e-03      0.0001487999         1  0.0985842123    0.001039652      3.029632e-03            3.194998e-05
146 2013-07-16 12:52:30    164 365.5 170.5 171.3659 5.685728e-05 18.00825 0.1104531  0.168095485  0.005287516   4.730855e-03      0.0001488111         1  0.0993988948    0.001041767      3.054668e-03            3.201498e-05
147 2013-07-16 12:52:45    165 366.4 170.5 171.3714 5.685728e-05 18.01370 0.1104531  0.168332613  0.005287523   4.737529e-03      0.0001488113         1  0.1003154125    0.001044224      3.082834e-03            3.209048e-05
148 2013-07-16 12:53:00    166 367.2 170.1 170.9768 5.685728e-05 17.61914 0.1104531  0.151153063  0.005287010   4.254030e-03      0.0001487968         1  0.1011300950    0.001046476      3.107870e-03            3.215967e-05
149 2013-07-16 12:53:15    167 368.0 170.3 171.1823 5.685728e-05 17.82459 0.1104531  0.160098531  0.005287276   4.505790e-03      0.0001488043         1  0.1019447775    0.001048791      3.132906e-03            3.223081e-05
150 2013-07-16 12:53:30    168 368.8 170.7 171.5877 5.685728e-05 18.23003 0.1104531  0.177752339  0.005287809   5.002636e-03      0.0001488193         1  0.1027594600    0.001051169      3.157943e-03            3.230390e-05
151 2013-07-16 12:53:45    169 369.7 170.7 171.5931 5.685728e-05 18.23548 0.1104531  0.177989467  0.005287816   5.009310e-03      0.0001488195         1  0.1036759778    0.001053919      3.186109e-03            3.238842e-05
152 2013-07-16 12:54:00    170 370.6 170.7 171.5986 5.685728e-05 18.24093 0.1104531  0.178226596  0.005287824   5.015983e-03      0.0001488197         1  0.1045924956    0.001056748      3.214275e-03            3.247535e-05
153 2013-07-16 12:54:15    171 371.4 170.1 171.0040 5.685728e-05 17.64637 0.1104531  0.152338705  0.005287045   4.287398e-03      0.0001487978         1  0.1054071780    0.001059328      3.239311e-03            3.255464e-05
154 2013-07-16 12:54:30    172 372.2 170.5 171.4095 5.685728e-05 18.05182 0.1104531  0.169992513  0.005287573   4.784245e-03      0.0001488127         1  0.1062218605    0.001061969      3.264347e-03            3.263582e-05
155 2013-07-16 12:54:45    173 373.0 170.8 171.7149 5.685728e-05 18.35726 0.1104531  0.183292151  0.005287979   5.158548e-03      0.0001488241         1  0.1070365430    0.001064672      3.289384e-03            3.271886e-05
156 2013-07-16 12:55:00    174 373.9 170.6 171.5204 5.685728e-05 18.16271 0.1104531  0.174820940  0.005287720   4.920135e-03      0.0001488168         1  0.1079530608    0.001067784      3.317550e-03            3.281449e-05
157 2013-07-16 12:55:15    175 374.9 170.4 171.3258 5.685728e-05 17.96816 0.1104531  0.166349729  0.005287463   4.681723e-03      0.0001488096         1  0.1089714139    0.001071330      3.348845e-03            3.292348e-05
158 2013-07-16 12:55:30    176 375.8 170.5 171.4313 5.685728e-05 18.07360 0.1104531  0.170941027  0.005287602   4.810939e-03      0.0001488135         1  0.1098879317    0.001074601      3.377011e-03            3.302400e-05
159 2013-07-16 12:55:45    177 376.8 170.4 171.3367 5.685728e-05 17.97905 0.1104531  0.166823986  0.005287477   4.695070e-03      0.0001488100         1  0.1109062848    0.001078322      3.408306e-03            3.313836e-05
160 2013-07-16 12:56:00    178 377.7 170.6 171.5422 5.685728e-05 18.18449 0.1104531  0.175769454  0.005287749   4.946830e-03      0.0001488176         1  0.1118228026    0.001081749      3.436472e-03            3.324367e-05
161 2013-07-16 12:56:15    179 378.6 170.2 171.1476 5.685728e-05 17.78994 0.1104531  0.158589903  0.005287231   4.463331e-03      0.0001488030         1  0.1127393203    0.001085248      3.464638e-03            3.335121e-05
162 2013-07-16 12:56:30    180 379.5 170.3 171.2531 5.685728e-05 17.89539 0.1104531  0.163181201  0.005287368   4.592548e-03      0.0001488069         1  0.1136558381    0.001088820      3.492804e-03            3.346097e-05
163 2013-07-16 12:56:45    181 380.3 170.4 171.3585 5.685728e-05 18.00083 0.1104531  0.167772500  0.005287506   4.721765e-03      0.0001488108         1  0.1144705206    0.001092055      3.517840e-03            3.356037e-05
164 2013-07-16 12:57:00    182 381.1 170.6 171.5639 5.685728e-05 18.20628 0.1104531  0.176717968  0.005287777   4.973525e-03      0.0001488184         1  0.1152852031    0.001095345      3.542877e-03            3.366150e-05
165 2013-07-16 12:57:15    183 382.1 170.8 171.7694 5.685728e-05 18.41172 0.1104531  0.185663436  0.005288052   5.225285e-03      0.0001488262         1  0.1163035562    0.001099536      3.574172e-03            3.379029e-05
166 2013-07-16 12:57:30    184 383.0 170.1 171.0748 5.685728e-05 17.71717 0.1104531  0.155421376  0.005287136   4.374157e-03      0.0001488004         1  0.1172200740    0.001103381      3.602338e-03            3.390845e-05
167 2013-07-16 12:57:45    185 383.8 170.0 170.9803 5.685728e-05 17.62262 0.1104531  0.151304334  0.005287014   4.258287e-03      0.0001487970         1  0.1180347565    0.001106856      3.627374e-03            3.401525e-05
168 2013-07-16 12:58:00    186 384.8 170.7 171.6857 5.685728e-05 18.32806 0.1104531  0.182020652  0.005287940   5.122763e-03      0.0001488230         1  0.1190531096    0.001111276      3.658670e-03            3.415108e-05
169 2013-07-16 12:58:15    187 385.8 170.4 171.3912 5.685728e-05 18.03351 0.1104531  0.169195271  0.005287549   4.761807e-03      0.0001488120         1  0.1200714626    0.001115778      3.689965e-03            3.428944e-05
170 2013-07-16 12:58:30    188 386.6 170.5 171.4966 5.685728e-05 18.13895 0.1104531  0.173786569  0.005287688   4.891024e-03      0.0001488159         1  0.1208861451    0.001119439      3.715001e-03            3.440195e-05
171 2013-07-16 12:58:45    189 387.8 170.5 171.5021 5.685728e-05 18.14440 0.1104531  0.174023697  0.005287695   4.897698e-03      0.0001488161         1  0.1221081688    0.001125028      3.752556e-03            3.457369e-05
172 2013-07-16 12:59:00    190 388.7 170.6 171.6075 5.685728e-05 18.24985 0.1104531  0.178614996  0.005287835   5.026914e-03      0.0001488201         1  0.1230246866    0.001129295      3.780722e-03            3.470482e-05
173 2013-07-16 12:59:15    191 389.8 170.8 171.8130 5.685728e-05 18.45529 0.1104531  0.187560464  0.005288111   5.278674e-03      0.0001488278         1  0.1241448750    0.001134597      3.815147e-03            3.486776e-05
174 2013-07-16 12:59:30    192 390.7 170.8 171.8184 5.685728e-05 18.46074 0.1104531  0.187797592  0.005288118   5.285348e-03      0.0001488280         1  0.1250613928    0.001139005      3.843313e-03            3.500323e-05
175 2013-07-16 12:59:45    193 391.8 170.9 171.9238 5.685728e-05 18.56618 0.1104531  0.192388891  0.005288260   5.414565e-03      0.0001488320         1  0.1261815812    0.001144477      3.877738e-03            3.517140e-05
176 2013-07-16 13:00:00    194 392.8 170.9 171.9293 5.685728e-05 18.57163 0.1104531  0.192626019  0.005288268   5.421239e-03      0.0001488322         1  0.1271999343    0.001149532      3.909033e-03            3.532673e-05
177 2013-07-16 13:00:15    195 393.9 170.2 171.2347 5.685728e-05 17.87708 0.1104531  0.162383959  0.005287344   4.570111e-03      0.0001488062         0  0.1283201227    0.001155178      3.943458e-03            3.550025e-05
178 2013-07-16 13:00:30    196 394.9 170.1 171.1402 5.685728e-05 17.78252 0.1104531  0.158266918  0.005287221   4.454241e-03      0.0001488028         0  0.1293384758    0.001160388      3.974753e-03            3.566037e-05
179 2013-07-16 13:00:45    197 396.0 170.1 171.1456 5.685728e-05 17.78797 0.1104531  0.158504046  0.005287228   4.460915e-03      0.0001488030         0  0.1304586642    0.001166204      4.009178e-03            3.583909e-05
180 2013-07-16 13:01:00    198 397.4 170.3 171.3511 5.685728e-05 17.99341 0.1104531  0.167449514  0.005287496   4.712675e-03      0.0001488105         0  0.1318843586    0.001173731      4.052992e-03            3.607040e-05

$dryleafvolt
            timestamp record LWSmV  SEmV    CSEmV     CSEmV.sd   loadmV loadmV.sd
1 2013-07-16 12:15:15     15 263.7 167.4 167.4545 5.685728e-05 14.09679 0.1104531
2 2013-07-16 12:15:30     16 263.7 167.5 167.5599 5.685728e-05 14.20224 0.1104531
3 2013-07-16 12:15:45     17 263.7 167.6 167.6654 5.685728e-05 14.30769 0.1104531
4 2013-07-16 12:16:00     18 263.7 167.4 167.4708 5.685728e-05 14.11313 0.1104531
5 2013-07-16 12:16:15     19 263.7 167.3 167.3762 5.685728e-05 14.01858 0.1104531

$runtime
Time difference of 44.75 mins

$startcalibvolt
            timestamp record LWSmV  SEmV    CSEmV     CSEmV.sd   loadmV loadmV.sd
1 2013-07-16 12:13:15      7 263.7 275.7 275.7109 5.685728e-05 122.3532 0.1104531
2 2013-07-16 12:13:30      8 263.7 275.6 275.6163 5.685728e-05 122.2587 0.1104531
3 2013-07-16 12:13:45      9 263.7 275.8 275.8218 5.685728e-05 122.4641 0.1104531
4 2013-07-16 12:14:00     10 263.7 275.9 275.9272 5.685728e-05 122.5696 0.1104531

$endcalibvolt
[1] NA

$lastLWSvolt
[1] 394.3

$maxLWSvolt
[1] 399.4

$species
[1] "blackoak"

$trial
[1] "3"

$replicate
[1] "1"

$isvertical
[1] FALSE

$conversionfactor
        avg        stdev
1 0.0435417 1.964408e-05

$LWSwatermass
        avg       stdev
1 0.1189854 0.003512639

$dryleafmass
        avg       stdev
1 0.6160143 0.002168674

$lwsmodel

Call:
lm(formula = LWSsurfacedensity ~ record, data = rd[rd$runfilter == 
    1, ])

Coefficients:
(Intercept)       record  
 -7.916e-04    2.349e-05  


$leafmodel

Call:
lm(formula = surfacedensity ~ record, data = rd[rd$runfilter == 
    1, ])

Coefficients:
(Intercept)       record  
 -2.196e-04    2.877e-05  


