$name
[1] "blackoak1"

$leafarea
[1] 28.45394

$startbasevolt
            timestamp record LWSmV  SEmV CSEmV CSEmV.sd      loadmV loadmV.sd
1 2013-07-15 13:43:00      3 262.4 156.3 156.3        0 -0.33695719 0.2193099
2 2013-07-15 13:43:15      4 262.4 156.7 156.7        0  0.06304281 0.2193099
3 2013-07-15 13:43:30      5 262.4 156.9 156.9        0  0.26304281 0.2193099

$endbasevolt
            timestamp record LWSmV  SEmV    CSEmV     CSEmV.sd      loadmV loadmV.sd
1 2013-07-15 14:37:30    221 263.9 158.0 156.6954 9.589647e-05  0.05845566 0.2193099
2 2013-07-15 14:37:45    222 263.8 157.9 156.5894 9.589647e-05 -0.04758410 0.2193099

$dryragvolt
            timestamp record LWSmV  SEmV    CSEmV     CSEmV.sd   loadmV loadmV.sd
1 2013-07-15 14:34:45    210 413.8 242.0 240.7619 9.589647e-05 84.12489 0.2193099
2 2013-07-15 14:35:00    211 412.4 241.8 240.5558 9.589647e-05 83.91885 0.2193099
3 2013-07-15 14:35:15    212 410.9 241.7 240.4498 9.589647e-05 83.81281 0.2193099

$wetragvolt
            timestamp record LWSmV  SEmV    CSEmV     CSEmV.sd   loadmV loadmV.sd
1 2013-07-15 14:36:00    215 264.7 244.7 243.4317 9.589647e-05 86.79469 0.2193099
2 2013-07-15 14:36:15    216 264.4 244.7 243.4256 9.589647e-05 86.78865 0.2193099
3 2013-07-15 14:36:30    217 264.4 244.5 243.2196 9.589647e-05 86.58261 0.2193099
4 2013-07-15 14:36:45    218 264.4 244.6 243.3135 9.589647e-05 86.67657 0.2193099
5 2013-07-15 14:37:00    219 264.2 244.5 243.2075 9.589647e-05 86.57054 0.2193099

$rundata
              timestamp record LWSmV  SEmV    CSEmV     CSEmV.sd   loadmV loadmV.sd   watermass watermass.sd surfacedensity surfacedensity.sd runfilter      LWSwater LWSwater.stdev LWSsurfacedensity LWSsurfacedensity.stdev
1   2013-07-15 13:47:00     19 262.4 171.8 171.7154 9.589647e-05 15.07849 0.2193099 0.005860373   0.01032361   0.0002059600      0.0003628183         0 -0.0055933096    0.001303421     -1.718903e-04            4.005595e-05
2   2013-07-15 13:47:15     20 262.7 171.8 171.7094 9.589647e-05 15.07245 0.2193099 0.005597993   0.01032360   0.0001967387      0.0003628179         0 -0.0052878037    0.001301409     -1.625017e-04            3.999414e-05
3   2013-07-15 13:47:30     21 263.1 171.8 171.7034 9.589647e-05 15.06641 0.2193099 0.005335613   0.01032359   0.0001875175      0.0003628174         0 -0.0048804625    0.001298735     -1.499835e-04            3.991196e-05
4   2013-07-15 13:47:45     22 263.1 172.1 171.9973 9.589647e-05 15.36037 0.2193099 0.018105877   0.01032424   0.0006363223      0.0003628404         0 -0.0048804625    0.001298735     -1.499835e-04            3.991196e-05
5   2013-07-15 13:48:00     23 263.7 172.2 172.0913 9.589647e-05 15.45433 0.2193099 0.022187712   0.01032445   0.0007797764      0.0003628478         0 -0.0042694506    0.001294739     -1.312062e-04            3.978915e-05
6   2013-07-15 13:48:15     24 263.8 172.1 171.9852 9.589647e-05 15.34829 0.2193099 0.017581118   0.01032421   0.0006178799      0.0003628394         0 -0.0041676153    0.001294075     -1.280767e-04            3.976874e-05
7   2013-07-15 13:48:30     25 264.4 172.1 171.9792 9.589647e-05 15.34225 0.2193099 0.017318738   0.01032420   0.0006086587      0.0003628389         0 -0.0035566034    0.001290101     -1.092994e-04            3.964662e-05
8   2013-07-15 13:48:45     26 265.0 172.2 172.0732 9.589647e-05 15.43621 0.2193099 0.021400573   0.01032441   0.0007521128      0.0003628464         0 -0.0029455916    0.001286146     -9.052218e-05            3.952508e-05
9   2013-07-15 13:49:00     27 265.2 172.2 172.0671 9.589647e-05 15.43017 0.2193099 0.021138193   0.01032439   0.0007428916      0.0003628459         0 -0.0027419210    0.001284832     -8.426309e-05            3.948469e-05
10  2013-07-15 13:49:15     28 265.8 172.3 172.1611 9.589647e-05 15.52413 0.2193099 0.025220028   0.01032461   0.0008863457      0.0003628533         0 -0.0021309091    0.001280903     -6.548584e-05            3.936394e-05
11  2013-07-15 13:49:30     29 266.4 172.4 172.2550 9.589647e-05 15.61809 0.2193099 0.029301863   0.01032482   0.0010297998      0.0003628608         0 -0.0015198973    0.001276993     -4.670858e-05            3.924379e-05
12  2013-07-15 13:49:45     30 267.0 172.4 172.2490 9.589647e-05 15.61205 0.2193099 0.029039483   0.01032481   0.0010205786      0.0003628604         0 -0.0009088854    0.001273103     -2.793133e-05            3.912424e-05
13  2013-07-15 13:50:00     31 267.6 172.5 172.3430 9.589647e-05 15.70601 0.2193099 0.033121318   0.01032502   0.0011640327      0.0003628679         0 -0.0002978735    0.001269233     -9.154073e-06            3.900530e-05
14  2013-07-15 13:50:15     32 268.2 172.4 172.2369 9.589647e-05 15.59997 0.2193099 0.028514723   0.01032478   0.0010021362      0.0003628594         0  0.0003131383    0.001265382      9.623181e-06            3.888698e-05
15  2013-07-15 13:50:30     33 268.9 172.4 172.2309 9.589647e-05 15.59393 0.2193099 0.028252343   0.01032477   0.0009929149      0.0003628589         0  0.0010259855    0.001260916      3.152998e-05            3.874972e-05
16  2013-07-15 13:50:45     34 269.6 172.4 172.2248 9.589647e-05 15.58789 0.2193099 0.027989963   0.01032475   0.0009836937      0.0003628584         0  0.0017388327    0.001256477      5.343678e-05            3.861332e-05
17  2013-07-15 13:51:00     35 270.2 172.3 172.1188 9.589647e-05 15.48185 0.2193099 0.023383368   0.01032451   0.0008217972      0.0003628500         0  0.0023498445    0.001252695      7.221403e-05            3.849709e-05
18  2013-07-15 13:51:15     36 270.9 172.5 172.3128 9.589647e-05 15.67581 0.2193099 0.031809418   0.01032495   0.0011179266      0.0003628655         0  0.0030626917    0.001248309      9.412083e-05            3.836229e-05
19  2013-07-15 13:51:30     37 271.6 172.4 172.2067 9.589647e-05 15.56977 0.2193099 0.027202823   0.01032471   0.0009560301      0.0003628570         0  0.0037755389    0.001243951      1.160276e-04            3.822838e-05
20  2013-07-15 13:51:45     38 272.3 172.3 172.1007 9.589647e-05 15.46373 0.2193099 0.022596228   0.01032447   0.0007941335      0.0003628485         0  0.0044883860    0.001239623      1.379344e-04            3.809535e-05
21  2013-07-15 13:52:00     39 273.0 172.3 172.0946 9.589647e-05 15.45769 0.2193099 0.022333848   0.01032446   0.0007849123      0.0003628481         0  0.0052012332    0.001235323      1.598412e-04            3.796323e-05
22  2013-07-15 13:52:15     40 273.6 172.4 172.1886 9.589647e-05 15.55165 0.2193099 0.026415683   0.01032467   0.0009283664      0.0003628555         0  0.0058122451    0.001231662      1.786185e-04            3.785070e-05
23  2013-07-15 13:52:30     41 274.4 172.3 172.0826 9.589647e-05 15.44561 0.2193099 0.021809088   0.01032443   0.0007664699      0.0003628471         0  0.0066269275    0.001226814      2.036548e-04            3.770171e-05
24  2013-07-15 13:52:45     42 275.0 172.2 171.9765 9.589647e-05 15.33957 0.2193099 0.017202493   0.01032419   0.0006045733      0.0003628387         0  0.0072379394    0.001223203      2.224321e-04            3.759077e-05
25  2013-07-15 13:53:00     43 275.7 172.2 171.9705 9.589647e-05 15.33353 0.2193099 0.016940113   0.01032418   0.0005953521      0.0003628382         0  0.0079507866    0.001219020      2.443389e-04            3.746220e-05
26  2013-07-15 13:53:15     44 276.4 172.2 171.9644 9.589647e-05 15.32749 0.2193099 0.016677733   0.01032416   0.0005861309      0.0003628378         0  0.0086636337    0.001214867      2.662457e-04            3.733457e-05
27  2013-07-15 13:53:30     45 277.1 172.2 171.9584 9.589647e-05 15.32145 0.2193099 0.016415353   0.01032415   0.0005769097      0.0003628373         0  0.0093764809    0.001210745      2.881525e-04            3.720790e-05
28  2013-07-15 13:53:45     46 277.8 172.2 171.9524 9.589647e-05 15.31541 0.2193099 0.016152973   0.01032414   0.0005676885      0.0003628368         0  0.0100893281    0.001206655      3.100593e-04            3.708220e-05
29  2013-07-15 13:54:00     47 278.5 172.2 171.9463 9.589647e-05 15.30937 0.2193099 0.015890594   0.01032412   0.0005584672      0.0003628363         0  0.0108021752    0.001202596      3.319660e-04            3.695747e-05
30  2013-07-15 13:54:15     48 279.1 172.4 172.1403 9.589647e-05 15.50333 0.2193099 0.024316643   0.01032456   0.0008545967      0.0003628517         0  0.0114131871    0.001199143      3.507433e-04            3.685134e-05
31  2013-07-15 13:54:30     49 279.9 172.5 172.2343 9.589647e-05 15.59729 0.2193099 0.028398478   0.01032477   0.0009980508      0.0003628592         1  0.0122278696    0.001194575      3.757796e-04            3.671097e-05
32  2013-07-15 13:54:45     50 280.5 172.5 172.2282 9.589647e-05 15.59125 0.2193099 0.028136098   0.01032476   0.0009888296      0.0003628587         1  0.0128388814    0.001191177      3.945569e-04            3.660655e-05
33  2013-07-15 13:55:00     51 281.3 172.5 172.2222 9.589647e-05 15.58521 0.2193099 0.027873719   0.01032475   0.0009796084      0.0003628582         0  0.0136535639    0.001186685      4.195932e-04            3.646849e-05
34  2013-07-15 13:55:15     52 282.0 172.5 172.2161 9.589647e-05 15.57917 0.2193099 0.027611339   0.01032473   0.0009703872      0.0003628577         0  0.0143664111    0.001182789      4.415000e-04            3.634878e-05
35  2013-07-15 13:55:30     53 282.7 172.6 172.3101 9.589647e-05 15.67313 0.2193099 0.031693174   0.01032495   0.0011138413      0.0003628653         1  0.0150792582    0.001178928      4.634068e-04            3.623011e-05
36  2013-07-15 13:55:45     54 283.4 172.6 172.3041 9.589647e-05 15.66709 0.2193099 0.031430794   0.01032493   0.0011046201      0.0003628648         1  0.0157921054    0.001175100      4.853136e-04            3.611248e-05
37  2013-07-15 13:56:00     55 284.1 172.8 172.4980 9.589647e-05 15.86106 0.2193099 0.039856843   0.01032538   0.0014007495      0.0003628805         1  0.0165049526    0.001171307      5.072204e-04            3.599591e-05
38  2013-07-15 13:56:15     56 284.9 172.8 172.4920 9.589647e-05 15.85502 0.2193099 0.039594464   0.01032537   0.0013915283      0.0003628800         1  0.0173196351    0.001167014      5.322568e-04            3.586399e-05
39  2013-07-15 13:56:30     57 285.6 172.9 172.5859 9.589647e-05 15.94898 0.2193099 0.043676299   0.01032558   0.0015349824      0.0003628876         1  0.0180324822    0.001163296      5.541636e-04            3.574971e-05
40  2013-07-15 13:56:45     58 286.4 173.1 172.7799 9.589647e-05 16.14294 0.2193099 0.052102348   0.01032604   0.0018311119      0.0003629036         1  0.0188471647    0.001159089      5.791999e-04            3.562044e-05
41  2013-07-15 13:57:00     59 287.1 173.1 172.7739 9.589647e-05 16.13690 0.2193099 0.051839968   0.01032602   0.0018218907      0.0003629031         1  0.0195600119    0.001155447      6.011067e-04            3.550851e-05
42  2013-07-15 13:57:15     60 287.9 173.0 172.6678 9.589647e-05 16.03086 0.2193099 0.047233374   0.01032577   0.0016599941      0.0003628944         1  0.0203746944    0.001151328      6.261430e-04            3.538194e-05
43  2013-07-15 13:57:30     61 288.6 173.1 172.7618 9.589647e-05 16.12482 0.2193099 0.051315209   0.01032600   0.0018034482      0.0003629021         1  0.0210875415    0.001147764      6.480498e-04            3.527240e-05
44  2013-07-15 13:57:45     62 289.3 173.2 172.8557 9.589647e-05 16.21878 0.2193099 0.055397044   0.01032622   0.0019469023      0.0003629099         1  0.0218003887    0.001144236      6.699566e-04            3.516399e-05
45  2013-07-15 13:58:00     63 290.1 173.2 172.8497 9.589647e-05 16.21274 0.2193099 0.055134664   0.01032620   0.0019376811      0.0003629094         1  0.0226150712    0.001140250      6.949930e-04            3.504149e-05
46  2013-07-15 13:58:15     64 290.8 173.3 172.9437 9.589647e-05 16.30670 0.2193099 0.059216499   0.01032643   0.0020811352      0.0003629172         1  0.0233279183    0.001136803      7.168998e-04            3.493554e-05
47  2013-07-15 13:58:30     65 291.6 173.4 173.0376 9.589647e-05 16.40066 0.2193099 0.063298334   0.01032665   0.0022245894      0.0003629251         1  0.0241426008    0.001132909      7.419361e-04            3.481589e-05
48  2013-07-15 13:58:45     66 292.3 173.5 173.1316 9.589647e-05 16.49462 0.2193099 0.067380169   0.01032688   0.0023680435      0.0003629331         1  0.0248554480    0.001129543      7.638429e-04            3.471245e-05
49  2013-07-15 13:59:00     67 293.1 173.6 173.2255 9.589647e-05 16.58858 0.2193099 0.071462004   0.01032710   0.0025114976      0.0003629410         1  0.0256701305    0.001125744      7.888792e-04            3.459569e-05
50  2013-07-15 13:59:15     68 293.8 173.6 173.2195 9.589647e-05 16.58254 0.2193099 0.071199624   0.01032709   0.0025022764      0.0003629405         1  0.0263829776    0.001122461      8.107860e-04            3.449481e-05
51  2013-07-15 13:59:30     69 294.6 173.6 173.2135 9.589647e-05 16.57650 0.2193099 0.070937244   0.01032707   0.0024930552      0.0003629400         1  0.0271976601    0.001118758      8.358224e-04            3.438101e-05
52  2013-07-15 13:59:45     70 295.3 173.6 173.2074 9.589647e-05 16.57046 0.2193099 0.070674864   0.01032706   0.0024838340      0.0003629395         1  0.0279105073    0.001115560      8.577292e-04            3.428274e-05
53  2013-07-15 14:00:00     71 296.1 173.4 173.0014 9.589647e-05 16.36442 0.2193099 0.061724054   0.01032656   0.0021692621      0.0003629221         1  0.0287251898    0.001111955      8.827655e-04            3.417194e-05
54  2013-07-15 14:00:15     72 296.8 173.5 173.0953 9.589647e-05 16.45838 0.2193099 0.065805889   0.01032679   0.0023127162      0.0003629300         1  0.0294380369    0.001108843      9.046723e-04            3.407632e-05
55  2013-07-15 14:00:30     73 297.6 173.7 173.2893 9.589647e-05 16.65234 0.2193099 0.074231939   0.01032726   0.0026088456      0.0003629465         1  0.0302527194    0.001105338      9.297086e-04            3.396858e-05
56  2013-07-15 14:00:45     74 298.3 173.6 173.1833 9.589647e-05 16.54630 0.2193099 0.069625344   0.01032700   0.0024469491      0.0003629374         1  0.0309655666    0.001102314      9.516154e-04            3.387567e-05
57  2013-07-15 14:01:00     75 299.1 173.5 173.0772 9.589647e-05 16.44026 0.2193099 0.065018749   0.01032674   0.0022850525      0.0003629285         1  0.0317802491    0.001098910      9.766518e-04            3.377105e-05
58  2013-07-15 14:01:15     76 299.8 173.4 172.9712 9.589647e-05 16.33422 0.2193099 0.060412154   0.01032649   0.0021231560      0.0003629195         1  0.0324930962    0.001095976      9.985586e-04            3.368089e-05
59  2013-07-15 14:01:30     77 300.5 173.4 172.9651 9.589647e-05 16.32818 0.2193099 0.060149774   0.01032648   0.0021139348      0.0003629190         1  0.0332059434    0.001093085      1.020465e-03            3.359203e-05
60  2013-07-15 14:01:45     78 301.3 173.5 173.0591 9.589647e-05 16.42214 0.2193099 0.064231609   0.01032670   0.0022573889      0.0003629269         1  0.0340206259    0.001089833      1.045502e-03            3.349209e-05
61  2013-07-15 14:02:00     79 302.0 173.5 173.0531 9.589647e-05 16.41610 0.2193099 0.063969229   0.01032669   0.0022481677      0.0003629264         1  0.0347334730    0.001087033      1.067409e-03            3.340605e-05
62  2013-07-15 14:02:15     80 302.8 173.5 173.0470 9.589647e-05 16.41006 0.2193099 0.063706849   0.01032667   0.0022389464      0.0003629259         1  0.0355481555    0.001083886      1.092445e-03            3.330935e-05
63  2013-07-15 14:02:30     81 303.5 173.4 172.9410 9.589647e-05 16.30402 0.2193099 0.059100254   0.01032642   0.0020770499      0.0003629170         1  0.0362610027    0.001081180      1.114352e-03            3.322619e-05
64  2013-07-15 14:02:45     82 304.3 173.6 173.1349 9.589647e-05 16.49798 0.2193099 0.067526304   0.01032688   0.0023731793      0.0003629333         1  0.0370756852    0.001078141      1.139388e-03            3.313280e-05
65  2013-07-15 14:03:00     83 305.0 173.4 172.9289 9.589647e-05 16.29194 0.2193099 0.058575494   0.01032639   0.0020586075      0.0003629160         1  0.0377885323    0.001075530      1.161295e-03            3.305254e-05
66  2013-07-15 14:03:15     84 305.8 173.5 173.0229 9.589647e-05 16.38590 0.2193099 0.062657329   0.01032661   0.0022020616      0.0003629239         1  0.0386032148    0.001072600      1.186331e-03            3.296251e-05
67  2013-07-15 14:03:30     85 306.5 173.6 173.1168 9.589647e-05 16.47986 0.2193099 0.066739164   0.01032684   0.0023455157      0.0003629318         1  0.0393160620    0.001070085      1.208238e-03            3.288522e-05
68  2013-07-15 14:03:45     86 307.4 173.6 173.1108 9.589647e-05 16.47382 0.2193099 0.066476784   0.01032683   0.0023362945      0.0003629313         1  0.0402325798    0.001066918      1.236404e-03            3.278790e-05
69  2013-07-15 14:04:00     87 308.3 173.6 173.1047 9.589647e-05 16.46778 0.2193099 0.066214404   0.01032681   0.0023270733      0.0003629308         1  0.0411490976    0.001063827      1.264570e-03            3.269291e-05
70  2013-07-15 14:04:15     88 308.8 173.7 173.1987 9.589647e-05 16.56174 0.2193099 0.070296239   0.01032704   0.0024705274      0.0003629387         1  0.0416582741    0.001062143      1.280217e-03            3.264115e-05
71  2013-07-15 14:04:30     89 309.6 173.7 173.1927 9.589647e-05 16.55570 0.2193099 0.070033859   0.01032702   0.0024613062      0.0003629382         1  0.0424729566    0.001059498      1.305254e-03            3.255986e-05
72  2013-07-15 14:04:45     90 310.3 173.8 173.2866 9.589647e-05 16.64966 0.2193099 0.074115694   0.01032725   0.0026047603      0.0003629462         1  0.0431858037    0.001057233      1.327161e-03            3.249027e-05
73  2013-07-15 14:05:00     91 311.1 173.8 173.2806 9.589647e-05 16.64362 0.2193099 0.073853314   0.01032724   0.0025955391      0.0003629457         1  0.0440004862    0.001054703      1.352197e-03            3.241251e-05
74  2013-07-15 14:05:15     92 311.8 174.0 173.4745 9.589647e-05 16.83758 0.2193099 0.082279364   0.01032771   0.0028916685      0.0003629624         1  0.0447133334    0.001052540      1.374104e-03            3.234603e-05
75  2013-07-15 14:05:30     93 312.6 174.2 173.6685 9.589647e-05 17.03154 0.2193099 0.090705414   0.01032819   0.0031877980      0.0003629792         1  0.0455280159    0.001050126      1.399140e-03            3.227186e-05
76  2013-07-15 14:05:45     94 313.3 174.2 173.6625 9.589647e-05 17.02550 0.2193099 0.090443034   0.01032817   0.0031785768      0.0003629787         1  0.0462408630    0.001048066      1.421047e-03            3.220854e-05
77  2013-07-15 14:06:00     95 314.1 174.1 173.5564 9.589647e-05 16.91946 0.2193099 0.085836439   0.01032791   0.0030166802      0.0003629695         1  0.0470555455    0.001045771      1.446083e-03            3.213800e-05
78  2013-07-15 14:06:15     96 314.9 174.1 173.5504 9.589647e-05 16.91343 0.2193099 0.085574060   0.01032790   0.0030074590      0.0003629689         1  0.0478702280    0.001043539      1.471119e-03            3.206942e-05
79  2013-07-15 14:06:30     97 315.6 174.2 173.6443 9.589647e-05 17.00739 0.2193099 0.089655894   0.01032813   0.0031509131      0.0003629771         1  0.0485830752    0.001041639      1.493026e-03            3.201102e-05
80  2013-07-15 14:06:45     98 316.4 174.3 173.7383 9.589647e-05 17.10135 0.2193099 0.093737729   0.01032836   0.0032943672      0.0003629853         1  0.0493977576    0.001039527      1.518063e-03            3.194613e-05
81  2013-07-15 14:07:00     99 317.2 174.2 173.6323 9.589647e-05 16.99531 0.2193099 0.089131135   0.01032810   0.0031324707      0.0003629761         1  0.0502124401    0.001037481      1.543099e-03            3.188324e-05
82  2013-07-15 14:07:15    100 317.9 174.2 173.6262 9.589647e-05 16.98927 0.2193099 0.088868755   0.01032808   0.0031232495      0.0003629755         1  0.0509252873    0.001035743      1.565006e-03            3.182985e-05
83  2013-07-15 14:07:30    101 318.7 174.4 173.8202 9.589647e-05 17.18323 0.2193099 0.097294805   0.01032857   0.0034193789      0.0003629925         1  0.0517399698    0.001033819      1.590042e-03            3.177072e-05
84  2013-07-15 14:07:45    102 319.5 174.3 173.7141 9.589647e-05 17.07719 0.2193099 0.092688210   0.01032830   0.0032574824      0.0003629832         1  0.0525546523    0.001031961      1.615078e-03            3.171361e-05
85  2013-07-15 14:08:00    103 320.3 174.3 173.7081 9.589647e-05 17.07115 0.2193099 0.092425830   0.01032829   0.0032482611      0.0003629827         1  0.0533693347    0.001030169      1.640115e-03            3.165854e-05
86  2013-07-15 14:08:15    104 321.0 174.4 173.8021 9.589647e-05 17.16511 0.2193099 0.096507665   0.01032852   0.0033917153      0.0003629909         1  0.0540821819    0.001028655      1.662022e-03            3.161203e-05
87  2013-07-15 14:08:30    105 321.8 174.4 173.7960 9.589647e-05 17.15907 0.2193099 0.096245285   0.01032851   0.0033824941      0.0003629904         1  0.0548968644    0.001026989      1.687058e-03            3.156080e-05
88  2013-07-15 14:08:45    106 322.5 174.4 173.7900 9.589647e-05 17.15303 0.2193099 0.095982905   0.01032849   0.0033732728      0.0003629899         1  0.0556097115    0.001025585      1.708965e-03            3.151767e-05
89  2013-07-15 14:09:00    107 323.3 174.5 173.8839 9.589647e-05 17.24699 0.2193099 0.100064740   0.01032873   0.0035167270      0.0003629982         1  0.0564243940    0.001024044      1.734001e-03            3.147032e-05
90  2013-07-15 14:09:15    108 324.0 174.4 173.7779 9.589647e-05 17.14095 0.2193099 0.095458145   0.01032846   0.0033548304      0.0003629888         1  0.0571372412    0.001022752      1.755908e-03            3.143060e-05
91  2013-07-15 14:09:30    109 324.8 174.3 173.6719 9.589647e-05 17.03491 0.2193099 0.090851550   0.01032820   0.0031929338      0.0003629795         1  0.0579519237    0.001021338      1.780944e-03            3.138717e-05
92  2013-07-15 14:09:45    110 325.7 174.4 173.7658 9.589647e-05 17.12887 0.2193099 0.094933385   0.01032843   0.0033363880      0.0003629878         1  0.0588684415    0.001019830      1.809110e-03            3.134081e-05
93  2013-07-15 14:10:00    111 326.5 174.4 173.7598 9.589647e-05 17.12283 0.2193099 0.094671005   0.01032842   0.0033271667      0.0003629872         1  0.0596831239    0.001018562      1.834146e-03            3.130184e-05
94  2013-07-15 14:10:15    112 327.3 174.4 173.7537 9.589647e-05 17.11679 0.2193099 0.094408625   0.01032840   0.0033179455      0.0003629867         1  0.0604978064    0.001017363      1.859183e-03            3.126499e-05
95  2013-07-15 14:10:30    113 328.0 174.3 173.6477 9.589647e-05 17.01075 0.2193099 0.089802030   0.01032814   0.0031560490      0.0003629774         1  0.0612106536    0.001016370      1.881090e-03            3.123449e-05
96  2013-07-15 14:10:45    114 328.8 174.4 173.7417 9.589647e-05 17.10471 0.2193099 0.093883865   0.01032837   0.0032995031      0.0003629856         1  0.0620253361    0.001015301      1.906126e-03            3.120163e-05
97  2013-07-15 14:11:00    115 329.6 174.2 173.5356 9.589647e-05 16.89867 0.2193099 0.084933055   0.01032786   0.0029849312      0.0003629677         1  0.0628400185    0.001014301      1.931162e-03            3.117091e-05
98  2013-07-15 14:11:15    116 330.4 174.1 173.4296 9.589647e-05 16.79263 0.2193099 0.080326460   0.01032760   0.0028230347      0.0003629585         1  0.0636547010    0.001013371      1.956199e-03            3.114232e-05
99  2013-07-15 14:11:30    117 331.2 174.2 173.5235 9.589647e-05 16.88659 0.2193099 0.084408295   0.01032783   0.0029664888      0.0003629666         1  0.0644693835    0.001012511      1.981235e-03            3.111589e-05
100 2013-07-15 14:11:45    118 331.9 174.2 173.5175 9.589647e-05 16.88055 0.2193099 0.084145915   0.01032782   0.0029572676      0.0003629661         1  0.0651822307    0.001011816      2.003142e-03            3.109453e-05
101 2013-07-15 14:12:00    119 332.7 174.3 173.6115 9.589647e-05 16.97451 0.2193099 0.088227750   0.01032805   0.0031007217      0.0003629743         1  0.0659969131    0.001011087      2.028178e-03            3.107214e-05
102 2013-07-15 14:12:15    120 333.5 174.1 173.4054 9.589647e-05 16.76847 0.2193099 0.079276941   0.01032754   0.0027861498      0.0003629564         1  0.0668115956    0.001010429      2.053214e-03            3.105191e-05
103 2013-07-15 14:12:30    121 334.3 174.1 173.3994 9.589647e-05 16.76243 0.2193099 0.079014561   0.01032753   0.0027769286      0.0003629559         1  0.0676262781    0.001009842      2.078251e-03            3.103386e-05
104 2013-07-15 14:12:45    122 335.1 174.2 173.4933 9.589647e-05 16.85639 0.2193099 0.083096396   0.01032776   0.0029203827      0.0003629640         1  0.0684409606    0.001009325      2.103287e-03            3.101797e-05
105 2013-07-15 14:13:00    123 335.9 174.2 173.4873 9.589647e-05 16.85035 0.2193099 0.082834016   0.01032774   0.0029111615      0.0003629635         1  0.0692556431    0.001008879      2.128323e-03            3.100426e-05
106 2013-07-15 14:13:15    124 336.7 174.3 173.5813 9.589647e-05 16.94431 0.2193099 0.086915851   0.01032797   0.0030546156      0.0003629716         1  0.0700703255    0.001008503      2.153360e-03            3.099272e-05
107 2013-07-15 14:13:30    125 337.5 174.3 173.5752 9.589647e-05 16.93827 0.2193099 0.086653471   0.01032796   0.0030453944      0.0003629711         1  0.0708850080    0.001008199      2.178396e-03            3.098337e-05
108 2013-07-15 14:13:45    126 338.3 174.4 173.6692 9.589647e-05 17.03223 0.2193099 0.090735306   0.01032819   0.0031888485      0.0003629793         1  0.0716996905    0.001007966      2.203432e-03            3.097620e-05
109 2013-07-15 14:14:00    127 339.1 174.5 173.7631 9.589647e-05 17.12619 0.2193099 0.094817141   0.01032843   0.0033323026      0.0003629875         1  0.0725143730    0.001007803      2.228469e-03            3.097121e-05
110 2013-07-15 14:14:15    128 340.0 174.5 173.7571 9.589647e-05 17.12015 0.2193099 0.094554761   0.01032841   0.0033230814      0.0003629870         1  0.0734308908    0.001007706      2.256635e-03            3.096821e-05
111 2013-07-15 14:14:30    129 340.9 174.8 174.0511 9.589647e-05 17.41411 0.2193099 0.107325026   0.01032915   0.0037718862      0.0003630130         1  0.0743474085    0.001007698      2.284801e-03            3.096798e-05
112 2013-07-15 14:14:45    130 341.6 174.8 174.0450 9.589647e-05 17.40807 0.2193099 0.107062646   0.01032914   0.0037626650      0.0003630125         1  0.0750602557    0.001007754      2.306707e-03            3.096971e-05
113 2013-07-15 14:15:00    131 342.3 174.8 174.0390 9.589647e-05 17.40203 0.2193099 0.106800266   0.01032912   0.0037534438      0.0003630119         1  0.0757731029    0.001007865      2.328614e-03            3.097311e-05
114 2013-07-15 14:15:15    132 343.2 174.9 174.1330 9.589647e-05 17.49599 0.2193099 0.110882101   0.01032936   0.0038968979      0.0003630204         1  0.0766896207    0.001008087      2.356780e-03            3.097995e-05
115 2013-07-15 14:15:30    133 344.1 174.9 174.1269 9.589647e-05 17.48995 0.2193099 0.110619721   0.01032934   0.0038876767      0.0003630198         1  0.0776061385    0.001008400      2.384946e-03            3.098954e-05
116 2013-07-15 14:15:45    134 344.9 174.8 174.0209 9.589647e-05 17.38391 0.2193099 0.106013126   0.01032907   0.0037257801      0.0003630103         1  0.0784208209    0.001008753      2.409982e-03            3.100039e-05
117 2013-07-15 14:16:00    135 345.7 174.9 174.1148 9.589647e-05 17.47787 0.2193099 0.110094961   0.01032931   0.0038692342      0.0003630187         1  0.0792355034    0.001009177      2.435019e-03            3.101342e-05
118 2013-07-15 14:16:15    136 346.7 175.0 174.2088 9.589647e-05 17.57183 0.2193099 0.114176796   0.01032955   0.0040126883      0.0003630272         1  0.0802538565    0.001009806      2.466314e-03            3.103276e-05
119 2013-07-15 14:16:30    137 347.5 175.1 174.3028 9.589647e-05 17.66580 0.2193099 0.118258631   0.01032980   0.0041561425      0.0003630357         1  0.0810685390    0.001010389      2.491350e-03            3.105068e-05
120 2013-07-15 14:16:45    138 348.3 175.2 174.3967 9.589647e-05 17.75976 0.2193099 0.122340466   0.01033004   0.0042995966      0.0003630442         1  0.0818832215    0.001011043      2.516387e-03            3.107076e-05
121 2013-07-15 14:17:00    139 349.2 175.0 174.1907 9.589647e-05 17.55372 0.2193099 0.113389656   0.01032951   0.0039850247      0.0003630255         1  0.0827997393    0.001011862      2.544553e-03            3.109594e-05
122 2013-07-15 14:17:15    140 350.0 175.0 174.1846 9.589647e-05 17.54768 0.2193099 0.113127276   0.01032949   0.0039758035      0.0003630250         1  0.0836144217    0.001012665      2.569589e-03            3.112062e-05
123 2013-07-15 14:17:30    141 351.0 175.0 174.1786 9.589647e-05 17.54164 0.2193099 0.112864896   0.01032948   0.0039665823      0.0003630245         1  0.0846327748    0.001013767      2.600884e-03            3.115449e-05
124 2013-07-15 14:17:45    142 351.9 175.2 174.3726 9.589647e-05 17.73560 0.2193099 0.121290946   0.01032998   0.0042627117      0.0003630420         1  0.0855492926    0.001014853      2.629050e-03            3.118785e-05
125 2013-07-15 14:18:00    143 352.7 175.0 174.1665 9.589647e-05 17.52956 0.2193099 0.112340136   0.01032945   0.0039481398      0.0003630234         1  0.0863639751    0.001015891      2.654087e-03            3.121977e-05
126 2013-07-15 14:18:15    144 353.7 174.8 173.9605 9.589647e-05 17.32352 0.2193099 0.103389326   0.01032892   0.0036335679      0.0003630050         1  0.0873823282    0.001017287      2.685382e-03            3.126267e-05
127 2013-07-15 14:18:30    145 354.5 174.9 174.0544 9.589647e-05 17.41748 0.2193099 0.107471161   0.01032916   0.0037770221      0.0003630133         1  0.0881970107    0.001018482      2.710418e-03            3.129939e-05
128 2013-07-15 14:18:45    146 355.2 174.9 174.0484 9.589647e-05 17.41144 0.2193099 0.107208781   0.01032914   0.0037678008      0.0003630128         1  0.0889098579    0.001019584      2.732325e-03            3.133325e-05
129 2013-07-15 14:19:00    147 356.2 174.9 174.0424 9.589647e-05 17.40540 0.2193099 0.106946401   0.01032913   0.0037585796      0.0003630122         1  0.0899282109    0.001021249      2.763620e-03            3.138442e-05
130 2013-07-15 14:19:15    148 357.1 174.8 173.9363 9.589647e-05 17.29936 0.2193099 0.102339806   0.01032886   0.0035966831      0.0003630028         1  0.0908447287    0.001022839      2.791786e-03            3.143328e-05
131 2013-07-15 14:19:30    149 358.0 174.8 173.9303 9.589647e-05 17.29332 0.2193099 0.102077426   0.01032885   0.0035874619      0.0003630023         1  0.0917612465    0.001024515      2.819952e-03            3.148478e-05
132 2013-07-15 14:19:45    150 358.8 174.7 173.8242 9.589647e-05 17.18728 0.2193099 0.097470832   0.01032858   0.0034255653      0.0003629929         1  0.0925759290    0.001026077      2.844989e-03            3.153278e-05
133 2013-07-15 14:20:00    151 359.8 174.7 173.8182 9.589647e-05 17.18124 0.2193099 0.097208452   0.01032856   0.0034163441      0.0003629924         1  0.0935942821    0.001028123      2.876284e-03            3.159568e-05
134 2013-07-15 14:20:15    152 360.6 174.9 174.0122 9.589647e-05 17.37520 0.2193099 0.105634502   0.01032905   0.0037124735      0.0003630095         1  0.0944089646    0.001029836      2.901320e-03            3.164831e-05
135 2013-07-15 14:20:30    153 361.5 174.8 173.9061 9.589647e-05 17.26916 0.2193099 0.101027907   0.01032878   0.0035505770      0.0003630001         1  0.0953254824    0.001031843      2.929486e-03            3.170998e-05
136 2013-07-15 14:20:45    154 362.4 174.9 174.0001 9.589647e-05 17.36312 0.2193099 0.105109742   0.01032902   0.0036940311      0.0003630085         1  0.0962420002    0.001033933      2.957652e-03            3.177421e-05
137 2013-07-15 14:21:00    155 363.4 174.8 173.8940 9.589647e-05 17.25708 0.2193099 0.100503147   0.01032875   0.0035321346      0.0003629991         1  0.0972603533    0.001036353      2.988948e-03            3.184859e-05
138 2013-07-15 14:21:15    156 364.2 175.0 174.0880 9.589647e-05 17.45104 0.2193099 0.108929197   0.01032924   0.0038282640      0.0003630163         1  0.0980750357    0.001038363      3.013984e-03            3.191036e-05
139 2013-07-15 14:21:30    157 365.2 175.0 174.0820 9.589647e-05 17.44500 0.2193099 0.108666817   0.01032923   0.0038190428      0.0003630158         1  0.0990933888    0.001040967      3.045279e-03            3.199037e-05
140 2013-07-15 14:21:45    158 366.2 175.0 174.0759 9.589647e-05 17.43896 0.2193099 0.108404437   0.01032921   0.0038098216      0.0003630152         1  0.1001117419    0.001043671      3.076575e-03            3.207348e-05
141 2013-07-15 14:22:00    159 367.2 175.1 174.1699 9.589647e-05 17.53292 0.2193099 0.112486272   0.01032945   0.0039532757      0.0003630237         1  0.1011300950    0.001046476      3.107870e-03            3.215967e-05
142 2013-07-15 14:22:15    160 368.1 174.9 173.9638 9.589647e-05 17.32688 0.2193099 0.103535462   0.01032893   0.0036387038      0.0003630052         1  0.1020466128    0.001049084      3.136036e-03            3.223984e-05
143 2013-07-15 14:22:30    161 369.1 175.0 174.0578 9.589647e-05 17.42084 0.2193099 0.107617297   0.01032917   0.0037821579      0.0003630136         1  0.1030649659    0.001052077      3.167331e-03            3.233180e-05
144 2013-07-15 14:22:45    162 370.1 175.1 174.1518 9.589647e-05 17.51480 0.2193099 0.111699132   0.01032941   0.0039256120      0.0003630220         1  0.1040833190    0.001055167      3.198627e-03            3.242676e-05
145 2013-07-15 14:23:00    163 370.9 175.2 174.2457 9.589647e-05 17.60876 0.2193099 0.115780967   0.01032965   0.0040690662      0.0003630305         1  0.1048980015    0.001057708      3.223663e-03            3.250487e-05
146 2013-07-15 14:23:15    164 372.0 175.2 174.2397 9.589647e-05 17.60272 0.2193099 0.115518587   0.01032963   0.0040598449      0.0003630300         1  0.1060181899    0.001061303      3.258088e-03            3.261535e-05
147 2013-07-15 14:23:30    165 373.0 175.3 174.3336 9.589647e-05 17.69668 0.2193099 0.119600422   0.01032987   0.0042032991      0.0003630385         1  0.1070365430    0.001064672      3.289384e-03            3.271886e-05
148 2013-07-15 14:23:45    166 374.1 175.5 174.5276 9.589647e-05 17.89064 0.2193099 0.128026472   0.01033038   0.0044994285      0.0003630562         1  0.1081567314    0.001068485      3.323809e-03            3.283606e-05
149 2013-07-15 14:24:00    167 375.0 175.5 174.5216 9.589647e-05 17.88460 0.2193099 0.127764092   0.01033036   0.0044902073      0.0003630556         1  0.1090732492    0.001071690      3.351974e-03            3.293453e-05
150 2013-07-15 14:24:15    168 375.8 175.5 174.5155 9.589647e-05 17.87856 0.2193099 0.127501712   0.01033035   0.0044809861      0.0003630551         1  0.1098879317    0.001074601      3.377011e-03            3.302400e-05
151 2013-07-15 14:24:30    169 376.7 175.4 174.4095 9.589647e-05 17.77252 0.2193099 0.122895117   0.01033007   0.0043190895      0.0003630454         1  0.1108044495    0.001077946      3.405177e-03            3.312679e-05
152 2013-07-15 14:24:45    170 377.7 175.3 174.3034 9.589647e-05 17.66648 0.2193099 0.118288522   0.01032980   0.0041571930      0.0003630357         1  0.1118228026    0.001081749      3.436472e-03            3.324367e-05
153 2013-07-15 14:25:00    171 378.6 175.5 174.4974 9.589647e-05 17.86044 0.2193099 0.126714572   0.01033030   0.0044533224      0.0003630534         1  0.1127393203    0.001085248      3.464638e-03            3.335121e-05
154 2013-07-15 14:25:15    172 379.6 175.4 174.3914 9.589647e-05 17.75440 0.2193099 0.122107977   0.01033002   0.0042914259      0.0003630437         1  0.1137576734    0.001089221      3.495933e-03            3.347330e-05
155 2013-07-15 14:25:30    173 380.5 175.5 174.4853 9.589647e-05 17.84836 0.2193099 0.126189812   0.01033027   0.0044348800      0.0003630523         1  0.1146741912    0.001092872      3.524099e-03            3.358549e-05
156 2013-07-15 14:25:45    174 381.4 175.5 174.4793 9.589647e-05 17.84232 0.2193099 0.125927432   0.01033025   0.0044256588      0.0003630517         1  0.1155907090    0.001096593      3.552265e-03            3.369986e-05
157 2013-07-15 14:26:00    175 382.3 175.6 174.5732 9.589647e-05 17.93628 0.2193099 0.130009267   0.01033050   0.0045691129      0.0003630604         1  0.1165072268    0.001100384      3.580431e-03            3.381636e-05
158 2013-07-15 14:26:15    176 383.2 175.4 174.3672 9.589647e-05 17.73024 0.2193099 0.121058457   0.01032996   0.0042545410      0.0003630415         1  0.1174237446    0.001104245      3.608597e-03            3.393500e-05
159 2013-07-15 14:26:30    177 384.2 175.4 174.3612 9.589647e-05 17.72420 0.2193099 0.120796077   0.01032995   0.0042453198      0.0003630410         1  0.1184420977    0.001108614      3.639892e-03            3.406928e-05
160 2013-07-15 14:26:45    178 385.1 175.5 174.4551 9.589647e-05 17.81817 0.2193099 0.124877912   0.01033019   0.0043887739      0.0003630495         1  0.1193586155    0.001112618      3.668058e-03            3.419232e-05
161 2013-07-15 14:27:00    179 386.2 175.5 174.4491 9.589647e-05 17.81213 0.2193099 0.124615532   0.01033017   0.0043795527      0.0003630490         1  0.1204788039    0.001117602      3.702483e-03            3.434550e-05
162 2013-07-15 14:27:15    180 387.2 175.4 174.3430 9.589647e-05 17.70609 0.2193099 0.120008938   0.01032990   0.0042176562      0.0003630393         1  0.1214971570    0.001122219      3.733779e-03            3.448738e-05
163 2013-07-15 14:27:30    181 388.4 175.4 174.3370 9.589647e-05 17.70005 0.2193099 0.119746558   0.01032988   0.0042084349      0.0003630388         1  0.1227191807    0.001127865      3.771333e-03            3.466089e-05
164 2013-07-15 14:27:45    182 389.3 175.5 174.4310 9.589647e-05 17.79401 0.2193099 0.123828393   0.01033013   0.0043518891      0.0003630473         1  0.1236356985    0.001132175      3.799499e-03            3.479334e-05
165 2013-07-15 14:28:00    183 390.5 175.4 174.3249 9.589647e-05 17.68797 0.2193099 0.119221798   0.01032985   0.0041899925      0.0003630377         1  0.1248577222    0.001138020      3.837054e-03            3.497296e-05
166 2013-07-15 14:28:15    184 391.5 175.3 174.2189 9.589647e-05 17.58193 0.2193099 0.114615203   0.01032958   0.0040280959      0.0003630281         1  0.1258760753    0.001142976      3.868349e-03            3.512525e-05
167 2013-07-15 14:28:30    185 392.6 175.3 174.2128 9.589647e-05 17.57589 0.2193099 0.114352823   0.01032956   0.0040188747      0.0003630275         1  0.1269962637    0.001148515      3.902774e-03            3.529548e-05
168 2013-07-15 14:28:45    186 393.7 175.4 174.3068 9.589647e-05 17.66985 0.2193099 0.118434658   0.01032981   0.0041623289      0.0003630360         1  0.1281164521    0.001154145      3.937199e-03            3.546849e-05
169 2013-07-15 14:29:00    187 394.7 175.3 174.2008 9.589647e-05 17.56381 0.2193099 0.113828063   0.01032953   0.0040004323      0.0003630264         1  0.1291348052    0.001159341      3.968494e-03            3.562817e-05
170 2013-07-15 14:29:15    188 395.9 175.1 173.9947 9.589647e-05 17.35777 0.2193099 0.104877253   0.01032901   0.0036858604      0.0003630080         1  0.1303568289    0.001165672      4.006049e-03            3.582273e-05
171 2013-07-15 14:29:30    189 397.2 175.2 174.0887 9.589647e-05 17.45173 0.2193099 0.108959088   0.01032925   0.0038293145      0.0003630164         1  0.1316806880    0.001172647      4.046733e-03            3.603710e-05
172 2013-07-15 14:29:45    190 398.4 175.3 174.1826 9.589647e-05 17.54569 0.2193099 0.113040923   0.01032949   0.0039727686      0.0003630248         1  0.1329027117    0.001179192      4.084287e-03            3.623822e-05
173 2013-07-15 14:30:00    191 399.7 175.2 174.0766 9.589647e-05 17.43965 0.2193099 0.108434328   0.01032922   0.0038108721      0.0003630153         1  0.1342265707    0.001186394      4.124971e-03            3.645957e-05
174 2013-07-15 14:30:15    192 400.8 175.2 174.0706 9.589647e-05 17.43361 0.2193099 0.108171948   0.01032920   0.0038016509      0.0003630148         1  0.1353467591    0.001192579      4.159396e-03            3.664963e-05
175 2013-07-15 14:30:30    193 402.2 175.2 174.0645 9.589647e-05 17.42757 0.2193099 0.107909568   0.01032919   0.0037924297      0.0003630142         1  0.1367724535    0.001200567      4.203210e-03            3.689513e-05
176 2013-07-15 14:30:45    194 403.6 175.2 174.0585 9.589647e-05 17.42153 0.2193099 0.107647188   0.01032917   0.0037832084      0.0003630137         1  0.1381981478    0.001208685      4.247024e-03            3.714458e-05
177 2013-07-15 14:31:00    195 405.2 175.3 174.1524 9.589647e-05 17.51549 0.2193099 0.111729023   0.01032941   0.0039266626      0.0003630221         1  0.1398275128    0.001218116      4.297096e-03            3.743441e-05
178 2013-07-15 14:31:15    196 406.7 175.3 174.1464 9.589647e-05 17.50945 0.2193099 0.111466643   0.01032939   0.0039174413      0.0003630216         1  0.1413550424    0.001227104      4.344039e-03            3.771063e-05
179 2013-07-15 14:31:30    197 408.4 175.3 174.1404 9.589647e-05 17.50341 0.2193099 0.111204263   0.01032938   0.0039082201      0.0003630210         1  0.1430862427    0.001237458      4.397242e-03            3.802881e-05
180 2013-07-15 14:31:45    198 410.1 175.4 174.2343 9.589647e-05 17.59737 0.2193099 0.115286098   0.01032962   0.0040516742      0.0003630295         1  0.1448174429    0.001247985      4.450444e-03            3.835233e-05
181 2013-07-15 14:32:00    199 411.4 175.5 174.3283 9.589647e-05 17.69133 0.2193099 0.119367933   0.01032986   0.0041951284      0.0003630380         1  0.1461413020    0.001256149      4.491128e-03            3.860323e-05
182 2013-07-15 14:32:15    200 413.0 175.7 174.5222 9.589647e-05 17.88529 0.2193099 0.127793983   0.01033036   0.0044912578      0.0003630557         1  0.1477706669    0.001266331      4.541201e-03            3.891612e-05
183 2013-07-15 14:32:30    201 414.7 175.8 174.6162 9.589647e-05 17.97925 0.2193099 0.131875818   0.01033061   0.0046347119      0.0003630643         1  0.1495018672    0.001277305      4.594403e-03            3.925339e-05
184 2013-07-15 14:32:45    202 416.5 175.8 174.6102 9.589647e-05 17.97321 0.2193099 0.131613438   0.01033059   0.0046254907      0.0003630638         1  0.1513349028    0.001289098      4.650735e-03            3.961578e-05
185 2013-07-15 14:33:00    203 417.9 176.8 175.6041 9.589647e-05 18.96717 0.2193099 0.174793208   0.01033327   0.0061430229      0.0003631579         0  0.1527605971    0.001298388      4.694548e-03            3.990130e-05
186 2013-07-15 14:33:15    204 419.3 175.2 173.9981 9.589647e-05 17.36113 0.2193099 0.105023389   0.01032902   0.0036909963      0.0003630083         0  0.1541862914    0.001307781      4.738362e-03            4.018995e-05
187 2013-07-15 14:33:30    205 419.7 174.9 173.6920 9.589647e-05 17.05509 0.2193099 0.091728364   0.01032825   0.0032237491      0.0003629813         0  0.1545936327    0.001310483      4.750880e-03            4.027299e-05
188 2013-07-15 14:33:45    206 419.1 174.9 173.6860 9.589647e-05 17.04905 0.2193099 0.091465984   0.01032823   0.0032145278      0.0003629808         0  0.1539826208    0.001306433      4.732103e-03            4.014853e-05
189 2013-07-15 14:34:00    207 418.2 174.9 173.6800 9.589647e-05 17.04301 0.2193099 0.091203604   0.01032822   0.0032053066      0.0003629802         0  0.1530661030    0.001300393      4.703937e-03            3.996289e-05

$dryleafvolt
            timestamp record LWSmV  SEmV    CSEmV     CSEmV.sd   loadmV loadmV.sd
1 2013-07-15 13:45:45     14 262.4 171.5 171.4456 9.589647e-05 14.80869 0.2193099
2 2013-07-15 13:46:00     15 262.4 171.6 171.5396 9.589647e-05 14.90265 0.2193099
3 2013-07-15 13:46:15     16 262.4 171.8 171.7336 9.589647e-05 15.09661 0.2193099
4 2013-07-15 13:46:30     17 262.4 171.6 171.5275 9.589647e-05 14.89057 0.2193099
5 2013-07-15 13:46:45     18 262.4 171.6 171.5215 9.589647e-05 14.88453 0.2193099
6 2013-07-15 13:47:00     19 262.4 171.8 171.7154 9.589647e-05 15.07849 0.2193099

$runtime
Time difference of 47 mins

$startcalibvolt
            timestamp record LWSmV  SEmV    CSEmV     CSEmV.sd   loadmV loadmV.sd
1 2013-07-15 13:44:00      7 262.4 279.1 279.0879 9.589647e-05 122.4510 0.2193099
2 2013-07-15 13:44:15      8 262.4 279.2 279.1819 9.589647e-05 122.5449 0.2193099
3 2013-07-15 13:44:30      9 262.4 279.5 279.4758 9.589647e-05 122.8389 0.2193099
4 2013-07-15 13:44:45     10 262.4 279.6 279.5698 9.589647e-05 122.9328 0.2193099

$endcalibvolt
[1] NA

$lastLWSvolt
[1] 410.9

$maxLWSvolt
[1] 419.7

$species
[1] "blackoak"

$trial
[1] "1"

$replicate
[1] "1"

$isvertical
[1] FALSE

$conversionfactor
         avg       stdev
1 0.04344215 3.88261e-05

$LWSwatermass
        avg      stdev
1 0.1186157 0.00695856

$dryleafmass
        avg       stdev
1 0.6491815 0.003932539

$lwsmodel

Call:
lm(formula = LWSsurfacedensity ~ record, data = rd[rd$runfilter == 
    1, ])

Coefficients:
(Intercept)       record  
 -1.070e-03    2.668e-05  


$leafmodel

Call:
lm(formula = surfacedensity ~ record, data = rd[rd$runfilter == 
    1, ])

Coefficients:
(Intercept)       record  
  9.947e-04    1.806e-05  


