$name
[1] "blackoak7"

$leafarea
[1] 39.73629

$startbasevolt
            timestamp record LWSmV  SEmV CSEmV CSEmV.sd     loadmV loadmV.sd
1 2013-07-16 15:24:45      2 264.4 149.1 149.1        0  0.4795264 0.2921604
2 2013-07-16 15:25:00      3 264.4 148.7 148.7        0  0.0795264 0.2921604
3 2013-07-16 15:25:15      4 264.4 148.4 148.4        0 -0.2204736 0.2921604
4 2013-07-16 15:25:30      5 264.4 148.3 148.3        0 -0.3204736 0.2921604

$endbasevolt
             timestamp record LWSmV  SEmV    CSEmV     CSEmV.sd      loadmV loadmV.sd
1  2013-07-16 16:20:30    225 265.1 148.6 148.8535 0.0001327052  0.23300466 0.2921605
2  2013-07-16 16:20:45    226 265.1 148.3 148.5546 0.0001327052 -0.06584317 0.2921605
3  2013-07-16 16:21:00    227 265.1 148.3 148.5558 0.0001327052 -0.06469099 0.2921605
4  2013-07-16 16:21:15    228 265.1 148.5 148.7569 0.0001327052  0.13646118 0.2921605
5  2013-07-16 16:21:30    229 265.1 148.2 148.4581 0.0001327052 -0.16238665 0.2921605
6  2013-07-16 16:21:45    230 265.1 148.1 148.3592 0.0001327052 -0.26123447 0.2921605
7  2013-07-16 16:22:00    231 265.0 148.2 148.4604 0.0001327052 -0.16008230 0.2921605
8  2013-07-16 16:22:15    232 265.1 148.7 148.9615 0.0001327052  0.34106988 0.2921605
9  2013-07-16 16:22:30    233 265.0 148.8 149.0627 0.0001327052  0.44222205 0.2921605
10 2013-07-16 16:22:45    234 265.0 147.9 148.1638 0.0001327052 -0.45662578 0.2921605

$dryragvolt
            timestamp record LWSmV  SEmV    CSEmV     CSEmV.sd   loadmV loadmV.sd
1 2013-07-16 16:16:45    210 389.3 212.8 213.0362 0.0001327052 64.41572 0.2921605
2 2013-07-16 16:17:00    211 388.6 212.6 212.8373 0.0001327052 64.21687 0.2921605
3 2013-07-16 16:17:15    212 387.9 212.5 212.7385 0.0001327052 64.11803 0.2921605

$wetragvolt
            timestamp record LWSmV  SEmV    CSEmV     CSEmV.sd   loadmV loadmV.sd
1 2013-07-16 16:18:00    215 266.9 215.2 215.4420 0.0001327052 66.82148 0.2921605
2 2013-07-16 16:18:15    216 266.2 215.2 215.4431 0.0001327052 66.82264 0.2921605
3 2013-07-16 16:18:30    217 265.8 215.2 215.4443 0.0001327052 66.82379 0.2921605
4 2013-07-16 16:18:45    218 265.2 215.4 215.6454 0.0001327052 67.02494 0.2921605
5 2013-07-16 16:19:00    219 265.1 215.3 215.5466 0.0001327052 66.92609 0.2921605
6 2013-07-16 16:19:15    220 265.1 215.0 215.2477 0.0001327052 66.62724 0.2921605
7 2013-07-16 16:19:30    221 265.1 214.6 214.8489 0.0001327052 66.22840 0.2921605
8 2013-07-16 16:19:45    222 265.1 214.3 214.5500 0.0001327052 65.92955 0.2921605
9 2013-07-16 16:20:00    223 265.1 214.3 214.5512 0.0001327052 65.93070 0.2921605

$rundata
              timestamp record LWSmV  SEmV    CSEmV     CSEmV.sd   loadmV loadmV.sd    watermass watermass.sd surfacedensity surfacedensity.sd runfilter      LWSwater LWSwater.stdev LWSsurfacedensity LWSsurfacedensity.stdev
1   2013-07-16 15:30:15     24 264.4 164.0 164.0219 0.0001327052 15.40142 0.2921605  0.010190192   0.01330332   2.564455e-04      0.0003347901         0 -0.0035566034    0.001290101     -1.092994e-04            3.964662e-05
2   2013-07-16 15:30:30     25 265.1 164.2 164.2230 0.0001327052 15.60257 0.2921605  0.018905805   0.01330367   4.757818e-04      0.0003347990         0 -0.0028437563    0.001285489     -8.739263e-05            3.950488e-05
3   2013-07-16 15:30:45     26 265.1 164.1 164.1242 0.0001327052 15.50372 0.2921605  0.014622881   0.01330350   3.679982e-04      0.0003347946         0 -0.0028437563    0.001285489     -8.739263e-05            3.950488e-05
4   2013-07-16 15:31:00     27 265.6 164.1 164.1253 0.0001327052 15.50487 0.2921605  0.014672803   0.01330350   3.692545e-04      0.0003347947         0 -0.0023345797    0.001282210     -7.174492e-05            3.940413e-05
5   2013-07-16 15:31:15     28 266.0 163.9 163.9265 0.0001327052 15.30603 0.2921605  0.006057035   0.01330315   1.524308e-04      0.0003347859         0 -0.0019272385    0.001279597     -5.922675e-05            3.932383e-05
6   2013-07-16 15:31:30     29 266.4 164.0 164.0277 0.0001327052 15.40718 0.2921605  0.010439802   0.01330333   2.627272e-04      0.0003347904         0 -0.0015198973    0.001276993     -4.670858e-05            3.924379e-05
7   2013-07-16 15:31:45     30 267.0 164.0 164.0288 0.0001327052 15.40833 0.2921605  0.010489724   0.01330333   2.639835e-04      0.0003347904         0 -0.0009088854    0.001273103     -2.793133e-05            3.912424e-05
8   2013-07-16 15:32:00     31 267.6 163.7 163.7300 0.0001327052 15.10948 0.2921605 -0.002458890   0.01330281  -6.188020e-05      0.0003347774         0 -0.0002978735    0.001269233     -9.154073e-06            3.900530e-05
9   2013-07-16 15:32:15     32 268.1 164.0 164.0311 0.0001327052 15.41064 0.2921605  0.010589568   0.01330333   2.664961e-04      0.0003347905         0  0.0002113030    0.001266023      6.493639e-06            3.890666e-05
10  2013-07-16 15:32:30     33 268.7 163.8 163.8323 0.0001327052 15.21179 0.2921605  0.001973799   0.01330299   4.967246e-05      0.0003347818         0  0.0008223149    0.001262189      2.527089e-05            3.878885e-05
11  2013-07-16 15:32:45     34 269.3 163.9 163.9334 0.0001327052 15.31294 0.2921605  0.006356566   0.01330316   1.599688e-04      0.0003347862         0  0.0014333267    0.001258376      4.404815e-05            3.867167e-05
12  2013-07-16 15:33:00     35 270.0 164.0 164.0346 0.0001327052 15.41409 0.2921605  0.010739333   0.01330334   2.702651e-04      0.0003347907         0  0.0021461739    0.001253954      6.595494e-05            3.853576e-05
13  2013-07-16 15:33:15     36 270.6 164.0 164.0357 0.0001327052 15.41524 0.2921605  0.010789255   0.01330334   2.715215e-04      0.0003347907         0  0.0027571858    0.001250185      8.473220e-05            3.841995e-05
14  2013-07-16 15:33:30     37 271.3 164.1 164.1369 0.0001327052 15.51640 0.2921605  0.015172022   0.01330352   3.818178e-04      0.0003347952         0  0.0034700329    0.001245815      1.066390e-04            3.828566e-05
15  2013-07-16 15:33:45     38 272.0 163.8 163.8380 0.0001327052 15.21755 0.2921605  0.002223409   0.01330300   5.595412e-05      0.0003347821         0  0.0041828801    0.001241474      1.285458e-04            3.815226e-05
16  2013-07-16 15:34:00     39 272.7 163.9 163.9392 0.0001327052 15.31870 0.2921605  0.006606176   0.01330317   1.662505e-04      0.0003347865         0  0.0048957273    0.001237162      1.504526e-04            3.801974e-05
17  2013-07-16 15:34:15     40 273.4 164.1 164.1403 0.0001327052 15.51985 0.2921605  0.015321788   0.01330352   3.855868e-04      0.0003347954         0  0.0056085744    0.001232880      1.723594e-04            3.788814e-05
18  2013-07-16 15:34:30     41 274.2 164.2 164.2415 0.0001327052 15.62100 0.2921605  0.019704555   0.01330370   4.958831e-04      0.0003347999         0  0.0064232569    0.001228022      1.973957e-04            3.773885e-05
19  2013-07-16 15:34:45     42 274.9 164.0 164.0426 0.0001327052 15.42216 0.2921605  0.011088787   0.01330335   2.790595e-04      0.0003347910         0  0.0071361041    0.001223804      2.193025e-04            3.760921e-05
20  2013-07-16 15:35:00     43 275.6 164.0 164.0438 0.0001327052 15.42331 0.2921605  0.011138709   0.01330335   2.803158e-04      0.0003347911         0  0.0078489512    0.001219616      2.412093e-04            3.748050e-05
21  2013-07-16 15:35:15     44 276.3 163.9 163.9449 0.0001327052 15.32446 0.2921605  0.006855786   0.01330318   1.725321e-04      0.0003347867         0  0.0085617984    0.001215458      2.631161e-04            3.735274e-05
22  2013-07-16 15:35:30     45 277.1 164.0 164.0461 0.0001327052 15.42561 0.2921605  0.011238553   0.01330336   2.828284e-04      0.0003347912         0  0.0093764809    0.001210745      2.881525e-04            3.720790e-05
23  2013-07-16 15:35:45     46 277.8 164.1 164.1472 0.0001327052 15.52677 0.2921605  0.015621320   0.01330354   3.931248e-04      0.0003347957         0  0.0100893281    0.001206655      3.100593e-04            3.708220e-05
24  2013-07-16 15:36:00     47 278.6 164.2 164.2484 0.0001327052 15.62792 0.2921605  0.020004087   0.01330372   5.034211e-04      0.0003348002         0  0.0109040105    0.001202019      3.350956e-04            3.693973e-05
25  2013-07-16 15:36:15     48 279.3 164.0 164.0495 0.0001327052 15.42907 0.2921605  0.011388318   0.01330337   2.865974e-04      0.0003347913         0  0.0116168577    0.001197997      3.570024e-04            3.681612e-05
26  2013-07-16 15:36:30     49 280.1 163.8 163.8507 0.0001327052 15.23022 0.2921605  0.002772550   0.01330302   6.977375e-05      0.0003347826         0  0.0124315402    0.001193440      3.820387e-04            3.667608e-05
27  2013-07-16 15:36:45     50 280.8 164.0 164.0518 0.0001327052 15.43137 0.2921605  0.011488162   0.01330337   2.891101e-04      0.0003347914         0  0.0131443874    0.001189487      4.039455e-04            3.655462e-05
28  2013-07-16 15:37:00     51 281.6 164.1 164.1530 0.0001327052 15.53253 0.2921605  0.015870929   0.01330355   3.994064e-04      0.0003347959         0  0.0139590698    0.001185011      4.289819e-04            3.641706e-05
29  2013-07-16 15:37:15     52 282.3 164.5 164.5542 0.0001327052 15.93368 0.2921605  0.033252232   0.01330426   8.368228e-04      0.0003348140         0  0.0146719170    0.001181130      4.508887e-04            3.629779e-05
30  2013-07-16 15:37:30     53 283.0 164.5 164.5553 0.0001327052 15.93483 0.2921605  0.033302154   0.01330427   8.380791e-04      0.0003348140         0  0.0153847642    0.001177283      4.727955e-04            3.617957e-05
31  2013-07-16 15:37:45     54 283.8 164.7 164.7565 0.0001327052 16.13598 0.2921605  0.042017766   0.01330463   1.057415e-03      0.0003348233         1  0.0161994467    0.001172928      4.978318e-04            3.604574e-05
32  2013-07-16 15:38:00     55 284.5 164.7 164.7576 0.0001327052 16.13714 0.2921605  0.042067688   0.01330464   1.058672e-03      0.0003348233         1  0.0169122938    0.001169155      5.197386e-04            3.592977e-05
33  2013-07-16 15:38:15     56 285.3 164.7 164.7588 0.0001327052 16.13829 0.2921605  0.042117610   0.01330464   1.059928e-03      0.0003348234         1  0.0177269763    0.001164885      5.447749e-04            3.579855e-05
34  2013-07-16 15:38:30     57 286.0 164.6 164.6599 0.0001327052 16.03944 0.2921605  0.037834686   0.01330446   9.521445e-04      0.0003348188         1  0.0184398235    0.001161187      5.666817e-04            3.568490e-05
35  2013-07-16 15:38:45     58 286.8 164.3 164.3611 0.0001327052 15.74059 0.2921605  0.024886073   0.01330392   6.262808e-04      0.0003348052         0  0.0192545059    0.001157003      5.917181e-04            3.555634e-05
36  2013-07-16 15:39:00     59 287.6 164.5 164.5622 0.0001327052 15.94174 0.2921605  0.033601685   0.01330428   8.456171e-04      0.0003348144         0  0.0200691884    0.001152867      6.167544e-04            3.542923e-05
37  2013-07-16 15:39:15     60 288.3 164.7 164.7634 0.0001327052 16.14290 0.2921605  0.042317297   0.01330465   1.064953e-03      0.0003348236         1  0.0207820356    0.001149287      6.386612e-04            3.531921e-05
38  2013-07-16 15:39:30     61 289.1 164.8 164.8645 0.0001327052 16.24405 0.2921605  0.046700064   0.01330483   1.175250e-03      0.0003348283         1  0.0215967181    0.001145240      6.636975e-04            3.519485e-05
39  2013-07-16 15:39:45     62 289.8 164.8 164.8657 0.0001327052 16.24520 0.2921605  0.046749986   0.01330483   1.176506e-03      0.0003348283         1  0.0223095652    0.001141739      6.856043e-04            3.508725e-05
40  2013-07-16 15:40:00     63 290.6 164.5 164.5668 0.0001327052 15.94635 0.2921605  0.033801373   0.01330429   8.506424e-04      0.0003348146         0  0.0231242477    0.001137784      7.106407e-04            3.496570e-05
41  2013-07-16 15:40:15     64 291.3 164.3 164.3680 0.0001327052 15.74750 0.2921605  0.025185604   0.01330393   6.338187e-04      0.0003348055         0  0.0238370949    0.001134363      7.325475e-04            3.486058e-05
42  2013-07-16 15:40:30     65 292.0 164.8 164.8691 0.0001327052 16.24866 0.2921605  0.046899752   0.01330484   1.180275e-03      0.0003348285         1  0.0245499421    0.001130981      7.544543e-04            3.475664e-05
43  2013-07-16 15:40:45     66 292.8 164.5 164.5703 0.0001327052 15.94981 0.2921605  0.033951138   0.01330429   8.544114e-04      0.0003348147         0  0.0253646245    0.001127163      7.794906e-04            3.463929e-05
44  2013-07-16 15:41:00     67 293.5 164.6 164.6714 0.0001327052 16.05096 0.2921605  0.038333905   0.01330448   9.647078e-04      0.0003348194         1  0.0260774717    0.001123863      8.013974e-04            3.453790e-05
45  2013-07-16 15:41:15     68 294.3 164.6 164.6726 0.0001327052 16.05211 0.2921605  0.038383827   0.01330448   9.659641e-04      0.0003348194         1  0.0268921542    0.001120141      8.264337e-04            3.442350e-05
46  2013-07-16 15:41:30     69 295.0 164.6 164.6737 0.0001327052 16.05327 0.2921605  0.038433749   0.01330448   9.672204e-04      0.0003348195         1  0.0276050014    0.001116926      8.483405e-04            3.432470e-05
47  2013-07-16 15:41:45     70 295.8 164.6 164.6749 0.0001327052 16.05442 0.2921605  0.038483671   0.01330448   9.684768e-04      0.0003348195         1  0.0284196838    0.001113301      8.733769e-04            3.421330e-05
48  2013-07-16 15:42:00     71 296.5 164.7 164.7760 0.0001327052 16.15557 0.2921605  0.042866438   0.01330467   1.078773e-03      0.0003348242         1  0.0291325310    0.001110172      8.952837e-04            3.411715e-05
49  2013-07-16 15:42:15     72 297.3 164.6 164.6772 0.0001327052 16.05672 0.2921605  0.038583515   0.01330449   9.709894e-04      0.0003348196         1  0.0299472135    0.001106646      9.203200e-04            3.400879e-05
50  2013-07-16 15:42:30     73 298.0 164.3 164.3783 0.0001327052 15.75787 0.2921605  0.025634902   0.01330395   6.451257e-04      0.0003348060         0  0.0306600606    0.001103605      9.422268e-04            3.391534e-05
51  2013-07-16 15:42:45     74 298.7 164.8 164.8795 0.0001327052 16.25903 0.2921605  0.047349049   0.01330486   1.191582e-03      0.0003348290         1  0.0313729078    0.001100605      9.641336e-04            3.382315e-05
52  2013-07-16 15:43:00     75 299.4 164.5 164.5807 0.0001327052 15.96018 0.2921605  0.034400436   0.01330431   8.657184e-04      0.0003348152         1  0.0320857550    0.001097648      9.860404e-04            3.373225e-05
53  2013-07-16 15:43:15     76 300.2 164.6 164.6818 0.0001327052 16.06133 0.2921605  0.038783203   0.01330450   9.760147e-04      0.0003348198         1  0.0329004375    0.001094319      1.011077e-03            3.362996e-05
54  2013-07-16 15:43:30     77 300.9 164.7 164.7830 0.0001327052 16.16248 0.2921605  0.043165970   0.01330468   1.086311e-03      0.0003348245         1  0.0336132846    0.001091452      1.032984e-03            3.354185e-05
55  2013-07-16 15:43:45     78 301.6 164.7 164.7841 0.0001327052 16.16364 0.2921605  0.043215892   0.01330468   1.087567e-03      0.0003348245         1  0.0343261318    0.001088627      1.054890e-03            3.345505e-05
56  2013-07-16 15:44:00     79 302.4 164.4 164.4853 0.0001327052 15.86479 0.2921605  0.030267278   0.01330414   7.617037e-04      0.0003348108         0  0.0351408143    0.001085453      1.079927e-03            3.335748e-05
57  2013-07-16 15:44:15     80 303.2 164.9 164.9864 0.0001327052 16.36594 0.2921605  0.051981426   0.01330506   1.308160e-03      0.0003348340         1  0.0359554968    0.001082335      1.104963e-03            3.326166e-05
58  2013-07-16 15:44:30     81 303.9 164.8 164.8876 0.0001327052 16.26709 0.2921605  0.047698503   0.01330488   1.200376e-03      0.0003348293         1  0.0366683439    0.001079653      1.126870e-03            3.317927e-05
59  2013-07-16 15:44:45     82 304.6 165.1 165.1887 0.0001327052 16.56824 0.2921605  0.060746960   0.01330544   1.528753e-03      0.0003348435         1  0.0373811911    0.001077017      1.148777e-03            3.309823e-05
60  2013-07-16 15:45:00     83 305.4 165.0 165.0899 0.0001327052 16.46940 0.2921605  0.056464037   0.01330525   1.420969e-03      0.0003348388         1  0.0381958736    0.001074058      1.173813e-03            3.300730e-05
61  2013-07-16 15:45:15     84 306.1 164.9 164.9910 0.0001327052 16.37055 0.2921605  0.052181113   0.01330507   1.313185e-03      0.0003348342         1  0.0389087207    0.001071517      1.195720e-03            3.292922e-05
62  2013-07-16 15:45:30     85 306.9 165.1 165.1922 0.0001327052 16.57170 0.2921605  0.060896726   0.01330544   1.532522e-03      0.0003348437         1  0.0397234032    0.001068668      1.220756e-03            3.284168e-05
63  2013-07-16 15:45:45     86 307.5 165.3 165.3933 0.0001327052 16.77285 0.2921605  0.069612338   0.01330583   1.751858e-03      0.0003348533         1  0.0403344151    0.001066571      1.239533e-03            3.277723e-05
64  2013-07-16 15:46:00     87 308.5 165.1 165.1945 0.0001327052 16.57400 0.2921605  0.060996569   0.01330545   1.535034e-03      0.0003348438         1  0.0413527682    0.001063151      1.270829e-03            3.267212e-05
65  2013-07-16 15:46:15     88 309.0 165.3 165.3956 0.0001327052 16.77516 0.2921605  0.069712182   0.01330583   1.754371e-03      0.0003348534         1  0.0418619447    0.001061476      1.286476e-03            3.262065e-05
66  2013-07-16 15:46:30     89 309.8 165.1 165.1968 0.0001327052 16.57631 0.2921605  0.061096413   0.01330545   1.537547e-03      0.0003348439         1  0.0426766272    0.001058846      1.311513e-03            3.253983e-05
67  2013-07-16 15:46:45     90 310.5 165.5 165.5979 0.0001327052 16.97746 0.2921605  0.078477716   0.01330622   1.974963e-03      0.0003348631         1  0.0433894744    0.001056595      1.333420e-03            3.247065e-05
68  2013-07-16 15:47:00     91 311.2 165.2 165.2991 0.0001327052 16.67861 0.2921605  0.065529102   0.01330565   1.649100e-03      0.0003348487         1  0.0441023215    0.001054391      1.355326e-03            3.240292e-05
69  2013-07-16 15:47:15     92 312.0 165.4 165.5002 0.0001327052 16.87977 0.2921605  0.074244714   0.01330603   1.868436e-03      0.0003348584         1  0.0449170040    0.001051931      1.380363e-03            3.232731e-05
70  2013-07-16 15:47:30     93 312.7 165.2 165.3014 0.0001327052 16.68092 0.2921605  0.065628946   0.01330565   1.651612e-03      0.0003348489         1  0.0456298512    0.001049829      1.402270e-03            3.226273e-05
71  2013-07-16 15:47:45     94 313.4 165.4 165.5025 0.0001327052 16.88207 0.2921605  0.074344558   0.01330603   1.870949e-03      0.0003348585         1  0.0463426984    0.001047776      1.424176e-03            3.219962e-05
72  2013-07-16 15:48:00     95 314.1 165.4 165.5037 0.0001327052 16.88322 0.2921605  0.074394480   0.01330604   1.872205e-03      0.0003348586         1  0.0470555455    0.001045771      1.446083e-03            3.213800e-05
73  2013-07-16 15:48:15     96 314.8 165.3 165.4048 0.0001327052 16.78437 0.2921605  0.070111557   0.01330585   1.764421e-03      0.0003348538         1  0.0477683927    0.001043814      1.467990e-03            3.207788e-05
74  2013-07-16 15:48:30     97 315.5 165.4 165.5060 0.0001327052 16.88553 0.2921605  0.074494324   0.01330604   1.874718e-03      0.0003348587         1  0.0484812399    0.001041907      1.489897e-03            3.201927e-05
75  2013-07-16 15:48:45     98 316.3 165.2 165.3072 0.0001327052 16.68668 0.2921605  0.065878556   0.01330566   1.657894e-03      0.0003348491         1  0.0492959223    0.001039788      1.514933e-03            3.195414e-05
76  2013-07-16 15:49:00     99 317.0 165.4 165.5083 0.0001327052 16.88783 0.2921605  0.074594168   0.01330605   1.877230e-03      0.0003348588         1  0.0500087695    0.001037986      1.536840e-03            3.189878e-05
77  2013-07-16 15:49:15    100 317.7 165.3 165.4095 0.0001327052 16.78898 0.2921605  0.070311245   0.01330586   1.769447e-03      0.0003348540         1  0.0507216167    0.001036235      1.558747e-03            3.184495e-05
78  2013-07-16 15:49:30    101 318.4 165.4 165.5106 0.0001327052 16.89014 0.2921605  0.074694012   0.01330605   1.879743e-03      0.0003348589         1  0.0514344638    0.001034533      1.580653e-03            3.179266e-05
79  2013-07-16 15:49:45    102 319.1 165.6 165.7118 0.0001327052 17.09129 0.2921605  0.083409624   0.01330644   2.099079e-03      0.0003348687         1  0.0521473110    0.001032882      1.602560e-03            3.174191e-05
80  2013-07-16 15:50:00    103 319.8 165.4 165.5129 0.0001327052 16.89244 0.2921605  0.074793855   0.01330605   1.882256e-03      0.0003348590         1  0.0528601582    0.001031281      1.624467e-03            3.169272e-05
81  2013-07-16 15:50:15    104 320.5 165.7 165.8141 0.0001327052 17.19359 0.2921605  0.087842313   0.01330664   2.210632e-03      0.0003348737         1  0.0535730053    0.001029731      1.646374e-03            3.164509e-05
82  2013-07-16 15:50:30    105 321.2 165.4 165.5152 0.0001327052 16.89474 0.2921605  0.074893699   0.01330606   1.884768e-03      0.0003348591         1  0.0542858525    0.001028232      1.668281e-03            3.159903e-05
83  2013-07-16 15:50:45    106 321.9 165.4 165.5164 0.0001327052 16.89590 0.2921605  0.074943621   0.01330606   1.886025e-03      0.0003348592         1  0.0549986997    0.001026785      1.690187e-03            3.155455e-05
84  2013-07-16 15:51:00    107 322.6 165.1 165.2175 0.0001327052 16.59705 0.2921605  0.061995008   0.01330549   1.560161e-03      0.0003348449         1  0.0557115469    0.001025389      1.712094e-03            3.151164e-05
85  2013-07-16 15:51:15    108 323.4 165.4 165.5187 0.0001327052 16.89820 0.2921605  0.075043465   0.01330607   1.888537e-03      0.0003348593         1  0.0565262293    0.001023857      1.737131e-03            3.146455e-05
86  2013-07-16 15:51:30    109 324.1 165.6 165.7198 0.0001327052 17.09935 0.2921605  0.083759077   0.01330645   2.107874e-03      0.0003348691         1  0.0572390765    0.001022571      1.759037e-03            3.142506e-05
87  2013-07-16 15:51:45    110 324.8 165.4 165.5210 0.0001327052 16.90050 0.2921605  0.075143309   0.01330607   1.891050e-03      0.0003348594         1  0.0579519237    0.001021338      1.780944e-03            3.138717e-05
88  2013-07-16 15:52:00    111 325.5 165.4 165.5221 0.0001327052 16.90166 0.2921605  0.075193231   0.01330607   1.892306e-03      0.0003348595         1  0.0586647708    0.001020158      1.802851e-03            3.135088e-05
89  2013-07-16 15:52:15    112 326.2 165.3 165.4233 0.0001327052 16.80281 0.2921605  0.070910307   0.01330588   1.784523e-03      0.0003348547         1  0.0593776180    0.001019029      1.824758e-03            3.131621e-05
90  2013-07-16 15:52:30    113 326.8 165.4 165.5244 0.0001327052 16.90396 0.2921605  0.075293075   0.01330608   1.894819e-03      0.0003348596         1  0.0599886299    0.001018104      1.843535e-03            3.128778e-05
91  2013-07-16 15:52:45    114 327.6 165.9 166.0256 0.0001327052 17.40511 0.2921605  0.097007222   0.01330705   2.441275e-03      0.0003348842         1  0.0608033123    0.001016931      1.868571e-03            3.125172e-05
92  2013-07-16 15:53:00    115 328.3 165.7 165.8267 0.0001327052 17.20627 0.2921605  0.088391454   0.01330666   2.224452e-03      0.0003348743         1  0.0615161595    0.001015961      1.890478e-03            3.122192e-05
93  2013-07-16 15:53:15    116 329.0 165.7 165.8279 0.0001327052 17.20742 0.2921605  0.088441376   0.01330666   2.225708e-03      0.0003348744         1  0.0622290067    0.001015045      1.912385e-03            3.119375e-05
94  2013-07-16 15:53:30    117 329.8 165.6 165.7290 0.0001327052 17.10857 0.2921605  0.084158452   0.01330647   2.117924e-03      0.0003348695         1  0.0630436892    0.001014062      1.937421e-03            3.116356e-05
95  2013-07-16 15:53:45    118 330.5 165.9 166.0302 0.0001327052 17.40972 0.2921605  0.097206910   0.01330706   2.446301e-03      0.0003348844         1  0.0637565363    0.001013260      1.959328e-03            3.113890e-05
96  2013-07-16 15:54:00    119 331.1 165.8 165.9313 0.0001327052 17.31087 0.2921605  0.092923987   0.01330687   2.338517e-03      0.0003348795         1  0.0643675482    0.001012615      1.978105e-03            3.111908e-05
97  2013-07-16 15:54:15    120 331.8 166.0 166.1325 0.0001327052 17.51203 0.2921605  0.101639599   0.01330727   2.557853e-03      0.0003348895         1  0.0650803954    0.001011912      2.000012e-03            3.109748e-05
98  2013-07-16 15:54:30    121 332.6 166.0 166.1337 0.0001327052 17.51318 0.2921605  0.101689521   0.01330727   2.559110e-03      0.0003348896         1  0.0658950778    0.001011175      2.025048e-03            3.107482e-05
99  2013-07-16 15:54:45    122 333.3 166.0 166.1348 0.0001327052 17.51433 0.2921605  0.101739443   0.01330727   2.560366e-03      0.0003348896         1  0.0666079250    0.001010587      2.046955e-03            3.105677e-05
100 2013-07-16 15:55:00    123 334.0 166.1 166.2360 0.0001327052 17.61548 0.2921605  0.106122210   0.01330747   2.670662e-03      0.0003348947         1  0.0673207722    0.001010054      2.068862e-03            3.104037e-05
101 2013-07-16 15:55:15    124 334.7 166.0 166.1371 0.0001327052 17.51664 0.2921605  0.101839286   0.01330727   2.562879e-03      0.0003348897         1  0.0680336193    0.001009574      2.090769e-03            3.102564e-05
102 2013-07-16 15:55:30    125 335.4 165.7 165.8383 0.0001327052 17.21779 0.2921605  0.088890673   0.01330668   2.237015e-03      0.0003348749         1  0.0687464665    0.001009149      2.112676e-03            3.101257e-05
103 2013-07-16 15:55:45    126 336.2 166.2 166.3394 0.0001327052 17.71894 0.2921605  0.110604821   0.01330768   2.783471e-03      0.0003348999         1  0.0695611490    0.001008729      2.137712e-03            3.099968e-05
104 2013-07-16 15:56:00    127 336.9 166.3 166.4406 0.0001327052 17.82009 0.2921605  0.114987588   0.01330788   2.893768e-03      0.0003349051         1  0.0702739962    0.001008420      2.159619e-03            3.099018e-05
105 2013-07-16 15:56:15    128 337.5 166.2 166.3417 0.0001327052 17.72124 0.2921605  0.110704664   0.01330768   2.785984e-03      0.0003349000         1  0.0708850080    0.001008199      2.178396e-03            3.098337e-05
106 2013-07-16 15:56:30    129 338.2 166.3 166.4429 0.0001327052 17.82240 0.2921605  0.115087431   0.01330789   2.896280e-03      0.0003349052         1  0.0715978552    0.001007991      2.200303e-03            3.097698e-05
107 2013-07-16 15:56:45    130 338.9 166.6 166.7440 0.0001327052 18.12355 0.2921605  0.128135889   0.01330850   3.224657e-03      0.0003349207         1  0.0723107024    0.001007837      2.222210e-03            3.097225e-05
108 2013-07-16 15:57:00    131 339.7 167.3 167.4452 0.0001327052 18.82470 0.2921605  0.158515727   0.01330998   3.989193e-03      0.0003349577         1  0.0731253848    0.001007728      2.247246e-03            3.096890e-05
109 2013-07-16 15:57:15    132 340.3 166.5 166.6463 0.0001327052 18.02585 0.2921605  0.123902887   0.01330830   3.118129e-03      0.0003349156         1  0.0737363967    0.001007693      2.266023e-03            3.096783e-05
110 2013-07-16 15:57:30    133 341.1 166.1 166.2475 0.0001327052 17.62700 0.2921605  0.106621429   0.01330750   2.683226e-03      0.0003348953         1  0.0745510792    0.001007709      2.291060e-03            3.096830e-05
111 2013-07-16 15:57:45    134 341.7 166.5 166.6486 0.0001327052 18.02816 0.2921605  0.124002731   0.01330831   3.120642e-03      0.0003349157         1  0.0751620910    0.001007767      2.309837e-03            3.097009e-05
112 2013-07-16 15:58:00    135 342.4 166.4 166.5498 0.0001327052 17.92931 0.2921605  0.119719808   0.01330811   3.012858e-03      0.0003349107         1  0.0758749382    0.001007885      2.331744e-03            3.097374e-05
113 2013-07-16 15:58:15    136 343.1 166.2 166.3509 0.0001327052 17.73046 0.2921605  0.111104040   0.01330770   2.796035e-03      0.0003349005         1  0.0765877854    0.001008058      2.353650e-03            3.097905e-05
114 2013-07-16 15:58:30    137 343.9 166.3 166.4521 0.0001327052 17.83161 0.2921605  0.115486807   0.01330791   2.906331e-03      0.0003349057         1  0.0774024678    0.001008323      2.378687e-03            3.098717e-05
115 2013-07-16 15:58:45    138 344.7 166.5 166.6532 0.0001327052 18.03277 0.2921605  0.124202419   0.01330832   3.125667e-03      0.0003349160         1  0.0782171503    0.001008658      2.403723e-03            3.099747e-05
116 2013-07-16 15:59:00    139 345.4 166.3 166.4544 0.0001327052 17.83392 0.2921605  0.115586650   0.01330791   2.908844e-03      0.0003349058         1  0.0789299975    0.001009009      2.425630e-03            3.100828e-05
117 2013-07-16 15:59:15    140 346.1 166.4 166.5555 0.0001327052 17.93507 0.2921605  0.119969418   0.01330812   3.019140e-03      0.0003349110         1  0.0796428447    0.001009415      2.447537e-03            3.102075e-05
118 2013-07-16 15:59:30    141 346.8 166.5 166.6567 0.0001327052 18.03622 0.2921605  0.124352185   0.01330832   3.129436e-03      0.0003349162         1  0.0803556918    0.001009875      2.469444e-03            3.103488e-05
119 2013-07-16 15:59:45    142 347.5 166.3 166.4578 0.0001327052 17.83737 0.2921605  0.115736416   0.01330792   2.912613e-03      0.0003349060         1  0.0810685390    0.001010389      2.491350e-03            3.105068e-05
120 2013-07-16 16:00:00    143 348.2 166.4 166.5590 0.0001327052 17.93853 0.2921605  0.120119183   0.01330813   3.022909e-03      0.0003349111         1  0.0817813862    0.001010957      2.513257e-03            3.106813e-05
121 2013-07-16 16:00:15    144 349.0 166.3 166.4602 0.0001327052 17.83968 0.2921605  0.115836260   0.01330792   2.915125e-03      0.0003349061         1  0.0825960686    0.001011672      2.538293e-03            3.109011e-05
122 2013-07-16 16:00:30    145 349.7 166.6 166.7613 0.0001327052 18.14083 0.2921605  0.128884717   0.01330854   3.243502e-03      0.0003349216         1  0.0833089158    0.001012356      2.560200e-03            3.111111e-05
123 2013-07-16 16:00:45    146 350.4 166.3 166.4625 0.0001327052 17.84198 0.2921605  0.115936104   0.01330793   2.917638e-03      0.0003349062         1  0.0840217630    0.001013093      2.582107e-03            3.113377e-05
124 2013-07-16 16:01:00    147 351.2 166.6 166.7636 0.0001327052 18.14314 0.2921605  0.128984561   0.01330854   3.246014e-03      0.0003349217         1  0.0848364455    0.001014001      2.607143e-03            3.116167e-05
125 2013-07-16 16:01:15    148 352.0 166.4 166.5648 0.0001327052 17.94429 0.2921605  0.120368793   0.01330814   3.029191e-03      0.0003349114         1  0.0856511279    0.001014979      2.632180e-03            3.119172e-05
126 2013-07-16 16:01:30    149 352.6 166.5 166.6659 0.0001327052 18.04544 0.2921605  0.124751560   0.01330834   3.139487e-03      0.0003349166         1  0.0862621398    0.001015758      2.650957e-03            3.121567e-05
127 2013-07-16 16:01:45    150 353.3 166.6 166.7671 0.0001327052 18.14659 0.2921605  0.129134327   0.01330855   3.249783e-03      0.0003349219         1  0.0869749870    0.001016716      2.672864e-03            3.124511e-05
128 2013-07-16 16:02:00    151 354.1 166.6 166.7682 0.0001327052 18.14774 0.2921605  0.129184249   0.01330855   3.251040e-03      0.0003349219         1  0.0877896694    0.001017876      2.697900e-03            3.128077e-05
129 2013-07-16 16:02:15    152 354.8 166.8 166.9694 0.0001327052 18.34890 0.2921605  0.137899861   0.01330897   3.470376e-03      0.0003349324         1  0.0885025166    0.001018948      2.719807e-03            3.131370e-05
130 2013-07-16 16:02:30    153 355.5 166.7 166.8705 0.0001327052 18.25005 0.2921605  0.133616938   0.01330877   3.362592e-03      0.0003349273         1  0.0892153638    0.001020072      2.741714e-03            3.134825e-05
131 2013-07-16 16:02:45    154 356.2 167.2 167.3717 0.0001327052 18.75120 0.2921605  0.155331085   0.01330982   3.909049e-03      0.0003349538         1  0.0899282109    0.001021249      2.763620e-03            3.138442e-05
132 2013-07-16 16:03:00    155 357.0 166.9 167.0728 0.0001327052 18.45235 0.2921605  0.142382472   0.01330919   3.583185e-03      0.0003349379         1  0.0907428934    0.001022658      2.788657e-03            3.142772e-05
133 2013-07-16 16:03:15    156 357.8 167.1 167.2740 0.0001327052 18.65350 0.2921605  0.151098084   0.01330961   3.802521e-03      0.0003349486         1  0.0915575759    0.001024135      2.813693e-03            3.147311e-05
134 2013-07-16 16:03:30    157 358.5 167.1 167.2751 0.0001327052 18.65466 0.2921605  0.151148006   0.01330961   3.803778e-03      0.0003349486         1  0.0922704231    0.001025483      2.835600e-03            3.151454e-05
135 2013-07-16 16:03:45    158 359.1 167.0 167.1763 0.0001327052 18.55581 0.2921605  0.146865083   0.01330941   3.695994e-03      0.0003349434         1  0.0928814349    0.001026680      2.854377e-03            3.155131e-05
136 2013-07-16 16:04:00    159 359.9 167.2 167.3774 0.0001327052 18.75696 0.2921605  0.155580695   0.01330983   3.915330e-03      0.0003349541         1  0.0936961174    0.001028334      2.879414e-03            3.160214e-05
137 2013-07-16 16:04:15    160 360.6 167.2 167.3786 0.0001327052 18.75811 0.2921605  0.155630617   0.01330983   3.916587e-03      0.0003349541         1  0.0944089646    0.001029836      2.901320e-03            3.164831e-05
138 2013-07-16 16:04:30    161 361.3 167.1 167.2797 0.0001327052 18.65927 0.2921605  0.151347694   0.01330962   3.808803e-03      0.0003349489         1  0.0951218117    0.001031389      2.923227e-03            3.169605e-05
139 2013-07-16 16:04:45    162 362.0 167.2 167.3809 0.0001327052 18.76042 0.2921605  0.155730461   0.01330984   3.919099e-03      0.0003349543         1  0.0958346589    0.001032994      2.945134e-03            3.174535e-05
140 2013-07-16 16:05:00    163 362.7 167.4 167.5820 0.0001327052 18.96157 0.2921605  0.164446073   0.01331027   4.138436e-03      0.0003349651         1  0.0965475061    0.001034648      2.967041e-03            3.179620e-05
141 2013-07-16 16:05:15    164 363.5 167.1 167.2832 0.0001327052 18.66272 0.2921605  0.151497459   0.01330963   3.812572e-03      0.0003349490         1  0.0973621886    0.001036601      2.992077e-03            3.185620e-05
142 2013-07-16 16:05:30    165 364.2 167.2 167.3843 0.0001327052 18.76387 0.2921605  0.155880226   0.01330985   3.922868e-03      0.0003349545         1  0.0980750357    0.001038363      3.013984e-03            3.191036e-05
143 2013-07-16 16:05:45    166 364.9 167.3 167.4855 0.0001327052 18.86503 0.2921605  0.160262994   0.01331006   4.033165e-03      0.0003349599         1  0.0987878829    0.001040175      3.035891e-03            3.196604e-05
144 2013-07-16 16:06:00    167 365.7 167.3 167.4867 0.0001327052 18.86618 0.2921605  0.160312915   0.01331007   4.034421e-03      0.0003349600         1  0.0996025654    0.001042306      3.060927e-03            3.203154e-05
145 2013-07-16 16:06:15    168 366.4 167.0 167.1878 0.0001327052 18.56733 0.2921605  0.147364302   0.01330943   3.708557e-03      0.0003349440         1  0.1003154125    0.001044224      3.082834e-03            3.209048e-05
146 2013-07-16 16:06:30    169 367.1 167.2 167.3890 0.0001327052 18.76848 0.2921605  0.156079914   0.01330986   3.927894e-03      0.0003349547         1  0.1010282597    0.001046191      3.104741e-03            3.215091e-05
147 2013-07-16 16:06:45    170 367.8 167.4 167.5901 0.0001327052 18.96964 0.2921605  0.164795526   0.01331029   4.147230e-03      0.0003349656         1  0.1017411069    0.001048206      3.126647e-03            3.221284e-05
148 2013-07-16 16:07:00    171 368.6 167.5 167.6913 0.0001327052 19.07079 0.2921605  0.169178293   0.01331051   4.257526e-03      0.0003349711         1  0.1025557894    0.001050568      3.151684e-03            3.228544e-05
149 2013-07-16 16:07:15    172 369.4 166.9 167.0924 0.0001327052 18.47194 0.2921605  0.143231144   0.01330923   3.604543e-03      0.0003349389         1  0.1033704718    0.001052994      3.176720e-03            3.235997e-05
150 2013-07-16 16:07:30    173 370.0 167.2 167.3936 0.0001327052 18.77309 0.2921605  0.156279602   0.01330987   3.932919e-03      0.0003349550         1  0.1039814837    0.001054853      3.195497e-03            3.241713e-05
151 2013-07-16 16:07:45    174 370.7 167.0 167.1947 0.0001327052 18.57424 0.2921605  0.147663833   0.01330944   3.716095e-03      0.0003349443         1  0.1046943309    0.001057067      3.217404e-03            3.248516e-05
152 2013-07-16 16:08:00    175 371.3 167.4 167.5959 0.0001327052 18.97540 0.2921605  0.165045136   0.01331030   4.153512e-03      0.0003349659         1  0.1053053427    0.001059002      3.236181e-03            3.254463e-05
153 2013-07-16 16:08:15    176 372.0 167.2 167.3970 0.0001327052 18.77655 0.2921605  0.156429367   0.01330987   3.936688e-03      0.0003349551         1  0.1060181899    0.001061303      3.258088e-03            3.261535e-05
154 2013-07-16 16:08:30    177 372.7 167.3 167.4982 0.0001327052 18.87770 0.2921605  0.160812135   0.01331009   4.046984e-03      0.0003349606         1  0.1067310371    0.001063651      3.279995e-03            3.268750e-05
155 2013-07-16 16:08:45    178 373.5 167.2 167.3993 0.0001327052 18.77885 0.2921605  0.156529211   0.01330988   3.939201e-03      0.0003349553         1  0.1075457195    0.001066391      3.305031e-03            3.277170e-05
156 2013-07-16 16:09:00    179 374.2 167.2 167.4005 0.0001327052 18.78000 0.2921605  0.156579133   0.01330988   3.940457e-03      0.0003349553         1  0.1082585667    0.001068838      3.326938e-03            3.284689e-05
157 2013-07-16 16:09:15    180 374.9 167.3 167.5016 0.0001327052 18.88116 0.2921605  0.160961900   0.01331010   4.050753e-03      0.0003349608         1  0.1089714139    0.001071330      3.348845e-03            3.292348e-05
158 2013-07-16 16:09:30    181 375.5 167.3 167.5028 0.0001327052 18.88231 0.2921605  0.161011822   0.01331010   4.052010e-03      0.0003349608         1  0.1095824257    0.001073502      3.367622e-03            3.299024e-05
159 2013-07-16 16:09:45    182 376.2 167.4 167.6039 0.0001327052 18.98346 0.2921605  0.165394589   0.01331032   4.162306e-03      0.0003349663         1  0.1102952729    0.001076078      3.389529e-03            3.306940e-05
160 2013-07-16 16:10:00    183 376.9 167.5 167.7051 0.0001327052 19.08461 0.2921605  0.169777356   0.01331054   4.272602e-03      0.0003349718         1  0.1110081201    0.001078699      3.411436e-03            3.314995e-05
161 2013-07-16 16:10:15    184 377.6 167.5 167.7062 0.0001327052 19.08577 0.2921605  0.169827278   0.01331054   4.273859e-03      0.0003349719         1  0.1117209672    0.001081365      3.433343e-03            3.323185e-05
162 2013-07-16 16:10:30    185 378.3 167.7 167.9074 0.0001327052 19.28692 0.2921605  0.178542890   0.01331098   4.493195e-03      0.0003349829         1  0.1124338144    0.001084074      3.455249e-03            3.331511e-05
163 2013-07-16 16:10:45    186 379.0 168.0 168.2085 0.0001327052 19.58807 0.2921605  0.191591348   0.01331164   4.821571e-03      0.0003349997         1  0.1131466616    0.001086827      3.477156e-03            3.339972e-05
164 2013-07-16 16:11:00    187 379.7 167.5 167.7097 0.0001327052 19.08922 0.2921605  0.169977044   0.01331055   4.277628e-03      0.0003349721         1  0.1138595088    0.001089623      3.499063e-03            3.348566e-05
165 2013-07-16 16:11:15    188 380.5 167.8 168.0108 0.0001327052 19.39037 0.2921605  0.183025501   0.01331121   4.606004e-03      0.0003349886         1  0.1146741912    0.001092872      3.524099e-03            3.358549e-05
166 2013-07-16 16:11:30    189 381.1 168.0 168.2120 0.0001327052 19.59153 0.2921605  0.191741113   0.01331165   4.825340e-03      0.0003349999         1  0.1152852031    0.001095345      3.542877e-03            3.366150e-05
167 2013-07-16 16:11:45    190 381.9 168.3 168.5132 0.0001327052 19.89268 0.2921605  0.204789571   0.01331233   5.153717e-03      0.0003350169         1  0.1160998856    0.001098691      3.567913e-03            3.376432e-05
168 2013-07-16 16:12:00    191 382.6 168.0 168.2143 0.0001327052 19.59383 0.2921605  0.191840957   0.01331166   4.827853e-03      0.0003350000         1  0.1168127327    0.001101664      3.589820e-03            3.385567e-05
169 2013-07-16 16:12:15    192 383.4 167.9 168.1155 0.0001327052 19.49498 0.2921605  0.187558034   0.01331144   4.720069e-03      0.0003349945         1  0.1176274152    0.001105112      3.614856e-03            3.396165e-05
170 2013-07-16 16:12:30    193 384.2 168.1 168.3166 0.0001327052 19.69614 0.2921605  0.196273646   0.01331188   4.939406e-03      0.0003350057         1  0.1184420977    0.001108614      3.639892e-03            3.406928e-05
171 2013-07-16 16:12:45    194 384.9 168.2 168.4178 0.0001327052 19.79729 0.2921605  0.200656413   0.01331211   5.049702e-03      0.0003350114         1  0.1191549449    0.001111723      3.661799e-03            3.416480e-05
172 2013-07-16 16:13:00    195 385.6 168.1 168.3189 0.0001327052 19.69844 0.2921605  0.196373490   0.01331189   4.941918e-03      0.0003350059         1  0.1198677920    0.001114871      3.683706e-03            3.426157e-05
173 2013-07-16 16:13:15    196 386.3 168.0 168.2201 0.0001327052 19.59959 0.2921605  0.192090567   0.01331167   4.834135e-03      0.0003350003         1  0.1205806392    0.001118060      3.705613e-03            3.435957e-05
174 2013-07-16 16:13:30    197 387.1 168.1 168.3212 0.0001327052 19.70074 0.2921605  0.196473334   0.01331189   4.944431e-03      0.0003350060         1  0.1213953217    0.001121754      3.730649e-03            3.447308e-05
175 2013-07-16 16:13:45    198 387.7 168.2 168.4224 0.0001327052 19.80190 0.2921605  0.200856101   0.01331212   5.054727e-03      0.0003350117         1  0.1220063335    0.001124558      3.749426e-03            3.455925e-05
176 2013-07-16 16:14:00    199 388.5 168.3 168.5235 0.0001327052 19.90305 0.2921605  0.205238868   0.01331235   5.165024e-03      0.0003350174         1  0.1228210160    0.001128341      3.774463e-03            3.467551e-05
177 2013-07-16 16:14:15    200 389.3 168.4 168.6247 0.0001327052 20.00420 0.2921605  0.209621635   0.01331258   5.275320e-03      0.0003350232         1  0.1236356985    0.001132175      3.799499e-03            3.479334e-05
178 2013-07-16 16:14:30    201 390.1 168.3 168.5258 0.0001327052 19.90535 0.2921605  0.205338712   0.01331236   5.167536e-03      0.0003350176         1  0.1244503810    0.001136059      3.824535e-03            3.491270e-05
179 2013-07-16 16:14:45    202 390.9 168.0 168.2270 0.0001327052 19.60650 0.2921605  0.192390098   0.01331168   4.841673e-03      0.0003350007         0  0.1252650634    0.001139993      3.849572e-03            3.503359e-05
180 2013-07-16 16:15:00    203 391.8 168.7 168.9281 0.0001327052 20.30766 0.2921605  0.222769936   0.01331327   5.606209e-03      0.0003350407         0  0.1261815812    0.001144477      3.877738e-03            3.517140e-05
181 2013-07-16 16:15:15    204 392.5 168.2 168.4293 0.0001327052 19.80881 0.2921605  0.201155632   0.01331214   5.062265e-03      0.0003350121         0  0.1268944284    0.001148007      3.899644e-03            3.527988e-05
182 2013-07-16 16:15:30    205 392.8 167.3 167.5304 0.0001327052 18.90996 0.2921605  0.162209948   0.01331016   4.082162e-03      0.0003349623         0  0.1271999343    0.001149532      3.909033e-03            3.532673e-05
183 2013-07-16 16:15:45    206 392.2 167.0 167.2316 0.0001327052 18.61111 0.2921605  0.149261335   0.01330952   3.756298e-03      0.0003349463         0  0.1265889225    0.001146490      3.890256e-03            3.523325e-05
184 2013-07-16 16:16:00    207 391.5 166.5 166.7327 0.0001327052 18.11227 0.2921605  0.127647031   0.01330848   3.212354e-03      0.0003349201         0  0.1258760753    0.001142976      3.868349e-03            3.512525e-05
185 2013-07-16 16:16:15    208 391.0 166.8 167.0339 0.0001327052 18.41342 0.2921605  0.140695488   0.01330911   3.540731e-03      0.0003349358         0  0.1253668988    0.001140488      3.852701e-03            3.504881e-05

$dryleafvolt
             timestamp record LWSmV  SEmV    CSEmV     CSEmV.sd   loadmV loadmV.sd
1  2013-07-16 15:28:00     15 264.4 163.0 163.0115 0.0001327052 14.39105 0.2921605
2  2013-07-16 15:28:15     16 264.4 163.1 163.1127 0.0001327052 14.49220 0.2921605
3  2013-07-16 15:28:30     17 264.4 164.0 164.0138 0.0001327052 15.39335 0.2921605
4  2013-07-16 15:28:45     18 264.4 164.2 164.2150 0.0001327052 15.59450 0.2921605
5  2013-07-16 15:29:00     19 264.4 163.9 163.9161 0.0001327052 15.29566 0.2921605
6  2013-07-16 15:29:15     20 264.4 164.1 164.1173 0.0001327052 15.49681 0.2921605
7  2013-07-16 15:29:30     21 264.4 164.1 164.1184 0.0001327052 15.49796 0.2921605
8  2013-07-16 15:29:45     22 264.4 163.6 163.6196 0.0001327052 14.99911 0.2921605
9  2013-07-16 15:30:00     23 264.4 163.7 163.7207 0.0001327052 15.10027 0.2921605
10 2013-07-16 15:30:15     24 264.4 164.0 164.0219 0.0001327052 15.40142 0.2921605

$runtime
Time difference of 46 mins

$startcalibvolt
            timestamp record LWSmV  SEmV    CSEmV     CSEmV.sd   loadmV loadmV.sd
1 2013-07-16 15:26:00      7 264.4 271.5 271.5023 0.0001327052 122.8818 0.2921605
2 2013-07-16 15:26:15      8 264.4 271.4 271.4035 0.0001327052 122.7830 0.2921605
3 2013-07-16 15:26:30      9 264.3 271.7 271.7046 0.0001327052 123.0841 0.2921605
4 2013-07-16 15:26:45     10 264.3 272.0 272.0058 0.0001327052 123.3853 0.2921605
5 2013-07-16 15:27:00     11 264.3 271.5 271.5069 0.0001327052 122.8864 0.2921605
6 2013-07-16 15:27:15     12 264.1 271.6 271.6081 0.0001327052 122.9876 0.2921605
7 2013-07-16 15:27:30     13 264.1 271.7 271.7092 0.0001327052 123.0887 0.2921605

$endcalibvolt
[1] NA

$lastLWSvolt
[1] 387.9

$maxLWSvolt
[1] 392.8

$species
[1] "blackoak"

$trial
[1] "7"

$replicate
[1] "1"

$isvertical
[1] FALSE

$conversionfactor
         avg       stdev
1 0.04332845 3.88948e-05

$LWSwatermass
        avg       stdev
1 0.1005362 0.008439723

$dryleafmass
        avg       stdev
1 0.6571294 0.004046312

$lwsmodel

Call:
lm(formula = LWSsurfacedensity ~ record, data = rd[rd$runfilter == 
    1, ])

Coefficients:
(Intercept)       record  
 -6.970e-04    2.248e-05  


$leafmodel

Call:
lm(formula = surfacedensity ~ record, data = rd[rd$runfilter == 
    1, ])

Coefficients:
(Intercept)       record  
 -1.030e-03    2.962e-05  


