$name
[1] "blackoak2"

$leafarea
[1] 23.06431

$startbasevolt
            timestamp record LWSmV  SEmV CSEmV CSEmV.sd      loadmV  loadmV.sd
1 2013-07-15 14:38:30      2 263.7 153.3 153.3        0 -0.02782187 0.06500943
2 2013-07-15 14:38:45      3 265.7 153.4 153.4        0  0.07217813 0.06500943
3 2013-07-15 14:39:00      4 264.5 153.3 153.3        0 -0.02782187 0.06500943

$endbasevolt
            timestamp record LWSmV  SEmV    CSEmV    CSEmV.sd       loadmV  loadmV.sd
1 2013-07-15 15:32:00    216 264.4 152.6 153.4179 3.08642e-05  0.090079365 0.06500943
2 2013-07-15 15:32:15    217 264.4 152.5 153.3218 3.08642e-05 -0.006062610 0.06500943
3 2013-07-15 15:32:30    218 264.4 152.4 153.2256 3.08642e-05 -0.102204586 0.06500943
4 2013-07-15 15:32:45    219 264.4 152.5 153.3295 3.08642e-05  0.001653439 0.06500943

$dryragvolt
            timestamp record LWSmV  SEmV    CSEmV    CSEmV.sd   loadmV  loadmV.sd
1 2013-07-15 15:29:45    207 431.0 226.2 226.9832 3.08642e-05 73.65536 0.06500943
2 2013-07-15 15:30:00    208 430.4 226.1 226.8870 3.08642e-05 73.55922 0.06500943

$wetragvolt
            timestamp record LWSmV  SEmV    CSEmV    CSEmV.sd   loadmV  loadmV.sd
1 2013-07-15 15:31:00    212 265.1 229.4 230.2025 3.08642e-05 76.87465 0.06500943
2 2013-07-15 15:31:15    213 264.6 229.3 230.1063 3.08642e-05 76.77851 0.06500943
3 2013-07-15 15:31:30    214 264.4 229.2 230.0102 3.08642e-05 76.68236 0.06500943

$rundata
              timestamp record LWSmV  SEmV    CSEmV    CSEmV.sd   loadmV  loadmV.sd     watermass watermass.sd surfacedensity surfacedensity.sd runfilter      LWSwater LWSwater.stdev LWSsurfacedensity LWSsurfacedensity.stdev
1   2013-07-15 14:42:30     18 263.7 165.9 165.9540 3.08642e-05 12.62619 0.06500943  2.074651e-03  0.003101782   8.995071e-05      0.0001344840         0 -4.269451e-03    0.001294739     -1.312062e-04            3.978915e-05
2   2013-07-15 14:42:45     19 263.8 165.8 165.8579 3.08642e-05 12.53005 0.06500943 -2.105516e-03  0.003101741  -9.128892e-05      0.0001344822         0 -4.167615e-03    0.001294075     -1.280767e-04            3.976874e-05
3   2013-07-15 14:43:00     20 264.3 165.9 165.9617 3.08642e-05 12.63391 0.06500943  2.410138e-03  0.003101785   1.044964e-04      0.0001344842         0 -3.658439e-03    0.001290762     -1.124290e-04            3.966693e-05
4   2013-07-15 14:43:15     21 264.5 166.0 166.0656 3.08642e-05 12.73776 0.06500943  6.925793e-03  0.003101830   3.002818e-04      0.0001344861         0 -3.454768e-03    0.001289440     -1.061699e-04            3.962632e-05
5   2013-07-15 14:43:30     22 265.1 165.9 165.9694 3.08642e-05 12.64162 0.06500943  2.745625e-03  0.003101789   1.190421e-04      0.0001344843         0 -2.843756e-03    0.001285489     -8.739263e-05            3.950488e-05
6   2013-07-15 14:43:45     23 265.1 166.0 166.0733 3.08642e-05 12.74548 0.06500943  7.261280e-03  0.003101834   3.148275e-04      0.0001344863         0 -2.843756e-03    0.001285489     -8.739263e-05            3.950488e-05
7   2013-07-15 14:44:00     24 265.7 165.7 165.7772 3.08642e-05 12.44934 0.06500943 -5.614710e-03  0.003101706  -2.434371e-04      0.0001344808         0 -2.232744e-03    0.001281556     -6.861538e-05            3.938403e-05
8   2013-07-15 14:44:15     25 266.1 165.8 165.8810 3.08642e-05 12.55320 0.06500943 -1.099055e-03  0.003101750  -4.765177e-05      0.0001344827         0 -1.825403e-03    0.001278945     -5.609721e-05            3.930379e-05
9   2013-07-15 14:44:30     26 266.6 165.9 165.9849 3.08642e-05 12.65705 0.06500943  3.416599e-03  0.003101795   1.481336e-04      0.0001344846         0 -1.316227e-03    0.001275694     -4.044950e-05            3.920387e-05
10  2013-07-15 14:44:45     27 267.2 165.9 165.9887 3.08642e-05 12.66091 0.06500943  3.584343e-03  0.003101797   1.554064e-04      0.0001344847         0 -7.052148e-04    0.001271811     -2.167224e-05            3.908453e-05
11  2013-07-15 14:45:00     28 267.8 165.8 165.8926 3.08642e-05 12.56477 0.06500943 -5.958248e-04  0.003101755  -2.583319e-05      0.0001344829         0 -9.420292e-05    0.001267947     -2.894988e-06            3.896579e-05
12  2013-07-15 14:45:15     29 268.4 165.9 165.9965 3.08642e-05 12.66863 0.06500943  3.919829e-03  0.003101800   1.699522e-04      0.0001344848         0  5.168089e-04    0.001264103      1.588227e-05            3.884768e-05
13  2013-07-15 14:45:30     30 269.0 165.7 165.8003 3.08642e-05 12.47249 0.06500943 -4.608249e-03  0.003101716  -1.998000e-04      0.0001344812         0  1.127821e-03    0.001260280      3.465952e-05            3.873018e-05
14  2013-07-15 14:45:45     31 269.7 165.8 165.9042 3.08642e-05 12.57634 0.06500943 -9.259440e-05  0.003101760  -4.014618e-06      0.0001344831         0  1.840668e-03    0.001255846      5.656632e-05            3.859390e-05
15  2013-07-15 14:46:00     32 270.4 165.8 165.9080 3.08642e-05 12.58020 0.06500943  7.514908e-05  0.003101762   3.258241e-06      0.0001344832         0  2.553515e-03    0.001251439      7.847311e-05            3.845849e-05
16  2013-07-15 14:46:15     33 271.1 165.8 165.9119 3.08642e-05 12.58406 0.06500943  2.428926e-04  0.003101764   1.053110e-05      0.0001344833         0  3.266362e-03    0.001247061      1.003799e-04            3.832394e-05
17  2013-07-15 14:46:30     34 271.8 165.9 166.0157 3.08642e-05 12.68792 0.06500943  4.758547e-03  0.003101809   2.063164e-04      0.0001344852         0  3.979209e-03    0.001242712      1.222867e-04            3.819028e-05
18  2013-07-15 14:46:45     35 272.5 165.8 165.9196 3.08642e-05 12.59178 0.06500943  5.783795e-04  0.003101767   2.507682e-05      0.0001344834         0  4.692057e-03    0.001238391      1.441935e-04            3.805751e-05
19  2013-07-15 14:47:00     36 273.2 165.7 165.8235 3.08642e-05 12.49563 0.06500943 -3.601788e-03  0.003101726  -1.561628e-04      0.0001344816         0  5.404904e-03    0.001234101      1.661003e-04            3.792565e-05
20  2013-07-15 14:47:15     37 273.9 165.9 166.0273 3.08642e-05 12.69949 0.06500943  5.261777e-03  0.003101814   2.281350e-04      0.0001344854         0  6.117751e-03    0.001229839      1.880071e-04            3.779469e-05
21  2013-07-15 14:47:30     38 274.7 165.8 165.9312 3.08642e-05 12.60335 0.06500943  1.081610e-03  0.003101772   4.689539e-05      0.0001344836         0  6.932433e-03    0.001225006      2.130434e-04            3.764615e-05
22  2013-07-15 14:47:45     39 275.4 165.8 165.9350 3.08642e-05 12.60721 0.06500943  1.249353e-03  0.003101774   5.416825e-05      0.0001344837         0  7.645281e-03    0.001220809      2.349502e-04            3.751718e-05
23  2013-07-15 14:48:00     40 276.1 165.9 166.0389 3.08642e-05 12.71107 0.06500943  5.765008e-03  0.003101819   2.499536e-04      0.0001344856         0  8.358128e-03    0.001216643      2.568570e-04            3.738915e-05
24  2013-07-15 14:48:15     41 276.9 165.9 166.0427 3.08642e-05 12.71493 0.06500943  5.932751e-03  0.003101821   2.572265e-04      0.0001344857         0  9.172810e-03    0.001211920      2.818934e-04            3.724399e-05
25  2013-07-15 14:48:30     42 277.6 166.0 166.1466 3.08642e-05 12.81878 0.06500943  1.044841e-02  0.003101866   4.530118e-04      0.0001344877         1  9.885657e-03    0.001207820      3.038002e-04            3.711801e-05
26  2013-07-15 14:48:45     43 278.3 165.9 166.0505 3.08642e-05 12.72264 0.06500943  6.268238e-03  0.003101824   2.717722e-04      0.0001344859         0  1.059850e-02    0.001203752      3.257070e-04            3.699300e-05
27  2013-07-15 14:49:00     44 279.0 165.9 166.0543 3.08642e-05 12.72650 0.06500943  6.435982e-03  0.003101826   2.790450e-04      0.0001344859         0  1.131135e-02    0.001199716      3.476138e-04            3.686898e-05
28  2013-07-15 14:49:15     45 279.8 165.9 166.0582 3.08642e-05 12.73036 0.06500943  6.603725e-03  0.003101827   2.863179e-04      0.0001344860         0  1.212603e-02    0.001195144      3.726501e-04            3.672844e-05
29  2013-07-15 14:49:30     46 280.5 165.9 166.0620 3.08642e-05 12.73422 0.06500943  6.771469e-03  0.003101829   2.935907e-04      0.0001344861         0  1.283888e-02    0.001191177      3.945569e-04            3.660655e-05
30  2013-07-15 14:49:45     47 281.3 166.1 166.2659 3.08642e-05 12.93807 0.06500943  1.563503e-02  0.003101919   6.778886e-04      0.0001344900         1  1.365356e-02    0.001186685      4.195932e-04            3.646849e-05
31  2013-07-15 14:50:00     48 282.0 166.2 166.3698 3.08642e-05 13.04193 0.06500943  2.015069e-02  0.003101965   8.736739e-04      0.0001344920         1  1.436641e-02    0.001182789      4.415000e-04            3.634878e-05
32  2013-07-15 14:50:15     49 282.8 166.3 166.4736 3.08642e-05 13.14579 0.06500943  2.466634e-02  0.003102011   1.069459e-03      0.0001344940         1  1.518109e-02    0.001178379      4.665364e-04            3.621324e-05
33  2013-07-15 14:50:30     50 283.5 166.2 166.3775 3.08642e-05 13.04965 0.06500943  2.048617e-02  0.003101968   8.882197e-04      0.0001344921         1  1.589394e-02    0.001174556      4.884432e-04            3.609576e-05
34  2013-07-15 14:50:45     51 284.3 166.2 166.3813 3.08642e-05 13.05351 0.06500943  2.065392e-02  0.003101970   8.954925e-04      0.0001344922         1  1.670862e-02    0.001170229      5.134795e-04            3.596280e-05
35  2013-07-15 14:51:00     52 285.1 166.3 166.4852 3.08642e-05 13.15736 0.06500943  2.516957e-02  0.003102017   1.091278e-03      0.0001344942         1  1.752331e-02    0.001165948      5.385158e-04            3.583123e-05
36  2013-07-15 14:51:15     53 285.8 166.3 166.4890 3.08642e-05 13.16122 0.06500943  2.533732e-02  0.003102018   1.098551e-03      0.0001344943         1  1.823615e-02    0.001162240      5.604226e-04            3.571726e-05
37  2013-07-15 14:51:30     54 286.6 166.3 166.4929 3.08642e-05 13.16508 0.06500943  2.550506e-02  0.003102020   1.105824e-03      0.0001344944         1  1.905084e-02    0.001158045      5.854590e-04            3.558835e-05
38  2013-07-15 14:51:45     55 287.3 166.5 166.6968 3.08642e-05 13.36894 0.06500943  3.436862e-02  0.003102113   1.490121e-03      0.0001344984         1  1.976368e-02    0.001154413      6.073658e-04            3.547673e-05
39  2013-07-15 14:52:00     56 288.1 166.5 166.7006 3.08642e-05 13.37280 0.06500943  3.453637e-02  0.003102115   1.497394e-03      0.0001344985         1  2.057836e-02    0.001150306      6.324021e-04            3.535053e-05
40  2013-07-15 14:52:15     57 289.0 166.5 166.7045 3.08642e-05 13.37665 0.06500943  3.470411e-02  0.003102116   1.504667e-03      0.0001344985         1  2.149488e-02    0.001145744      6.605680e-04            3.521031e-05
41  2013-07-15 14:52:30     58 289.7 166.5 166.7083 3.08642e-05 13.38051 0.06500943  3.487186e-02  0.003102118   1.511940e-03      0.0001344986         1  2.220773e-02    0.001142237      6.824748e-04            3.510255e-05
42  2013-07-15 14:52:45     59 290.5 166.4 166.6122 3.08642e-05 13.28437 0.06500943  3.069169e-02  0.003102074   1.330700e-03      0.0001344967         1  2.302241e-02    0.001138276      7.075111e-04            3.498081e-05
43  2013-07-15 14:53:00     60 291.3 166.5 166.7160 3.08642e-05 13.38823 0.06500943  3.520734e-02  0.003102122   1.526486e-03      0.0001344988         1  2.383709e-02    0.001134363      7.325475e-04            3.486058e-05
44  2013-07-15 14:53:15     61 292.1 166.4 166.6199 3.08642e-05 13.29209 0.06500943  3.102717e-02  0.003102078   1.345246e-03      0.0001344969         1  2.465178e-02    0.001130501      7.575838e-04            3.474188e-05
45  2013-07-15 14:53:30     62 292.9 166.5 166.7238 3.08642e-05 13.39594 0.06500943  3.554283e-02  0.003102125   1.541031e-03      0.0001344989         1  2.546646e-02    0.001126689      7.826202e-04            3.462474e-05
46  2013-07-15 14:53:45     63 293.7 166.4 166.6276 3.08642e-05 13.29980 0.06500943  3.136266e-02  0.003102081   1.359792e-03      0.0001344970         1  2.628114e-02    0.001122928      8.076565e-04            3.450915e-05
47  2013-07-15 14:54:00     64 294.6 166.4 166.6315 3.08642e-05 13.30366 0.06500943  3.153041e-02  0.003102083   1.367065e-03      0.0001344971         1  2.719766e-02    0.001118758      8.358224e-04            3.438101e-05
48  2013-07-15 14:54:15     65 295.3 166.3 166.5353 3.08642e-05 13.20752 0.06500943  2.735024e-02  0.003102039   1.185825e-03      0.0001344952         1  2.791051e-02    0.001115560      8.577292e-04            3.428274e-05
49  2013-07-15 14:54:30     66 296.1 166.4 166.6392 3.08642e-05 13.31138 0.06500943  3.186589e-02  0.003102087   1.381610e-03      0.0001344973         1  2.872519e-02    0.001111955      8.827655e-04            3.417194e-05
50  2013-07-15 14:54:45     67 296.8 166.4 166.6431 3.08642e-05 13.31523 0.06500943  3.203364e-02  0.003102088   1.388883e-03      0.0001344973         1  2.943804e-02    0.001108843      9.046723e-04            3.407632e-05
51  2013-07-15 14:55:00     68 297.7 166.4 166.6469 3.08642e-05 13.31909 0.06500943  3.220138e-02  0.003102090   1.396156e-03      0.0001344974         1  3.035455e-02    0.001104903      9.328382e-04            3.395523e-05
52  2013-07-15 14:55:15     69 298.5 166.3 166.5508 3.08642e-05 13.22295 0.06500943  2.802121e-02  0.003102046   1.214916e-03      0.0001344955         1  3.116924e-02    0.001101458      9.578745e-04            3.384936e-05
53  2013-07-15 14:55:30     70 299.2 166.5 166.7546 3.08642e-05 13.42681 0.06500943  3.688478e-02  0.003102139   1.599214e-03      0.0001344995         1  3.188208e-02    0.001098488      9.797813e-04            3.375809e-05
54  2013-07-15 14:55:45     71 300.1 166.3 166.5585 3.08642e-05 13.23067 0.06500943  2.835670e-02  0.003102050   1.229462e-03      0.0001344957         1  3.279860e-02    0.001094732      1.007947e-03            3.364265e-05
55  2013-07-15 14:56:00     72 300.8 166.3 166.5623 3.08642e-05 13.23452 0.06500943  2.852444e-02  0.003102052   1.236735e-03      0.0001344957         1  3.351145e-02    0.001091859      1.029854e-03            3.355435e-05
56  2013-07-15 14:56:15     73 301.6 166.3 166.5662 3.08642e-05 13.23838 0.06500943  2.869219e-02  0.003102053   1.244008e-03      0.0001344958         1  3.432613e-02    0.001088627      1.054890e-03            3.345505e-05
57  2013-07-15 14:56:30     74 302.4 166.4 166.6701 3.08642e-05 13.34224 0.06500943  3.320784e-02  0.003102101   1.439793e-03      0.0001344979         1  3.514081e-02    0.001085453      1.079927e-03            3.335748e-05
58  2013-07-15 14:56:45     75 303.2 166.4 166.6739 3.08642e-05 13.34610 0.06500943  3.337558e-02  0.003102102   1.447066e-03      0.0001344979         1  3.595550e-02    0.001082335      1.104963e-03            3.326166e-05
59  2013-07-15 14:57:00     76 304.1 166.4 166.6778 3.08642e-05 13.34996 0.06500943  3.354333e-02  0.003102104   1.454339e-03      0.0001344980         1  3.687201e-02    0.001078895      1.133129e-03            3.315598e-05
60  2013-07-15 14:57:15     77 304.8 166.4 166.6816 3.08642e-05 13.35381 0.06500943  3.371107e-02  0.003102106   1.461612e-03      0.0001344981         1  3.758486e-02    0.001076271      1.155036e-03            3.307533e-05
61  2013-07-15 14:57:30     78 305.7 166.5 166.7855 3.08642e-05 13.45767 0.06500943  3.822672e-02  0.003102154   1.657397e-03      0.0001345002         1  3.850138e-02    0.001072963      1.183202e-03            3.297367e-05
62  2013-07-15 14:57:45     79 306.4 166.4 166.6894 3.08642e-05 13.36153 0.06500943  3.404656e-02  0.003102109   1.476158e-03      0.0001344982         1  3.921423e-02    0.001070442      1.205108e-03            3.289618e-05
63  2013-07-15 14:58:00     80 307.3 166.5 166.7932 3.08642e-05 13.46539 0.06500943  3.856221e-02  0.003102157   1.671943e-03      0.0001345003         1  4.013074e-02    0.001067266      1.233274e-03            3.279860e-05
64  2013-07-15 14:58:15     81 308.3 166.7 166.9971 3.08642e-05 13.66925 0.06500943  4.742578e-02  0.003102252   2.056241e-03      0.0001345044         1  4.114910e-02    0.001063827      1.264570e-03            3.269291e-05
65  2013-07-15 14:58:30     82 308.9 166.6 166.9009 3.08642e-05 13.57310 0.06500943  4.324561e-02  0.003102207   1.875001e-03      0.0001345025         1  4.176011e-02    0.001061809      1.283347e-03            3.263089e-05
66  2013-07-15 14:58:45     83 309.7 166.8 167.1048 3.08642e-05 13.77696 0.06500943  5.210917e-02  0.003102303   2.259299e-03      0.0001345066         1  4.257479e-02    0.001059171      1.308383e-03            3.254983e-05
67  2013-07-15 14:59:00     84 310.4 166.8 167.1086 3.08642e-05 13.78082 0.06500943  5.227692e-02  0.003102305   2.266572e-03      0.0001345067         1  4.328764e-02    0.001056914      1.330290e-03            3.248044e-05
68  2013-07-15 14:59:15     85 311.3 166.9 167.2125 3.08642e-05 13.88468 0.06500943  5.679257e-02  0.003102354   2.462357e-03      0.0001345088         1  4.420416e-02    0.001054080      1.358456e-03            3.239337e-05
69  2013-07-15 14:59:30     86 312.2 166.9 167.2164 3.08642e-05 13.88854 0.06500943  5.696032e-02  0.003102356   2.469630e-03      0.0001345089         1  4.512067e-02    0.001051325      1.386622e-03            3.230871e-05
70  2013-07-15 14:59:45     87 312.9 166.9 167.2202 3.08642e-05 13.89239 0.06500943  5.712806e-02  0.003102357   2.476903e-03      0.0001345090         1  4.583352e-02    0.001049237      1.408529e-03            3.224454e-05
71  2013-07-15 15:00:00     88 313.7 167.0 167.3241 3.08642e-05 13.99625 0.06500943  6.164371e-02  0.003102407   2.672688e-03      0.0001345111         1  4.664820e-02    0.001046910      1.433565e-03            3.217303e-05
72  2013-07-15 15:00:15     89 314.5 167.0 167.3279 3.08642e-05 14.00011 0.06500943  6.181146e-02  0.003102409   2.679961e-03      0.0001345112         1  4.746289e-02    0.001044647      1.458601e-03            3.210347e-05
73  2013-07-15 15:00:30     90 315.3 167.0 167.3318 3.08642e-05 14.00397 0.06500943  6.197920e-02  0.003102411   2.687234e-03      0.0001345113         1  4.827757e-02    0.001042447      1.483638e-03            3.203586e-05
74  2013-07-15 15:00:45     91 316.1 167.0 167.3356 3.08642e-05 14.00783 0.06500943  6.214694e-02  0.003102413   2.694507e-03      0.0001345114         1  4.909225e-02    0.001040311      1.508674e-03            3.197023e-05
75  2013-07-15 15:01:00     92 316.9 167.1 167.4395 3.08642e-05 14.11168 0.06500943  6.666260e-02  0.003102463   2.890292e-03      0.0001345136         1  4.990693e-02    0.001038240      1.533710e-03            3.190659e-05
76  2013-07-15 15:01:15     93 317.8 167.1 167.4434 3.08642e-05 14.11554 0.06500943  6.683034e-02  0.003102465   2.897565e-03      0.0001345136         1  5.082345e-02    0.001035988      1.561876e-03            3.183738e-05
77  2013-07-15 15:01:30     94 318.5 167.0 167.3472 3.08642e-05 14.01940 0.06500943  6.265017e-02  0.003102418   2.716325e-03      0.0001345116         1  5.153630e-02    0.001034294      1.583783e-03            3.178531e-05
78  2013-07-15 15:01:45     95 319.3 166.9 167.2511 3.08642e-05 13.92326 0.06500943  5.847001e-02  0.003102372   2.535086e-03      0.0001345096         1  5.235098e-02    0.001032419      1.608819e-03            3.172770e-05
79  2013-07-15 15:02:00     96 320.0 166.9 167.2549 3.08642e-05 13.92712 0.06500943  5.863775e-02  0.003102374   2.542359e-03      0.0001345097         1  5.306383e-02    0.001030833      1.630726e-03            3.167895e-05
80  2013-07-15 15:02:15     97 320.9 167.0 167.3588 3.08642e-05 14.03097 0.06500943  6.315341e-02  0.003102424   2.738144e-03      0.0001345119         1  5.398035e-02    0.001028869      1.658892e-03            3.161858e-05
81  2013-07-15 15:02:30     98 321.7 166.8 167.1627 3.08642e-05 13.83483 0.06500943  5.462533e-02  0.003102330   2.368392e-03      0.0001345078         1  5.479503e-02    0.001027193      1.683928e-03            3.156709e-05
82  2013-07-15 15:02:45     99 322.5 166.7 167.0665 3.08642e-05 13.73869 0.06500943  5.044516e-02  0.003102285   2.187152e-03      0.0001345058         1  5.560971e-02    0.001025585      1.708965e-03            3.151767e-05
83  2013-07-15 15:03:00    100 323.3 166.8 167.1704 3.08642e-05 13.84255 0.06500943  5.496081e-02  0.003102334   2.382938e-03      0.0001345080         1  5.642439e-02    0.001024044      1.734001e-03            3.147032e-05
84  2013-07-15 15:03:15    101 324.0 166.6 166.9742 3.08642e-05 13.64641 0.06500943  4.643274e-02  0.003102241   2.013185e-03      0.0001345040         1  5.713724e-02    0.001022752      1.755908e-03            3.143060e-05
85  2013-07-15 15:03:30    102 324.8 166.7 167.0781 3.08642e-05 13.75026 0.06500943  5.094839e-02  0.003102290   2.208971e-03      0.0001345061         1  5.795192e-02    0.001021338      1.780944e-03            3.138717e-05
86  2013-07-15 15:03:45    103 325.6 166.9 167.2819 3.08642e-05 13.95412 0.06500943  5.981196e-02  0.003102387   2.593269e-03      0.0001345103         1  5.876661e-02    0.001019993      1.805981e-03            3.134583e-05
87  2013-07-15 15:04:00    104 326.4 166.7 167.0858 3.08642e-05 13.75798 0.06500943  5.128388e-02  0.003102294   2.223516e-03      0.0001345062         1  5.958129e-02    0.001018717      1.831017e-03            3.130660e-05
88  2013-07-15 15:04:15    105 327.2 166.7 167.0897 3.08642e-05 13.76184 0.06500943  5.145162e-02  0.003102296   2.230789e-03      0.0001345063         1  6.039597e-02    0.001017509      1.856053e-03            3.126948e-05
89  2013-07-15 15:04:30    106 328.0 166.8 167.1935 3.08642e-05 13.86570 0.06500943  5.596727e-02  0.003102345   2.426575e-03      0.0001345084         1  6.121065e-02    0.001016370      1.881090e-03            3.123449e-05
90  2013-07-15 15:04:45    107 328.8 166.9 167.2974 3.08642e-05 13.96955 0.06500943  6.048293e-02  0.003102394   2.622360e-03      0.0001345106         1  6.202534e-02    0.001015301      1.906126e-03            3.120163e-05
91  2013-07-15 15:05:00    108 329.6 166.8 167.2012 3.08642e-05 13.87341 0.06500943  5.630276e-02  0.003102348   2.441120e-03      0.0001345086         1  6.284002e-02    0.001014301      1.931162e-03            3.117091e-05
92  2013-07-15 15:05:15    109 330.4 166.9 167.3051 3.08642e-05 13.97727 0.06500943  6.081842e-02  0.003102398   2.636906e-03      0.0001345108         1  6.365470e-02    0.001013371      1.956199e-03            3.114232e-05
93  2013-07-15 15:05:30    110 331.2 166.9 167.3090 3.08642e-05 13.98113 0.06500943  6.098616e-02  0.003102400   2.644179e-03      0.0001345108         1  6.446938e-02    0.001012511      1.981235e-03            3.111589e-05
94  2013-07-15 15:05:45    111 332.1 166.8 167.2128 3.08642e-05 13.88499 0.06500943  5.680599e-02  0.003102354   2.462939e-03      0.0001345088         1  6.538590e-02    0.001011627      2.009401e-03            3.108873e-05
95  2013-07-15 15:06:00    112 332.9 166.8 167.2167 3.08642e-05 13.88884 0.06500943  5.697374e-02  0.003102356   2.470212e-03      0.0001345089         1  6.620058e-02    0.001010916      2.034437e-03            3.106688e-05
96  2013-07-15 15:06:15    113 333.7 166.9 167.3205 3.08642e-05 13.99270 0.06500943  6.148939e-02  0.003102405   2.665997e-03      0.0001345111         1  6.701527e-02    0.001010276      2.059473e-03            3.104720e-05
97  2013-07-15 15:06:30    114 334.6 166.9 167.3244 3.08642e-05 13.99656 0.06500943  6.165713e-02  0.003102407   2.673270e-03      0.0001345112         1  6.793178e-02    0.001009640      2.087639e-03            3.102764e-05
98  2013-07-15 15:06:45    115 335.4 167.0 167.4282 3.08642e-05 14.10042 0.06500943  6.617279e-02  0.003102457   2.869055e-03      0.0001345133         1  6.874647e-02    0.001009149      2.112676e-03            3.101257e-05
99  2013-07-15 15:07:00    116 336.2 167.0 167.4321 3.08642e-05 14.10428 0.06500943  6.634053e-02  0.003102459   2.876328e-03      0.0001345134         1  6.956115e-02    0.001008729      2.137712e-03            3.099968e-05
100 2013-07-15 15:07:15    117 337.0 167.1 167.5360 3.08642e-05 14.20813 0.06500943  7.085619e-02  0.003102509   3.072114e-03      0.0001345156         1  7.037583e-02    0.001008381      2.162748e-03            3.098896e-05
101 2013-07-15 15:07:30    118 337.8 167.3 167.7398 3.08642e-05 14.41199 0.06500943  7.971975e-02  0.003102609   3.456411e-03      0.0001345199         1  7.119051e-02    0.001008103      2.187785e-03            3.098043e-05
102 2013-07-15 15:07:45    119 338.6 167.2 167.6437 3.08642e-05 14.31585 0.06500943  7.553958e-02  0.003102562   3.275172e-03      0.0001345179         1  7.200520e-02    0.001007896      2.212821e-03            3.097407e-05
103 2013-07-15 15:08:00    120 339.4 167.3 167.7475 3.08642e-05 14.41971 0.06500943  8.005524e-02  0.003102613   3.470957e-03      0.0001345201         1  7.281988e-02    0.001007761      2.237857e-03            3.096990e-05
104 2013-07-15 15:08:15    121 340.2 167.3 167.7514 3.08642e-05 14.42357 0.06500943  8.022298e-02  0.003102615   3.478230e-03      0.0001345202         1  7.363456e-02    0.001007696      2.262894e-03            3.096792e-05
105 2013-07-15 15:08:30    122 341.1 167.3 167.7552 3.08642e-05 14.42743 0.06500943  8.039072e-02  0.003102617   3.485503e-03      0.0001345203         1  7.455108e-02    0.001007709      2.291060e-03            3.096830e-05
106 2013-07-15 15:08:45    123 342.0 167.5 167.9591 3.08642e-05 14.63128 0.06500943  8.925429e-02  0.003102719   3.869801e-03      0.0001345247         1  7.546760e-02    0.001007811      2.319225e-03            3.097145e-05
107 2013-07-15 15:09:00    124 342.8 167.5 167.9630 3.08642e-05 14.63514 0.06500943  8.942203e-02  0.003102721   3.877074e-03      0.0001345247         1  7.628228e-02    0.001007978      2.344262e-03            3.097657e-05
108 2013-07-15 15:09:15    125 343.7 167.5 167.9668 3.08642e-05 14.63900 0.06500943  8.958978e-02  0.003102722   3.884346e-03      0.0001345248         1  7.719880e-02    0.001008250      2.372428e-03            3.098494e-05
109 2013-07-15 15:09:30    126 344.4 167.4 167.8707 3.08642e-05 14.54286 0.06500943  8.540961e-02  0.003102674   3.703107e-03      0.0001345227         1  7.791164e-02    0.001008524      2.394334e-03            3.099336e-05
110 2013-07-15 15:09:45    127 345.4 167.4 167.8745 3.08642e-05 14.54672 0.06500943  8.557735e-02  0.003102676   3.710380e-03      0.0001345228         1  7.893000e-02    0.001009009      2.425630e-03            3.100828e-05
111 2013-07-15 15:10:00    128 346.3 167.4 167.8784 3.08642e-05 14.55057 0.06500943  8.574510e-02  0.003102678   3.717653e-03      0.0001345229         1  7.984652e-02    0.001009541      2.453796e-03            3.102461e-05
112 2013-07-15 15:10:15    129 347.0 167.3 167.7823 3.08642e-05 14.45443 0.06500943  8.156493e-02  0.003102630   3.536413e-03      0.0001345208         1  8.055936e-02    0.001010016      2.475703e-03            3.103922e-05
113 2013-07-15 15:10:30    130 348.0 167.4 167.8861 3.08642e-05 14.55829 0.06500943  8.608058e-02  0.003102682   3.732198e-03      0.0001345231         1  8.157772e-02    0.001010789      2.506998e-03            3.106297e-05
114 2013-07-15 15:10:45    131 348.9 167.4 167.8900 3.08642e-05 14.56215 0.06500943  8.624833e-02  0.003102684   3.739471e-03      0.0001345232         1  8.249423e-02    0.001011579      2.535164e-03            3.108724e-05
115 2013-07-15 15:11:00    132 349.8 167.4 167.8938 3.08642e-05 14.56601 0.06500943  8.641607e-02  0.003102686   3.746744e-03      0.0001345232         1  8.341075e-02    0.001012458      2.563330e-03            3.111425e-05
116 2013-07-15 15:11:15    133 350.7 167.4 167.8977 3.08642e-05 14.56986 0.06500943  8.658381e-02  0.003102688   3.754017e-03      0.0001345233         1  8.432727e-02    0.001013425      2.591496e-03            3.114398e-05
117 2013-07-15 15:11:30    134 351.7 167.3 167.8015 3.08642e-05 14.47372 0.06500943  8.240365e-02  0.003102640   3.572777e-03      0.0001345212         1  8.534562e-02    0.001014604      2.622791e-03            3.118020e-05
118 2013-07-15 15:11:45    135 352.5 167.5 168.0054 3.08642e-05 14.67758 0.06500943  9.126721e-02  0.003102742   3.957075e-03      0.0001345257         1  8.616030e-02    0.001015625      2.647827e-03            3.121159e-05
119 2013-07-15 15:12:00    136 353.4 167.4 167.9093 3.08642e-05 14.58144 0.06500943  8.708704e-02  0.003102694   3.775835e-03      0.0001345236         1  8.707682e-02    0.001016857      2.675993e-03            3.124945e-05
120 2013-07-15 15:12:15    137 354.3 167.4 167.9131 3.08642e-05 14.58530 0.06500943  8.725479e-02  0.003102696   3.783108e-03      0.0001345237         1  8.799334e-02    0.001018177      2.704159e-03            3.129001e-05
121 2013-07-15 15:12:30    138 355.2 167.2 167.7170 3.08642e-05 14.38915 0.06500943  7.872671e-02  0.003102598   3.413356e-03      0.0001345194         1  8.890986e-02    0.001019584      2.732325e-03            3.133325e-05
122 2013-07-15 15:12:45    139 356.1 167.1 167.6208 3.08642e-05 14.29301 0.06500943  7.454654e-02  0.003102551   3.232116e-03      0.0001345174         1  8.982638e-02    0.001021078      2.760491e-03            3.137915e-05
123 2013-07-15 15:13:00    140 357.1 167.2 167.7247 3.08642e-05 14.39687 0.06500943  7.906220e-02  0.003102602   3.427902e-03      0.0001345196         1  9.084473e-02    0.001022839      2.791786e-03            3.143328e-05
124 2013-07-15 15:13:15    141 357.9 167.3 167.8285 3.08642e-05 14.50073 0.06500943  8.357785e-02  0.003102653   3.623687e-03      0.0001345218         1  9.165941e-02    0.001024324      2.816823e-03            3.147893e-05
125 2013-07-15 15:13:30    142 358.9 167.2 167.7324 3.08642e-05 14.40459 0.06500943  7.939768e-02  0.003102606   3.442448e-03      0.0001345198         1  9.267776e-02    0.001026276      2.848118e-03            3.153892e-05
126 2013-07-15 15:13:45    143 359.9 167.0 167.5363 3.08642e-05 14.20844 0.06500943  7.086960e-02  0.003102510   3.072695e-03      0.0001345156         1  9.369612e-02    0.001028334      2.879414e-03            3.160214e-05
127 2013-07-15 15:14:00    144 360.8 167.1 167.6401 3.08642e-05 14.31230 0.06500943  7.538526e-02  0.003102560   3.268481e-03      0.0001345178         1  9.461264e-02    0.001030275      2.907579e-03            3.166179e-05
128 2013-07-15 15:14:15    145 361.9 167.3 167.8440 3.08642e-05 14.51616 0.06500943  8.424882e-02  0.003102661   3.652779e-03      0.0001345222         1  9.573282e-02    0.001032761      2.942004e-03            3.173821e-05
129 2013-07-15 15:14:30    146 362.8 167.3 167.8478 3.08642e-05 14.52002 0.06500943  8.441657e-02  0.003102663   3.660051e-03      0.0001345222         1  9.664934e-02    0.001034889      2.970170e-03            3.180359e-05
130 2013-07-15 15:14:45    147 363.9 167.4 167.9517 3.08642e-05 14.62388 0.06500943  8.893222e-02  0.003102715   3.855837e-03      0.0001345245         1  9.776953e-02    0.001037602      3.004595e-03            3.188696e-05
131 2013-07-15 15:15:00    148 364.7 167.4 167.9556 3.08642e-05 14.62773 0.06500943  8.909997e-02  0.003102717   3.863110e-03      0.0001345246         1  9.858421e-02    0.001039652      3.029632e-03            3.194998e-05
132 2013-07-15 15:15:15    149 365.7 167.3 167.8594 3.08642e-05 14.53159 0.06500943  8.491980e-02  0.003102669   3.681870e-03      0.0001345225         1  9.960257e-02    0.001042306      3.060927e-03            3.203154e-05
133 2013-07-15 15:15:30    150 366.7 167.4 167.9633 3.08642e-05 14.63545 0.06500943  8.943545e-02  0.003102721   3.877655e-03      0.0001345247         1  1.006209e-01    0.001045061      3.092222e-03            3.211619e-05
134 2013-07-15 15:15:45    151 367.6 167.6 168.1671 3.08642e-05 14.83931 0.06500943  9.829902e-02  0.003102824   4.261953e-03      0.0001345292         1  1.015374e-01    0.001047625      3.120388e-03            3.219500e-05
135 2013-07-15 15:16:00    152 368.7 167.8 168.3710 3.08642e-05 15.04317 0.06500943  1.071626e-01  0.003102928   4.646251e-03      0.0001345337         1  1.026576e-01    0.001050868      3.154813e-03            3.229466e-05
136 2013-07-15 15:16:15    153 369.8 167.4 167.9748 3.08642e-05 14.64702 0.06500943  8.993868e-02  0.003102726   3.899474e-03      0.0001345250         1  1.037778e-01    0.001054229      3.189238e-03            3.239796e-05
137 2013-07-15 15:16:30    154 370.8 167.5 168.0787 3.08642e-05 14.75088 0.06500943  9.445434e-02  0.003102779   4.095259e-03      0.0001345273         1  1.047962e-01    0.001057387      3.220534e-03            3.249500e-05
138 2013-07-15 15:16:45    155 371.7 167.8 168.3826 3.08642e-05 15.05474 0.06500943  1.076658e-01  0.003102934   4.668070e-03      0.0001345340         1  1.057127e-01    0.001060311      3.248700e-03            3.258486e-05
139 2013-07-15 15:17:00    156 372.8 167.7 168.2864 3.08642e-05 14.95860 0.06500943  1.034856e-01  0.003102885   4.486830e-03      0.0001345319         1  1.068329e-01    0.001063990      3.283125e-03            3.269792e-05
140 2013-07-15 15:17:15    157 373.6 167.7 168.2903 3.08642e-05 14.96246 0.06500943  1.036534e-01  0.003102887   4.494103e-03      0.0001345319         1  1.076476e-01    0.001066738      3.308161e-03            3.278235e-05
141 2013-07-15 15:17:30    158 374.6 167.9 168.4941 3.08642e-05 15.16631 0.06500943  1.125170e-01  0.003102992   4.878401e-03      0.0001345365         1  1.086659e-01    0.001070256      3.339456e-03            3.289048e-05
142 2013-07-15 15:17:45    159 375.6 167.7 168.2980 3.08642e-05 14.97017 0.06500943  1.039889e-01  0.003102890   4.508649e-03      0.0001345321         1  1.096843e-01    0.001073868      3.370752e-03            3.300146e-05
143 2013-07-15 15:18:00    160 376.6 167.8 168.4019 3.08642e-05 15.07403 0.06500943  1.085045e-01  0.003102944   4.704434e-03      0.0001345344         1  1.107026e-01    0.001077571      3.402047e-03            3.311526e-05
144 2013-07-15 15:18:15    161 377.6 167.8 168.4057 3.08642e-05 15.07789 0.06500943  1.086723e-01  0.003102946   4.711707e-03      0.0001345345         1  1.117210e-01    0.001081365      3.433343e-03            3.323185e-05
145 2013-07-15 15:18:30    162 378.3 167.9 168.5096 3.08642e-05 15.18175 0.06500943  1.131879e-01  0.003103000   4.907492e-03      0.0001345368         1  1.124338e-01    0.001084074      3.455249e-03            3.331511e-05
146 2013-07-15 15:18:45    163 379.2 167.7 168.3134 3.08642e-05 14.98560 0.06500943  1.046599e-01  0.003102898   4.537740e-03      0.0001345325         1  1.133503e-01    0.001087621      3.483415e-03            3.342414e-05
147 2013-07-15 15:19:00    164 380.2 167.7 168.3173 3.08642e-05 14.98946 0.06500943  1.048276e-01  0.003102900   4.545013e-03      0.0001345325         1  1.143687e-01    0.001091647      3.514711e-03            3.354785e-05
148 2013-07-15 15:19:15    165 381.1 167.7 168.3211 3.08642e-05 14.99332 0.06500943  1.049953e-01  0.003102902   4.552286e-03      0.0001345326         1  1.152852e-01    0.001095345      3.542877e-03            3.366150e-05
149 2013-07-15 15:19:30    166 382.1 167.9 168.5250 3.08642e-05 15.19718 0.06500943  1.138589e-01  0.003103008   4.936584e-03      0.0001345372         1  1.163036e-01    0.001099536      3.574172e-03            3.379029e-05
150 2013-07-15 15:19:45    167 383.0 167.9 168.5289 3.08642e-05 15.20104 0.06500943  1.140266e-01  0.003103010   4.943856e-03      0.0001345373         1  1.172201e-01    0.001103381      3.602338e-03            3.390845e-05
151 2013-07-15 15:20:00    168 384.0 167.7 168.3327 3.08642e-05 15.00489 0.06500943  1.054986e-01  0.003102908   4.574104e-03      0.0001345329         1  1.182384e-01    0.001107734      3.633633e-03            3.404221e-05
152 2013-07-15 15:20:15    169 385.0 167.9 168.5366 3.08642e-05 15.20875 0.06500943  1.143621e-01  0.003103014   4.958402e-03      0.0001345375         1  1.192568e-01    0.001112170      3.664929e-03            3.417855e-05
153 2013-07-15 15:20:30    170 386.0 167.8 168.4404 3.08642e-05 15.11261 0.06500943  1.101820e-01  0.003102964   4.777163e-03      0.0001345353         1  1.202751e-01    0.001116689      3.696224e-03            3.431742e-05
154 2013-07-15 15:20:45    171 387.0 167.7 168.3443 3.08642e-05 15.01647 0.06500943  1.060018e-01  0.003102914   4.595923e-03      0.0001345331         1  1.212935e-01    0.001121289      3.727520e-03            3.445880e-05
155 2013-07-15 15:21:00    172 388.0 167.5 168.1481 3.08642e-05 14.82033 0.06500943  9.747372e-02  0.003102814   4.226171e-03      0.0001345288         1  1.223118e-01    0.001125971      3.758815e-03            3.460266e-05
156 2013-07-15 15:21:15    173 389.1 167.6 168.2520 3.08642e-05 14.92418 0.06500943  1.019894e-01  0.003102867   4.421956e-03      0.0001345311         1  1.234320e-01    0.001131212      3.793240e-03            3.476374e-05
157 2013-07-15 15:21:30    174 390.3 167.6 168.2559 3.08642e-05 14.92804 0.06500943  1.021571e-01  0.003102869   4.429229e-03      0.0001345312         1  1.246541e-01    0.001137038      3.830794e-03            3.494278e-05
158 2013-07-15 15:21:45    175 391.3 167.6 168.2597 3.08642e-05 14.93190 0.06500943  1.023249e-01  0.003102871   4.436502e-03      0.0001345313         1  1.256724e-01    0.001141978      3.862090e-03            3.509460e-05
159 2013-07-15 15:22:00    176 392.5 167.6 168.2636 3.08642e-05 14.93576 0.06500943  1.024926e-01  0.003102873   4.443775e-03      0.0001345313         1  1.268944e-01    0.001148007      3.899644e-03            3.527988e-05
160 2013-07-15 15:22:15    177 393.5 167.7 168.3674 3.08642e-05 15.03962 0.06500943  1.070083e-01  0.003102926   4.639560e-03      0.0001345337         1  1.279128e-01    0.001153114      3.930940e-03            3.543683e-05
161 2013-07-15 15:22:30    178 394.7 167.6 168.2713 3.08642e-05 14.94347 0.06500943  1.028281e-01  0.003102877   4.458320e-03      0.0001345315         1  1.291348e-01    0.001159341      3.968494e-03            3.562817e-05
162 2013-07-15 15:22:45    179 396.0 167.7 168.3752 3.08642e-05 15.04733 0.06500943  1.073437e-01  0.003102930   4.654106e-03      0.0001345338         1  1.304587e-01    0.001166204      4.009178e-03            3.583909e-05
163 2013-07-15 15:23:00    180 397.1 167.8 168.4790 3.08642e-05 15.15119 0.06500943  1.118594e-01  0.003102984   4.849891e-03      0.0001345362         1  1.315789e-01    0.001172106      4.043603e-03            3.602048e-05
164 2013-07-15 15:23:15    181 398.4 167.7 168.3829 3.08642e-05 15.05505 0.06500943  1.076792e-01  0.003102934   4.668651e-03      0.0001345340         1  1.329027e-01    0.001179192      4.084287e-03            3.623822e-05
165 2013-07-15 15:23:30    182 399.7 168.0 168.6867 3.08642e-05 15.35891 0.06500943  1.208907e-01  0.003103092   5.241462e-03      0.0001345409         1  1.342266e-01    0.001186394      4.124971e-03            3.645957e-05
166 2013-07-15 15:23:45    183 401.3 167.9 168.5906 3.08642e-05 15.26276 0.06500943  1.167105e-01  0.003103042   5.060222e-03      0.0001345387         1  1.358559e-01    0.001195417      4.175044e-03            3.673685e-05
167 2013-07-15 15:24:00    184 402.8 167.9 168.5944 3.08642e-05 15.26662 0.06500943  1.168783e-01  0.003103044   5.067495e-03      0.0001345388         1  1.373835e-01    0.001204031      4.221987e-03            3.700156e-05
168 2013-07-15 15:24:15    185 404.2 168.1 168.7983 3.08642e-05 15.47048 0.06500943  1.257419e-01  0.003103151   5.451793e-03      0.0001345434         1  1.388092e-01    0.001212202      4.265801e-03            3.725268e-05
169 2013-07-15 15:24:30    186 405.7 168.0 168.7022 3.08642e-05 15.37434 0.06500943  1.215617e-01  0.003103101   5.270553e-03      0.0001345412         1  1.403367e-01    0.001221096      4.312744e-03            3.752601e-05
170 2013-07-15 15:24:45    187 407.1 168.0 168.7060 3.08642e-05 15.37820 0.06500943  1.217294e-01  0.003103103   5.277826e-03      0.0001345413         1  1.417624e-01    0.001229524      4.356558e-03            3.778501e-05
171 2013-07-15 15:25:00    188 408.5 168.2 168.9099 3.08642e-05 15.58205 0.06500943  1.305930e-01  0.003103211   5.662124e-03      0.0001345460         1  1.431881e-01    0.001238072      4.400371e-03            3.804770e-05
172 2013-07-15 15:25:15    189 410.0 168.2 168.9137 3.08642e-05 15.58591 0.06500943  1.307607e-01  0.003103213   5.669397e-03      0.0001345461         1  1.447156e-01    0.001247361      4.447314e-03            3.833315e-05
173 2013-07-15 15:25:30    190 411.5 168.3 169.0176 3.08642e-05 15.68977 0.06500943  1.352764e-01  0.003103268   5.865182e-03      0.0001345485         1  1.462431e-01    0.001256781      4.494257e-03            3.862266e-05
174 2013-07-15 15:25:45    191 413.0 168.4 169.1215 3.08642e-05 15.79363 0.06500943  1.397920e-01  0.003103324   6.060968e-03      0.0001345509         1  1.477707e-01    0.001266331      4.541201e-03            3.891612e-05
175 2013-07-15 15:26:00    192 414.5 168.4 169.1253 3.08642e-05 15.79749 0.06500943  1.399598e-01  0.003103327   6.068240e-03      0.0001345510         1  1.492982e-01    0.001276006      4.588144e-03            3.921346e-05
176 2013-07-15 15:26:15    193 416.1 168.3 169.0292 3.08642e-05 15.70134 0.06500943  1.357796e-01  0.003103275   5.887001e-03      0.0001345488         1  1.509276e-01    0.001286462      4.638216e-03            3.953479e-05
177 2013-07-15 15:26:30    194 417.9 168.6 169.3330 3.08642e-05 16.00520 0.06500943  1.489911e-01  0.003103440   6.459811e-03      0.0001345559         1  1.527606e-01    0.001298388      4.694548e-03            3.990130e-05
178 2013-07-15 15:26:45    195 419.5 168.4 169.1369 3.08642e-05 15.80906 0.06500943  1.404630e-01  0.003103333   6.090059e-03      0.0001345513         1  1.543900e-01    0.001309131      4.744621e-03            4.023144e-05
179 2013-07-15 15:27:00    196 421.3 168.5 169.2407 3.08642e-05 15.91292 0.06500943  1.449787e-01  0.003103389   6.285844e-03      0.0001345537         1  1.562230e-01    0.001321371      4.800953e-03            4.060760e-05
180 2013-07-15 15:27:15    197 422.8 168.5 169.2446 3.08642e-05 15.91678 0.06500943  1.451464e-01  0.003103391   6.293117e-03      0.0001345538         1  1.577505e-01    0.001331694      4.847896e-03            4.092483e-05
181 2013-07-15 15:27:30    198 424.4 168.5 169.2485 3.08642e-05 15.92063 0.06500943  1.453142e-01  0.003103393   6.300390e-03      0.0001345539         1  1.593799e-01    0.001342824      4.897968e-03            4.126687e-05
182 2013-07-15 15:27:45    199 426.0 168.5 169.2523 3.08642e-05 15.92449 0.06500943  1.454819e-01  0.003103396   6.307663e-03      0.0001345540         1  1.610093e-01    0.001354074      4.948041e-03            4.161260e-05
183 2013-07-15 15:28:00    200 427.3 168.5 169.2562 3.08642e-05 15.92835 0.06500943  1.456496e-01  0.003103398   6.314936e-03      0.0001345541         1  1.623331e-01    0.001363301      4.988725e-03            4.189617e-05
184 2013-07-15 15:28:15    201 428.5 168.4 169.1600 3.08642e-05 15.83221 0.06500943  1.414695e-01  0.003103345   6.133696e-03      0.0001345518         1  1.635551e-01    0.001371886      5.026280e-03            4.216000e-05
185 2013-07-15 15:28:30    202 429.6 168.5 169.2639 3.08642e-05 15.93607 0.06500943  1.459851e-01  0.003103402   6.329481e-03      0.0001345543         1  1.646753e-01    0.001379811      5.060705e-03            4.240355e-05

$dryleafvolt
            timestamp record LWSmV  SEmV    CSEmV    CSEmV.sd   loadmV  loadmV.sd
1 2013-07-15 14:41:30     14 263.7 165.8 165.8386 3.08642e-05 12.51076 0.06500943
2 2013-07-15 14:41:45     15 263.7 165.9 165.9424 3.08642e-05 12.61462 0.06500943
3 2013-07-15 14:42:00     16 263.7 165.8 165.8463 3.08642e-05 12.51847 0.06500943
4 2013-07-15 14:42:15     17 263.7 165.9 165.9502 3.08642e-05 12.62233 0.06500943
5 2013-07-15 14:42:30     18 263.7 165.9 165.9540 3.08642e-05 12.62619 0.06500943

$runtime
Time difference of 46 mins

$startcalibvolt
            timestamp record LWSmV  SEmV    CSEmV    CSEmV.sd   loadmV  loadmV.sd
1 2013-07-15 14:39:30      6 263.7 275.8 275.8077 3.08642e-05 122.4799 0.06500943
2 2013-07-15 14:39:45      7 263.7 275.9 275.9116 3.08642e-05 122.5838 0.06500943
3 2013-07-15 14:40:00      8 263.7 276.0 276.0154 3.08642e-05 122.6876 0.06500943
4 2013-07-15 14:40:15      9 263.7 275.9 275.9193 3.08642e-05 122.5915 0.06500943
5 2013-07-15 14:40:30     10 263.7 275.9 275.9231 3.08642e-05 122.5953 0.06500943

$endcalibvolt
[1] NA

$lastLWSvolt
[1] 430.4

$maxLWSvolt
[1] 431.8

$species
[1] "blackoak"

$trial
[1] "2"

$replicate
[1] "1"

$isvertical
[1] FALSE

$conversionfactor
         avg        stdev
1 0.04347911 1.031159e-05

$LWSwatermass
        avg       stdev
1 0.1378818 0.002580485

$dryleafmass
        avg      stdev
1 0.5469009 0.00127071

$lwsmodel

Call:
lm(formula = LWSsurfacedensity ~ record, data = rd[rd$runfilter == 
    1, ])

Coefficients:
(Intercept)       record  
 -1.073e-03    2.848e-05  


$leafmodel

Call:
lm(formula = surfacedensity ~ record, data = rd[rd$runfilter == 
    1, ])

Coefficients:
(Intercept)       record  
 -7.521e-04    3.292e-05  


