$name
[1] "blackoak6"

$leafarea
[1] 54.7767

$startbasevolt
            timestamp record LWSmV  SEmV CSEmV CSEmV.sd      loadmV loadmV.sd
1 2013-07-16 11:07:15      2 262.4 154.1 154.1        0  0.12860029 0.1172118
2 2013-07-16 11:07:30      3 262.4 153.8 153.8        0 -0.17139971 0.1172118
3 2013-07-16 11:07:45      4 262.4 154.0 154.0        0  0.02860029 0.1172118

$endbasevolt
            timestamp record LWSmV  SEmV    CSEmV     CSEmV.sd      loadmV loadmV.sd
1 2013-07-16 12:03:45    228 264.2 154.3 153.9214 5.490273e-05 -0.05004329 0.1172118
2 2013-07-16 12:04:00    229 264.3 154.5 154.1197 5.490273e-05  0.14826634 0.1172118
3 2013-07-16 12:04:15    230 264.1 154.3 153.9180 5.490273e-05 -0.05342404 0.1172118
4 2013-07-16 12:04:30    231 264.1 154.2 153.8163 5.490273e-05 -0.15511441 0.1172118
5 2013-07-16 12:04:45    232 264.0 154.5 154.1146 5.490273e-05  0.14319522 0.1172118
6 2013-07-16 12:05:00    233 264.0 154.3 153.9129 5.490273e-05 -0.05849516 0.1172118
7 2013-07-16 12:05:15    234 263.9 154.4 154.0112 5.490273e-05  0.03981447 0.1172118

$dryragvolt
            timestamp record LWSmV  SEmV    CSEmV     CSEmV.sd   loadmV loadmV.sd
1 2013-07-16 12:02:00    221 414.4 245.4 245.0332 5.490273e-05 91.06179 0.1172118
2 2013-07-16 12:02:15    222 413.0 245.3 244.9315 5.490273e-05 90.96010 0.1172118

$wetragvolt
            timestamp record LWSmV  SEmV    CSEmV     CSEmV.sd   loadmV loadmV.sd
1 2013-07-16 12:03:00    225 265.0 248.3 247.9264 5.490273e-05 93.95503 0.1172118
2 2013-07-16 12:03:15    226 264.4 248.0 247.6247 5.490273e-05 93.65334 0.1172118

$rundata
              timestamp record LWSmV  SEmV    CSEmV     CSEmV.sd   loadmV loadmV.sd    watermass watermass.sd surfacedensity surfacedensity.sd runfilter      LWSwater LWSwater.stdev LWSsurfacedensity LWSsurfacedensity.stdev
1   2013-07-16 11:10:30     15 262.4 183.7 183.6814 5.490273e-05 29.71001 0.1172118  0.002069873  0.005781845   3.778748e-05      0.0001055530         0 -5.593310e-03    0.001303421     -1.718903e-04            4.005595e-05
2   2013-07-16 11:10:45     16 262.4   NaN      NaN 5.490273e-05      NaN 0.1172118          NaN          NaN            NaN               NaN         0 -5.593310e-03    0.001303421     -1.718903e-04            4.005595e-05
3   2013-07-16 11:11:00     17 262.6 184.3 184.2780 5.490273e-05 30.30663 0.1172118  0.028087798  0.005783199   5.127691e-04      0.0001055777         0 -5.389639e-03    0.001302079     -1.656312e-04            4.001473e-05
4   2013-07-16 11:11:15     18 262.9 184.2 184.1763 5.490273e-05 30.20494 0.1172118  0.023653190  0.005782966   4.318112e-04      0.0001055735         0 -5.084133e-03    0.001300071     -1.562426e-04            3.995302e-05
5   2013-07-16 11:11:30     19 263.1 184.1 184.0746 5.490273e-05 30.10324 0.1172118  0.019218582  0.005782734   3.508533e-04      0.0001055692         0 -4.880462e-03    0.001298735     -1.499835e-04            3.991196e-05
6   2013-07-16 11:11:45     20 263.1 183.7 183.6730 5.490273e-05 29.70155 0.1172118  0.001701296  0.005781826   3.105876e-05      0.0001055527         0 -4.880462e-03    0.001298735     -1.499835e-04            3.991196e-05
7   2013-07-16 11:12:00     21 263.1 183.7 183.6713 5.490273e-05 29.69986 0.1172118  0.001627581  0.005781822   2.971302e-05      0.0001055526         0 -4.880462e-03    0.001298735     -1.499835e-04            3.991196e-05
8   2013-07-16 11:12:15     22 263.7 183.6 183.5696 5.490273e-05 29.59817 0.1172118 -0.002807027  0.005781594  -5.124491e-05      0.0001055484         0 -4.269451e-03    0.001294739     -1.312062e-04            3.978915e-05
9   2013-07-16 11:12:30     23 263.8 183.8 183.7679 5.490273e-05 29.79648 0.1172118  0.005841043  0.005782039   1.066337e-04      0.0001055566         0 -4.167615e-03    0.001294075     -1.280767e-04            3.976874e-05
10  2013-07-16 11:12:45     24 264.3 184.3 184.2662 5.490273e-05 30.29479 0.1172118  0.027571791  0.005783171   5.033489e-04      0.0001055772         0 -3.658439e-03    0.001290762     -1.124290e-04            3.966693e-05
11  2013-07-16 11:13:00     25 264.8 183.8 183.7645 5.490273e-05 29.79310 0.1172118  0.005693612  0.005782032   1.039422e-04      0.0001055564         0 -3.149262e-03    0.001287462     -9.678126e-05            3.956552e-05
12  2013-07-16 11:13:15     26 265.1 184.0 183.9628 5.490273e-05 29.99141 0.1172118  0.014341682  0.005782480   2.618209e-04      0.0001055646         0 -2.843756e-03    0.001285489     -8.739263e-05            3.950488e-05
13  2013-07-16 11:13:30     27 265.6 183.7 183.6611 5.490273e-05 29.68972 0.1172118  0.001185289  0.005781799   2.163856e-05      0.0001055522         0 -2.334580e-03    0.001282210     -7.174492e-05            3.940413e-05
14  2013-07-16 11:13:45     28 266.1 184.0 183.9594 5.490273e-05 29.98803 0.1172118  0.014194251  0.005782472   2.591294e-04      0.0001055645         0 -1.825403e-03    0.001278945     -5.609721e-05            3.930379e-05
15  2013-07-16 11:14:00     29 266.6 183.7 183.6577 5.490273e-05 29.68634 0.1172118  0.001037858  0.005781792   1.894708e-05      0.0001055520         0 -1.316227e-03    0.001275694     -4.044950e-05            3.920387e-05
16  2013-07-16 11:14:15     30 267.2 184.1 184.0561 5.490273e-05 30.08465 0.1172118  0.018407713  0.005782692   3.360501e-04      0.0001055685         0 -7.052148e-04    0.001271811     -2.167224e-05            3.908453e-05
17  2013-07-16 11:14:30     31 267.8 184.4 184.3544 5.490273e-05 30.38296 0.1172118  0.031416676  0.005783374   5.735409e-04      0.0001055809         0 -9.420292e-05    0.001267947     -2.894988e-06            3.896579e-05
18  2013-07-16 11:14:45     32 268.4 184.6 184.5527 5.490273e-05 30.58127 0.1172118  0.040064746  0.005783831   7.314195e-04      0.0001055893         0  5.168089e-04    0.001264103      1.588227e-05            3.884768e-05
19  2013-07-16 11:15:00     33 269.1 184.5 184.4510 5.490273e-05 30.47958 0.1172118  0.035630138  0.005783596   6.504616e-04      0.0001055850         0  1.229656e-03    0.001259645      3.778906e-05            3.871066e-05
20  2013-07-16 11:15:15     34 269.7 184.6 184.5493 5.490273e-05 30.57789 0.1172118  0.039917315  0.005783823   7.287281e-04      0.0001055891         0  1.840668e-03    0.001255846      5.656632e-05            3.859390e-05
21  2013-07-16 11:15:30     35 270.3 184.7 184.6476 5.490273e-05 30.67620 0.1172118  0.044204492  0.005784051   8.069945e-04      0.0001055933         0  2.451680e-03    0.001252067      7.534357e-05            3.847778e-05
22  2013-07-16 11:15:45     36 271.0 184.5 184.4459 5.490273e-05 30.47451 0.1172118  0.035408992  0.005783584   6.464244e-04      0.0001055848         0  3.164527e-03    0.001247685      9.725037e-05            3.834311e-05
23  2013-07-16 11:16:00     37 271.7 184.4 184.3442 5.490273e-05 30.37282 0.1172118  0.030974384  0.005783350   5.654664e-04      0.0001055805         0  3.877374e-03    0.001243331      1.191572e-04            3.820932e-05
24  2013-07-16 11:16:15     38 272.4 184.2 184.1425 5.490273e-05 30.17113 0.1172118  0.022178883  0.005782889   4.048963e-04      0.0001055721         0  4.590221e-03    0.001239007      1.410640e-04            3.807642e-05
25  2013-07-16 11:16:30     39 273.1 184.2 184.1408 5.490273e-05 30.16944 0.1172118  0.022105168  0.005782885   4.035506e-04      0.0001055720         0  5.303069e-03    0.001234712      1.629708e-04            3.794443e-05
26  2013-07-16 11:16:45     40 273.7 184.6 184.5391 5.490273e-05 30.56775 0.1172118  0.039475023  0.005783799   7.206536e-04      0.0001055887         0  5.914080e-03    0.001231054      1.817480e-04            3.783201e-05
27  2013-07-16 11:17:00     41 274.4 184.7 184.6375 5.490273e-05 30.66606 0.1172118  0.043762200  0.005784027   7.989200e-04      0.0001055928         1  6.626928e-03    0.001226814      2.036548e-04            3.770171e-05
28  2013-07-16 11:17:15     42 275.1 184.8 184.7358 5.490273e-05 30.76437 0.1172118  0.048049377  0.005784255   8.771865e-04      0.0001055970         1  7.339775e-03    0.001222604      2.255616e-04            3.757234e-05
29  2013-07-16 11:17:30     43 275.8 184.9 184.8341 5.490273e-05 30.86268 0.1172118  0.052336555  0.005784484   9.554529e-04      0.0001056012         1  8.052622e-03    0.001218425      2.474684e-04            3.744391e-05
30  2013-07-16 11:17:45     44 276.4 185.2 185.1324 5.490273e-05 31.16099 0.1172118  0.065345517  0.005785183   1.192944e-03      0.0001056140         1  8.663634e-03    0.001214867      2.662457e-04            3.733457e-05
31  2013-07-16 11:18:00     45 277.2 185.0 184.9307 5.490273e-05 30.95929 0.1172118  0.056550017  0.005784710   1.032374e-03      0.0001056053         1  9.478316e-03    0.001210159      2.912820e-04            3.718988e-05
32  2013-07-16 11:18:15     46 277.8 185.1 185.0290 5.490273e-05 31.05760 0.1172118  0.060837194  0.005784940   1.110640e-03      0.0001056095         1  1.008933e-02    0.001206655      3.100593e-04            3.708220e-05
33  2013-07-16 11:18:30     47 278.5 185.3 185.2273 5.490273e-05 31.25591 0.1172118  0.069485264  0.005785407   1.268519e-03      0.0001056180         1  1.080218e-02    0.001202596      3.319660e-04            3.695747e-05
34  2013-07-16 11:18:45     48 279.2 185.6 185.5256 5.490273e-05 31.55422 0.1172118  0.082494226  0.005786115   1.506010e-03      0.0001056310         1  1.151502e-02    0.001198569      3.538728e-04            3.683372e-05
35  2013-07-16 11:19:00     49 279.9 185.4 185.3239 5.490273e-05 31.35253 0.1172118  0.073698726  0.005785636   1.345439e-03      0.0001056222         1  1.222787e-02    0.001194575      3.757796e-04            3.671097e-05
36  2013-07-16 11:19:15     50 280.6 185.7 185.6222 5.490273e-05 31.65084 0.1172118  0.086707688  0.005786346   1.582930e-03      0.0001056352         1  1.294072e-02    0.001190613      3.976864e-04            3.658922e-05
37  2013-07-16 11:19:30     51 281.3 185.7 185.6206 5.490273e-05 31.64915 0.1172118  0.086633973  0.005786342   1.581584e-03      0.0001056351         1  1.365356e-02    0.001186685      4.195932e-04            3.646849e-05
38  2013-07-16 11:19:45     52 282.0 185.6 185.5189 5.490273e-05 31.54746 0.1172118  0.082199365  0.005786099   1.500627e-03      0.0001056307         1  1.436641e-02    0.001182789      4.415000e-04            3.634878e-05
39  2013-07-16 11:20:00     53 282.7 186.0 185.9172 5.490273e-05 31.94577 0.1172118  0.099569220  0.005787055   1.817730e-03      0.0001056481         1  1.507926e-02    0.001178928      4.634068e-04            3.623011e-05
40  2013-07-16 11:20:15     54 283.4 186.0 185.9155 5.490273e-05 31.94408 0.1172118  0.099495505  0.005787051   1.816384e-03      0.0001056480         1  1.579211e-02    0.001175100      4.853136e-04            3.611248e-05
41  2013-07-16 11:20:30     55 284.1 185.9 185.8138 5.490273e-05 31.84239 0.1172118  0.095060897  0.005786806   1.735426e-03      0.0001056436         1  1.650495e-02    0.001171307      5.072204e-04            3.599591e-05
42  2013-07-16 11:20:45     56 284.8 185.8 185.7121 5.490273e-05 31.74070 0.1172118  0.090626289  0.005786561   1.654468e-03      0.0001056391         1  1.721780e-02    0.001167548      5.291272e-04            3.588040e-05
43  2013-07-16 11:21:00     57 285.5 185.5 185.4104 5.490273e-05 31.43901 0.1172118  0.077469895  0.005785841   1.414286e-03      0.0001056260         1  1.793065e-02    0.001163825      5.510340e-04            3.576597e-05
44  2013-07-16 11:21:15     58 286.3 185.6 185.5087 5.490273e-05 31.53732 0.1172118  0.081757073  0.005786075   1.492552e-03      0.0001056302         1  1.874533e-02    0.001159612      5.760704e-04            3.563652e-05
45  2013-07-16 11:21:30     59 287.0 186.0 185.9070 5.490273e-05 31.93563 0.1172118  0.099126928  0.005787030   1.809655e-03      0.0001056477         1  1.945818e-02    0.001155965      5.979772e-04            3.552443e-05
46  2013-07-16 11:21:45     60 287.7 185.7 185.6053 5.490273e-05 31.63394 0.1172118  0.085970535  0.005786306   1.569473e-03      0.0001056344         1  2.017102e-02    0.001152354      6.198840e-04            3.541345e-05
47  2013-07-16 11:22:00     61 288.4 185.8 185.7036 5.490273e-05 31.73225 0.1172118  0.090257712  0.005786541   1.647739e-03      0.0001056387         1  2.088387e-02    0.001148779      6.417907e-04            3.530358e-05
48  2013-07-16 11:22:15     62 289.1 185.9 185.8020 5.490273e-05 31.83056 0.1172118  0.094544889  0.005786777   1.726006e-03      0.0001056430         1  2.159672e-02    0.001145240      6.636975e-04            3.519485e-05
49  2013-07-16 11:22:30     63 289.8 185.7 185.6003 5.490273e-05 31.62887 0.1172118  0.085749388  0.005786294   1.565436e-03      0.0001056342         1  2.230957e-02    0.001141739      6.856043e-04            3.508725e-05
50  2013-07-16 11:22:45     64 290.5 185.7 185.5986 5.490273e-05 31.62718 0.1172118  0.085675673  0.005786290   1.564090e-03      0.0001056341         1  2.302241e-02    0.001138276      7.075111e-04            3.498081e-05
51  2013-07-16 11:23:00     65 291.2 186.0 185.8969 5.490273e-05 31.92549 0.1172118  0.098684636  0.005787006   1.801581e-03      0.0001056472         1  2.373526e-02    0.001134850      7.294179e-04            3.487553e-05
52  2013-07-16 11:23:15     66 291.9 185.8 185.6952 5.490273e-05 31.72380 0.1172118  0.089889135  0.005786521   1.641011e-03      0.0001056384         1  2.444811e-02    0.001131462      7.513247e-04            3.477141e-05
53  2013-07-16 11:23:30     67 292.6 185.7 185.5935 5.490273e-05 31.62211 0.1172118  0.085454527  0.005786277   1.560053e-03      0.0001056339         1  2.516095e-02    0.001128112      7.732315e-04            3.466848e-05
54  2013-07-16 11:23:45     68 293.3 185.7 185.5918 5.490273e-05 31.62042 0.1172118  0.085380812  0.005786273   1.558707e-03      0.0001056339         1  2.587380e-02    0.001124802      7.951383e-04            3.456675e-05
55  2013-07-16 11:24:00     69 294.0 185.8 185.6901 5.490273e-05 31.71873 0.1172118  0.089667989  0.005786509   1.636973e-03      0.0001056381         1  2.658665e-02    0.001121531      8.170451e-04            3.446621e-05
56  2013-07-16 11:24:15     70 294.7 185.9 185.7884 5.490273e-05 31.81704 0.1172118  0.093955166  0.005786745   1.715240e-03      0.0001056425         1  2.729950e-02    0.001118299      8.389519e-04            3.436689e-05
57  2013-07-16 11:24:30     71 295.4 186.2 186.0867 5.490273e-05 32.11535 0.1172118  0.106964129  0.005787465   1.952731e-03      0.0001056556         1  2.801234e-02    0.001115107      8.608587e-04            3.426880e-05
58  2013-07-16 11:24:45     72 296.1 186.0 185.8851 5.490273e-05 31.91365 0.1172118  0.098168628  0.005786977   1.792160e-03      0.0001056467         1  2.872519e-02    0.001111955      8.827655e-04            3.417194e-05
59  2013-07-16 11:25:00     73 296.8 186.0 185.8834 5.490273e-05 31.91196 0.1172118  0.098094913  0.005786973   1.790815e-03      0.0001056466         1  2.943804e-02    0.001108843      9.046723e-04            3.407632e-05
60  2013-07-16 11:25:15     74 297.6 186.0 185.8817 5.490273e-05 31.91027 0.1172118  0.098021197  0.005786969   1.789469e-03      0.0001056466         1  3.025272e-02    0.001105338      9.297086e-04            3.396858e-05
61  2013-07-16 11:25:30     75 298.3 186.1 185.9800 5.490273e-05 32.00858 0.1172118  0.102308375  0.005787207   1.867735e-03      0.0001056509         1  3.096557e-02    0.001102314      9.516154e-04            3.387567e-05
62  2013-07-16 11:25:45     76 299.0 186.3 186.1783 5.490273e-05 32.20689 0.1172118  0.110956445  0.005787688   2.025614e-03      0.0001056597         1  3.167841e-02    0.001099333      9.735222e-04            3.378404e-05
63  2013-07-16 11:26:00     77 299.7 186.3 186.1766 5.490273e-05 32.20520 0.1172118  0.110882729  0.005787683   2.024268e-03      0.0001056596         1  3.239126e-02    0.001096393      9.954290e-04            3.369369e-05
64  2013-07-16 11:26:15     78 300.4 186.5 186.3749 5.490273e-05 32.40351 0.1172118  0.119530799  0.005788167   2.182147e-03      0.0001056684         1  3.310411e-02    0.001093495      1.017336e-03            3.360465e-05
65  2013-07-16 11:26:30     79 301.1 186.4 186.2732 5.490273e-05 32.30182 0.1172118  0.115096191  0.005787919   2.101189e-03      0.0001056639         1  3.381696e-02    0.001090640      1.039243e-03            3.351691e-05
66  2013-07-16 11:26:45     80 301.8 186.6 186.4715 5.490273e-05 32.50013 0.1172118  0.123744261  0.005788404   2.259068e-03      0.0001056728         1  3.452980e-02    0.001087828      1.061149e-03            3.343050e-05
67  2013-07-16 11:27:00     81 302.5 186.6 186.4698 5.490273e-05 32.49844 0.1172118  0.123670546  0.005788400   2.257722e-03      0.0001056727         1  3.524265e-02    0.001085060      1.083056e-03            3.334541e-05
68  2013-07-16 11:27:15     82 303.2 186.7 186.5682 5.490273e-05 32.59675 0.1172118  0.127957723  0.005788642   2.335988e-03      0.0001056771         1  3.595550e-02    0.001082335      1.104963e-03            3.326166e-05
69  2013-07-16 11:27:30     83 304.0 186.9 186.7665 5.490273e-05 32.79506 0.1172118  0.136605793  0.005789132   2.493867e-03      0.0001056860         1  3.677018e-02    0.001079274      1.129999e-03            3.316761e-05
70  2013-07-16 11:27:45     84 304.7 186.8 186.6648 5.490273e-05 32.69337 0.1172118  0.132171185  0.005788880   2.412909e-03      0.0001056814         1  3.748303e-02    0.001076643      1.151906e-03            3.308677e-05
71  2013-07-16 11:28:00     85 305.4 187.0 186.8631 5.490273e-05 32.89168 0.1172118  0.140819255  0.005789371   2.570788e-03      0.0001056904         1  3.819587e-02    0.001074058      1.173813e-03            3.300730e-05
72  2013-07-16 11:28:15     86 306.1 187.2 187.0614 5.490273e-05 33.08999 0.1172118  0.149467324  0.005789865   2.728666e-03      0.0001056994         1  3.890872e-02    0.001071517      1.195720e-03            3.292922e-05
73  2013-07-16 11:28:30     87 306.8 186.8 186.6597 5.490273e-05 32.68830 0.1172118  0.131950039  0.005788868   2.408872e-03      0.0001056812         1  3.962157e-02    0.001069021      1.217627e-03            3.285252e-05
74  2013-07-16 11:28:45     88 307.5 187.3 187.1580 5.490273e-05 33.18661 0.1172118  0.153680786  0.005790107   2.805587e-03      0.0001057038         1  4.033442e-02    0.001066571      1.239533e-03            3.277723e-05
75  2013-07-16 11:29:00     89 308.4 187.0 186.8563 5.490273e-05 32.88492 0.1172118  0.140524393  0.005789354   2.565405e-03      0.0001056901         1  4.125093e-02    0.001063489      1.267699e-03            3.268250e-05
76  2013-07-16 11:29:15     90 308.9 186.8 186.6546 5.490273e-05 32.68323 0.1172118  0.131728893  0.005788855   2.404835e-03      0.0001056810         1  4.176011e-02    0.001061809      1.283347e-03            3.263089e-05
77  2013-07-16 11:29:30     91 309.7 187.2 187.0529 5.490273e-05 33.08154 0.1172118  0.149098748  0.005789844   2.721938e-03      0.0001056990         1  4.257479e-02    0.001059171      1.308383e-03            3.254983e-05
78  2013-07-16 11:29:45     92 310.3 186.8 186.6512 5.490273e-05 32.67985 0.1172118  0.131581462  0.005788847   2.402143e-03      0.0001056808         1  4.318580e-02    0.001057233      1.327161e-03            3.249027e-05
79  2013-07-16 11:30:00     93 311.0 187.2 187.0496 5.490273e-05 33.07816 0.1172118  0.148951317  0.005789836   2.719246e-03      0.0001056989         1  4.389865e-02    0.001055016      1.349067e-03            3.242212e-05
80  2013-07-16 11:30:15     94 311.7 187.6 187.4479 5.490273e-05 33.47647 0.1172118  0.166321172  0.005790837   3.036349e-03      0.0001057172         1  4.461150e-02    0.001052846      1.370974e-03            3.235544e-05
81  2013-07-16 11:30:30     95 312.4 187.3 187.1462 5.490273e-05 33.17478 0.1172118  0.153164779  0.005790078   2.796167e-03      0.0001057033         1  4.532435e-02    0.001050724      1.392881e-03            3.229022e-05
82  2013-07-16 11:30:45     96 313.0 187.3 187.1445 5.490273e-05 33.17309 0.1172118  0.153091064  0.005790073   2.794821e-03      0.0001057032         1  4.593536e-02    0.001048943      1.411658e-03            3.223550e-05
83  2013-07-16 11:31:00     97 313.7 187.4 187.2428 5.490273e-05 33.27140 0.1172118  0.157378241  0.005790320   2.873088e-03      0.0001057077         1  4.664820e-02    0.001046910      1.433565e-03            3.217303e-05
84  2013-07-16 11:31:15     98 314.5 187.3 187.1411 5.490273e-05 33.16971 0.1172118  0.152943633  0.005790065   2.792130e-03      0.0001057031         1  4.746289e-02    0.001044647      1.458601e-03            3.210347e-05
85  2013-07-16 11:31:30     99 315.2 187.1 186.9394 5.490273e-05 32.96801 0.1172118  0.144148132  0.005789561   2.631559e-03      0.0001056939         1  4.817573e-02    0.001042718      1.480508e-03            3.204421e-05
86  2013-07-16 11:31:45    100 315.9 187.3 187.1377 5.490273e-05 33.16632 0.1172118  0.152796202  0.005790056   2.789438e-03      0.0001057029         1  4.888858e-02    0.001040839      1.502415e-03            3.198646e-05
87  2013-07-16 11:32:00    101 316.6 187.2 187.0360 5.490273e-05 33.06463 0.1172118  0.148361594  0.005789802   2.708480e-03      0.0001056983         1  4.960143e-02    0.001039009      1.524322e-03            3.193022e-05
88  2013-07-16 11:32:15    102 317.3 187.1 186.9343 5.490273e-05 32.96294 0.1172118  0.143926986  0.005789548   2.627522e-03      0.0001056936         1  5.031428e-02    0.001037229      1.546229e-03            3.187552e-05
89  2013-07-16 11:32:30    103 318.0 187.7 187.5327 5.490273e-05 33.56125 0.1172118  0.170018627  0.005791051   3.103850e-03      0.0001057211         1  5.102712e-02    0.001035499      1.568135e-03            3.182235e-05
90  2013-07-16 11:32:45    104 318.7 187.5 187.3310 5.490273e-05 33.35956 0.1172118  0.161223126  0.005790542   2.943279e-03      0.0001057118         1  5.173997e-02    0.001033819      1.590042e-03            3.177072e-05
91  2013-07-16 11:33:00    105 319.5 187.6 187.4293 5.490273e-05 33.45787 0.1172118  0.165510303  0.005790790   3.021546e-03      0.0001057163         1  5.255465e-02    0.001031961      1.615078e-03            3.171361e-05
92  2013-07-16 11:33:15    106 320.1 187.7 187.5276 5.490273e-05 33.55618 0.1172118  0.169797480  0.005791038   3.099812e-03      0.0001057208         1  5.316566e-02    0.001030611      1.633856e-03            3.167212e-05
93  2013-07-16 11:33:30    107 320.9 187.7 187.5259 5.490273e-05 33.55449 0.1172118  0.169723765  0.005791034   3.098467e-03      0.0001057208         1  5.398035e-02    0.001028869      1.658892e-03            3.161858e-05
94  2013-07-16 11:33:45    108 321.6 187.5 187.3242 5.490273e-05 33.35280 0.1172118  0.160928264  0.005790525   2.937897e-03      0.0001057115         1  5.469319e-02    0.001027399      1.680799e-03            3.157342e-05
95  2013-07-16 11:34:00    109 322.3 187.8 187.6225 5.490273e-05 33.65111 0.1172118  0.173937227  0.005791279   3.175387e-03      0.0001057252         1  5.540604e-02    0.001025981      1.702706e-03            3.152983e-05
96  2013-07-16 11:34:15    110 323.0 187.7 187.5208 5.490273e-05 33.54942 0.1172118  0.169502619  0.005791021   3.094429e-03      0.0001057205         1  5.611889e-02    0.001024614      1.724612e-03            3.148784e-05
97  2013-07-16 11:34:30    111 323.7 187.5 187.3191 5.490273e-05 33.34773 0.1172118  0.160707118  0.005790512   2.933859e-03      0.0001057112         1  5.683174e-02    0.001023299      1.746519e-03            3.144743e-05
98  2013-07-16 11:34:45    112 324.4 187.5 187.3174 5.490273e-05 33.34604 0.1172118  0.160633403  0.005790508   2.932514e-03      0.0001057112         1  5.754458e-02    0.001022037      1.768426e-03            3.140862e-05
99  2013-07-16 11:35:00    113 325.1 187.5 187.3157 5.490273e-05 33.34435 0.1172118  0.160559688  0.005790503   2.931168e-03      0.0001057111         1  5.825743e-02    0.001020826      1.790333e-03            3.137142e-05
100 2013-07-16 11:35:15    114 325.8 188.2 188.0141 5.490273e-05 34.04266 0.1172118  0.191012221  0.005792280   3.487107e-03      0.0001057435         1  5.897028e-02    0.001019668      1.812240e-03            3.133582e-05
101 2013-07-16 11:35:30    115 326.5 187.9 187.7124 5.490273e-05 33.74097 0.1172118  0.177855827  0.005791508   3.246925e-03      0.0001057294         1  5.968312e-02    0.001018562      1.834146e-03            3.130184e-05
102 2013-07-16 11:35:45    116 327.2 187.9 187.7107 5.490273e-05 33.73928 0.1172118  0.177782112  0.005791504   3.245579e-03      0.0001057293         1  6.039597e-02    0.001017509      1.856053e-03            3.126948e-05
103 2013-07-16 11:36:00    117 327.9 188.3 188.1090 5.490273e-05 34.13759 0.1172118  0.195151967  0.005792524   3.562682e-03      0.0001057480         1  6.110882e-02    0.001016509      1.877960e-03            3.123875e-05
104 2013-07-16 11:36:15    118 328.7 188.2 188.0073 5.490273e-05 34.03590 0.1172118  0.190717359  0.005792262   3.481724e-03      0.0001057432         1  6.192350e-02    0.001015431      1.902996e-03            3.120562e-05
105 2013-07-16 11:36:30    119 329.3 188.4 188.2056 5.490273e-05 34.23421 0.1172118  0.199365429  0.005792773   3.639603e-03      0.0001057525         1  6.253451e-02    0.001014668      1.921774e-03            3.118218e-05
106 2013-07-16 11:36:45    120 330.2 188.5 188.3039 5.490273e-05 34.33252 0.1172118  0.203652606  0.005793028   3.717869e-03      0.0001057572         1  6.345103e-02    0.001013597      1.949939e-03            3.114927e-05
107 2013-07-16 11:37:00    121 330.8 188.5 188.3022 5.490273e-05 34.33083 0.1172118  0.203578891  0.005793023   3.716524e-03      0.0001057571         1  6.406204e-02    0.001012932      1.968717e-03            3.112884e-05
108 2013-07-16 11:37:15    122 331.5 188.5 188.3005 5.490273e-05 34.32914 0.1172118  0.203505176  0.005793019   3.715178e-03      0.0001057570         1  6.477489e-02    0.001012207      1.990624e-03            3.110653e-05
109 2013-07-16 11:37:30    123 332.2 188.7 188.4988 5.490273e-05 34.52745 0.1172118  0.212153246  0.005793534   3.873057e-03      0.0001057664         1  6.548774e-02    0.001011535      2.012530e-03            3.108588e-05
110 2013-07-16 11:37:45    124 332.9 188.6 188.3972 5.490273e-05 34.42576 0.1172118  0.207718638  0.005793270   3.792099e-03      0.0001057616         1  6.620058e-02    0.001010916      2.034437e-03            3.106688e-05
111 2013-07-16 11:38:00    125 333.7 188.7 188.4955 5.490273e-05 34.52407 0.1172118  0.212005815  0.005793526   3.870365e-03      0.0001057662         1  6.701527e-02    0.001010276      2.059473e-03            3.104720e-05
112 2013-07-16 11:38:15    126 334.5 188.5 188.2938 5.490273e-05 34.32237 0.1172118  0.203210314  0.005793002   3.709795e-03      0.0001057567         1  6.782995e-02    0.001009706      2.084510e-03            3.102968e-05
113 2013-07-16 11:38:30    127 335.2 188.4 188.1921 5.490273e-05 34.22068 0.1172118  0.198775706  0.005792738   3.628837e-03      0.0001057519         1  6.854280e-02    0.001009265      2.106417e-03            3.101614e-05
114 2013-07-16 11:38:45    128 335.9 188.6 188.3904 5.490273e-05 34.41899 0.1172118  0.207423776  0.005793252   3.786716e-03      0.0001057613         1  6.925564e-02    0.001008879      2.128323e-03            3.100426e-05
115 2013-07-16 11:39:00    129 336.7 188.6 188.3887 5.490273e-05 34.41730 0.1172118  0.207350061  0.005793248   3.785370e-03      0.0001057612         1  7.007033e-02    0.001008503      2.153360e-03            3.099272e-05
116 2013-07-16 11:39:15    130 337.4 188.5 188.2870 5.490273e-05 34.31561 0.1172118  0.202915453  0.005792984   3.704412e-03      0.0001057564         1  7.078317e-02    0.001008233      2.175267e-03            3.098442e-05
117 2013-07-16 11:39:30    131 338.2 188.5 188.2853 5.490273e-05 34.31392 0.1172118  0.202841737  0.005792980   3.703066e-03      0.0001057563         1  7.159786e-02    0.001007991      2.200303e-03            3.097698e-05
118 2013-07-16 11:39:45    132 338.9 188.3 188.0836 5.490273e-05 34.11223 0.1172118  0.194046237  0.005792459   3.542496e-03      0.0001057468         1  7.231070e-02    0.001007837      2.222210e-03            3.097225e-05
119 2013-07-16 11:40:00    133 339.6 188.5 188.2819 5.490273e-05 34.31054 0.1172118  0.202694307  0.005792971   3.700375e-03      0.0001057561         1  7.302355e-02    0.001007738      2.244116e-03            3.096920e-05
120 2013-07-16 11:40:15    134 340.4 188.4 188.1803 5.490273e-05 34.20885 0.1172118  0.198259699  0.005792708   3.619417e-03      0.0001057513         1  7.383823e-02    0.001007691      2.269153e-03            3.096777e-05
121 2013-07-16 11:40:30    135 341.2 188.4 188.1786 5.490273e-05 34.20716 0.1172118  0.198185983  0.005792704   3.618071e-03      0.0001057512         1  7.465291e-02    0.001007716      2.294189e-03            3.096852e-05
122 2013-07-16 11:40:45    136 341.9 188.3 188.0769 5.490273e-05 34.10547 0.1172118  0.193751375  0.005792441   3.537113e-03      0.0001057465         1  7.536576e-02    0.001007795      2.316096e-03            3.097096e-05
123 2013-07-16 11:41:00    137 342.7 188.5 188.2752 5.490273e-05 34.30378 0.1172118  0.202399445  0.005792953   3.694992e-03      0.0001057558         1  7.618044e-02    0.001007953      2.341132e-03            3.097581e-05
124 2013-07-16 11:41:15    138 343.5 188.7 188.4735 5.490273e-05 34.50209 0.1172118  0.211047515  0.005793468   3.852870e-03      0.0001057652         1  7.699513e-02    0.001008182      2.366169e-03            3.098284e-05
125 2013-07-16 11:41:30    139 344.3 188.7 188.4718 5.490273e-05 34.50040 0.1172118  0.210973800  0.005793464   3.851525e-03      0.0001057651         1  7.780981e-02    0.001008481      2.391205e-03            3.099205e-05
126 2013-07-16 11:41:45    140 345.0 188.7 188.4701 5.490273e-05 34.49871 0.1172118  0.210900084  0.005793460   3.850179e-03      0.0001057650         1  7.852266e-02    0.001008802      2.413112e-03            3.100190e-05
127 2013-07-16 11:42:00    141 345.7 188.7 188.4684 5.490273e-05 34.49702 0.1172118  0.210826369  0.005793455   3.848833e-03      0.0001057650         1  7.923550e-02    0.001009177      2.435019e-03            3.101342e-05
128 2013-07-16 11:42:15    142 346.6 188.7 188.4667 5.490273e-05 34.49533 0.1172118  0.210752654  0.005793451   3.847488e-03      0.0001057649         1  8.015202e-02    0.001009738      2.463184e-03            3.103067e-05
129 2013-07-16 11:42:30    143 347.4 188.3 188.0650 5.490273e-05 34.09364 0.1172118  0.193235368  0.005792411   3.527693e-03      0.0001057459         1  8.096670e-02    0.001010312      2.488221e-03            3.104832e-05
130 2013-07-16 11:42:45    144 348.1 188.9 188.6633 5.490273e-05 34.69195 0.1172118  0.219327008  0.005793964   4.004020e-03      0.0001057743         1  8.167955e-02    0.001010873      2.510128e-03            3.106554e-05
131 2013-07-16 11:43:00    145 349.0 189.1 188.8617 5.490273e-05 34.89026 0.1172118  0.227975078  0.005794485   4.161899e-03      0.0001057838         1  8.259607e-02    0.001011672      2.538293e-03            3.109011e-05
132 2013-07-16 11:43:15    146 349.7 188.9 188.6600 5.490273e-05 34.68857 0.1172118  0.219179578  0.005793955   4.001329e-03      0.0001057741         1  8.330892e-02    0.001012356      2.560200e-03            3.111111e-05
133 2013-07-16 11:43:30    147 350.5 189.0 188.7583 5.490273e-05 34.78688 0.1172118  0.223466755  0.005794213   4.079595e-03      0.0001057788         1  8.412360e-02    0.001013202      2.585237e-03            3.113714e-05
134 2013-07-16 11:43:45    148 351.3 189.1 188.8566 5.490273e-05 34.88519 0.1172118  0.227753932  0.005794471   4.157862e-03      0.0001057835         1  8.493828e-02    0.001014119      2.610273e-03            3.116531e-05
135 2013-07-16 11:44:00    149 352.1 189.1 188.8549 5.490273e-05 34.88350 0.1172118  0.227680217  0.005794467   4.156516e-03      0.0001057834         1  8.575296e-02    0.001015106      2.635309e-03            3.119563e-05
136 2013-07-16 11:44:15    150 352.9 189.1 188.8532 5.490273e-05 34.88181 0.1172118  0.227606501  0.005794462   4.155170e-03      0.0001057834         1  8.656765e-02    0.001016162      2.660346e-03            3.122809e-05
137 2013-07-16 11:44:30    151 353.8 189.4 189.1515 5.490273e-05 35.18012 0.1172118  0.240615464  0.005795251   4.392661e-03      0.0001057977         1  8.748416e-02    0.001017433      2.688511e-03            3.126715e-05
138 2013-07-16 11:44:45    152 354.6 189.4 189.1498 5.490273e-05 35.17843 0.1172118  0.240541749  0.005795246   4.391315e-03      0.0001057977         1  8.829885e-02    0.001018636      2.713548e-03            3.130412e-05
139 2013-07-16 11:45:00    153 355.3 189.6 189.3481 5.490273e-05 35.37673 0.1172118  0.249189818  0.005795774   4.549194e-03      0.0001058073         1  8.901169e-02    0.001019746      2.735455e-03            3.133822e-05
140 2013-07-16 11:45:15    154 356.2 189.5 189.2464 5.490273e-05 35.27504 0.1172118  0.244755210  0.005795503   4.468236e-03      0.0001058024         1  8.992821e-02    0.001021249      2.763620e-03            3.138442e-05
141 2013-07-16 11:45:30    155 357.1 189.2 188.9448 5.490273e-05 34.97335 0.1172118  0.231598817  0.005794704   4.228054e-03      0.0001057878         1  9.084473e-02    0.001022839      2.791786e-03            3.143328e-05
142 2013-07-16 11:45:45    156 357.9 189.7 189.4431 5.490273e-05 35.47166 0.1172118  0.253329565  0.005796028   4.624769e-03      0.0001058119         1  9.165941e-02    0.001024324      2.816823e-03            3.147893e-05
143 2013-07-16 11:46:00    157 358.7 189.3 189.0414 5.490273e-05 35.06997 0.1172118  0.235812279  0.005794959   4.304974e-03      0.0001057924         1  9.247409e-02    0.001025878      2.841859e-03            3.152666e-05
144 2013-07-16 11:46:15    158 359.5 189.3 189.0397 5.490273e-05 35.06828 0.1172118  0.235738564  0.005794955   4.303629e-03      0.0001057923         1  9.328878e-02    0.001027498      2.866895e-03            3.157647e-05
145 2013-07-16 11:46:30    159 360.4 189.7 189.4380 5.490273e-05 35.46659 0.1172118  0.253108419  0.005796014   4.620732e-03      0.0001058117         1  9.420529e-02    0.001029402      2.895061e-03            3.163496e-05
146 2013-07-16 11:46:45    160 361.2 189.4 189.1363 5.490273e-05 35.16490 0.1172118  0.239952026  0.005795211   4.380549e-03      0.0001057970         1  9.501998e-02    0.001031164      2.920098e-03            3.168913e-05
147 2013-07-16 11:47:00    161 362.0 189.3 189.0346 5.490273e-05 35.06321 0.1172118  0.235517418  0.005794941   4.299592e-03      0.0001057921         1  9.583466e-02    0.001032994      2.945134e-03            3.174535e-05
148 2013-07-16 11:47:15    162 362.8 189.1 188.8329 5.490273e-05 34.86152 0.1172118  0.226721917  0.005794409   4.139021e-03      0.0001057824         1  9.664934e-02    0.001034889      2.970170e-03            3.180359e-05
149 2013-07-16 11:47:30    163 363.8 189.3 189.0312 5.490273e-05 35.05983 0.1172118  0.235369987  0.005794932   4.296900e-03      0.0001057919         1  9.766769e-02    0.001037350      3.001466e-03            3.187923e-05
150 2013-07-16 11:47:45    164 364.6 189.4 189.1295 5.490273e-05 35.15814 0.1172118  0.239657164  0.005795193   4.375166e-03      0.0001057967         1  9.848238e-02    0.001039392      3.026502e-03            3.194199e-05
151 2013-07-16 11:48:00    165 365.4 189.5 189.2278 5.490273e-05 35.25645 0.1172118  0.243944341  0.005795454   4.453433e-03      0.0001058014         1  9.929706e-02    0.001041500      3.051538e-03            3.200675e-05
152 2013-07-16 11:48:15    166 366.2 189.3 189.0262 5.490273e-05 35.05476 0.1172118  0.235148841  0.005794919   4.292863e-03      0.0001057917         1  1.001117e-01    0.001043671      3.076575e-03            3.207348e-05
153 2013-07-16 11:48:30    167 367.2 189.6 189.3245 5.490273e-05 35.35307 0.1172118  0.248157803  0.005795711   4.530354e-03      0.0001058061         1  1.011301e-01    0.001046476      3.107870e-03            3.215967e-05
154 2013-07-16 11:48:45    168 368.1 189.6 189.3228 5.490273e-05 35.35138 0.1172118  0.248084088  0.005795707   4.529008e-03      0.0001058061         1  1.020466e-01    0.001049084      3.136036e-03            3.223984e-05
155 2013-07-16 11:49:00    169 368.9 189.5 189.2211 5.490273e-05 35.24969 0.1172118  0.243649480  0.005795436   4.448050e-03      0.0001058011         1  1.028613e-01    0.001051470      3.161072e-03            3.231317e-05
156 2013-07-16 11:49:15    170 369.8 189.8 189.5194 5.490273e-05 35.54800 0.1172118  0.256658443  0.005796232   4.685541e-03      0.0001058157         1  1.037778e-01    0.001054229      3.189238e-03            3.239796e-05
157 2013-07-16 11:49:30    171 370.6 189.6 189.3177 5.490273e-05 35.34631 0.1172118  0.247862942  0.005795693   4.524971e-03      0.0001058058         1  1.045925e-01    0.001056748      3.214275e-03            3.247535e-05
158 2013-07-16 11:49:45    172 371.4 189.8 189.5160 5.490273e-05 35.54462 0.1172118  0.256511012  0.005796223   4.682849e-03      0.0001058155         1  1.054072e-01    0.001059328      3.239311e-03            3.255464e-05
159 2013-07-16 11:50:00    173 372.3 189.9 189.6143 5.490273e-05 35.64293 0.1172118  0.260798189  0.005796487   4.761116e-03      0.0001058203         1  1.063237e-01    0.001062304      3.267477e-03            3.264610e-05
160 2013-07-16 11:50:15    174 373.1 189.6 189.3126 5.490273e-05 35.34124 0.1172118  0.247641796  0.005795680   4.520933e-03      0.0001058056         1  1.071384e-01    0.001065014      3.292513e-03            3.272937e-05
161 2013-07-16 11:50:30    175 374.1 189.8 189.5109 5.490273e-05 35.53955 0.1172118  0.256289866  0.005796210   4.678812e-03      0.0001058153         1  1.081567e-01    0.001068485      3.323809e-03            3.283606e-05
162 2013-07-16 11:50:45    176 375.0 190.1 189.8093 5.490273e-05 35.83786 0.1172118  0.269298828  0.005797013   4.916303e-03      0.0001058299         1  1.090732e-01    0.001071690      3.351974e-03            3.293453e-05
163 2013-07-16 11:51:00    177 376.1 190.0 189.7076 5.490273e-05 35.73617 0.1172118  0.264864220  0.005796738   4.835345e-03      0.0001058249         1  1.101934e-01    0.001075708      3.386399e-03            3.305801e-05
164 2013-07-16 11:51:15    178 376.9 189.8 189.5059 5.490273e-05 35.53448 0.1172118  0.256068720  0.005796196   4.674775e-03      0.0001058150         1  1.110081e-01    0.001078699      3.411436e-03            3.314995e-05
165 2013-07-16 11:51:30    179 377.8 189.9 189.6042 5.490273e-05 35.63278 0.1172118  0.260355897  0.005796460   4.753041e-03      0.0001058198         1  1.119246e-01    0.001082134      3.439602e-03            3.325550e-05
166 2013-07-16 11:51:45    180 378.7 190.3 190.0025 5.490273e-05 36.03109 0.1172118  0.277725752  0.005797537   5.070144e-03      0.0001058395         1  1.128412e-01    0.001085642      3.467768e-03            3.336330e-05
167 2013-07-16 11:52:00    181 379.5 190.6 190.3008 5.490273e-05 36.32940 0.1172118  0.290734715  0.005798351   5.307635e-03      0.0001058543         1  1.136558e-01    0.001088820      3.492804e-03            3.346097e-05
168 2013-07-16 11:52:15    182 380.4 190.9 190.5991 5.490273e-05 36.62771 0.1172118  0.303743677  0.005799171   5.545126e-03      0.0001058693         1  1.145724e-01    0.001092463      3.520970e-03            3.357292e-05
169 2013-07-16 11:52:30    183 381.2 190.2 189.8974 5.490273e-05 35.92602 0.1172118  0.273143713  0.005797251   4.986495e-03      0.0001058343         1  1.153870e-01    0.001095760      3.546006e-03            3.367426e-05
170 2013-07-16 11:52:45    184 382.2 190.6 190.2957 5.490273e-05 36.32433 0.1172118  0.290513568  0.005798337   5.303598e-03      0.0001058541         1  1.164054e-01    0.001099960      3.577302e-03            3.380331e-05
171 2013-07-16 11:53:00    185 383.1 190.9 190.5940 5.490273e-05 36.62264 0.1172118  0.303522531  0.005799157   5.541089e-03      0.0001058691         1  1.173219e-01    0.001103812      3.605467e-03            3.392171e-05
172 2013-07-16 11:53:15    186 383.9 190.5 190.1924 5.490273e-05 36.22095 0.1172118  0.286005245  0.005798054   5.221294e-03      0.0001058489         1  1.181366e-01    0.001107295      3.630504e-03            3.402872e-05
173 2013-07-16 11:53:30    187 384.9 190.9 190.5907 5.490273e-05 36.61926 0.1172118  0.303375100  0.005799148   5.538397e-03      0.0001058689         1  1.191549e-01    0.001111723      3.661799e-03            3.416480e-05
174 2013-07-16 11:53:45    188 385.8 190.4 190.0890 5.490273e-05 36.11757 0.1172118  0.281496922  0.005797772   5.138991e-03      0.0001058438         1  1.200715e-01    0.001115778      3.689965e-03            3.428944e-05
175 2013-07-16 11:54:00    189 386.8 190.4 190.0873 5.490273e-05 36.11588 0.1172118  0.281423206  0.005797767   5.137645e-03      0.0001058437         1  1.210898e-01    0.001120363      3.721260e-03            3.443033e-05
176 2013-07-16 11:54:15    190 387.7 190.7 190.3856 5.490273e-05 36.41419 0.1172118  0.294432169  0.005798583   5.375136e-03      0.0001058586         1  1.220063e-01    0.001124558      3.749426e-03            3.455925e-05
177 2013-07-16 11:54:30    191 388.5 190.6 190.2839 5.490273e-05 36.31250 0.1172118  0.289997561  0.005798304   5.294178e-03      0.0001058535         1  1.228210e-01    0.001128341      3.774463e-03            3.467551e-05
178 2013-07-16 11:54:45    192 389.6 190.8 190.4822 5.490273e-05 36.51081 0.1172118  0.298645631  0.005798849   5.452056e-03      0.0001058634         1  1.239412e-01    0.001133626      3.808888e-03            3.483792e-05
179 2013-07-16 11:55:00    193 390.5 191.0 190.6805 5.490273e-05 36.70912 0.1172118  0.307293701  0.005799396   5.609935e-03      0.0001058734         1  1.248577e-01    0.001138020      3.837054e-03            3.497296e-05
180 2013-07-16 11:55:15    194 391.6 190.6 190.2788 5.490273e-05 36.30743 0.1172118  0.289776415  0.005798290   5.290140e-03      0.0001058532         1  1.259779e-01    0.001143475      3.871479e-03            3.514061e-05
181 2013-07-16 11:55:30    195 392.6 190.5 190.1771 5.490273e-05 36.20574 0.1172118  0.285341807  0.005798012   5.209183e-03      0.0001058482         1  1.269963e-01    0.001148515      3.902774e-03            3.529548e-05
182 2013-07-16 11:55:45    196 393.6 190.7 190.3754 5.490273e-05 36.40405 0.1172118  0.293989877  0.005798555   5.367061e-03      0.0001058581         1  1.280146e-01    0.001153629      3.934069e-03            3.545265e-05
183 2013-07-16 11:56:00    197 394.5 190.4 190.0738 5.490273e-05 36.10236 0.1172118  0.280833484  0.005797730   5.126879e-03      0.0001058430         1  1.289311e-01    0.001158295      3.962235e-03            3.559605e-05
184 2013-07-16 11:56:15    198 395.7 190.7 190.3721 5.490273e-05 36.40067 0.1172118  0.293842446  0.005798546   5.364370e-03      0.0001058579         1  1.301532e-01    0.001164609      3.999790e-03            3.579008e-05
185 2013-07-16 11:56:30    199 396.8 190.8 190.4704 5.490273e-05 36.49898 0.1172118  0.298129623  0.005798816   5.442636e-03      0.0001058628         1  1.312733e-01    0.001170488      4.034215e-03            3.597075e-05
186 2013-07-16 11:56:45    200 397.9 190.8 190.4687 5.490273e-05 36.49729 0.1172118  0.298055908  0.005798812   5.441290e-03      0.0001058627         1  1.323935e-01    0.001176453      4.068640e-03            3.615404e-05
187 2013-07-16 11:57:00    201 399.1 190.9 190.5670 5.490273e-05 36.59560 0.1172118  0.302343085  0.005799082   5.519557e-03      0.0001058677         1  1.336156e-01    0.001183056      4.106194e-03            3.635697e-05
188 2013-07-16 11:57:15    202 400.2 190.8 190.4653 5.490273e-05 36.49391 0.1172118  0.297908477  0.005798802   5.438599e-03      0.0001058626         1  1.347357e-01    0.001189196      4.140619e-03            3.654565e-05
189 2013-07-16 11:57:30    203 401.5 190.8 190.4636 5.490273e-05 36.49222 0.1172118  0.297834762  0.005798798   5.437253e-03      0.0001058625         1  1.360596e-01    0.001196557      4.181303e-03            3.677188e-05
190 2013-07-16 11:57:45    204 402.8 190.9 190.5619 5.490273e-05 36.59053 0.1172118  0.302121939  0.005799068   5.515520e-03      0.0001058674         1  1.373835e-01    0.001204031      4.221987e-03            3.700156e-05
191 2013-07-16 11:58:00    205 403.9 190.8 190.4602 5.490273e-05 36.48884 0.1172118  0.297687331  0.005798788   5.434562e-03      0.0001058623         1  1.385037e-01    0.001210441      4.256412e-03            3.719854e-05
192 2013-07-16 11:58:15    206 405.1 190.8 190.4585 5.490273e-05 36.48714 0.1172118  0.297613616  0.005798784   5.433216e-03      0.0001058622         1  1.397257e-01    0.001217522      4.293967e-03            3.741615e-05
193 2013-07-16 11:58:30    207 406.4 190.9 190.5569 5.490273e-05 36.58545 0.1172118  0.301900793  0.005799054   5.511482e-03      0.0001058672         1  1.410495e-01    0.001225295      4.334651e-03            3.765504e-05
194 2013-07-16 11:58:45    208 408.0 190.8 190.4552 5.490273e-05 36.48376 0.1172118  0.297466185  0.005798774   5.430524e-03      0.0001058621         1  1.426789e-01    0.001235006      4.384723e-03            3.795346e-05
195 2013-07-16 11:59:00    209 409.1 190.9 190.5535 5.490273e-05 36.58207 0.1172118  0.301753362  0.005799045   5.508791e-03      0.0001058670         1  1.437991e-01    0.001241772      4.419148e-03            3.816139e-05
196 2013-07-16 11:59:15    210 410.5 191.0 190.6518 5.490273e-05 36.68038 0.1172118  0.306040540  0.005799317   5.587057e-03      0.0001058720         1  1.452248e-01    0.001250486      4.462962e-03            3.842921e-05
197 2013-07-16 11:59:30    211 412.0 191.1 190.7501 5.490273e-05 36.77869 0.1172118  0.310327717  0.005799589   5.665324e-03      0.0001058769         1  1.467523e-01    0.001259950      4.509905e-03            3.872004e-05
198 2013-07-16 11:59:45    212 413.6 191.1 190.7484 5.490273e-05 36.77700 0.1172118  0.310254002  0.005799584   5.663978e-03      0.0001058769         1  1.483817e-01    0.001270186      4.559978e-03            3.903460e-05
199 2013-07-16 12:00:00    213 415.4 191.1 190.7467 5.490273e-05 36.77531 0.1172118  0.310180286  0.005799580   5.662632e-03      0.0001058768         1  1.502147e-01    0.001281871      4.616310e-03            3.939368e-05
200 2013-07-16 12:00:15    214 416.6 191.2 190.8450 5.490273e-05 36.87362 0.1172118  0.314467463  0.005799852   5.740899e-03      0.0001058818         1  1.514367e-01    0.001289758      4.653864e-03            3.963607e-05
201 2013-07-16 12:00:30    215 417.9   NaN      NaN 5.490273e-05      NaN 0.1172118          NaN          NaN            NaN               NaN         0  1.527606e-01    0.001298388      4.694548e-03            3.990130e-05
202 2013-07-16 12:00:45    216 419.1 190.8 190.4416 5.490273e-05 36.47024 0.1172118  0.296876462  0.005798737   5.419758e-03      0.0001058614         0  1.539826e-01    0.001306433      4.732103e-03            4.014853e-05
203 2013-07-16 12:01:00    217 419.2 190.4 190.0400 5.490273e-05 36.06855 0.1172118  0.279359176  0.005797638   5.099964e-03      0.0001058413         0  1.540845e-01    0.001307107      4.735232e-03            4.016923e-05
204 2013-07-16 12:01:15    218 418.7 190.5 190.1383 5.490273e-05 36.16686 0.1172118  0.283646354  0.005797906   5.178230e-03      0.0001058462         0  1.535753e-01    0.001303743      4.719584e-03            4.006587e-05
205 2013-07-16 12:01:30    219 417.8 190.4 190.0366 5.490273e-05 36.06517 0.1172118  0.279211746  0.005797629   5.097272e-03      0.0001058412         0  1.526588e-01    0.001297721      4.691419e-03            3.988080e-05

$dryleafvolt
            timestamp record LWSmV  SEmV    CSEmV     CSEmV.sd   loadmV loadmV.sd
1 2013-07-16 11:09:45     12 262.4 183.5 183.4865 5.490273e-05 29.51508 0.1172118
2 2013-07-16 11:10:00     13 262.4 183.6 183.5848 5.490273e-05 29.61339 0.1172118
3 2013-07-16 11:10:15     14 262.4 183.8 183.7831 5.490273e-05 29.81170 0.1172118
4 2013-07-16 11:10:30     15 262.4 183.7 183.6814 5.490273e-05 29.71001 0.1172118
5 2013-07-16 11:10:45     16 262.4   NaN      NaN 5.490273e-05      NaN 0.1172118

$runtime
Time difference of 51 mins

$startcalibvolt
            timestamp record LWSmV  SEmV    CSEmV     CSEmV.sd   loadmV loadmV.sd
1 2013-07-16 11:08:15      6 262.4 276.0 275.9966 5.490273e-05 122.0252 0.1172118
2 2013-07-16 11:08:30      7 262.4 276.1 276.0949 5.490273e-05 122.1235 0.1172118
3 2013-07-16 11:08:45      8 262.4 276.4 276.3932 5.490273e-05 122.4218 0.1172118
4 2013-07-16 11:09:00      9 262.4 276.3 276.2915 5.490273e-05 122.3201 0.1172118

$endcalibvolt
[1] NA

$lastLWSvolt
[1] 413

$maxLWSvolt
[1] 419.2

$species
[1] "blackoak"

$trial
[1] "6"

$replicate
[1] "1"

$isvertical
[1] FALSE

$conversionfactor
         avg        stdev
1 0.04360893 2.091053e-05

$LWSwatermass
        avg       stdev
1 0.1218101 0.005111815

$dryleafmass
       avg      stdev
1 1.293552 0.00262993

$lwsmodel

Call:
lm(formula = LWSsurfacedensity ~ record, data = rd[rd$runfilter == 
    1, ])

Coefficients:
(Intercept)       record  
 -9.166e-04    2.448e-05  


$leafmodel

Call:
lm(formula = surfacedensity ~ record, data = rd[rd$runfilter == 
    1, ])

Coefficients:
(Intercept)       record  
  6.559e-05    2.717e-05  


