$name
[1] "blackoak6rep2"

$leafarea
[1] 54.7767

$startbasevolt
            timestamp record LWSmV  SEmV CSEmV CSEmV.sd     loadmV  loadmV.sd
1 2013-08-13 13:04:45      2 265.1 149.8 149.8        0 0.03866825 0.08445973
2 2013-08-13 13:05:00      3 265.1 149.8 149.8        0 0.03866825 0.08445973
3 2013-08-13 13:05:15      4 265.1 149.8 149.8        0 0.03866825 0.08445973

$endbasevolt
             timestamp record LWSmV  SEmV    CSEmV     CSEmV.sd      loadmV  loadmV.sd
1  2013-08-13 14:01:00    227 266.8 148.8 149.8590 2.881377e-05  0.09763551 0.08445974
2  2013-08-13 14:01:15    228 266.4 148.8 149.8637 2.881377e-05  0.10238425 0.08445974
3  2013-08-13 14:01:30    229 266.4 148.8 149.8685 2.881377e-05  0.10713298 0.08445974
4  2013-08-13 14:01:45    230 266.4 148.8 149.8732 2.881377e-05  0.11188171 0.08445974
5  2013-08-13 14:02:00    231 266.4 148.6 149.6780 2.881377e-05 -0.08336956 0.08445974
6  2013-08-13 14:02:15    232 266.4 148.7 149.7827 2.881377e-05  0.02137917 0.08445974
7  2013-08-13 14:02:30    233 266.4 148.6 149.6875 2.881377e-05 -0.07387209 0.08445974
8  2013-08-13 14:02:45    234 266.2 148.5 149.5922 2.881377e-05 -0.16912336 0.08445974
9  2013-08-13 14:03:00    235 265.8 148.6 149.6970 2.881377e-05 -0.06437463 0.08445974
10 2013-08-13 14:03:15    236 265.8 148.7 149.8017 2.881377e-05  0.04037410 0.08445974
11 2013-08-13 14:03:30    237 265.8 148.6 149.7065 2.881377e-05 -0.05487717 0.08445974
12 2013-08-13 14:03:45    238 265.8 148.7 149.8112 2.881377e-05  0.04987157 0.08445974
13 2013-08-13 14:04:00    239 265.8 148.7 149.8160 2.881377e-05  0.05462030 0.08445974
14 2013-08-13 14:04:15    240 265.8 148.7 149.8207 2.881377e-05  0.05936903 0.08445974
15 2013-08-13 14:04:30    241 265.8 148.5 149.6254 2.881377e-05 -0.13588224 0.08445974
16 2013-08-13 14:04:45    242 265.7 148.6 149.7302 2.881377e-05 -0.03113350 0.08445974
17 2013-08-13 14:05:00    243 265.5 148.6 149.7349 2.881377e-05 -0.02638477 0.08445974
18 2013-08-13 14:05:15    244 265.1 148.5 149.6397 2.881377e-05 -0.12163604 0.08445974

$dryragvolt
            timestamp record LWSmV  SEmV    CSEmV     CSEmV.sd   loadmV  loadmV.sd
1 2013-08-13 13:56:00    207 305.9 218.9 219.8640 2.881377e-05 70.10266 0.08445974
2 2013-08-13 13:56:15    208 305.4 218.8 219.7687 2.881377e-05 70.00741 0.08445974
3 2013-08-13 13:56:30    209 305.2 218.9 219.8735 2.881377e-05 70.11216 0.08445974
4 2013-08-13 13:56:45    210 304.9 218.9 219.8782 2.881377e-05 70.11691 0.08445974
5 2013-08-13 13:57:00    211 304.5 219.0 219.9830 2.881377e-05 70.22166 0.08445974
6 2013-08-13 13:57:15    212 304.5 218.9 219.8877 2.881377e-05 70.12640 0.08445974
7 2013-08-13 13:57:30    213 304.0 218.8 219.7925 2.881377e-05 70.03115 0.08445974

$wetragvolt
            timestamp record LWSmV  SEmV    CSEmV     CSEmV.sd   loadmV  loadmV.sd
1 2013-08-13 13:58:15    216 269.7 219.6 220.6067 2.881377e-05 70.84540 0.08445974
2 2013-08-13 13:58:30    217 269.1 219.4 220.4115 2.881377e-05 70.65015 0.08445974
3 2013-08-13 13:58:45    218 268.6 219.1 220.1162 2.881377e-05 70.35490 0.08445974
4 2013-08-13 13:59:00    219 268.4 219.3 220.3210 2.881377e-05 70.55965 0.08445974

$rundata
              timestamp record LWSmV  SEmV    CSEmV     CSEmV.sd   loadmV  loadmV.sd     watermass watermass.sd surfacedensity surfacedensity.sd runfilter      LWSwater LWSwater.stdev LWSsurfacedensity LWSsurfacedensity.stdev
1   2013-08-13 13:09:15     20 264.4 175.4 175.4760 2.881377e-05 25.71465 0.08445974  3.618343e-03  0.004012556   6.605625e-05      7.325297e-05         0 -3.556603e-03    0.001290101     -1.092994e-04            3.964662e-05
2   2013-08-13 13:09:30     21 264.5 175.7 175.7807 2.881377e-05 26.01940 0.08445974  1.685789e-02  0.004013141   3.077567e-04      7.326366e-05         0 -3.454768e-03    0.001289440     -1.061699e-04            3.962632e-05
3   2013-08-13 13:09:45     22 264.6 175.1 175.1855 2.881377e-05 25.42415 0.08445974 -9.002293e-03  0.004012004  -1.643453e-04      7.324289e-05         0 -3.352933e-03    0.001288780     -1.030403e-04            3.960604e-05
4   2013-08-13 13:10:00     23 264.9 175.5 175.5902 2.881377e-05 25.82889 0.08445974  8.581672e-03  0.004012774   1.566665e-04      7.325696e-05         0 -3.047427e-03    0.001286804     -9.365172e-05            3.954529e-05
5   2013-08-13 13:10:15     24 265.0 175.3 175.3950 2.881377e-05 25.63364 0.08445974  9.914641e-05  0.004012401   1.810011e-06      7.325015e-05         0 -2.945592e-03    0.001286146     -9.052218e-05            3.952508e-05
6   2013-08-13 13:10:30     25 265.1 175.6 175.6997 2.881377e-05 25.93839 0.08445974  1.333870e-02  0.004012985   2.435104e-04      7.326081e-05         0 -2.843756e-03    0.001285489     -8.739263e-05            3.950488e-05
7   2013-08-13 13:10:45     26 265.1 175.4 175.5045 2.881377e-05 25.74314 0.08445974  4.856171e-03  0.004012610   8.865396e-05      7.325396e-05         0 -2.843756e-03    0.001285489     -8.739263e-05            3.950488e-05
8   2013-08-13 13:11:00     27 265.1 175.2 175.3092 2.881377e-05 25.54789 0.08445974 -3.626355e-03  0.004012238  -6.620251e-05      7.324717e-05         0 -2.843756e-03    0.001285489     -8.739263e-05            3.950488e-05
9   2013-08-13 13:11:15     28 265.1 175.4 175.5140 2.881377e-05 25.75264 0.08445974  5.268780e-03  0.004012628   9.618653e-05      7.325430e-05         0 -2.843756e-03    0.001285489     -8.739263e-05            3.950488e-05
10  2013-08-13 13:11:30     29 265.1 175.5 175.6187 2.881377e-05 25.85739 0.08445974  9.819500e-03  0.004012829   1.792642e-04      7.325796e-05         0 -2.843756e-03    0.001285489     -8.739263e-05            3.950488e-05
11  2013-08-13 13:11:45     30 265.1 175.4 175.5235 2.881377e-05 25.76214 0.08445974  5.681389e-03  0.004012646   1.037191e-04      7.325463e-05         0 -2.843756e-03    0.001285489     -8.739263e-05            3.950488e-05
12  2013-08-13 13:12:00     31 265.3 175.8 175.9282 2.881377e-05 26.16688 0.08445974  2.326535e-02  0.004013427   4.247309e-04      7.326888e-05         0 -2.640086e-03    0.001284176     -8.113355e-05            3.946453e-05
13  2013-08-13 13:12:15     32 265.8 176.0 176.1330 2.881377e-05 26.37163 0.08445974  3.216049e-02  0.004013827   5.871199e-04      7.327618e-05         0 -2.130909e-03    0.001280903     -6.548584e-05            3.936394e-05
14  2013-08-13 13:12:30     33 265.8 175.3 175.4377 2.881377e-05 25.67638 0.08445974  1.955888e-03  0.004012483   3.570657e-05      7.325164e-05         0 -2.130909e-03    0.001280903     -6.548584e-05            3.936394e-05
15  2013-08-13 13:12:45     34 265.8 175.3 175.4425 2.881377e-05 25.68113 0.08445974  2.162193e-03  0.004012492   3.947286e-05      7.325180e-05         0 -2.130909e-03    0.001280903     -6.548584e-05            3.936394e-05
16  2013-08-13 13:13:00     35 265.8 175.4 175.5472 2.881377e-05 25.78588 0.08445974  6.712913e-03  0.004012692   1.225505e-04      7.325546e-05         0 -2.130909e-03    0.001280903     -6.548584e-05            3.936394e-05
17  2013-08-13 13:13:15     36 266.4 175.6 175.7520 2.881377e-05 25.99063 0.08445974  1.560805e-02  0.004013086   2.849396e-04      7.326265e-05         0 -1.519897e-03    0.001276993     -4.670858e-05            3.924379e-05
18  2013-08-13 13:13:30     37 266.4 175.8 175.9567 2.881377e-05 26.19538 0.08445974  2.450318e-02  0.004013483   4.473286e-04      7.326989e-05         0 -1.519897e-03    0.001276993     -4.670858e-05            3.924379e-05
19  2013-08-13 13:13:45     38 266.4 175.5 175.6615 2.881377e-05 25.90013 0.08445974  1.167624e-02  0.004012911   2.131608e-04      7.325946e-05         0 -1.519897e-03    0.001276993     -4.670858e-05            3.924379e-05
20  2013-08-13 13:14:00     39 266.5 175.6 175.7662 2.881377e-05 26.00487 0.08445974  1.622696e-02  0.004013113   2.962384e-04      7.326315e-05         0 -1.418062e-03    0.001276343     -4.357904e-05            3.922382e-05
21  2013-08-13 13:14:15     40 267.1 175.7 175.8710 2.881377e-05 26.10962 0.08445974  2.077768e-02  0.004013316   3.793161e-04      7.326685e-05         0 -8.070501e-04    0.001272456     -2.480179e-05            3.910438e-05
22  2013-08-13 13:14:30     41 267.1 175.6 175.7757 2.881377e-05 26.01437 0.08445974  1.663957e-02  0.004013132   3.037710e-04      7.326349e-05         0 -8.070501e-04    0.001272456     -2.480179e-05            3.910438e-05
23  2013-08-13 13:14:45     42 267.1 175.6 175.7805 2.881377e-05 26.01912 0.08445974  1.684588e-02  0.004013141   3.075373e-04      7.326365e-05         0 -8.070501e-04    0.001272456     -2.480179e-05            3.910438e-05
24  2013-08-13 13:15:00     43 267.4 175.6 175.7852 2.881377e-05 26.02387 0.08445974  1.705218e-02  0.004013150   3.113036e-04      7.326382e-05         0 -5.015442e-04    0.001270520     -1.541316e-05            3.904488e-05
25  2013-08-13 13:15:15     44 267.8 175.5 175.6899 2.881377e-05 25.92862 0.08445974  1.291407e-02  0.004012966   2.357585e-04      7.326046e-05         0 -9.420292e-05    0.001267947     -2.894988e-06            3.896579e-05
26  2013-08-13 13:15:30     45 267.8 175.7 175.8947 2.881377e-05 26.13337 0.08445974  2.180920e-02  0.004013362   3.981475e-04      7.326769e-05         0 -9.420292e-05    0.001267947     -2.894988e-06            3.896579e-05
27  2013-08-13 13:15:45     46 267.8 175.6 175.7994 2.881377e-05 26.03811 0.08445974  1.767109e-02  0.004013178   3.226024e-04      7.326432e-05         0 -9.420292e-05    0.001267947     -2.894988e-06            3.896579e-05
28  2013-08-13 13:16:00     47 268.4 175.7 175.9042 2.881377e-05 26.14286 0.08445974  2.222181e-02  0.004013381   4.056801e-04      7.326803e-05         0  5.168089e-04    0.001264103      1.588227e-05            3.884768e-05
29  2013-08-13 13:16:15     48 268.5 175.6 175.8089 2.881377e-05 26.04761 0.08445974  1.808370e-02  0.004013196   3.301350e-04      7.326466e-05         0  6.186443e-04    0.001263465      1.901181e-05            3.882805e-05
30  2013-08-13 13:16:30     49 268.5 175.6 175.8137 2.881377e-05 26.05236 0.08445974  1.829001e-02  0.004013205   3.339013e-04      7.326483e-05         0  6.186443e-04    0.001263465      1.901181e-05            3.882805e-05
31  2013-08-13 13:16:45     50 269.0 175.6 175.8184 2.881377e-05 26.05711 0.08445974  1.849631e-02  0.004013214   3.376675e-04      7.326499e-05         0  1.127821e-03    0.001260280      3.465952e-05            3.873018e-05
32  2013-08-13 13:17:00     51 269.2 175.6 175.8232 2.881377e-05 26.06186 0.08445974  1.870262e-02  0.004013224   3.414338e-04      7.326516e-05         0  1.331491e-03    0.001259010      4.091861e-05            3.869116e-05
33  2013-08-13 13:17:15     52 269.2 175.5 175.7279 2.881377e-05 25.96661 0.08445974  1.456451e-02  0.004013039   2.658887e-04      7.326180e-05         0  1.331491e-03    0.001259010      4.091861e-05            3.869116e-05
34  2013-08-13 13:17:30     53 269.5 175.7 175.9327 2.881377e-05 26.17136 0.08445974  2.345964e-02  0.004013436   4.282778e-04      7.326904e-05         0  1.636997e-03    0.001257110      5.030723e-05            3.863275e-05
35  2013-08-13 13:17:45     54 269.8 175.6 175.8374 2.881377e-05 26.07610 0.08445974  1.932153e-02  0.004013251   3.527327e-04      7.326567e-05         0  1.942503e-03    0.001255214      5.969586e-05            3.857450e-05
36  2013-08-13 13:18:00     55 269.8 175.8 176.0422 2.881377e-05 26.28085 0.08445974  2.821667e-02  0.004013649   5.151217e-04      7.327294e-05         0  1.942503e-03    0.001255214      5.969586e-05            3.857450e-05
37  2013-08-13 13:18:15     56 270.2 175.8 176.0469 2.881377e-05 26.28560 0.08445974  2.842297e-02  0.004013659   5.188880e-04      7.327310e-05         0  2.349845e-03    0.001252695      7.221403e-05            3.849709e-05
38  2013-08-13 13:18:30     57 270.5 175.8 176.0517 2.881377e-05 26.29035 0.08445974  2.862928e-02  0.004013668   5.226543e-04      7.327327e-05         0  2.655350e-03    0.001250812      8.160266e-05            3.843921e-05
39  2013-08-13 13:18:45     58 270.5 176.0 176.2564 2.881377e-05 26.49510 0.08445974  3.752441e-02  0.004014069   6.850433e-04      7.328060e-05         0  2.655350e-03    0.001250812      8.160266e-05            3.843921e-05
40  2013-08-13 13:19:00     59 270.8 175.9 176.1612 2.881377e-05 26.39985 0.08445974  3.338630e-02  0.004013882   6.094982e-04      7.327719e-05         0  2.960856e-03    0.001248934      9.099128e-05            3.838150e-05
41  2013-08-13 13:19:15     60 271.2 175.9 176.1659 2.881377e-05 26.40460 0.08445974  3.359260e-02  0.004013891   6.132645e-04      7.327736e-05         0  3.368198e-03    0.001246438      1.035095e-04            3.830479e-05
42  2013-08-13 13:19:30     61 271.2 175.8 176.0707 2.881377e-05 26.30935 0.08445974  2.945449e-02  0.004013705   5.377194e-04      7.327395e-05         0  3.368198e-03    0.001246438      1.035095e-04            3.830479e-05
43  2013-08-13 13:19:45     62 271.6 175.6 175.8754 2.881377e-05 26.11409 0.08445974  2.097197e-02  0.004013325   3.828630e-04      7.326701e-05         0  3.775539e-03    0.001243951      1.160276e-04            3.822838e-05
44  2013-08-13 13:20:00     63 271.9 175.6 175.8802 2.881377e-05 26.11884 0.08445974  2.117827e-02  0.004013334   3.866293e-04      7.326718e-05         0  4.081045e-03    0.001242093      1.254163e-04            3.817126e-05
45  2013-08-13 13:20:15     64 271.9 175.6 175.8849 2.881377e-05 26.12359 0.08445974  2.138458e-02  0.004013343   3.903955e-04      7.326735e-05         0  4.081045e-03    0.001242093      1.254163e-04            3.817126e-05
46  2013-08-13 13:20:30     65 272.2 175.8 176.0897 2.881377e-05 26.32834 0.08445974  3.027971e-02  0.004013742   5.527846e-04      7.327463e-05         0  4.386551e-03    0.001240239      1.348049e-04            3.811430e-05
47  2013-08-13 13:20:45     66 272.6 175.9 176.1944 2.881377e-05 26.43309 0.08445974  3.483043e-02  0.004013947   6.358622e-04      7.327838e-05         0  4.793892e-03    0.001237777      1.473230e-04            3.803862e-05
48  2013-08-13 13:21:00     67 272.6 175.8 176.0992 2.881377e-05 26.33784 0.08445974  3.069232e-02  0.004013761   5.603171e-04      7.327497e-05         0  4.793892e-03    0.001237777      1.473230e-04            3.803862e-05
49  2013-08-13 13:21:15     68 272.9 175.8 176.1039 2.881377e-05 26.34259 0.08445974  3.089863e-02  0.004013770   5.640834e-04      7.327514e-05         0  5.099398e-03    0.001235936      1.567117e-04            3.798205e-05
50  2013-08-13 13:21:30     69 273.2 175.8 176.1087 2.881377e-05 26.34734 0.08445974  3.110493e-02  0.004013779   5.678497e-04      7.327531e-05         0  5.404904e-03    0.001234101      1.661003e-04            3.792565e-05
51  2013-08-13 13:21:45     70 273.2 175.9 176.2134 2.881377e-05 26.45208 0.08445974  3.565565e-02  0.004013985   6.509274e-04      7.327906e-05         0  5.404904e-03    0.001234101      1.661003e-04            3.792565e-05
52  2013-08-13 13:22:00     71 273.6 175.9 176.2182 2.881377e-05 26.45683 0.08445974  3.586196e-02  0.004013994   6.546937e-04      7.327923e-05         0  5.812245e-03    0.001231662      1.786185e-04            3.785070e-05
53  2013-08-13 13:22:15     72 273.9 175.8 176.1229 2.881377e-05 26.36158 0.08445974  3.172385e-02  0.004013807   5.791486e-04      7.327582e-05         0  6.117751e-03    0.001229839      1.880071e-04            3.779469e-05
54  2013-08-13 13:22:30     73 273.9 175.8 176.1277 2.881377e-05 26.36633 0.08445974  3.193015e-02  0.004013816   5.829149e-04      7.327599e-05         0  6.117751e-03    0.001229839      1.880071e-04            3.779469e-05
55  2013-08-13 13:22:45     74 274.4 176.2 176.5324 2.881377e-05 26.77108 0.08445974  4.951412e-02  0.004014615   9.039266e-04      7.329057e-05         1  6.626928e-03    0.001226814      2.036548e-04            3.770171e-05
56  2013-08-13 13:23:00     75 274.6 176.2 176.5372 2.881377e-05 26.77583 0.08445974  4.972042e-02  0.004014625   9.076929e-04      7.329074e-05         1  6.830598e-03    0.001225608      2.099139e-04            3.766465e-05
57  2013-08-13 13:23:15     76 274.6 176.1 176.4419 2.881377e-05 26.68058 0.08445974  4.558231e-02  0.004014436   8.321478e-04      7.328729e-05         1  6.830598e-03    0.001225608      2.099139e-04            3.766465e-05
58  2013-08-13 13:23:30     77 275.1 176.0 176.3467 2.881377e-05 26.58533 0.08445974  4.144420e-02  0.004014247   7.566027e-04      7.328385e-05         1  7.339775e-03    0.001222604      2.255616e-04            3.757234e-05
59  2013-08-13 13:23:45     78 275.3 176.2 176.5514 2.881377e-05 26.79007 0.08445974  5.033933e-02  0.004014653   9.189918e-04      7.329126e-05         1  7.543445e-03    0.001221407      2.318207e-04            3.753555e-05
60  2013-08-13 13:24:00     79 275.3 176.0 176.3562 2.881377e-05 26.59482 0.08445974  4.185681e-02  0.004014266   7.641353e-04      7.328419e-05         1  7.543445e-03    0.001221407      2.318207e-04            3.753555e-05
61  2013-08-13 13:24:15     80 275.9 176.0 176.3609 2.881377e-05 26.59957 0.08445974  4.206311e-02  0.004014275   7.679016e-04      7.328436e-05         1  8.154457e-03    0.001217830      2.505979e-04            3.742563e-05
62  2013-08-13 13:24:30     81 276.0 176.1 176.4657 2.881377e-05 26.70432 0.08445974  4.661383e-02  0.004014483   8.509793e-04      7.328815e-05         1  8.256292e-03    0.001217236      2.537275e-04            3.740738e-05
63  2013-08-13 13:24:45     82 276.0 176.2 176.5704 2.881377e-05 26.80907 0.08445974  5.116455e-02  0.004014691   9.340569e-04      7.329195e-05         1  8.256292e-03    0.001217236      2.537275e-04            3.740738e-05
64  2013-08-13 13:25:00     83 276.6 176.2 176.5751 2.881377e-05 26.81382 0.08445974  5.137086e-02  0.004014700   9.378232e-04      7.329212e-05         1  8.867304e-03    0.001213686      2.725047e-04            3.729828e-05
65  2013-08-13 13:25:15     84 276.6 176.2 176.5799 2.881377e-05 26.81857 0.08445974  5.157716e-02  0.004014710   9.415895e-04      7.329229e-05         1  8.867304e-03    0.001213686      2.725047e-04            3.729828e-05
66  2013-08-13 13:25:30     85 276.8 176.0 176.3846 2.881377e-05 26.62332 0.08445974  4.309464e-02  0.004014322   7.867330e-04      7.328522e-05         1  9.070975e-03    0.001212508      2.787638e-04            3.726207e-05
67  2013-08-13 13:25:45     86 277.3 175.9 176.2894 2.881377e-05 26.52806 0.08445974  3.895653e-02  0.004014134   7.111879e-04      7.328179e-05         1  9.580152e-03    0.001209573      2.944115e-04            3.717189e-05
68  2013-08-13 13:26:00     87 277.3 176.1 176.4941 2.881377e-05 26.73281 0.08445974  4.785166e-02  0.004014539   8.735770e-04      7.328918e-05         1  9.580152e-03    0.001209573      2.944115e-04            3.717189e-05
69  2013-08-13 13:26:15     88 277.5 176.2 176.5989 2.881377e-05 26.83756 0.08445974  5.240238e-02  0.004014748   9.566546e-04      7.329298e-05         1  9.783822e-03    0.001208404      3.006706e-04            3.713595e-05
70  2013-08-13 13:26:30     89 278.0 176.1 176.5036 2.881377e-05 26.74231 0.08445974  4.826427e-02  0.004014558   8.811095e-04      7.328952e-05         1  1.029300e-02    0.001205492      3.163183e-04            3.704646e-05
71  2013-08-13 13:26:45     90 278.0 176.2 176.6084 2.881377e-05 26.84706 0.08445974  5.281499e-02  0.004014766   9.641872e-04      7.329333e-05         1  1.029300e-02    0.001205492      3.163183e-04            3.704646e-05
72  2013-08-13 13:27:00     91 278.3 176.1 176.5131 2.881377e-05 26.75181 0.08445974  4.867688e-02  0.004014577   8.886421e-04      7.328987e-05         1  1.059850e-02    0.001203752      3.257070e-04            3.699300e-05
73  2013-08-13 13:27:15     92 278.7 176.1 176.5179 2.881377e-05 26.75656 0.08445974  4.888318e-02  0.004014586   8.924084e-04      7.329004e-05         1  1.100585e-02    0.001201442      3.382251e-04            3.692201e-05
74  2013-08-13 13:27:30     93 278.7 176.2 176.6226 2.881377e-05 26.86131 0.08445974  5.343390e-02  0.004014795   9.754861e-04      7.329385e-05         1  1.100585e-02    0.001201442      3.382251e-04            3.692201e-05
75  2013-08-13 13:27:45     94 279.0 176.0 176.4274 2.881377e-05 26.66605 0.08445974  4.495138e-02  0.004014407   8.206296e-04      7.328676e-05         1  1.131135e-02    0.001199716      3.476138e-04            3.686898e-05
76  2013-08-13 13:28:00     95 279.4 176.2 176.6321 2.881377e-05 26.87080 0.08445974  5.384651e-02  0.004014814   9.830186e-04      7.329419e-05         1  1.171869e-02    0.001197425      3.601319e-04            3.679855e-05
77  2013-08-13 13:28:15     96 279.4 176.2 176.6369 2.881377e-05 26.87555 0.08445974  5.405282e-02  0.004014823   9.867849e-04      7.329437e-05         1  1.171869e-02    0.001197425      3.601319e-04            3.679855e-05
78  2013-08-13 13:28:30     97 279.9 176.1 176.5416 2.881377e-05 26.78030 0.08445974  4.991471e-02  0.004014634   9.112398e-04      7.329090e-05         1  1.222787e-02    0.001194575      3.757796e-04            3.671097e-05
79  2013-08-13 13:28:45     98 280.0 176.3 176.7464 2.881377e-05 26.98505 0.08445974  5.880984e-02  0.004015042   1.073629e-03      7.329837e-05         1  1.232970e-02    0.001194007      3.789092e-04            3.669352e-05
80  2013-08-13 13:29:00     99 280.1 176.1 176.5511 2.881377e-05 26.78980 0.08445974  5.032732e-02  0.004014652   9.187724e-04      7.329125e-05         1  1.243154e-02    0.001193440      3.820387e-04            3.667608e-05
81  2013-08-13 13:29:15    100 280.7 176.2 176.6559 2.881377e-05 26.89455 0.08445974  5.487804e-02  0.004014861   1.001850e-03      7.329506e-05         1  1.304255e-02    0.001190050      4.008160e-04            3.657191e-05
82  2013-08-13 13:29:30    101 280.7 176.2 176.6606 2.881377e-05 26.89930 0.08445974  5.508434e-02  0.004014871   1.005616e-03      7.329523e-05         1  1.304255e-02    0.001190050      4.008160e-04            3.657191e-05
83  2013-08-13 13:29:45    102 281.0 176.2 176.6654 2.881377e-05 26.90404 0.08445974  5.529065e-02  0.004014880   1.009383e-03      7.329541e-05         1  1.334806e-02    0.001188364      4.102046e-04            3.652011e-05
84  2013-08-13 13:30:00    103 281.4 176.3 176.7701 2.881377e-05 27.00879 0.08445974  5.984137e-02  0.004015090   1.092460e-03      7.329923e-05         1  1.375540e-02    0.001186126      4.227228e-04            3.645133e-05
85  2013-08-13 13:30:15    104 281.4 176.2 176.6749 2.881377e-05 26.91354 0.08445974  5.570325e-02  0.004014899   1.016915e-03      7.329575e-05         1  1.375540e-02    0.001186126      4.227228e-04            3.645133e-05
86  2013-08-13 13:30:30    105 281.7 176.2 176.6796 2.881377e-05 26.91829 0.08445974  5.590956e-02  0.004014909   1.020681e-03      7.329593e-05         1  1.406091e-02    0.001184455      4.321114e-04            3.639996e-05
87  2013-08-13 13:30:45    106 282.1 176.1 176.5844 2.881377e-05 26.82304 0.08445974  5.177145e-02  0.004014719   9.451364e-04      7.329246e-05         1  1.446825e-02    0.001182236      4.446296e-04            3.633177e-05
88  2013-08-13 13:31:00    107 282.1 176.4 176.8891 2.881377e-05 27.12779 0.08445974  6.501100e-02  0.004015329   1.186837e-03      7.330360e-05         1  1.446825e-02    0.001182236      4.446296e-04            3.633177e-05
89  2013-08-13 13:31:15    108 282.6 176.1 176.5939 2.881377e-05 26.83254 0.08445974  5.218406e-02  0.004014738   9.526690e-04      7.329280e-05         1  1.497742e-02    0.001179477      4.602773e-04            3.624700e-05
90  2013-08-13 13:31:30    109 282.8 176.2 176.6986 2.881377e-05 26.93729 0.08445974  5.673478e-02  0.004014947   1.035747e-03      7.329662e-05         1  1.518109e-02    0.001178379      4.665364e-04            3.621324e-05
91  2013-08-13 13:31:45    110 282.8 176.2 176.7034 2.881377e-05 26.94203 0.08445974  5.694108e-02  0.004014956   1.039513e-03      7.329679e-05         1  1.518109e-02    0.001178379      4.665364e-04            3.621324e-05
92  2013-08-13 13:32:00    111 283.3 176.3 176.8081 2.881377e-05 27.04678 0.08445974  6.149180e-02  0.004015166   1.122591e-03      7.330063e-05         1  1.569027e-02    0.001175645      4.821841e-04            3.612922e-05
93  2013-08-13 13:32:15    112 283.4 176.2 176.7129 2.881377e-05 26.95153 0.08445974  5.735369e-02  0.004014975   1.047045e-03      7.329714e-05         1  1.579211e-02    0.001175100      4.853136e-04            3.611248e-05
94  2013-08-13 13:32:30    113 283.7 176.2 176.7176 2.881377e-05 26.95628 0.08445974  5.756000e-02  0.004014985   1.050812e-03      7.329731e-05         1  1.609761e-02    0.001173470      4.947023e-04            3.606239e-05
95  2013-08-13 13:32:45    114 284.1 176.5 177.0224 2.881377e-05 27.26103 0.08445974  7.079955e-02  0.004015598   1.292512e-03      7.330851e-05         1  1.650495e-02    0.001171307      5.072204e-04            3.599591e-05
96  2013-08-13 13:33:00    115 284.1 176.3 176.8271 2.881377e-05 27.06578 0.08445974  6.231702e-02  0.004015204   1.137656e-03      7.330132e-05         1  1.650495e-02    0.001171307      5.072204e-04            3.599591e-05
97  2013-08-13 13:33:15    116 284.4 176.5 177.0319 2.881377e-05 27.27053 0.08445974  7.121216e-02  0.004015617   1.300045e-03      7.330886e-05         1  1.681046e-02    0.001169692      5.166091e-04            3.594627e-05
98  2013-08-13 13:33:30    117 284.8 176.4 176.9366 2.881377e-05 27.17527 0.08445974  6.707405e-02  0.004015425   1.224500e-03      7.330535e-05         1  1.721780e-02    0.001167548      5.291272e-04            3.588040e-05
99  2013-08-13 13:33:45    118 284.8 176.3 176.8414 2.881377e-05 27.08002 0.08445974  6.293593e-02  0.004015233   1.148955e-03      7.330185e-05         1  1.721780e-02    0.001167548      5.291272e-04            3.588040e-05
100 2013-08-13 13:34:00    119 285.4 176.2 176.7461 2.881377e-05 26.98477 0.08445974  5.879782e-02  0.004015042   1.073409e-03      7.329836e-05         1  1.782881e-02    0.001164354      5.479045e-04            3.578225e-05
101 2013-08-13 13:34:15    120 285.5 176.4 176.9509 2.881377e-05 27.18952 0.08445974  6.769296e-02  0.004015454   1.235799e-03      7.330587e-05         1  1.793065e-02    0.001163825      5.510340e-04            3.576597e-05
102 2013-08-13 13:34:30    121 285.6 176.2 176.7556 2.881377e-05 26.99427 0.08445974  5.921043e-02  0.004015061   1.080942e-03      7.329870e-05         1  1.803248e-02    0.001163296      5.541636e-04            3.574971e-05
103 2013-08-13 13:34:45    122 286.2 176.4 176.9604 2.881377e-05 27.19902 0.08445974  6.810557e-02  0.004015473   1.243331e-03      7.330622e-05         1  1.864349e-02    0.001160136      5.729408e-04            3.565262e-05
104 2013-08-13 13:35:00    123 286.2 176.3 176.8651 2.881377e-05 27.10377 0.08445974  6.396746e-02  0.004015281   1.167786e-03      7.330272e-05         1  1.864349e-02    0.001160136      5.729408e-04            3.565262e-05
105 2013-08-13 13:35:15    124 286.6 176.4 176.9698 2.881377e-05 27.20852 0.08445974  6.851818e-02  0.004015492   1.250864e-03      7.330657e-05         1  1.905084e-02    0.001158045      5.854590e-04            3.558835e-05
106 2013-08-13 13:35:30    125 286.8 176.4 176.9746 2.881377e-05 27.21326 0.08445974  6.872448e-02  0.004015502   1.254630e-03      7.330675e-05         1  1.925451e-02    0.001157003      5.917181e-04            3.555634e-05
107 2013-08-13 13:35:45    126 286.8 176.3 176.8793 2.881377e-05 27.11801 0.08445974  6.458637e-02  0.004015309   1.179085e-03      7.330324e-05         1  1.925451e-02    0.001157003      5.917181e-04            3.555634e-05
108 2013-08-13 13:36:00    127 287.4 176.3 176.8841 2.881377e-05 27.12276 0.08445974  6.479268e-02  0.004015319   1.182851e-03      7.330342e-05         1  1.986552e-02    0.001153897      6.104953e-04            3.546087e-05
109 2013-08-13 13:36:15    128 287.5 176.2 176.7888 2.881377e-05 27.02751 0.08445974  6.065457e-02  0.004015127   1.107306e-03      7.329992e-05         1  1.996735e-02    0.001153382      6.136249e-04            3.544504e-05
110 2013-08-13 13:36:30    129 287.7 176.3 176.8936 2.881377e-05 27.13226 0.08445974  6.520529e-02  0.004015338   1.190384e-03      7.330377e-05         1  2.017102e-02    0.001152354      6.198840e-04            3.541345e-05
111 2013-08-13 13:36:45    130 288.2 176.3 176.8983 2.881377e-05 27.13701 0.08445974  6.541159e-02  0.004015348   1.194150e-03      7.330394e-05         1  2.068020e-02    0.001149796      6.355317e-04            3.533486e-05
112 2013-08-13 13:37:00    131 288.2 176.4 177.0031 2.881377e-05 27.24176 0.08445974  6.996231e-02  0.004015559   1.277228e-03      7.330780e-05         1  2.068020e-02    0.001149796      6.355317e-04            3.533486e-05
113 2013-08-13 13:37:15    132 288.6 176.2 176.8078 2.881377e-05 27.04651 0.08445974  6.147978e-02  0.004015166   1.122371e-03      7.330062e-05         1  2.108754e-02    0.001147764      6.480498e-04            3.527240e-05
114 2013-08-13 13:37:30    133 288.9 176.5 177.1126 2.881377e-05 27.35125 0.08445974  7.471933e-02  0.004015781   1.364072e-03      7.331185e-05         1  2.139305e-02    0.001146247      6.574385e-04            3.522580e-05
115 2013-08-13 13:37:45    134 288.9 176.3 176.9173 2.881377e-05 27.15600 0.08445974  6.623681e-02  0.004015386   1.209215e-03      7.330464e-05         1  2.139305e-02    0.001146247      6.574385e-04            3.522580e-05
116 2013-08-13 13:38:00    135 289.4 176.4 177.0221 2.881377e-05 27.26075 0.08445974  7.078753e-02  0.004015598   1.292293e-03      7.330850e-05         1  2.190222e-02    0.001143735      6.730862e-04            3.514860e-05
117 2013-08-13 13:38:15    136 289.5 176.4 177.0268 2.881377e-05 27.26550 0.08445974  7.099383e-02  0.004015607   1.296059e-03      7.330868e-05         1  2.200406e-02    0.001143235      6.762157e-04            3.513322e-05
118 2013-08-13 13:38:30    137 289.6 176.3 176.9316 2.881377e-05 27.17025 0.08445974  6.685572e-02  0.004015415   1.220514e-03      7.330516e-05         1  2.210589e-02    0.001142736      6.793453e-04            3.511788e-05
119 2013-08-13 13:38:45    138 290.2 176.3 176.9363 2.881377e-05 27.17500 0.08445974  6.706203e-02  0.004015424   1.224280e-03      7.330534e-05         1  2.271691e-02    0.001139755      6.981225e-04            3.502629e-05
120 2013-08-13 13:39:00    139 290.2 176.5 177.1411 2.881377e-05 27.37975 0.08445974  7.595716e-02  0.004015839   1.386669e-03      7.331291e-05         1  2.271691e-02    0.001139755      6.981225e-04            3.502629e-05
121 2013-08-13 13:39:15    140 290.5 176.6 177.2458 2.881377e-05 27.48450 0.08445974  8.050788e-02  0.004016052   1.469747e-03      7.331680e-05         1  2.302241e-02    0.001138276      7.075111e-04            3.498081e-05
122 2013-08-13 13:39:30    141 290.9 176.4 177.0506 2.881377e-05 27.28924 0.08445974  7.202536e-02  0.004015655   1.314890e-03      7.330956e-05         1  2.342975e-02    0.001136313      7.200293e-04            3.492050e-05
123 2013-08-13 13:39:45    142 290.9 176.4 177.0553 2.881377e-05 27.29399 0.08445974  7.223166e-02  0.004015665   1.318657e-03      7.330973e-05         1  2.342975e-02    0.001136313      7.200293e-04            3.492050e-05
124 2013-08-13 13:40:00    143 291.2 176.6 177.2601 2.881377e-05 27.49874 0.08445974  8.112680e-02  0.004016081   1.481046e-03      7.331733e-05         1  2.373526e-02    0.001134850      7.294179e-04            3.487553e-05
125 2013-08-13 13:40:15    144 291.6 176.5 177.1648 2.881377e-05 27.40349 0.08445974  7.698869e-02  0.004015887   1.405501e-03      7.331379e-05         1  2.414260e-02    0.001132909      7.419361e-04            3.481589e-05
126 2013-08-13 13:40:30    145 291.6 176.4 177.0696 2.881377e-05 27.30824 0.08445974  7.285058e-02  0.004015694   1.329956e-03      7.331026e-05         1  2.414260e-02    0.001132909      7.419361e-04            3.481589e-05
127 2013-08-13 13:40:45    146 292.2 176.5 177.1743 2.881377e-05 27.41299 0.08445974  7.740130e-02  0.004015907   1.413033e-03      7.331414e-05         1  2.475361e-02    0.001130022      7.607134e-04            3.472716e-05
128 2013-08-13 13:41:00    147 292.3 176.5 177.1791 2.881377e-05 27.41774 0.08445974  7.760760e-02  0.004015916   1.416800e-03      7.331432e-05         1  2.485545e-02    0.001129543      7.638429e-04            3.471245e-05
129 2013-08-13 13:41:15    148 292.4 176.5 177.1838 2.881377e-05 27.42249 0.08445974  7.781390e-02  0.004015926   1.420566e-03      7.331450e-05         1  2.495728e-02    0.001129065      7.669724e-04            3.469777e-05
130 2013-08-13 13:41:30    149 292.9 176.4 177.0886 2.881377e-05 27.32723 0.08445974  7.367579e-02  0.004015732   1.345021e-03      7.331096e-05         1  2.546646e-02    0.001126689      7.826202e-04            3.462474e-05
131 2013-08-13 13:41:45    150 293.0 176.5 177.1933 2.881377e-05 27.43198 0.08445974  7.822651e-02  0.004015945   1.428098e-03      7.331485e-05         1  2.556830e-02    0.001126216      7.857497e-04            3.461020e-05
132 2013-08-13 13:42:00    151 293.4 176.6 177.2981 2.881377e-05 27.53673 0.08445974  8.277723e-02  0.004016159   1.511176e-03      7.331875e-05         1  2.597564e-02    0.001124332      7.982679e-04            3.455231e-05
133 2013-08-13 13:42:15    152 293.6 176.5 177.2028 2.881377e-05 27.44148 0.08445974  7.863912e-02  0.004015965   1.435631e-03      7.331520e-05         1  2.617931e-02    0.001123395      8.045270e-04            3.452351e-05
134 2013-08-13 13:42:30    153 293.7 176.4 177.1076 2.881377e-05 27.34623 0.08445974  7.450101e-02  0.004015771   1.360086e-03      7.331167e-05         1  2.628114e-02    0.001122928      8.076565e-04            3.450915e-05
135 2013-08-13 13:42:45    154 294.3 176.5 177.2123 2.881377e-05 27.45098 0.08445974  7.905173e-02  0.004015984   1.443164e-03      7.331556e-05         1  2.689215e-02    0.001120141      8.264337e-04            3.442350e-05
136 2013-08-13 13:43:00    155 294.3 176.7 177.4171 2.881377e-05 27.65573 0.08445974  8.794687e-02  0.004016403   1.605553e-03      7.332320e-05         1  2.689215e-02    0.001120141      8.264337e-04            3.442350e-05
137 2013-08-13 13:43:15    156 294.7 176.5 177.2218 2.881377e-05 27.46048 0.08445974  7.946434e-02  0.004016003   1.450696e-03      7.331591e-05         1  2.729950e-02    0.001118299      8.389519e-04            3.436689e-05
138 2013-08-13 13:43:30    157 295.0 176.5 177.2266 2.881377e-05 27.46522 0.08445974  7.967065e-02  0.004016013   1.454462e-03      7.331609e-05         1  2.760500e-02    0.001116926      8.483405e-04            3.432470e-05
139 2013-08-13 13:43:45    158 295.1 176.6 177.3313 2.881377e-05 27.56997 0.08445974  8.422137e-02  0.004016227   1.537540e-03      7.331999e-05         1  2.770684e-02    0.001116470      8.514701e-04            3.431069e-05
140 2013-08-13 13:44:00    159 295.6 176.6 177.3361 2.881377e-05 27.57472 0.08445974  8.442767e-02  0.004016237   1.541306e-03      7.332017e-05         1  2.821601e-02    0.001114202      8.671178e-04            3.424100e-05
141 2013-08-13 13:44:15    160 295.7 176.6 177.3408 2.881377e-05 27.57947 0.08445974  8.463398e-02  0.004016246   1.545073e-03      7.332035e-05         1  2.831785e-02    0.001113751      8.702473e-04            3.422713e-05
142 2013-08-13 13:44:30    161 296.2 176.5 177.2456 2.881377e-05 27.48422 0.08445974  8.049586e-02  0.004016052   1.469528e-03      7.331679e-05         1  2.882703e-02    0.001111508      8.858951e-04            3.415820e-05
143 2013-08-13 13:44:45    162 296.3 176.7 177.4503 2.881377e-05 27.68897 0.08445974  8.939100e-02  0.004016471   1.631917e-03      7.332445e-05         1  2.892886e-02    0.001111062      8.890246e-04            3.414449e-05
144 2013-08-13 13:45:00    163 296.6 176.7 177.4550 2.881377e-05 27.69372 0.08445974  8.959730e-02  0.004016481   1.635683e-03      7.332463e-05         1  2.923437e-02    0.001109728      8.984132e-04            3.410351e-05
145 2013-08-13 13:45:15    164 297.0 176.8 177.5598 2.881377e-05 27.79847 0.08445974  9.414802e-02  0.004016697   1.718761e-03      7.332857e-05         1  2.964171e-02    0.001107962      9.109314e-04            3.404923e-05
146 2013-08-13 13:45:30    165 297.2 176.8 177.5645 2.881377e-05 27.80321 0.08445974  9.435433e-02  0.004016706   1.722527e-03      7.332874e-05         1  2.984538e-02    0.001107084      9.171905e-04            3.402225e-05
147 2013-08-13 13:45:45    166 297.7 176.8 177.5693 2.881377e-05 27.80796 0.08445974  9.456063e-02  0.004016716   1.726293e-03      7.332892e-05         1  3.035455e-02    0.001104903      9.328382e-04            3.395523e-05
148 2013-08-13 13:46:00    167 297.7 176.8 177.5740 2.881377e-05 27.81271 0.08445974  9.476694e-02  0.004016726   1.730059e-03      7.332910e-05         1  3.035455e-02    0.001104903      9.328382e-04            3.395523e-05
149 2013-08-13 13:46:15    168 298.0 176.8 177.5788 2.881377e-05 27.81746 0.08445974  9.497324e-02  0.004016736   1.733826e-03      7.332928e-05         1  3.066006e-02    0.001103605      9.422268e-04            3.391534e-05
150 2013-08-13 13:46:30    169 298.4 177.0 177.7835 2.881377e-05 28.02221 0.08445974  1.038684e-01  0.004017160   1.896215e-03      7.333703e-05         1  3.106740e-02    0.001101886      9.547450e-04            3.386250e-05
151 2013-08-13 13:46:45    170 298.5 176.9 177.6883 2.881377e-05 27.92696 0.08445974  9.973027e-02  0.004016962   1.820670e-03      7.333342e-05         1  3.116924e-02    0.001101458      9.578745e-04            3.384936e-05
152 2013-08-13 13:47:00    171 299.1 176.7 177.4930 2.881377e-05 27.73171 0.08445974  9.124774e-02  0.004016559   1.665813e-03      7.332605e-05         1  3.178025e-02    0.001098910      9.766518e-04            3.377105e-05
153 2013-08-13 13:47:15    172 299.1 176.8 177.5978 2.881377e-05 27.83646 0.08445974  9.579846e-02  0.004016775   1.748891e-03      7.333000e-05         1  3.178025e-02    0.001098910      9.766518e-04            3.377105e-05
154 2013-08-13 13:47:30    173 299.4 176.8 177.6025 2.881377e-05 27.84120 0.08445974  9.600477e-02  0.004016785   1.752657e-03      7.333018e-05         1  3.208575e-02    0.001097648      9.860404e-04            3.373225e-05
155 2013-08-13 13:47:45    174 299.7 176.9 177.7073 2.881377e-05 27.94595 0.08445974  1.005555e-01  0.004017002   1.835735e-03      7.333414e-05         1  3.239126e-02    0.001096393      9.954290e-04            3.369369e-05
156 2013-08-13 13:48:00    175 299.8 176.9 177.7120 2.881377e-05 27.95070 0.08445974  1.007618e-01  0.004017012   1.839501e-03      7.333432e-05         1  3.249310e-02    0.001095976      9.985586e-04            3.368089e-05
157 2013-08-13 13:48:15    176 300.3 176.9 177.7168 2.881377e-05 27.95545 0.08445974  1.009681e-01  0.004017021   1.843267e-03      7.333450e-05         1  3.300227e-02    0.001093907      1.014206e-03            3.361729e-05
158 2013-08-13 13:48:30    177 300.4 176.9 177.7215 2.881377e-05 27.96020 0.08445974  1.011744e-01  0.004017031   1.847034e-03      7.333468e-05         1  3.310411e-02    0.001093495      1.017336e-03            3.360465e-05
159 2013-08-13 13:48:45    178 300.5 177.1 177.9263 2.881377e-05 28.16495 0.08445974  1.100695e-01  0.004017458   2.009423e-03      7.334246e-05         1  3.320594e-02    0.001093085      1.020465e-03            3.359203e-05
160 2013-08-13 13:49:00    179 301.1 176.8 177.6310 2.881377e-05 27.86970 0.08445974  9.724259e-02  0.004016844   1.775255e-03      7.333125e-05         1  3.381696e-02    0.001090640      1.039243e-03            3.351691e-05
161 2013-08-13 13:49:15    180 301.1 176.9 177.7358 2.881377e-05 27.97445 0.08445974  1.017933e-01  0.004017061   1.858332e-03      7.333522e-05         1  3.381696e-02    0.001090640      1.039243e-03            3.351691e-05
162 2013-08-13 13:49:30    181 301.5 177.0 177.8405 2.881377e-05 28.07919 0.08445974  1.063440e-01  0.004017279   1.941410e-03      7.333919e-05         1  3.422430e-02    0.001089028      1.051761e-03            3.346737e-05
163 2013-08-13 13:49:45    182 301.8 176.8 177.6453 2.881377e-05 27.88394 0.08445974  9.786151e-02  0.004016873   1.786554e-03      7.333179e-05         1  3.452980e-02    0.001087828      1.061149e-03            3.343050e-05
164 2013-08-13 13:50:00    183 301.8 177.1 177.9500 2.881377e-05 28.18869 0.08445974  1.111011e-01  0.004017507   2.028254e-03      7.334337e-05         1  3.452980e-02    0.001087828      1.061149e-03            3.343050e-05
165 2013-08-13 13:50:15    184 302.4 177.1 177.9548 2.881377e-05 28.19344 0.08445974  1.113074e-01  0.004017517   2.032020e-03      7.334355e-05         1  3.514081e-02    0.001085453      1.079927e-03            3.335748e-05
166 2013-08-13 13:50:30    185 302.5 177.0 177.8595 2.881377e-05 28.09819 0.08445974  1.071693e-01  0.004017318   1.956475e-03      7.333992e-05         1  3.524265e-02    0.001085060      1.083056e-03            3.334541e-05
167 2013-08-13 13:50:45    186 302.9 177.1 177.9643 2.881377e-05 28.20294 0.08445974  1.117200e-01  0.004017537   2.039553e-03      7.334391e-05         1  3.564999e-02    0.001083497      1.095574e-03            3.329739e-05
168 2013-08-13 13:51:00    187 303.1 177.3 178.1690 2.881377e-05 28.40769 0.08445974  1.206151e-01  0.004017967   2.201942e-03      7.335176e-05         1  3.585366e-02    0.001082721      1.101833e-03            3.327355e-05
169 2013-08-13 13:51:15    188 303.2 177.3 178.1738 2.881377e-05 28.41243 0.08445974  1.208214e-01  0.004017977   2.205708e-03      7.335195e-05         1  3.595550e-02    0.001082335      1.104963e-03            3.326166e-05
170 2013-08-13 13:51:30    189 303.8 177.2 178.0785 2.881377e-05 28.31718 0.08445974  1.166833e-01  0.004017777   2.130163e-03      7.334829e-05         1  3.656651e-02    0.001080034      1.123740e-03            3.319096e-05
171 2013-08-13 13:51:45    190 303.8 177.2 178.0833 2.881377e-05 28.32193 0.08445974  1.168896e-01  0.004017787   2.133929e-03      7.334847e-05         1  3.656651e-02    0.001080034      1.123740e-03            3.319096e-05
172 2013-08-13 13:52:00    191 304.1 177.1 177.9880 2.881377e-05 28.22668 0.08445974  1.127515e-01  0.004017587   2.058384e-03      7.334482e-05         1  3.687201e-02    0.001078895      1.133129e-03            3.315598e-05
173 2013-08-13 13:52:15    192 304.5 177.2 178.0928 2.881377e-05 28.33143 0.08445974  1.173022e-01  0.004017807   2.141462e-03      7.334883e-05         1  3.727936e-02    0.001077391      1.145647e-03            3.310973e-05
174 2013-08-13 13:52:30    193 304.5 177.0 177.8975 2.881377e-05 28.13618 0.08445974  1.088197e-01  0.004017398   1.986606e-03      7.334136e-05         1  3.727936e-02    0.001077391      1.145647e-03            3.310973e-05
175 2013-08-13 13:52:45    194 304.8 177.0 177.9023 2.881377e-05 28.14093 0.08445974  1.090260e-01  0.004017407   1.990372e-03      7.334154e-05         1  3.758486e-02    0.001076271      1.155036e-03            3.307533e-05
176 2013-08-13 13:53:00    195 305.2 177.0 177.9070 2.881377e-05 28.14568 0.08445974  1.092323e-01  0.004017417   1.994138e-03      7.334173e-05         1  3.799220e-02    0.001074792      1.167554e-03            3.302987e-05
177 2013-08-13 13:53:15    196 305.2 177.1 178.0118 2.881377e-05 28.25042 0.08445974  1.137830e-01  0.004017637   2.077216e-03      7.334573e-05         1  3.799220e-02    0.001074792      1.167554e-03            3.302987e-05
178 2013-08-13 13:53:30    197 305.7 177.1 178.0165 2.881377e-05 28.25517 0.08445974  1.139893e-01  0.004017647   2.080982e-03      7.334591e-05         1  3.850138e-02    0.001072963      1.183202e-03            3.297367e-05
179 2013-08-13 13:53:45    198 305.9 177.4 178.3213 2.881377e-05 28.55992 0.08445974  1.272289e-01  0.004018289   2.322682e-03      7.335764e-05         1  3.870505e-02    0.001072238      1.189461e-03            3.295138e-05
180 2013-08-13 13:54:00    199 305.9 177.2 178.1260 2.881377e-05 28.36467 0.08445974  1.187463e-01  0.004017877   2.167826e-03      7.335011e-05         1  3.870505e-02    0.001072238      1.189461e-03            3.295138e-05
181 2013-08-13 13:54:15    200 306.4 177.1 178.0308 2.881377e-05 28.26942 0.08445974  1.146082e-01  0.004017676   2.092281e-03      7.334645e-05         1  3.921423e-02    0.001070442      1.205108e-03            3.289618e-05
182 2013-08-13 13:54:30    201 306.5 177.2 178.1355 2.881377e-05 28.37417 0.08445974  1.191590e-01  0.004017897   2.175359e-03      7.335047e-05         1  3.931606e-02    0.001070085      1.208238e-03            3.288522e-05
183 2013-08-13 13:54:45    202 306.6 177.2 178.1402 2.881377e-05 28.37892 0.08445974  1.193653e-01  0.004017907   2.179125e-03      7.335066e-05         1  3.941790e-02    0.001069729      1.211367e-03            3.287429e-05
184 2013-08-13 13:55:00    203 307.2   NaN      NaN 2.881377e-05      NaN 0.08445974           NaN          NaN            NaN               NaN         0  4.002891e-02    0.001067615      1.230145e-03            3.280933e-05
185 2013-08-13 13:55:15    204 307.1 176.6 177.5497 2.881377e-05 27.78841 0.08445974  9.371138e-02  0.004016676   1.710789e-03      7.332819e-05         0  3.992707e-02    0.001067965      1.227015e-03            3.282008e-05

$dryleafvolt
            timestamp record LWSmV  SEmV    CSEmV     CSEmV.sd   loadmV  loadmV.sd
1 2013-08-13 13:07:15     12 265.1 175.5 175.5380 2.881377e-05 25.77666 0.08445974
2 2013-08-13 13:07:30     13 265.0 175.7 175.7427 2.881377e-05 25.98141 0.08445974
3 2013-08-13 13:07:45     14 265.0   NaN      NaN 2.881377e-05      NaN 0.08445974
4 2013-08-13 13:08:00     15 265.0   NaN      NaN 2.881377e-05      NaN 0.08445974
5 2013-08-13 13:08:15     16 264.8   NaN      NaN 2.881377e-05      NaN 0.08445974
6 2013-08-13 13:08:30     17 264.5 175.4 175.4617 2.881377e-05 25.70040 0.08445974
7 2013-08-13 13:08:45     18 264.4 174.8 174.8665 2.881377e-05 25.10515 0.08445974
8 2013-08-13 13:09:00     19 264.4 175.2 175.2712 2.881377e-05 25.50990 0.08445974
9 2013-08-13 13:09:15     20 264.4 175.4 175.4760 2.881377e-05 25.71465 0.08445974

$runtime
Time difference of 46 mins

$startcalibvolt
            timestamp record LWSmV  SEmV    CSEmV     CSEmV.sd   loadmV  loadmV.sd
1 2013-08-13 13:05:45      6 265.1 272.4 272.4095 2.881377e-05 122.6482 0.08445974
2 2013-08-13 13:06:00      7 265.1 272.4 272.4142 2.881377e-05 122.6529 0.08445974
3 2013-08-13 13:06:15      8 265.1 272.5 272.5190 2.881377e-05 122.7577 0.08445974

$endcalibvolt
[1] NA

$lastLWSvolt
[1] 304

$maxLWSvolt
[1] 307.2

$species
[1] "blackoak"

$trial
[1] "6"

$replicate
[1] "2"

$isvertical
[1] FALSE

$conversionfactor
         avg       stdev
1 0.04344415 1.72673e-05

$LWSwatermass
         avg      stdev
1 0.02171778 0.00229986

$dryleafmass
       avg       stdev
1 1.113533 0.001561992

$lwsmodel

Call:
lm(formula = LWSsurfacedensity ~ record, data = rd[rd$runfilter == 
    1, ])

Coefficients:
(Intercept)       record  
 -4.076e-04    8.029e-06  


$leafmodel

Call:
lm(formula = surfacedensity ~ record, data = rd[rd$runfilter == 
    1, ])

Coefficients:
(Intercept)       record  
 -1.279e-04    1.107e-05  


