$name
[1] "blueoak1"

$leafarea
[1] 23.90849

$startbasevolt
            timestamp record LWSmV  SEmV CSEmV CSEmV.sd      loadmV  loadmV.sd
1 2013-09-24 13:11:15      2 266.4 148.4 148.4        0 -0.01869395 0.09479341
2 2013-09-24 13:11:30      3 266.4 148.5 148.5        0  0.08130605 0.09479341
3 2013-09-24 13:11:45      4 266.4 148.4 148.4        0 -0.01869395 0.09479341
4 2013-09-24 13:12:00      5 266.4 148.4 148.4        0 -0.01869395 0.09479341

$endbasevolt
            timestamp record LWSmV  SEmV    CSEmV     CSEmV.sd       loadmV  loadmV.sd
1 2013-09-24 14:06:45    224 267.1 147.5 148.6048 4.484305e-05  0.186126682 0.09479342
2 2013-09-24 14:07:00    225 267.0 147.3 148.4099 4.484305e-05 -0.008828475 0.09479342
3 2013-09-24 14:07:15    226 266.7 147.2 148.3149 4.484305e-05 -0.103783632 0.09479342
4 2013-09-24 14:07:30    227 266.5 147.2 148.3200 4.484305e-05 -0.098738789 0.09479342

$dryragvolt
            timestamp record LWSmV  SEmV    CSEmV     CSEmV.sd   loadmV  loadmV.sd
1 2013-09-24 14:02:45    208 536.9 275.1 276.1241 4.484305e-05 127.7054 0.09479342
2 2013-09-24 14:03:00    209 536.9 275.0 276.0291 4.484305e-05 127.6105 0.09479342
3 2013-09-24 14:03:15    210 536.9 274.8 275.8342 4.484305e-05 127.4155 0.09479342
4 2013-09-24 14:03:30    211 536.4 274.6 275.6392 4.484305e-05 127.2205 0.09479342

$wetragvolt
            timestamp record LWSmV  SEmV    CSEmV     CSEmV.sd   loadmV  loadmV.sd
1 2013-09-24 14:04:15    214 267.5 282.1 283.1544 4.484305e-05 134.7357 0.09479342
2 2013-09-24 14:04:30    215 267.1 282.1 283.1594 4.484305e-05 134.7407 0.09479342
3 2013-09-24 14:04:45    216 267.1 282.1 283.1645 4.484305e-05 134.7458 0.09479342
4 2013-09-24 14:05:00    217 267.1 281.7 282.7695 4.484305e-05 134.3508 0.09479342
5 2013-09-24 14:05:15    218 267.1 281.7 282.7746 4.484305e-05 134.3559 0.09479342

$rundata
              timestamp record LWSmV  SEmV    CSEmV     CSEmV.sd    loadmV  loadmV.sd     watermass watermass.sd surfacedensity surfacedensity.sd runfilter      LWSwater LWSwater.stdev LWSsurfacedensity LWSsurfacedensity.stdev
1   2013-09-24 13:15:45     20 266.4 156.1 156.1757 4.484305e-05  7.756979 0.09479342 -0.0049216425  0.004400620  -2.058534e-04      0.0001840610         0 -0.0015198973    0.001276993     -4.670858e-05            3.924379e-05
2   2013-09-24 13:16:00     21 266.7 156.0 156.0807 4.484305e-05  7.662024 0.09479342 -0.0090414248  0.004400574  -3.781680e-04      0.0001840591         0 -0.0012143913    0.001275045     -3.731995e-05            3.918394e-05
3   2013-09-24 13:16:15     22 267.1 156.2 156.2858 4.484305e-05  7.867068 0.09479342 -0.0001452242  0.004400675  -6.074171e-06      0.0001840633         0 -0.0008070501    0.001272456     -2.480179e-05            3.910438e-05
4   2013-09-24 13:16:30     23 267.7 156.3 156.3908 4.484305e-05  7.972113 0.09479342  0.0044123154  0.004400728   1.845502e-04      0.0001840655         0 -0.0001960382    0.001268590     -6.024531e-06            3.898554e-05
5   2013-09-24 13:16:45     24 268.3 156.3 156.3959 4.484305e-05  7.977158 0.09479342  0.0046311940  0.004400731   1.937050e-04      0.0001840656         0  0.0004149736    0.001264743      1.275272e-05            3.886732e-05
6   2013-09-24 13:17:00     25 269.0 156.3 156.4009 4.484305e-05  7.982203 0.09479342  0.0048500726  0.004400733   2.028599e-04      0.0001840657         0  0.0011278208    0.001260280      3.465952e-05            3.873018e-05
7   2013-09-24 13:17:15     26 270.0 156.2 156.3059 4.484305e-05  7.887248 0.09479342  0.0007302903  0.004400685   3.054523e-05      0.0001840637         0  0.0021461739    0.001253954      6.595494e-05            3.853576e-05
8   2013-09-24 13:17:30     27 270.9 156.4 156.5110 4.484305e-05  8.092293 0.09479342  0.0096264909  0.004400790   4.026390e-04      0.0001840681         0  0.0030626917    0.001248309      9.412083e-05            3.836229e-05
9   2013-09-24 13:17:45     28 272.0 156.6 156.7160 4.484305e-05  8.297337 0.09479342  0.0185226914  0.004400897   7.747328e-04      0.0001840726         0  0.0041828801    0.001241474      1.285458e-04            3.815226e-05
10  2013-09-24 13:18:00     29 273.0 156.7 156.8211 4.484305e-05  8.402382 0.09479342  0.0230802310  0.004400952   9.653572e-04      0.0001840749         0  0.0052012332    0.001235323      1.598412e-04            3.796323e-05
11  2013-09-24 13:18:15     30 274.2 156.8 156.9261 4.484305e-05  8.507427 0.09479342  0.0276377706  0.004401009   1.155982e-03      0.0001840773         1  0.0064232569    0.001228022      1.973957e-04            3.773885e-05
12  2013-09-24 13:18:30     31 275.4 156.6 156.7312 4.484305e-05  8.312472 0.09479342  0.0191793273  0.004400905   8.021974e-04      0.0001840729         1  0.0076452806    0.001220809      2.349502e-04            3.751718e-05
13  2013-09-24 13:18:45     32 276.6 156.6 156.7362 4.484305e-05  8.317517 0.09479342  0.0193982060  0.004400907   8.113523e-04      0.0001840730         1  0.0088673043    0.001213686      2.725047e-04            3.729828e-05
14  2013-09-24 13:19:00     33 277.8 156.7 156.8413 4.484305e-05  8.422562 0.09479342  0.0239557456  0.004400963   1.001977e-03      0.0001840753         1  0.0100893281    0.001206655      3.100593e-04            3.708220e-05
15  2013-09-24 13:19:15     34 279.0 156.8 156.9463 4.484305e-05  8.527607 0.09479342  0.0285132852  0.004401020   1.192601e-03      0.0001840777         1  0.0113113518    0.001199716      3.476138e-04            3.686898e-05
16  2013-09-24 13:19:30     35 280.3 156.6 156.7513 4.484305e-05  8.332651 0.09479342  0.0200548419  0.004400915   8.388168e-04      0.0001840733         1  0.0126352108    0.001192307      3.882978e-04            3.664128e-05
17  2013-09-24 13:19:45     36 281.5 156.6 156.7564 4.484305e-05  8.337696 0.09479342  0.0202737205  0.004400918   8.479717e-04      0.0001840735         1  0.0138572345    0.001185568      4.258523e-04            3.643418e-05
18  2013-09-24 13:20:00     37 282.7 156.8 156.9614 4.484305e-05  8.542741 0.09479342  0.0291699211  0.004401028   1.220065e-03      0.0001840781         1  0.0150792582    0.001178928      4.634068e-04            3.623011e-05
19  2013-09-24 13:20:15     38 283.9 156.8 156.9665 4.484305e-05  8.547786 0.09479342  0.0293887997  0.004401031   1.229220e-03      0.0001840782         1  0.0163012820    0.001172387      5.009613e-04            3.602911e-05
20  2013-09-24 13:20:30     39 285.2 156.8 156.9715 4.484305e-05  8.552831 0.09479342  0.0296076783  0.004401034   1.238375e-03      0.0001840783         1  0.0176251410    0.001165416      5.416454e-04            3.581488e-05
21  2013-09-24 13:20:45     40 286.5 157.0 157.1766 4.484305e-05  8.757876 0.09479342  0.0385038789  0.004401147   1.610469e-03      0.0001840830         1  0.0189490000    0.001158567      5.823294e-04            3.560438e-05
22  2013-09-24 13:21:00     41 287.8 156.8 156.9816 4.484305e-05  8.562920 0.09479342  0.0300454356  0.004401039   1.256685e-03      0.0001840785         1  0.0202728590    0.001151841      6.230135e-04            3.539768e-05
23  2013-09-24 13:21:15     42 289.1 156.8 156.9867 4.484305e-05  8.567965 0.09479342  0.0302643143  0.004401042   1.265840e-03      0.0001840786         1  0.0215967181    0.001145240      6.636975e-04            3.519485e-05
24  2013-09-24 13:21:30     43 290.4 156.9 157.0917 4.484305e-05  8.673010 0.09479342  0.0348218539  0.004401100   1.456464e-03      0.0001840810         1  0.0229205771    0.001138768      7.043816e-04            3.499594e-05
25  2013-09-24 13:21:45     44 291.7 156.9 157.0967 4.484305e-05  8.678055 0.09479342  0.0350407325  0.004401102   1.465619e-03      0.0001840812         1  0.0242444361    0.001132426      7.450656e-04            3.480104e-05
26  2013-09-24 13:22:00     45 293.0 157.0 157.2018 4.484305e-05  8.783100 0.09479342  0.0395982721  0.004401161   1.656243e-03      0.0001840836         1  0.0255682952    0.001126216      7.857497e-04            3.461020e-05
27  2013-09-24 13:22:15     46 294.3 157.1 157.3068 4.484305e-05  8.888145 0.09479342  0.0441558117  0.004401220   1.846868e-03      0.0001840861         1  0.0268921542    0.001120141      8.264337e-04            3.442350e-05
28  2013-09-24 13:22:30     47 295.5 157.1 157.3119 4.484305e-05  8.893189 0.09479342  0.0443746903  0.004401223   1.856022e-03      0.0001840862         1  0.0281141779    0.001114654      8.639883e-04            3.425488e-05
29  2013-09-24 13:22:45     48 296.8 157.0 157.2169 4.484305e-05  8.798234 0.09479342  0.0402549080  0.004401169   1.683708e-03      0.0001840840         1  0.0294380369    0.001108843      9.046723e-04            3.407632e-05
30  2013-09-24 13:23:00     49 298.1 157.0 157.2220 4.484305e-05  8.803279 0.09479342  0.0404737866  0.004401172   1.692863e-03      0.0001840841         1  0.0307618960    0.001103174      9.453564e-04            3.390209e-05
31  2013-09-24 13:23:15     50 299.4 157.1 157.3270 4.484305e-05  8.908324 0.09479342  0.0450313262  0.004401231   1.883487e-03      0.0001840866         1  0.0320857550    0.001097648      9.860404e-04            3.373225e-05
32  2013-09-24 13:23:30     51 300.7 157.1 157.3321 4.484305e-05  8.913369 0.09479342  0.0452502049  0.004401234   1.892642e-03      0.0001840867         1  0.0334096140    0.001092266      1.026724e-03            3.356689e-05
33  2013-09-24 13:23:45     52 302.0 157.1 157.3371 4.484305e-05  8.918414 0.09479342  0.0454690835  0.004401237   1.901797e-03      0.0001840868         1  0.0347334730    0.001087033      1.067409e-03            3.340605e-05
34  2013-09-24 13:24:00     53 303.4 157.3 157.5422 4.484305e-05  9.123459 0.09479342  0.0543652841  0.004401355   2.273890e-03      0.0001840917         1  0.0361591674    0.001081564      1.111222e-03            3.323798e-05
35  2013-09-24 13:24:15     54 304.7 157.2 157.4472 4.484305e-05  9.028503 0.09479342  0.0502455017  0.004401300   2.101576e-03      0.0001840894         1  0.0374830264    0.001076643      1.151906e-03            3.308677e-05
36  2013-09-24 13:24:30     55 306.0 157.2 157.4522 4.484305e-05  9.033548 0.09479342  0.0504643804  0.004401303   2.110731e-03      0.0001840895         1  0.0388068854    0.001071877      1.192590e-03            3.294029e-05
37  2013-09-24 13:24:45     56 307.3 157.3 157.5573 4.484305e-05  9.138593 0.09479342  0.0550219200  0.004401364   2.301355e-03      0.0001840921         1  0.0401307445    0.001067266      1.233274e-03            3.279860e-05
38  2013-09-24 13:25:00     57 308.7 157.4 157.6623 4.484305e-05  9.243638 0.09479342  0.0595794596  0.004401425   2.491979e-03      0.0001840947         1  0.0415564388    0.001062478      1.277088e-03            3.265145e-05
39  2013-09-24 13:25:15     58 309.9 157.4 157.6674 4.484305e-05  9.248683 0.09479342  0.0597983382  0.004401428   2.501134e-03      0.0001840948         1  0.0427784625    0.001058522      1.314642e-03            3.252986e-05
40  2013-09-24 13:25:30     59 311.2 157.6 157.8724 4.484305e-05  9.453728 0.09479342  0.0686945388  0.004401550   2.873228e-03      0.0001840999         1  0.0441023215    0.001054391      1.355326e-03            3.240292e-05
41  2013-09-24 13:25:45     60 312.4 157.5 157.7775 4.484305e-05  9.358772 0.09479342  0.0645747564  0.004401493   2.700913e-03      0.0001840975         1  0.0453243453    0.001050724      1.392881e-03            3.229022e-05
42  2013-09-24 13:26:00     61 313.8 157.6 157.8825 4.484305e-05  9.463817 0.09479342  0.0691322960  0.004401556   2.891538e-03      0.0001841001         1  0.0467500396    0.001046624      1.436695e-03            3.216423e-05
43  2013-09-24 13:26:15     62 315.2 157.5 157.7876 4.484305e-05  9.368862 0.09479342  0.0650125137  0.004401499   2.719223e-03      0.0001840978         1  0.0481757339    0.001042718      1.480508e-03            3.204421e-05
44  2013-09-24 13:26:30     63 316.4 157.6 157.8926 4.484305e-05  9.473907 0.09479342  0.0695700533  0.004401562   2.909847e-03      0.0001841004         1  0.0493977576    0.001039527      1.518063e-03            3.194613e-05
45  2013-09-24 13:26:45     64 317.6 157.6 157.8976 4.484305e-05  9.478952 0.09479342  0.0697889319  0.004401565   2.919002e-03      0.0001841005         1  0.0506197814    0.001036482      1.555617e-03            3.185254e-05
46  2013-09-24 13:27:00     65 318.9 157.8 158.1027 4.484305e-05  9.683997 0.09479342  0.0786851325  0.004401690   3.291096e-03      0.0001841058         1  0.0519436404    0.001033348      1.596301e-03            3.175625e-05
47  2013-09-24 13:27:15     66 320.2 157.8 158.1077 4.484305e-05  9.689041 0.09479342  0.0789040111  0.004401693   3.300251e-03      0.0001841059         1  0.0532674994    0.001030389      1.636985e-03            3.166531e-05
48  2013-09-24 13:27:30     67 321.5 157.9 158.2128 4.484305e-05  9.794086 0.09479342  0.0834615507  0.004401759   3.490875e-03      0.0001841086         1  0.0545913584    0.001027606      1.677669e-03            3.157977e-05
49  2013-09-24 13:27:45     68 322.7 157.8 158.1178 4.484305e-05  9.699131 0.09479342  0.0793417684  0.004401700   3.318561e-03      0.0001841061         1  0.0558133822    0.001025194      1.715224e-03            3.150564e-05
50  2013-09-24 13:28:00     69 323.9 157.7 158.0229 4.484305e-05  9.604176 0.09479342  0.0752219861  0.004401641   3.146246e-03      0.0001841037         1  0.0570354059    0.001022933      1.752778e-03            3.143618e-05
51  2013-09-24 13:28:15     70 325.3 157.6 157.9279 4.484305e-05  9.509221 0.09479342  0.0711022038  0.004401584   2.973931e-03      0.0001841013         1  0.0584611002    0.001020490      1.796592e-03            3.136108e-05
52  2013-09-24 13:28:30     71 326.6 157.6 157.9330 4.484305e-05  9.514266 0.09479342  0.0713210824  0.004401587   2.983086e-03      0.0001841014         1  0.0597849592    0.001018408      1.837276e-03            3.129712e-05
53  2013-09-24 13:28:45     72 327.9 157.7 158.0380 4.484305e-05  9.619311 0.09479342  0.0758786220  0.004401651   3.173711e-03      0.0001841041         1  0.0611088183    0.001016509      1.877960e-03            3.123875e-05
54  2013-09-24 13:29:00     73 329.2 157.8 158.1430 4.484305e-05  9.724355 0.09479342  0.0804361616  0.004401715   3.364335e-03      0.0001841068         1  0.0624326773    0.001014792      1.918644e-03            3.118600e-05
55  2013-09-24 13:29:15     74 330.6 157.9 158.2481 4.484305e-05  9.829400 0.09479342  0.0849937012  0.004401781   3.554959e-03      0.0001841095         1  0.0638583716    0.001013150      1.962458e-03            3.113551e-05
56  2013-09-24 13:29:30     75 331.8 158.0 158.3531 4.484305e-05  9.934445 0.09479342  0.0895512408  0.004401847   3.745584e-03      0.0001841123         1  0.0650803954    0.001011912      2.000012e-03            3.109748e-05
57  2013-09-24 13:29:45     76 333.2 157.9 158.2582 4.484305e-05  9.839490 0.09479342  0.0854314585  0.004401787   3.573269e-03      0.0001841098         1  0.0665060897    0.001010668      2.043826e-03            3.105924e-05
58  2013-09-24 13:30:00     77 334.6 158.0 158.3632 4.484305e-05  9.944535 0.09479342  0.0899889981  0.004401853   3.763893e-03      0.0001841126         1  0.0679317840    0.001009640      2.087639e-03            3.102764e-05
59  2013-09-24 13:30:15     78 336.0 158.1 158.4683 4.484305e-05 10.049580 0.09479342  0.0945465377  0.004401920   3.954518e-03      0.0001841154         1  0.0693574784    0.001008828      2.131453e-03            3.100270e-05
60  2013-09-24 13:30:30     79 337.3 158.0 158.3733 4.484305e-05  9.954624 0.09479342  0.0904267553  0.004401859   3.782203e-03      0.0001841128         1  0.0706813374    0.001008268      2.172137e-03            3.098550e-05
61  2013-09-24 13:30:45     80 338.7 158.1 158.4784 4.484305e-05 10.059669 0.09479342  0.0949842949  0.004401926   3.972827e-03      0.0001841156         1  0.0721070317    0.001007875      2.215951e-03            3.097343e-05
62  2013-09-24 13:31:00     81 340.1 158.1 158.4834 4.484305e-05 10.064714 0.09479342  0.0952031736  0.004401930   3.981982e-03      0.0001841158         1  0.0735327261    0.001007700      2.259764e-03            3.096805e-05
63  2013-09-24 13:31:15     82 341.5 158.2 158.5885 4.484305e-05 10.169759 0.09479342  0.0997607132  0.004401997   4.172606e-03      0.0001841186         1  0.0749584204    0.001007743      2.303578e-03            3.096936e-05
64  2013-09-24 13:31:30     83 342.9 158.4 158.7935 4.484305e-05 10.374804 0.09479342  0.1086569137  0.004402131   4.544700e-03      0.0001841242         1  0.0763841147    0.001008003      2.347391e-03            3.097736e-05
65  2013-09-24 13:31:45     84 344.4 158.2 158.5985 4.484305e-05 10.179849 0.09479342  0.1001984704  0.004402004   4.190916e-03      0.0001841189         1  0.0779116444    0.001008524      2.394334e-03            3.099336e-05
66  2013-09-24 13:32:00     85 345.9 158.3 158.7036 4.484305e-05 10.284893 0.09479342  0.1047560100  0.004402072   4.381540e-03      0.0001841217         1  0.0794391740    0.001009294      2.441278e-03            3.101701e-05
67  2013-09-24 13:32:15     86 347.4 158.2 158.6086 4.484305e-05 10.189938 0.09479342  0.1006362277  0.004402010   4.209226e-03      0.0001841191         1  0.0809667037    0.001010312      2.488221e-03            3.104832e-05
68  2013-09-24 13:32:30     87 348.9 158.1 158.5137 4.484305e-05 10.094983 0.09479342  0.0965164454  0.004401949   4.036911e-03      0.0001841166         1  0.0824942333    0.001011579      2.535164e-03            3.108724e-05
69  2013-09-24 13:32:45     88 350.4 158.4 158.8187 4.484305e-05 10.400028 0.09479342  0.1097513069  0.004402148   4.590475e-03      0.0001841249         1  0.0840217630    0.001013093      2.582107e-03            3.113377e-05
70  2013-09-24 13:33:00     89 352.0 158.5 158.9238 4.484305e-05 10.505073 0.09479342  0.1143088465  0.004402218   4.781099e-03      0.0001841278         1  0.0856511279    0.001014979      2.632180e-03            3.119172e-05
71  2013-09-24 13:33:15     90 353.3 158.4 158.8288 4.484305e-05 10.410118 0.09479342  0.1101890642  0.004402155   4.608784e-03      0.0001841252         1  0.0869749870    0.001016716      2.672864e-03            3.124511e-05
72  2013-09-24 13:33:30     91 354.8 158.6 159.0339 4.484305e-05 10.615163 0.09479342  0.1190852647  0.004402292   4.980878e-03      0.0001841309         1  0.0885025166    0.001018948      2.719807e-03            3.131370e-05
73  2013-09-24 13:33:45     92 356.6 158.7 159.1389 4.484305e-05 10.720207 0.09479342  0.1236428043  0.004402363   5.171502e-03      0.0001841339         1  0.0903355522    0.001021945      2.776139e-03            3.140581e-05
74  2013-09-24 13:34:00     93 358.2 158.7 159.1439 4.484305e-05 10.725252 0.09479342  0.1238616830  0.004402367   5.180657e-03      0.0001841340         1  0.0919649171    0.001024899      2.826211e-03            3.149659e-05
75  2013-09-24 13:34:15     94 359.8 158.8 159.2490 4.484305e-05 10.830297 0.09479342  0.1284192226  0.004402439   5.371282e-03      0.0001841371         1  0.0935942821    0.001028123      2.876284e-03            3.159568e-05
76  2013-09-24 13:34:30     95 361.6 158.8 159.2540 4.484305e-05 10.835342 0.09479342  0.1286381012  0.004402442   5.380436e-03      0.0001841372         1  0.0954273177    0.001032071      2.932616e-03            3.171699e-05
77  2013-09-24 13:34:45     96 363.5 158.7 159.1591 4.484305e-05 10.740387 0.09479342  0.1245183189  0.004402377   5.208122e-03      0.0001841345         1  0.0973621886    0.001036601      2.992077e-03            3.185620e-05
78  2013-09-24 13:35:00     97 365.1 158.7 159.1641 4.484305e-05 10.745432 0.09479342  0.1247371975  0.004402380   5.217277e-03      0.0001841346         1  0.0989915535    0.001040702      3.042150e-03            3.198223e-05
79  2013-09-24 13:35:15     98 366.9 158.7 159.1692 4.484305e-05 10.750476 0.09479342  0.1249560761  0.004402384   5.226431e-03      0.0001841348         1  0.1008245891    0.001045624      3.098482e-03            3.213349e-05
80  2013-09-24 13:35:30     99 368.4 158.8 159.2742 4.484305e-05 10.855521 0.09479342  0.1295136157  0.004402456   5.417056e-03      0.0001841378         1  0.1023521187    0.001049972      3.145425e-03            3.226711e-05
81  2013-09-24 13:35:45    100 370.1 158.8 159.2793 4.484305e-05 10.860566 0.09479342  0.1297324944  0.004402460   5.426211e-03      0.0001841379         1  0.1040833190    0.001055167      3.198627e-03            3.242676e-05
82  2013-09-24 13:36:00    101 371.9 159.1 159.5843 4.484305e-05 11.165611 0.09479342  0.1429673559  0.004402673   5.979774e-03      0.0001841469         1  0.1059163546    0.001060972      3.254959e-03            3.260516e-05
83  2013-09-24 13:36:15    102 373.8 159.0 159.4893 4.484305e-05 11.070656 0.09479342  0.1388475736  0.004402606   5.807459e-03      0.0001841441         1  0.1078512255    0.001067434      3.314420e-03            3.280375e-05
84  2013-09-24 13:36:30    103 375.6 159.1 159.5944 4.484305e-05 11.175701 0.09479342  0.1434051132  0.004402681   5.998084e-03      0.0001841472         1  0.1096842610    0.001073868      3.370752e-03            3.300146e-05
85  2013-09-24 13:36:45    104 377.7 159.1 159.5994 4.484305e-05 11.180746 0.09479342  0.1436239918  0.004402684   6.007238e-03      0.0001841473         1  0.1118228026    0.001081749      3.436472e-03            3.324367e-05
86  2013-09-24 13:37:00    105 379.6 159.2 159.7045 4.484305e-05 11.285790 0.09479342  0.1481815314  0.004402759   6.197863e-03      0.0001841505         1  0.1137576734    0.001089221      3.495933e-03            3.347330e-05
87  2013-09-24 13:37:15    106 381.4 159.2 159.7095 4.484305e-05 11.290835 0.09479342  0.1484004100  0.004402763   6.207018e-03      0.0001841506         1  0.1155907090    0.001096593      3.552265e-03            3.369986e-05
88  2013-09-24 13:37:30    107 383.2 159.1 159.6146 4.484305e-05 11.195880 0.09479342  0.1442806277  0.004402695   6.034703e-03      0.0001841478         1  0.1174237446    0.001104245      3.608597e-03            3.393500e-05
89  2013-09-24 13:37:45    108 385.3 159.0 159.5196 4.484305e-05 11.100925 0.09479342  0.1401608454  0.004402628   5.862388e-03      0.0001841450         1  0.1195622861    0.001113517      3.674317e-03            3.421994e-05
90  2013-09-24 13:38:00    109 387.3 159.2 159.7247 4.484305e-05 11.305970 0.09479342  0.1490570459  0.004402774   6.234482e-03      0.0001841511         1  0.1215989923    0.001122685      3.736908e-03            3.450170e-05
91  2013-09-24 13:38:15    110 389.2 159.2 159.7297 4.484305e-05 11.311015 0.09479342  0.1492759246  0.004402777   6.243637e-03      0.0001841512         1  0.1235338632    0.001131693      3.796369e-03            3.477852e-05
92  2013-09-24 13:38:30    111 391.2 159.2 159.7348 4.484305e-05 11.316059 0.09479342  0.1494948032  0.004402781   6.252792e-03      0.0001841514         1  0.1255705694    0.001141481      3.858960e-03            3.507932e-05
93  2013-09-24 13:38:45    112 393.2 159.3 159.8398 4.484305e-05 11.421104 0.09479342  0.1540523428  0.004402857   6.443416e-03      0.0001841546         1  0.1276072756    0.001151574      3.921551e-03            3.538950e-05
94  2013-09-24 13:39:00    113 395.2 159.4 159.9448 4.484305e-05 11.526149 0.09479342  0.1586098824  0.004402934   6.634041e-03      0.0001841578         1  0.1296439818    0.001161966      3.984142e-03            3.570885e-05
95  2013-09-24 13:39:15    114 397.6 159.4 159.9499 4.484305e-05 11.531194 0.09479342  0.1588287611  0.004402937   6.643195e-03      0.0001841579         1  0.1320880292    0.001174817      4.059251e-03            3.610379e-05
96  2013-09-24 13:39:30    115 399.7 159.4 159.9549 4.484305e-05 11.536239 0.09479342  0.1590476397  0.004402941   6.652350e-03      0.0001841581         1  0.1342265707    0.001186394      4.124971e-03            3.645957e-05
97  2013-09-24 13:39:45    116 402.0 159.3 159.8600 4.484305e-05 11.441284 0.09479342  0.1549278574  0.004402872   6.480036e-03      0.0001841552         1  0.1365687828    0.001199418      4.196951e-03            3.685981e-05
98  2013-09-24 13:40:00    117 404.2 159.3 159.8650 4.484305e-05 11.446328 0.09479342  0.1551467360  0.004402875   6.489190e-03      0.0001841553         1  0.1388091597    0.001212202      4.265801e-03            3.725268e-05
99  2013-09-24 13:40:15    118 406.1 159.4 159.9701 4.484305e-05 11.551373 0.09479342  0.1597042756  0.004402952   6.679815e-03      0.0001841585         1  0.1407440305    0.001223492      4.325262e-03            3.759963e-05
100 2013-09-24 13:40:30    119 408.5 159.6 160.1751 4.484305e-05 11.756418 0.09479342  0.1686004762  0.004403104   7.051909e-03      0.0001841649         1  0.1431880780    0.001238072      4.400371e-03            3.804770e-05
101 2013-09-24 13:40:45    120 410.5 159.7 160.2802 4.484305e-05 11.861463 0.09479342  0.1731580158  0.004403183   7.242533e-03      0.0001841682         1  0.1452247842    0.001250486      4.462962e-03            3.842921e-05
102 2013-09-24 13:41:00    121 412.3 159.6 160.1852 4.484305e-05 11.766508 0.09479342  0.1690382334  0.004403112   7.070218e-03      0.0001841652         1  0.1470578197    0.001261858      4.519294e-03            3.877868e-05
103 2013-09-24 13:41:15    122 414.1 159.6 160.1902 4.484305e-05 11.771553 0.09479342  0.1692571121  0.004403116   7.079373e-03      0.0001841654         1  0.1488908553    0.001273414      4.575626e-03            3.913380e-05
104 2013-09-24 13:41:30    123 416.1 159.7 160.2953 4.484305e-05 11.876598 0.09479342  0.1738146517  0.004403195   7.269998e-03      0.0001841687         1  0.1509275615    0.001286462      4.638216e-03            3.953479e-05
105 2013-09-24 13:41:45    124 418.0 159.8 160.4003 4.484305e-05 11.981642 0.09479342  0.1783721913  0.004403274   7.460622e-03      0.0001841720         1  0.1528624324    0.001299056      4.697678e-03            3.992182e-05
106 2013-09-24 13:42:00    125 419.5 159.7 160.3054 4.484305e-05 11.886687 0.09479342  0.1742524089  0.004403202   7.288307e-03      0.0001841690         1  0.1543899621    0.001309131      4.744621e-03            4.023144e-05
107 2013-09-24 13:42:15    126 421.0 159.8 160.4104 4.484305e-05 11.991732 0.09479342  0.1788099485  0.004403282   7.478932e-03      0.0001841723         1  0.1559174917    0.001319320      4.791564e-03            4.054456e-05
108 2013-09-24 13:42:30    127 422.3 159.9 160.5155 4.484305e-05 12.096777 0.09479342  0.1833674881  0.004403363   7.669556e-03      0.0001841757         1  0.1572413507    0.001328241      4.832248e-03            4.081871e-05
109 2013-09-24 13:42:45    128 423.8 160.0 160.6205 4.484305e-05 12.201822 0.09479342  0.1879250277  0.004403444   7.860180e-03      0.0001841791         1  0.1587688804    0.001338636      4.879191e-03            4.113817e-05
110 2013-09-24 13:43:00    129 425.5 159.8 160.4256 4.484305e-05 12.006867 0.09479342  0.1794665844  0.004403294   7.506396e-03      0.0001841728         1  0.1605000806    0.001350546      4.932393e-03            4.150417e-05
111 2013-09-24 13:43:15    130 427.2 159.9 160.5306 4.484305e-05 12.111911 0.09479342  0.1840241240  0.004403374   7.697020e-03      0.0001841762         1  0.1622312809    0.001362589      4.985596e-03            4.187428e-05
112 2013-09-24 13:43:30    131 428.9 159.9 160.5357 4.484305e-05 12.116956 0.09479342  0.1842430027  0.004403378   7.706175e-03      0.0001841764         1  0.1639624812    0.001374762      5.038798e-03            4.224837e-05
113 2013-09-24 13:43:45    132 430.5 159.9 160.5407 4.484305e-05 12.122001 0.09479342  0.1844618813  0.004403382   7.715330e-03      0.0001841765         1  0.1655918461    0.001386335      5.088871e-03            4.260402e-05
114 2013-09-24 13:44:00    133 431.8 159.9 160.5457 4.484305e-05 12.127046 0.09479342  0.1846807599  0.004403386   7.724485e-03      0.0001841767         1  0.1669157052    0.001395818      5.129555e-03            4.289545e-05
115 2013-09-24 13:44:15    134 433.3 160.0 160.6508 4.484305e-05 12.232091 0.09479342  0.1892382995  0.004403467   7.915109e-03      0.0001841801         1  0.1684432348    0.001406848      5.176498e-03            4.323442e-05
116 2013-09-24 13:44:30    135 434.6 159.9 160.5558 4.484305e-05 12.137136 0.09479342  0.1851185172  0.004403394   7.742795e-03      0.0001841770         1  0.1697670938    0.001416482      5.217182e-03            4.353048e-05
117 2013-09-24 13:44:45    136 436.0 160.0 160.6609 4.484305e-05 12.242180 0.09479342  0.1896760568  0.004403475   7.933419e-03      0.0001841804         1  0.1711927882    0.001426932      5.260995e-03            4.385164e-05
118 2013-09-24 13:45:00    137 437.1 160.1 160.7659 4.484305e-05 12.347225 0.09479342  0.1942335964  0.004403557   8.124043e-03      0.0001841838         1  0.1723129766    0.001435197      5.295420e-03            4.410563e-05
119 2013-09-24 13:45:15    138 438.8 160.2 160.8710 4.484305e-05 12.452270 0.09479342  0.1987911360  0.004403640   8.314668e-03      0.0001841873         1  0.1740441768    0.001448062      5.348623e-03            4.450097e-05
120 2013-09-24 13:45:30    139 440.3 160.1 160.7760 4.484305e-05 12.357315 0.09479342  0.1946713537  0.004403565   8.142353e-03      0.0001841842         1  0.1755717065    0.001459502      5.395566e-03            4.485256e-05
121 2013-09-24 13:45:45    140 441.4 160.2 160.8811 4.484305e-05 12.462360 0.09479342  0.1992288933  0.004403648   8.332977e-03      0.0001841876         1  0.1766918949    0.001467945      5.429991e-03            4.511201e-05
122 2013-09-24 13:46:00    141 442.7 160.3 160.9861 4.484305e-05 12.567405 0.09479342  0.2037864329  0.004403732   8.523602e-03      0.0001841911         1  0.1780157539    0.001477978      5.470675e-03            4.542035e-05
123 2013-09-24 13:46:15    142 444.0 160.3 160.9911 4.484305e-05 12.572450 0.09479342  0.2040053115  0.004403736   8.532757e-03      0.0001841913         1  0.1793396130    0.001488071      5.511359e-03            4.573052e-05
124 2013-09-24 13:46:30    143 445.2 160.5 161.1962 4.484305e-05 12.777494 0.09479342  0.2129015121  0.004403901   8.904850e-03      0.0001841982         1  0.1805616367    0.001497439      5.548913e-03            4.601842e-05
125 2013-09-24 13:46:45    144 446.6 160.4 161.1012 4.484305e-05 12.682539 0.09479342  0.2087817298  0.004403824   8.732536e-03      0.0001841950         1  0.1819873310    0.001508431      5.592727e-03            4.635619e-05
126 2013-09-24 13:47:00    145 447.9 160.2 160.9063 4.484305e-05 12.487584 0.09479342  0.2003232865  0.004403668   8.378752e-03      0.0001841885         1  0.1833111900    0.001518695      5.633411e-03            4.667163e-05
127 2013-09-24 13:47:15    146 449.3 160.3 161.0113 4.484305e-05 12.592629 0.09479342  0.2048808261  0.004403752   8.569376e-03      0.0001841920         1  0.1847368844    0.001529810      5.677224e-03            4.701322e-05
128 2013-09-24 13:47:30    147 450.7 160.5 161.2164 4.484305e-05 12.797674 0.09479342  0.2137770266  0.004403918   8.941470e-03      0.0001841989         1  0.1861625787    0.001540988      5.721038e-03            4.735672e-05
129 2013-09-24 13:47:45    148 452.0 160.5 161.2214 4.484305e-05 12.802719 0.09479342  0.2139959053  0.004403922   8.950625e-03      0.0001841991         1  0.1874864377    0.001551421      5.761722e-03            4.767736e-05
130 2013-09-24 13:48:00    149 453.7 160.6 161.3265 4.484305e-05 12.907763 0.09479342  0.2185534449  0.004404008   9.141249e-03      0.0001842027         1  0.1892176380    0.001565143      5.814924e-03            4.809904e-05
131 2013-09-24 13:48:15    150 455.5 160.5 161.2315 4.484305e-05 12.812808 0.09479342  0.2144336625  0.004403930   8.968934e-03      0.0001841994         1  0.1910506736    0.001579765      5.871256e-03            4.854840e-05
132 2013-09-24 13:48:30    151 456.8 160.6 161.3365 4.484305e-05 12.917853 0.09479342  0.2189912021  0.004404016   9.159559e-03      0.0001842030         1  0.1923745326    0.001590383      5.911940e-03            4.887472e-05
133 2013-09-24 13:48:45    152 458.4 160.6 161.3416 4.484305e-05 12.922898 0.09479342  0.2192100808  0.004404020   9.168713e-03      0.0001842032         1  0.1940038976    0.001603518      5.962013e-03            4.927836e-05
134 2013-09-24 13:49:00    153 460.4 160.7 161.4466 4.484305e-05 13.027943 0.09479342  0.2237676204  0.004404107   9.359338e-03      0.0001842068         1  0.1960406038    0.001620035      6.024604e-03            4.978596e-05
135 2013-09-24 13:49:15    154 462.0 160.8 161.5517 4.484305e-05 13.132988 0.09479342  0.2283251600  0.004404194   9.549962e-03      0.0001842105         1  0.1976699687    0.001633326      6.074676e-03            5.019441e-05
136 2013-09-24 13:49:30    155 463.6 160.8 161.5567 4.484305e-05 13.138033 0.09479342  0.2285440386  0.004404199   9.559117e-03      0.0001842107         1  0.1992993337    0.001646684      6.124749e-03            5.060492e-05
137 2013-09-24 13:49:45    156 465.3 160.9 161.6618 4.484305e-05 13.243077 0.09479342  0.2331015782  0.004404287   9.749741e-03      0.0001842144         1  0.2010305339    0.001660948      6.177951e-03            5.104327e-05
138 2013-09-24 13:50:00    157 466.8 160.8 161.5668 4.484305e-05 13.148122 0.09479342  0.2289817959  0.004404207   9.577427e-03      0.0001842110         1  0.2025580636    0.001673594      6.224894e-03            5.143189e-05
139 2013-09-24 13:50:15    158 468.0 161.0 161.7719 4.484305e-05 13.353167 0.09479342  0.2378779964  0.004404380   9.949520e-03      0.0001842182         1  0.2037800873    0.001683749      6.262449e-03            5.174399e-05
140 2013-09-24 13:50:30    159 469.3 160.8 161.5769 4.484305e-05 13.158212 0.09479342  0.2294195531  0.004404215   9.595736e-03      0.0001842114         1  0.2051039463    0.001694790      6.303133e-03            5.208329e-05
141 2013-09-24 13:50:45    160 470.4 160.9 161.6820 4.484305e-05 13.263257 0.09479342  0.2339770927  0.004404304   9.786361e-03      0.0001842151         1  0.2062241347    0.001704163      6.337558e-03            5.237134e-05
142 2013-09-24 13:51:00    161 471.6 160.9 161.6870 4.484305e-05 13.268302 0.09479342  0.2341959714  0.004404308   9.795516e-03      0.0001842152         1  0.2074461585    0.001714420      6.375112e-03            5.268655e-05
143 2013-09-24 13:51:15    162 473.2 160.9 161.6920 4.484305e-05 13.273346 0.09479342  0.2344148500  0.004404312   9.804670e-03      0.0001842154         1  0.2090755234    0.001728146      6.425185e-03            5.310837e-05
144 2013-09-24 13:51:30    163 475.0 161.0 161.7971 4.484305e-05 13.378391 0.09479342  0.2389723896  0.004404401   9.995295e-03      0.0001842191         1  0.2109085590    0.001743656      6.481517e-03            5.358500e-05
145 2013-09-24 13:51:45    164 476.6 160.9 161.7021 4.484305e-05 13.283436 0.09479342  0.2348526073  0.004404321   9.822980e-03      0.0001842158         1  0.2125379239    0.001757500      6.531590e-03            5.401046e-05
146 2013-09-24 13:52:00    165 477.8 160.8 161.6072 4.484305e-05 13.188481 0.09479342  0.2307328250  0.004404241   9.650665e-03      0.0001842124         1  0.2137599477    0.001767919      6.569144e-03            5.433064e-05
147 2013-09-24 13:52:15    166 479.3 161.0 161.8122 4.484305e-05 13.393526 0.09479342  0.2396290255  0.004404414   1.002276e-02      0.0001842197         1  0.2152874773    0.001780984      6.616087e-03            5.473215e-05
148 2013-09-24 13:52:30    167 480.6 161.2 162.0173 4.484305e-05 13.598571 0.09479342  0.2485252261  0.004404590   1.039485e-02      0.0001842270         1  0.2166113363    0.001792344      6.656771e-03            5.508124e-05
149 2013-09-24 13:52:45    168 482.1 161.2 162.0223 4.484305e-05 13.603615 0.09479342  0.2487441047  0.004404595   1.040401e-02      0.0001842272         1  0.2181388660    0.001805492      6.703714e-03            5.548532e-05
150 2013-09-24 13:53:00    169 483.2 161.1 161.9274 4.484305e-05 13.508660 0.09479342  0.2446243224  0.004404513   1.023169e-02      0.0001842238         1  0.2192590544    0.001815162      6.738139e-03            5.578250e-05
151 2013-09-24 13:53:15    170 484.2 161.4 162.2324 4.484305e-05 13.813705 0.09479342  0.2578591839  0.004404778   1.078526e-02      0.0001842349         1  0.2202774075    0.001823973      6.769435e-03            5.605327e-05
152 2013-09-24 13:53:30    171 485.6 161.4 162.2374 4.484305e-05 13.818750 0.09479342  0.2580780625  0.004404782   1.079441e-02      0.0001842351         1  0.2217031018    0.001836340      6.813248e-03            5.643332e-05
153 2013-09-24 13:53:45    172 487.3 161.3 162.1425 4.484305e-05 13.723795 0.09479342  0.2539582802  0.004404699   1.062210e-02      0.0001842316         1  0.2234343021    0.001851405      6.866451e-03            5.689629e-05
154 2013-09-24 13:54:00    173 489.0 161.3 162.1475 4.484305e-05 13.728840 0.09479342  0.2541771589  0.004404703   1.063125e-02      0.0001842318         1  0.2251655024    0.001866522      6.919653e-03            5.736085e-05
155 2013-09-24 13:54:15    174 490.6 161.4 162.2526 4.484305e-05 13.833885 0.09479342  0.2587346984  0.004404796   1.082188e-02      0.0001842356         1  0.2267948673    0.001880796      6.969725e-03            5.779950e-05
156 2013-09-24 13:54:30    175 491.9 161.4 162.2576 4.484305e-05 13.838929 0.09479342  0.2589535771  0.004404800   1.083103e-02      0.0001842358         1  0.2281187263    0.001892426      7.010410e-03            5.815690e-05
157 2013-09-24 13:54:45    176 493.3 161.4 162.2627 4.484305e-05 13.843974 0.09479342  0.2591724557  0.004404804   1.084019e-02      0.0001842360         1  0.2295444207    0.001904982      7.054223e-03            5.854276e-05
158 2013-09-24 13:55:00    177 494.7 161.5 162.3677 4.484305e-05 13.949019 0.09479342  0.2637299953  0.004404897   1.103081e-02      0.0001842399         1  0.2309701150    0.001917570      7.098037e-03            5.892962e-05
159 2013-09-24 13:55:15    178 496.3 161.6 162.4728 4.484305e-05 14.054064 0.09479342  0.2682875349  0.004404991   1.122143e-02      0.0001842438         1  0.2325994800    0.001931995      7.148109e-03            5.937293e-05
160 2013-09-24 13:55:30    179 497.6 161.6 162.4778 4.484305e-05 14.059109 0.09479342  0.2685064136  0.004404995   1.123059e-02      0.0001842440         1  0.2339233390    0.001943745      7.188793e-03            5.973403e-05
161 2013-09-24 13:55:45    180 498.8 161.7 162.5828 4.484305e-05 14.164154 0.09479342  0.2730639532  0.004405090   1.142121e-02      0.0001842479         1  0.2351453627    0.001954615      7.226348e-03            6.006807e-05
162 2013-09-24 13:56:00    181 500.1 161.7 162.5879 4.484305e-05 14.169198 0.09479342  0.2732828318  0.004405094   1.143037e-02      0.0001842481         1  0.2364692218    0.001966415      7.267032e-03            6.043070e-05
163 2013-09-24 13:56:15    182 501.5 161.7 162.5929 4.484305e-05 14.174243 0.09479342  0.2735017104  0.004405099   1.143952e-02      0.0001842483         1  0.2378949161    0.001979151      7.310846e-03            6.082210e-05
164 2013-09-24 13:56:30    183 502.8 161.8 162.6980 4.484305e-05 14.279288 0.09479342  0.2780592500  0.004405194   1.163015e-02      0.0001842523         1  0.2392187751    0.001991003      7.351530e-03            6.118634e-05
165 2013-09-24 13:56:45    184 504.8 161.9 162.8030 4.484305e-05 14.384333 0.09479342  0.2826167896  0.004405290   1.182077e-02      0.0001842563         1  0.2412554813    0.002009285      7.414121e-03            6.174815e-05
166 2013-09-24 13:57:00    185 506.0 161.9 162.8081 4.484305e-05 14.389378 0.09479342  0.2828356683  0.004405294   1.182993e-02      0.0001842565         1  0.2424775050    0.002020281      7.451675e-03            6.208607e-05
167 2013-09-24 13:57:15    186 507.3 161.9 162.8131 4.484305e-05 14.394423 0.09479342  0.2830545469  0.004405299   1.183908e-02      0.0001842567         1  0.2438013641    0.002032215      7.492359e-03            6.245284e-05
168 2013-09-24 13:57:30    187 508.7 162.1 163.0182 4.484305e-05 14.599467 0.09479342  0.2919507475  0.004405488   1.221118e-02      0.0001842646         1  0.2452270584    0.002045094      7.536173e-03            6.284861e-05
169 2013-09-24 13:57:45    188 510.3 162.1 163.0232 4.484305e-05 14.604512 0.09479342  0.2921696261  0.004405493   1.222033e-02      0.0001842648         1  0.2468564234    0.002059844      7.586245e-03            6.330189e-05
170 2013-09-24 13:58:00    189 511.7 162.0 162.9283 4.484305e-05 14.509557 0.09479342  0.2880498438  0.004405405   1.204802e-02      0.0001842611         1  0.2482821177    0.002072777      7.630059e-03            6.369936e-05
171 2013-09-24 13:58:15    190 513.2 161.8 162.7333 4.484305e-05 14.314602 0.09479342  0.2795914005  0.004405226   1.169423e-02      0.0001842536         1  0.2498096473    0.002086662      7.677002e-03            6.412607e-05
172 2013-09-24 13:58:30    191 514.6 162.0 162.9383 4.484305e-05 14.519647 0.09479342  0.2884876010  0.004405414   1.206633e-02      0.0001842615         1  0.2512353417    0.002099647      7.720816e-03            6.452511e-05
173 2013-09-24 13:58:45    192 515.9 161.9 162.8434 4.484305e-05 14.424692 0.09479342  0.2843678187  0.004405327   1.189401e-02      0.0001842578         1  0.2525592007    0.002111726      7.761500e-03            6.489631e-05
174 2013-09-24 13:59:00    193 517.3 162.0 162.9484 4.484305e-05 14.529737 0.09479342  0.2889253583  0.004405423   1.208464e-02      0.0001842619         1  0.2539848950    0.002124757      7.805313e-03            6.529677e-05
175 2013-09-24 13:59:15    194 518.9 162.1 163.0535 4.484305e-05 14.634781 0.09479342  0.2934828979  0.004405521   1.227526e-02      0.0001842660         1  0.2556142600    0.002139678      7.855386e-03            6.575531e-05
176 2013-09-24 13:59:30    195 521.1 162.0 162.9585 4.484305e-05 14.539826 0.09479342  0.2893631156  0.004405433   1.210294e-02      0.0001842623         1  0.2578546368    0.002160242      7.924236e-03            6.638729e-05
177 2013-09-24 13:59:45    196 522.7 162.2 163.1636 4.484305e-05 14.744871 0.09479342  0.2982593161  0.004405624   1.247504e-02      0.0001842703         1  0.2594840018    0.002175233      7.974309e-03            6.684797e-05
178 2013-09-24 14:00:00    197 524.1 162.1 163.0686 4.484305e-05 14.649916 0.09479342  0.2941395338  0.004405535   1.230272e-02      0.0001842666         1  0.2609096961    0.002188373      8.018122e-03            6.725177e-05
179 2013-09-24 14:00:15    198 525.3 162.2 163.1737 4.484305e-05 14.754961 0.09479342  0.2986970734  0.004405633   1.249335e-02      0.0001842707         1  0.2621317198    0.002199652      8.055677e-03            6.759841e-05
180 2013-09-24 14:00:30    199 526.8 162.2 163.1787 4.484305e-05 14.760006 0.09479342  0.2989159520  0.004405638   1.250250e-02      0.0001842709         1  0.2636592495    0.002213774      8.102620e-03            6.803238e-05
181 2013-09-24 14:00:45    200 528.1 162.1 163.0837 4.484305e-05 14.665050 0.09479342  0.2947961697  0.004405549   1.233019e-02      0.0001842671         1  0.2649831085    0.002226031      8.143304e-03            6.840906e-05
182 2013-09-24 14:01:00    201 529.6 162.3 163.2888 4.484305e-05 14.870095 0.09479342  0.3036923703  0.004405741   1.270228e-02      0.0001842752         1  0.2665106381    0.002240196      8.190247e-03            6.884437e-05
183 2013-09-24 14:01:15    202 530.6 162.3 163.2938 4.484305e-05 14.875140 0.09479342  0.3039112489  0.004405746   1.271144e-02      0.0001842754         1  0.2675289912    0.002249652      8.221542e-03            6.913496e-05
184 2013-09-24 14:01:30    203 532.2 162.4 163.3989 4.484305e-05 14.980185 0.09479342  0.3084687885  0.004405846   1.290206e-02      0.0001842796         1  0.2691583562    0.002264802      8.271615e-03            6.960055e-05
185 2013-09-24 14:01:45    204 533.6 162.5 163.5039 4.484305e-05 15.085230 0.09479342  0.3130263281  0.004405946   1.309269e-02      0.0001842838         1  0.2705840505    0.002278079      8.315429e-03            7.000857e-05
186 2013-09-24 14:02:00    205 534.9 162.5 163.5090 4.484305e-05 15.090275 0.09479342  0.3132452067  0.004405951   1.310184e-02      0.0001842840         1  0.2719079096    0.002290424      8.356113e-03            7.038796e-05

$dryleafvolt
            timestamp record LWSmV  SEmV    CSEmV     CSEmV.sd   loadmV  loadmV.sd
1 2013-09-24 13:14:15     14 266.4 156.5 156.5454 4.484305e-05 8.126710 0.09479342
2 2013-09-24 13:14:30     15 266.4 156.4 156.4504 4.484305e-05 8.031754 0.09479342
3 2013-09-24 13:14:45     16 266.4 156.0 156.0555 4.484305e-05 7.636799 0.09479342
4 2013-09-24 13:15:00     17 266.4 156.2 156.2605 4.484305e-05 7.841844 0.09479342
5 2013-09-24 13:15:15     18 266.4 156.2 156.2656 4.484305e-05 7.846889 0.09479342
6 2013-09-24 13:15:30     19 266.4 156.2 156.2706 4.484305e-05 7.851934 0.09479342
7 2013-09-24 13:15:45     20 266.4 156.1 156.1757 4.484305e-05 7.756979 0.09479342

$runtime
Time difference of 46.25 mins

$startcalibvolt
            timestamp record LWSmV  SEmV    CSEmV     CSEmV.sd   loadmV  loadmV.sd
1 2013-09-24 13:12:30      7 266.4 271.2 271.2101 4.484305e-05 122.7914 0.09479342
2 2013-09-24 13:12:45      8 266.4 271.2 271.2151 4.484305e-05 122.7964 0.09479342
3 2013-09-24 13:13:00      9 266.4 271.3 271.3202 4.484305e-05 122.9015 0.09479342
4 2013-09-24 13:13:15     10 266.4 271.3 271.3252 4.484305e-05 122.9065 0.09479342

$endcalibvolt
            timestamp record LWSmV  SEmV
1 2013-09-24 14:05:45    220 267.1 270.2
2 2013-09-24 14:06:00    221 267.1 270.2
3 2013-09-24 14:06:15    222 267.1 270.2

$lastLWSvolt
[1] 536.4

$maxLWSvolt
[1] 536.9

$species
[1] "blueoak"

$trial
[1] "1"

$replicate
[1] "1"

$isvertical
[1] FALSE

$conversionfactor
         avg        stdev
1 0.04338661 1.673911e-05

$LWSwatermass
        avg       stdev
1 0.3079491 0.002761484

$dryleafmass
        avg       stdev
1 0.3414706 0.001560052

$lwsmodel

Call:
lm(formula = LWSsurfacedensity ~ record, data = rd[rd$runfilter == 
    1, ])

Coefficients:
(Intercept)       record  
 -0.0014856    0.0000485  


$leafmodel

Call:
lm(formula = surfacedensity ~ record, data = rd[rd$runfilter == 
    1, ])

Coefficients:
(Intercept)       record  
 -1.597e-03    7.132e-05  


