$name
[1] "blueoak4"

$leafarea
[1] 23.12091

$startbasevolt
             timestamp record LWSmV  SEmV CSEmV CSEmV.sd      loadmV loadmV.sd
1  2013-09-25 13:43:00      3 264.7 150.3 150.3        0  0.21033272 0.1257324
2  2013-09-25 13:43:15      4 264.7 150.3 150.3        0  0.21033272 0.1257324
3  2013-09-25 13:43:30      5 264.7 150.2 150.2        0  0.11033272 0.1257324
4  2013-09-25 13:43:45      6 264.6 150.2 150.2        0  0.11033272 0.1257324
5  2013-09-25 13:44:00      7 264.5 150.2 150.2        0  0.11033272 0.1257324
6  2013-09-25 13:44:15      8 264.5 150.1 150.1        0  0.01033272 0.1257324
7  2013-09-25 13:44:30      9 264.5 150.1 150.1        0  0.01033272 0.1257324
8  2013-09-25 13:44:45     10 264.4 150.0 150.0        0 -0.08966728 0.1257324
9  2013-09-25 13:45:00     11 264.4 149.9 149.9        0 -0.18966728 0.1257324
10 2013-09-25 13:45:15     12 264.4 149.9 149.9        0 -0.18966728 0.1257324
11 2013-09-25 13:45:30     13 264.4 150.0 150.0        0 -0.08966728 0.1257324
12 2013-09-25 13:45:45     14 264.4 149.9 149.9        0 -0.18966728 0.1257324
13 2013-09-25 13:46:00     15 264.4 150.0 150.0        0 -0.08966728 0.1257324
14 2013-09-25 13:46:15     16 264.4 149.9 149.9        0 -0.18966728 0.1257324
15 2013-09-25 13:46:30     17 264.4 150.0 150.0        0 -0.08966728 0.1257324
16 2013-09-25 13:46:45     18 264.4 150.2 150.2        0  0.11033272 0.1257324
17 2013-09-25 13:47:00     19 264.4 150.2 150.2        0  0.11033272 0.1257324
18 2013-09-25 13:47:15     20 264.4 150.2 150.2        0  0.11033272 0.1257324
19 2013-09-25 13:47:30     21 264.4 150.1 150.1        0  0.01033272 0.1257324
20 2013-09-25 13:47:45     22 264.4 150.1 150.1        0  0.01033272 0.1257324
21 2013-09-25 13:48:00     23 264.4 150.1 150.1        0  0.01033272 0.1257324

$endbasevolt
            timestamp record LWSmV  SEmV    CSEmV     CSEmV.sd      loadmV loadmV.sd
1 2013-09-25 14:45:45    254 266.0 149.4 150.1474 4.954161e-05  0.05776862 0.1257324
2 2013-09-25 14:46:00    255 265.8 149.4 150.1507 4.954161e-05  0.06100427 0.1257324
3 2013-09-25 14:46:15    256 265.7 149.2 149.9539 4.954161e-05 -0.13576007 0.1257324

$dryragvolt
            timestamp record LWSmV  SEmV    CSEmV     CSEmV.sd   loadmV loadmV.sd
1 2013-09-25 14:42:30    241 547.8 292.0 292.7054 4.954161e-05 142.6157 0.1257324
2 2013-09-25 14:42:45    242 547.8 291.8 292.5086 4.954161e-05 142.4189 0.1257324
3 2013-09-25 14:43:00    243 547.8 291.8 292.5118 4.954161e-05 142.4222 0.1257324

$wetragvolt
            timestamp record LWSmV  SEmV    CSEmV     CSEmV.sd   loadmV loadmV.sd
1 2013-09-25 14:43:45    246 267.2 299.0 299.7216 4.954161e-05 149.6319 0.1257324
2 2013-09-25 14:44:00    247 266.7 299.0 299.7248 4.954161e-05 149.6351 0.1257324
3 2013-09-25 14:44:15    248 266.4 298.8 299.5280 4.954161e-05 149.4384 0.1257324

$rundata
              timestamp record LWSmV  SEmV    CSEmV     CSEmV.sd    loadmV loadmV.sd     watermass watermass.sd surfacedensity surfacedensity.sd runfilter      LWSwater LWSwater.stdev LWSsurfacedensity LWSsurfacedensity.stdev
1   2013-09-25 13:52:45     42 264.7 157.6 157.6615 4.954161e-05  7.571810 0.1257324 -5.875498e-04  0.005984442  -2.541205e-05      0.0002588325         0 -0.0032510975    0.001288121     -9.991080e-05            3.958577e-05
2   2013-09-25 13:53:00     43 264.9 157.6 157.6647 4.954161e-05  7.575046 0.1257324 -4.470257e-04  0.005984443  -1.933426e-05      0.0002588325         0 -0.0030474269    0.001286804     -9.365172e-05            3.954529e-05
3   2013-09-25 13:53:15     44 265.0 157.6 157.6679 4.954161e-05  7.578281 0.1257324 -3.065016e-04  0.005984444  -1.325647e-05      0.0002588326         0 -0.0029455916    0.001286146     -9.052218e-05            3.952508e-05
4   2013-09-25 13:53:30     45 265.1 157.6 157.6712 4.954161e-05  7.581517 0.1257324 -1.659775e-04  0.005984446  -7.178676e-06      0.0002588326         0 -0.0028437563    0.001285489     -8.739263e-05            3.950488e-05
5   2013-09-25 13:53:45     46 265.1 157.6 157.6744 4.954161e-05  7.584753 0.1257324 -2.545342e-05  0.005984447  -1.100883e-06      0.0002588327         0 -0.0028437563    0.001285489     -8.739263e-05            3.950488e-05
6   2013-09-25 13:54:00     47 265.1 157.4 157.4777 4.954161e-05  7.387988 0.1257324 -8.570909e-03  0.005984377  -3.706995e-04      0.0002588297         0 -0.0028437563    0.001285489     -8.739263e-05            3.950488e-05
7   2013-09-25 13:54:15     48 265.1 157.4 157.4809 4.954161e-05  7.391224 0.1257324 -8.430385e-03  0.005984378  -3.646217e-04      0.0002588297         0 -0.0028437563    0.001285489     -8.739263e-05            3.950488e-05
8   2013-09-25 13:54:30     49 265.1 157.3 157.3841 4.954161e-05  7.294460 0.1257324 -1.263285e-02  0.005984345  -5.463821e-04      0.0002588283         0 -0.0028437563    0.001285489     -8.739263e-05            3.950488e-05
9   2013-09-25 13:54:45     50 265.1 157.3 157.3874 4.954161e-05  7.297695 0.1257324 -1.249233e-02  0.005984346  -5.403043e-04      0.0002588283         0 -0.0028437563    0.001285489     -8.739263e-05            3.950488e-05
10  2013-09-25 13:55:00     51 265.1 157.4 157.4906 4.954161e-05  7.400931 0.1257324 -8.008813e-03  0.005984382  -3.463883e-04      0.0002588299         0 -0.0028437563    0.001285489     -8.739263e-05            3.950488e-05
11  2013-09-25 13:55:15     52 265.1 157.3 157.3938 4.954161e-05  7.304167 0.1257324 -1.221128e-02  0.005984348  -5.281487e-04      0.0002588284         0 -0.0028437563    0.001285489     -8.739263e-05            3.950488e-05
12  2013-09-25 13:55:30     53 265.1 157.3 157.3971 4.954161e-05  7.307402 0.1257324 -1.207075e-02  0.005984349  -5.220709e-04      0.0002588285         0 -0.0028437563    0.001285489     -8.739263e-05            3.950488e-05
13  2013-09-25 13:55:45     54 265.1 157.4 157.5003 4.954161e-05  7.410638 0.1257324 -7.587241e-03  0.005984385  -3.281549e-04      0.0002588300         0 -0.0028437563    0.001285489     -8.739263e-05            3.950488e-05
14  2013-09-25 13:56:00     55 265.1 157.5 157.6035 4.954161e-05  7.513874 0.1257324 -3.103726e-03  0.005984421  -1.342389e-04      0.0002588316         0 -0.0028437563    0.001285489     -8.739263e-05            3.950488e-05
15  2013-09-25 13:56:15     56 265.1 157.4 157.5068 4.954161e-05  7.417109 0.1257324 -7.306192e-03  0.005984387  -3.159994e-04      0.0002588301         0 -0.0028437563    0.001285489     -8.739263e-05            3.950488e-05
16  2013-09-25 13:56:30     57 265.2 157.5 157.6100 4.954161e-05  7.520345 0.1257324 -2.822678e-03  0.005984424  -1.220834e-04      0.0002588317         0 -0.0027419210    0.001284832     -8.426309e-05            3.948469e-05
17  2013-09-25 13:56:45     58 265.8 157.5 157.6132 4.954161e-05  7.523581 0.1257324 -2.682154e-03  0.005984425  -1.160056e-04      0.0002588317         0 -0.0021309091    0.001280903     -6.548584e-05            3.936394e-05
18  2013-09-25 13:57:00     59 266.4 157.5 157.6165 4.954161e-05  7.526816 0.1257324 -2.541630e-03  0.005984426  -1.099278e-04      0.0002588318         0 -0.0015198973    0.001276993     -4.670858e-05            3.924379e-05
19  2013-09-25 13:57:15     60 267.2 157.6 157.7197 4.954161e-05  7.630052 0.1257324  1.941884e-03  0.005984463   8.398821e-05      0.0002588334         0 -0.0007052148    0.001271811     -2.167224e-05            3.908453e-05
20  2013-09-25 13:57:30     61 268.0 157.5 157.6230 4.954161e-05  7.533288 0.1257324 -2.260582e-03  0.005984428  -9.777219e-05      0.0002588319         0  0.0001094677    0.001266664      3.364097e-06            3.892635e-05
21  2013-09-25 13:57:45     62 268.9 157.7 157.8262 4.954161e-05  7.736523 0.1257324  6.565922e-03  0.005984502   2.839820e-04      0.0002588351         0  0.0010259855    0.001260916      3.152998e-05            3.874972e-05
22  2013-09-25 13:58:00     63 270.1 157.7 157.8294 4.954161e-05  7.739759 0.1257324  6.706446e-03  0.005984503   2.900598e-04      0.0002588351         0  0.0022480092    0.001253324      6.908449e-05            3.851641e-05
23  2013-09-25 13:58:15     64 271.1 157.6 157.7327 4.954161e-05  7.642995 0.1257324  2.503980e-03  0.005984468   1.082994e-04      0.0002588336         0  0.0032663623    0.001247061      1.003799e-04            3.832394e-05
24  2013-09-25 13:58:30     65 272.2 157.7 157.8359 4.954161e-05  7.746230 0.1257324  6.987494e-03  0.005984505   3.022154e-04      0.0002588352         0  0.0043865507    0.001240239      1.348049e-04            3.811430e-05
25  2013-09-25 13:58:45     66 273.4 157.7 157.8391 4.954161e-05  7.749466 0.1257324  7.128018e-03  0.005984506   3.082932e-04      0.0002588353         0  0.0056085744    0.001232880      1.723594e-04            3.788814e-05
26  2013-09-25 13:59:00     67 274.6 158.0 158.1424 4.954161e-05  8.052701 0.1257324  2.029751e-02  0.005984620   8.778856e-04      0.0002588402         1  0.0068305982    0.001225608      2.099139e-04            3.766465e-05
27  2013-09-25 13:59:15     68 275.9 157.6 157.7456 4.954161e-05  7.655937 0.1257324  3.066077e-03  0.005984472   1.326106e-04      0.0002588338         0  0.0081544572    0.001217830      2.505979e-04            3.742563e-05
28  2013-09-25 13:59:30     69 277.1 157.7 157.8488 4.954161e-05  7.759173 0.1257324  7.549591e-03  0.005984510   3.265265e-04      0.0002588354         0  0.0093764809    0.001210745      2.881525e-04            3.720790e-05
29  2013-09-25 13:59:45     70 278.4 157.9 158.0521 4.954161e-05  7.962408 0.1257324  1.637609e-02  0.005984586   7.082807e-04      0.0002588387         0  0.0107003399    0.001203174      3.288365e-04            3.697522e-05
30  2013-09-25 14:00:00     71 279.7 157.9 158.0553 4.954161e-05  7.965644 0.1257324  1.651662e-02  0.005984587   7.143585e-04      0.0002588387         0  0.0120241990    0.001195713      3.695206e-04            3.674594e-05
31  2013-09-25 14:00:15     72 281.0 157.9 158.0585 4.954161e-05  7.968880 0.1257324  1.665714e-02  0.005984588   7.204363e-04      0.0002588388         1  0.0133480580    0.001188364      4.102046e-04            3.652011e-05
32  2013-09-25 14:00:30     73 282.2 157.8 157.9618 4.954161e-05  7.872115 0.1257324  1.245468e-02  0.005984552   5.386759e-04      0.0002588372         0  0.0145700817    0.001181683      4.477591e-04            3.631477e-05
33  2013-09-25 14:00:45     74 283.5 157.9 158.0650 4.954161e-05  7.975351 0.1257324  1.693819e-02  0.005984590   7.325919e-04      0.0002588389         1  0.0158939407    0.001174556      4.884432e-04            3.609576e-05
34  2013-09-25 14:01:00     75 284.8 158.0 158.1683 4.954161e-05  8.078587 0.1257324  2.142170e-02  0.005984630   9.265079e-04      0.0002588406         1  0.0172177998    0.001167548      5.291272e-04            3.588040e-05
35  2013-09-25 14:01:15     76 286.2 158.0 158.1715 4.954161e-05  8.081822 0.1257324  2.156223e-02  0.005984631   9.325857e-04      0.0002588406         1  0.0186434941    0.001160136      5.729408e-04            3.565262e-05
36  2013-09-25 14:01:30     77 287.4 158.1 158.2747 4.954161e-05  8.185058 0.1257324  2.604574e-02  0.005984670   1.126502e-03      0.0002588423         1  0.0198655178    0.001153897      6.104953e-04            3.546087e-05
37  2013-09-25 14:01:45     78 288.7 158.1 158.2780 4.954161e-05  8.188294 0.1257324  2.618627e-02  0.005984672   1.132579e-03      0.0002588424         1  0.0211893768    0.001147258      6.511794e-04            3.525684e-05
38  2013-09-25 14:02:00     79 290.1 158.2 158.3812 4.954161e-05  8.291529 0.1257324  3.066978e-02  0.005984712   1.326495e-03      0.0002588441         1  0.0226150712    0.001140250      6.949930e-04            3.504149e-05
39  2013-09-25 14:02:15     80 291.4 158.1 158.2844 4.954161e-05  8.194765 0.1257324  2.646732e-02  0.005984674   1.144735e-03      0.0002588425         1  0.0239389302    0.001133878      7.356770e-04            3.484566e-05
40  2013-09-25 14:02:30     81 292.7 158.2 158.3877 4.954161e-05  8.298001 0.1257324  3.095083e-02  0.005984714   1.338651e-03      0.0002588443         1  0.0252627892    0.001127637      7.763611e-04            3.465388e-05
41  2013-09-25 14:02:45     82 294.0 158.3 158.4909 4.954161e-05  8.401236 0.1257324  3.543434e-02  0.005984755   1.532567e-03      0.0002588460         1  0.0265866483    0.001121531      8.170451e-04            3.446621e-05
42  2013-09-25 14:03:00     83 295.3 158.4 158.5941 4.954161e-05  8.504472 0.1257324  3.991786e-02  0.005984796   1.726483e-03      0.0002588478         1  0.0279105073    0.001115560      8.577292e-04            3.428274e-05
43  2013-09-25 14:03:15     84 296.6 158.3 158.4974 4.954161e-05  8.407708 0.1257324  3.571539e-02  0.005984758   1.544723e-03      0.0002588461         1  0.0292343663    0.001109728      8.984132e-04            3.410351e-05
44  2013-09-25 14:03:30     85 297.9 158.3 158.5006 4.954161e-05  8.410943 0.1257324  3.585592e-02  0.005984759   1.550800e-03      0.0002588462         1  0.0305582253    0.001104037      9.390973e-04            3.392861e-05
45  2013-09-25 14:03:45     86 299.2 158.4 158.6038 4.954161e-05  8.514179 0.1257324  4.033943e-02  0.005984800   1.744716e-03      0.0002588480         1  0.0318820844    0.001098488      9.797813e-04            3.375809e-05
46  2013-09-25 14:04:00     87 300.5 158.3 158.5071 4.954161e-05  8.417415 0.1257324  3.613696e-02  0.005984762   1.562956e-03      0.0002588463         1  0.0332059434    0.001093085      1.020465e-03            3.359203e-05
47  2013-09-25 14:04:15     88 301.9 158.5 158.7103 4.954161e-05  8.620650 0.1257324  4.496347e-02  0.005984843   1.944710e-03      0.0002588498         1  0.0346316377    0.001087430      1.064279e-03            3.341826e-05
48  2013-09-25 14:04:30     89 303.3 158.6 158.8136 4.954161e-05  8.723886 0.1257324  4.944698e-02  0.005984886   2.138626e-03      0.0002588517         1  0.0360573321    0.001081949      1.108093e-03            3.324981e-05
49  2013-09-25 14:04:45     90 304.7 158.7 158.9168 4.954161e-05  8.827121 0.1257324  5.393050e-02  0.005984929   2.332542e-03      0.0002588535         1  0.0374830264    0.001076643      1.151906e-03            3.308677e-05
50  2013-09-25 14:05:00     91 306.0 158.6 158.8200 4.954161e-05  8.730357 0.1257324  4.972803e-02  0.005984888   2.150782e-03      0.0002588518         1  0.0388068854    0.001071877      1.192590e-03            3.294029e-05
51  2013-09-25 14:05:15     92 307.3 158.6 158.8233 4.954161e-05  8.733593 0.1257324  4.986855e-02  0.005984890   2.156860e-03      0.0002588518         1  0.0401307445    0.001067266      1.233274e-03            3.279860e-05
52  2013-09-25 14:05:30     93 308.7 158.7 158.9265 4.954161e-05  8.836828 0.1257324  5.435207e-02  0.005984933   2.350776e-03      0.0002588537         1  0.0415564388    0.001062478      1.277088e-03            3.265145e-05
53  2013-09-25 14:05:45     94 310.0 158.7 158.9297 4.954161e-05  8.840064 0.1257324  5.449259e-02  0.005984934   2.356853e-03      0.0002588537         1  0.0428802978    0.001058198      1.317772e-03            3.251991e-05
54  2013-09-25 14:06:00     95 311.3 158.7 158.9330 4.954161e-05  8.843300 0.1257324  5.463312e-02  0.005984935   2.362931e-03      0.0002588538         1  0.0442041568    0.001054080      1.358456e-03            3.239337e-05
55  2013-09-25 14:06:15     96 312.7 158.7 158.9362 4.954161e-05  8.846535 0.1257324  5.477364e-02  0.005984937   2.369009e-03      0.0002588539         1  0.0456298512    0.001049829      1.402270e-03            3.226273e-05
56  2013-09-25 14:06:30     97 314.1 158.9 159.1394 4.954161e-05  9.049771 0.1257324  6.360014e-02  0.005985023   2.750763e-03      0.0002588576         1  0.0470555455    0.001045771      1.446083e-03            3.213800e-05
57  2013-09-25 14:06:45     98 315.4 158.9 159.1427 4.954161e-05  9.053007 0.1257324  6.374067e-02  0.005985024   2.756841e-03      0.0002588576         1  0.0483794045    0.001042177      1.486767e-03            3.202755e-05
58  2013-09-25 14:07:00     99 316.7 159.0 159.2459 4.954161e-05  9.156242 0.1257324  6.822418e-02  0.005985068   2.950757e-03      0.0002588596         1  0.0497032636    0.001038752      1.527451e-03            3.192231e-05
59  2013-09-25 14:07:15    100 318.1 159.0 159.2491 4.954161e-05  9.159478 0.1257324  6.836471e-02  0.005985070   2.956835e-03      0.0002588596         1  0.0511289579    0.001035256      1.571265e-03            3.181488e-05
60  2013-09-25 14:07:30    101 319.5 158.9 159.1524 4.954161e-05  9.062714 0.1257324  6.416224e-02  0.005985028   2.775074e-03      0.0002588578         1  0.0525546523    0.001031961      1.615078e-03            3.171361e-05
61  2013-09-25 14:07:45    102 320.9 159.1 159.3556 4.954161e-05  9.265949 0.1257324  7.298874e-02  0.005985116   3.156828e-03      0.0002588616         1  0.0539803466    0.001028869      1.658892e-03            3.161858e-05
62  2013-09-25 14:08:00    103 322.4 158.9 159.1589 4.954161e-05  9.069185 0.1257324  6.444329e-02  0.005985031   2.787230e-03      0.0002588579         1  0.0555078762    0.001025782      1.705835e-03            3.152374e-05
63  2013-09-25 14:08:15    104 323.7 158.8 159.0621 4.954161e-05  8.972421 0.1257324  6.024082e-02  0.005984990   2.605469e-03      0.0002588562         1  0.0568317353    0.001023299      1.746519e-03            3.144743e-05
64  2013-09-25 14:08:30    105 325.0 159.0 159.2653 4.954161e-05  9.175656 0.1257324  6.906733e-02  0.005985077   2.987224e-03      0.0002588599         1  0.0581555943    0.001020996      1.787203e-03            3.137663e-05
65  2013-09-25 14:08:45    106 326.3 159.2 159.4686 4.954161e-05  9.378892 0.1257324  7.789383e-02  0.005985166   3.368978e-03      0.0002588638         1  0.0594794533    0.001018873      1.827887e-03            3.131139e-05
66  2013-09-25 14:09:00    107 327.7 159.2 159.4718 4.954161e-05  9.382128 0.1257324  7.803436e-02  0.005985167   3.375056e-03      0.0002588638         1  0.0609051477    0.001016789      1.871701e-03            3.124736e-05
67  2013-09-25 14:09:15    108 329.2 159.1 159.3750 4.954161e-05  9.285363 0.1257324  7.383189e-02  0.005985125   3.193295e-03      0.0002588620         1  0.0624326773    0.001014792      1.918644e-03            3.118600e-05
68  2013-09-25 14:09:30    109 330.6 159.3 159.5783 4.954161e-05  9.488599 0.1257324  8.265839e-02  0.005985215   3.575049e-03      0.0002588659         1  0.0638583716    0.001013150      1.962458e-03            3.113551e-05
69  2013-09-25 14:09:45    110 332.0 159.2 159.4815 4.954161e-05  9.391835 0.1257324  7.845593e-02  0.005985172   3.393289e-03      0.0002588640         1  0.0652840660    0.001011721      2.006271e-03            3.109161e-05
70  2013-09-25 14:10:00    111 333.4 159.2 159.4847 4.954161e-05  9.395070 0.1257324  7.859645e-02  0.005985173   3.399367e-03      0.0002588641         1  0.0667097603    0.001010508      2.050085e-03            3.105432e-05
71  2013-09-25 14:10:15    112 334.9 159.3 159.5880 4.954161e-05  9.498306 0.1257324  8.307997e-02  0.005985219   3.593283e-03      0.0002588661         1  0.0682372900    0.001009447      2.097028e-03            3.102174e-05
72  2013-09-25 14:10:30    113 336.5 159.4 159.6912 4.954161e-05  9.601542 0.1257324  8.756348e-02  0.005985266   3.787199e-03      0.0002588681         1  0.0698666549    0.001008590      2.147101e-03            3.099540e-05
73  2013-09-25 14:10:45    114 337.9 159.3 159.5944 4.954161e-05  9.504777 0.1257324  8.336101e-02  0.005985222   3.605438e-03      0.0002588662         1  0.0712923493    0.001008073      2.190914e-03            3.097951e-05
74  2013-09-25 14:11:00    115 339.3 159.3 159.5977 4.954161e-05  9.508013 0.1257324  8.350154e-02  0.005985223   3.611516e-03      0.0002588663         1  0.0727180436    0.001007774      2.234728e-03            3.097031e-05
75  2013-09-25 14:11:15    116 340.8 159.4 159.7009 4.954161e-05  9.611248 0.1257324  8.798505e-02  0.005985270   3.805432e-03      0.0002588683         1  0.0742455732    0.001007694      2.281671e-03            3.096787e-05
76  2013-09-25 14:11:30    117 342.3 159.3 159.6042 4.954161e-05  9.514484 0.1257324  8.378259e-02  0.005985226   3.623672e-03      0.0002588664         1  0.0757731029    0.001007865      2.328614e-03            3.097311e-05
77  2013-09-25 14:11:45    118 343.8 159.6 159.9074 4.954161e-05  9.817720 0.1257324  9.695208e-02  0.005985365   4.193264e-03      0.0002588724         1  0.0773006325    0.001008286      2.375557e-03            3.098604e-05
78  2013-09-25 14:12:00    119 345.4 159.4 159.7106 4.954161e-05  9.620955 0.1257324  8.840662e-02  0.005985275   3.823666e-03      0.0002588685         1  0.0789299975    0.001009009      2.425630e-03            3.100828e-05
79  2013-09-25 14:12:15    120 347.1 159.5 159.8139 4.954161e-05  9.724191 0.1257324  9.289014e-02  0.005985322   4.017582e-03      0.0002588705         1  0.0806611978    0.001010089      2.478832e-03            3.104145e-05
80  2013-09-25 14:12:30    121 348.6 159.6 159.9171 4.954161e-05  9.827427 0.1257324  9.737365e-02  0.005985369   4.211498e-03      0.0002588726         1  0.0821887274    0.001011306      2.525775e-03            3.107885e-05
81  2013-09-25 14:12:45    122 350.2 159.7 160.0203 4.954161e-05  9.930662 0.1257324  1.018572e-01  0.005985418   4.405414e-03      0.0002588747         1  0.0838180924    0.001012877      2.575848e-03            3.112713e-05
82  2013-09-25 14:13:00    123 351.8 159.8 160.1236 4.954161e-05 10.033898 0.1257324  1.063407e-01  0.005985466   4.599330e-03      0.0002588768         1  0.0854474573    0.001014728      2.625921e-03            3.118401e-05
83  2013-09-25 14:13:15    124 353.4 159.7 160.0268 4.954161e-05  9.937134 0.1257324  1.021382e-01  0.005985421   4.417569e-03      0.0002588748         1  0.0870768223    0.001016857      2.675993e-03            3.124945e-05
84  2013-09-25 14:13:30    125 354.9 159.7 160.0300 4.954161e-05  9.940369 0.1257324  1.022787e-01  0.005985422   4.423647e-03      0.0002588749         1  0.0886043519    0.001019105      2.722936e-03            3.131854e-05
85  2013-09-25 14:13:45    126 356.7 159.7 160.0333 4.954161e-05  9.943605 0.1257324  1.024193e-01  0.005985424   4.429725e-03      0.0002588749         1  0.0904373875    0.001022122      2.779268e-03            3.141124e-05
86  2013-09-25 14:14:00    127 358.3 159.8 160.1365 4.954161e-05 10.046841 0.1257324  1.069028e-01  0.005985472   4.623641e-03      0.0002588770         1  0.0920667525    0.001025093      2.829341e-03            3.150254e-05
87  2013-09-25 14:14:15    128 360.1 159.9 160.2397 4.954161e-05 10.150076 0.1257324  1.113863e-01  0.005985522   4.817557e-03      0.0002588792         1  0.0938997880    0.001028758      2.885673e-03            3.161517e-05
88  2013-09-25 14:14:30    129 361.8 159.8 160.1430 4.954161e-05 10.053312 0.1257324  1.071838e-01  0.005985475   4.635796e-03      0.0002588772         1  0.0956309883    0.001032530      2.938875e-03            3.173110e-05
89  2013-09-25 14:14:45    130 363.6 159.8 160.1462 4.954161e-05 10.056548 0.1257324  1.073243e-01  0.005985477   4.641874e-03      0.0002588772         1  0.0974640239    0.001036850      2.995207e-03            3.186385e-05
90  2013-09-25 14:15:00    131 365.3 160.0 160.3495 4.954161e-05 10.259783 0.1257324  1.161509e-01  0.005985575   5.023628e-03      0.0002588815         1  0.0991952241    0.001041233      3.048409e-03            3.199854e-05
91  2013-09-25 14:15:15    132 367.1 159.8 160.1527 4.954161e-05 10.063019 0.1257324  1.076054e-01  0.005985480   4.654030e-03      0.0002588774         1  0.1010282597    0.001046191      3.104741e-03            3.215091e-05
92  2013-09-25 14:15:30    133 368.8 159.9 160.2559 4.954161e-05 10.166255 0.1257324  1.120889e-01  0.005985529   4.847946e-03      0.0002588795         1  0.1027594600    0.001051169      3.157943e-03            3.230390e-05
93  2013-09-25 14:15:45    134 370.4 159.9 160.2592 4.954161e-05 10.169490 0.1257324  1.122294e-01  0.005985531   4.854023e-03      0.0002588796         1  0.1043888249    0.001056113      3.208016e-03            3.245583e-05
94  2013-09-25 14:16:00    135 372.4 159.9 160.2624 4.954161e-05 10.172726 0.1257324  1.123700e-01  0.005985533   4.860101e-03      0.0002588796         1  0.1064255311    0.001062639      3.270606e-03            3.265640e-05
95  2013-09-25 14:16:15    136 374.4 159.9 160.2656 4.954161e-05 10.175962 0.1257324  1.125105e-01  0.005985534   4.866179e-03      0.0002588797         1  0.1084622373    0.001069545      3.333197e-03            3.286863e-05
96  2013-09-25 14:16:30    137 376.3 160.2 160.5689 4.954161e-05 10.479197 0.1257324  1.256800e-01  0.005985682   5.435771e-03      0.0002588861         1  0.1103971082    0.001076450      3.392659e-03            3.308083e-05
97  2013-09-25 14:16:45    138 378.2 159.9 160.2721 4.954161e-05 10.182433 0.1257324  1.127915e-01  0.005985537   4.878335e-03      0.0002588798         1  0.1123319791    0.001083684      3.452120e-03            3.330314e-05
98  2013-09-25 14:17:00    139 380.0 160.0 160.3753 4.954161e-05 10.285668 0.1257324  1.172750e-01  0.005985587   5.072251e-03      0.0002588820         1  0.1141650147    0.001090835      3.508452e-03            3.352289e-05
99  2013-09-25 14:17:15    140 381.9 159.9 160.2786 4.954161e-05 10.188904 0.1257324  1.130726e-01  0.005985540   4.890490e-03      0.0002588800         1  0.1160998856    0.001098691      3.567913e-03            3.376432e-05
100 2013-09-25 14:17:30    141 383.9 160.1 160.4818 4.954161e-05 10.392140 0.1257324  1.218991e-01  0.005985639   5.272244e-03      0.0002588842         1  0.1181365918    0.001107295      3.630504e-03            3.402872e-05
101 2013-09-25 14:17:45    142 385.9 160.1 160.4850 4.954161e-05 10.395375 0.1257324  1.220396e-01  0.005985641   5.278322e-03      0.0002588843         1  0.1201732980    0.001116233      3.693095e-03            3.430342e-05
102 2013-09-25 14:18:00    143 388.1 160.3 160.6883 4.954161e-05 10.598611 0.1257324  1.308661e-01  0.005985742   5.660076e-03      0.0002588887         1  0.1224136748    0.001126443      3.761945e-03            3.461718e-05
103 2013-09-25 14:18:15    144 390.0 160.4 160.7915 4.954161e-05 10.701847 0.1257324  1.353496e-01  0.005985793   5.853992e-03      0.0002588909         1  0.1243485457    0.001135571      3.821406e-03            3.489770e-05
104 2013-09-25 14:18:30    145 391.9 160.4 160.7947 4.954161e-05 10.705082 0.1257324  1.354901e-01  0.005985795   5.860070e-03      0.0002588910         1  0.1262834165    0.001144979      3.880867e-03            3.518683e-05
105 2013-09-25 14:18:45    146 394.2 160.3 160.6980 4.954161e-05 10.608318 0.1257324  1.312877e-01  0.005985746   5.678310e-03      0.0002588889         1  0.1286256287    0.001156733      3.952847e-03            3.554805e-05
106 2013-09-25 14:19:00    147 396.8 160.3 160.7012 4.954161e-05 10.611554 0.1257324  1.314282e-01  0.005985748   5.684388e-03      0.0002588890         1  0.1312733467    0.001170488      4.034215e-03            3.597075e-05
107 2013-09-25 14:19:15    148 399.1 160.3 160.7045 4.954161e-05 10.614789 0.1257324  1.315687e-01  0.005985750   5.690465e-03      0.0002588890         1  0.1336155589    0.001183056      4.106194e-03            3.635697e-05
108 2013-09-25 14:19:30    149 401.4 160.3 160.7077 4.954161e-05 10.618025 0.1257324  1.317093e-01  0.005985751   5.696543e-03      0.0002588891         1  0.1359577710    0.001195987      4.178174e-03            3.675435e-05
109 2013-09-25 14:19:45    150 403.5 160.5 160.9109 4.954161e-05 10.821261 0.1257324  1.405358e-01  0.005985854   6.078297e-03      0.0002588935         1  0.1380963125    0.001208101      4.243894e-03            3.712663e-05
110 2013-09-25 14:20:00    151 405.3 160.5 160.9142 4.954161e-05 10.824496 0.1257324  1.406763e-01  0.005985856   6.084375e-03      0.0002588936         1  0.1399293481    0.001218711      4.300226e-03            3.745269e-05
111 2013-09-25 14:20:15    152 407.6 160.7 161.1174 4.954161e-05 11.027732 0.1257324  1.495028e-01  0.005985961   6.466129e-03      0.0002588982         1  0.1422715602    0.001232563      4.372205e-03            3.787841e-05
112 2013-09-25 14:20:30    153 410.3 160.7 161.1206 4.954161e-05 11.030968 0.1257324  1.496433e-01  0.005985962   6.472207e-03      0.0002588982         1  0.1450211136    0.001249234      4.456703e-03            3.839073e-05
113 2013-09-25 14:20:45    154 412.5 160.8 161.2239 4.954161e-05 11.134203 0.1257324  1.541268e-01  0.005986017   6.666123e-03      0.0002589006         1  0.1472614904    0.001263133      4.525553e-03            3.881787e-05
114 2013-09-25 14:21:00    155 414.9 160.8 161.2271 4.954161e-05 11.137439 0.1257324  1.542674e-01  0.005986018   6.672201e-03      0.0002589006         1  0.1497055378    0.001278607      4.600662e-03            3.929339e-05
115 2013-09-25 14:21:15    156 416.9 160.9 161.3303 4.954161e-05 11.240675 0.1257324  1.587509e-01  0.005986073   6.866117e-03      0.0002589030         1  0.1517422440    0.001291742      4.663253e-03            3.969704e-05
116 2013-09-25 14:21:30    157 418.7 160.8 161.2336 4.954161e-05 11.143910 0.1257324  1.545484e-01  0.005986022   6.684356e-03      0.0002589008         1  0.1535752796    0.001303743      4.719584e-03            4.006587e-05
117 2013-09-25 14:21:45    158 420.5 160.8 161.2368 4.954161e-05 11.147146 0.1257324  1.546889e-01  0.005986023   6.690434e-03      0.0002589009         1  0.1554083152    0.001315911      4.775916e-03            4.043981e-05
118 2013-09-25 14:22:00    159 422.2 160.7 161.1400 4.954161e-05 11.050382 0.1257324  1.504865e-01  0.005985973   6.508674e-03      0.0002588987         1  0.1571395154    0.001327552      4.829118e-03            4.079753e-05
119 2013-09-25 14:22:15    160 424.0 160.8 161.2433 4.954161e-05 11.153617 0.1257324  1.549700e-01  0.005986027   6.702590e-03      0.0002589010         1  0.1589725510    0.001340030      4.885450e-03            4.118101e-05
120 2013-09-25 14:22:30    161 425.6 160.8 161.2465 4.954161e-05 11.156853 0.1257324  1.551105e-01  0.005986028   6.708668e-03      0.0002589011         1  0.1606019159    0.001351250      4.935523e-03            4.152583e-05
121 2013-09-25 14:22:45    162 427.3 160.8 161.2498 4.954161e-05 11.160089 0.1257324  1.552510e-01  0.005986030   6.714745e-03      0.0002589012         1  0.1623331162    0.001363301      4.988725e-03            4.189617e-05
122 2013-09-25 14:23:00    163 428.9 160.8 161.2530 4.954161e-05 11.163324 0.1257324  1.553915e-01  0.005986032   6.720823e-03      0.0002589012         1  0.1639624812    0.001374762      5.038798e-03            4.224837e-05
123 2013-09-25 14:23:15    164 430.5 160.8 161.2562 4.954161e-05 11.166560 0.1257324  1.555321e-01  0.005986034   6.726901e-03      0.0002589013         1  0.1655918461    0.001386335      5.088871e-03            4.260402e-05
124 2013-09-25 14:23:30    165 432.3 160.8 161.2595 4.954161e-05 11.169795 0.1257324  1.556726e-01  0.005986035   6.732979e-03      0.0002589014         1  0.1674248817    0.001399484      5.145202e-03            4.300812e-05
125 2013-09-25 14:23:45    166 433.9 160.9 161.3627 4.954161e-05 11.273031 0.1257324  1.601561e-01  0.005986090   6.926895e-03      0.0002589037         1  0.1690542467    0.001411286      5.195275e-03            4.337080e-05
126 2013-09-25 14:24:00    167 435.7 161.0 161.4659 4.954161e-05 11.376267 0.1257324  1.646396e-01  0.005986145   7.120811e-03      0.0002589061         1  0.1708872822    0.001424686      5.251607e-03            4.378262e-05
127 2013-09-25 14:24:15    168 437.3 161.0 161.4692 4.954161e-05 11.379502 0.1257324  1.647801e-01  0.005986147   7.126889e-03      0.0002589062         1  0.1725166472    0.001436705      5.301679e-03            4.415196e-05
128 2013-09-25 14:24:30    169 439.0 161.1 161.5724 4.954161e-05 11.482738 0.1257324  1.692637e-01  0.005986203   7.320805e-03      0.0002589086         1  0.1742478475    0.001449582      5.354882e-03            4.454770e-05
129 2013-09-25 14:24:45    170 440.5 161.1 161.5756 4.954161e-05 11.485974 0.1257324  1.694042e-01  0.005986204   7.326882e-03      0.0002589087         1  0.1757753771    0.001461034      5.401825e-03            4.489963e-05
130 2013-09-25 14:25:00    171 442.1 161.1 161.5789 4.954161e-05 11.489209 0.1257324  1.695447e-01  0.005986206   7.332960e-03      0.0002589088         1  0.1774047421    0.001473340      5.451897e-03            4.527781e-05
131 2013-09-25 14:25:15    172 443.6 161.0 161.4821 4.954161e-05 11.392445 0.1257324  1.653422e-01  0.005986154   7.151200e-03      0.0002589065         1  0.1789322717    0.001484959      5.498841e-03            4.563489e-05
132 2013-09-25 14:25:30    173 445.2 161.1 161.5853 4.954161e-05 11.495681 0.1257324  1.698258e-01  0.005986210   7.345116e-03      0.0002589089         1  0.1805616367    0.001497439      5.548913e-03            4.601842e-05
133 2013-09-25 14:25:45    174 446.4 161.1 161.5886 4.954161e-05 11.498916 0.1257324  1.699663e-01  0.005986212   7.351194e-03      0.0002589090         1  0.1817836604    0.001506856      5.586468e-03            4.630782e-05
134 2013-09-25 14:26:00    175 447.8 161.1 161.5918 4.954161e-05 11.502152 0.1257324  1.701068e-01  0.005986213   7.357271e-03      0.0002589091         1  0.1832093547    0.001517903      5.630281e-03            4.664731e-05
135 2013-09-25 14:26:15    176 449.4 161.0 161.4951 4.954161e-05 11.405388 0.1257324  1.659043e-01  0.005986161   7.175511e-03      0.0002589068         1  0.1848387197    0.001530606      5.680354e-03            4.703769e-05
136 2013-09-25 14:26:30    177 451.0 161.0 161.4983 4.954161e-05 11.408623 0.1257324  1.660449e-01  0.005986163   7.181589e-03      0.0002589069         1  0.1864680846    0.001543391      5.730427e-03            4.743057e-05
137 2013-09-25 14:26:45    178 452.9 161.2 161.7015 4.954161e-05 11.611859 0.1257324  1.748714e-01  0.005986273   7.563343e-03      0.0002589117         1  0.1884029555    0.001558675      5.789888e-03            4.790027e-05
138 2013-09-25 14:27:00    179 454.8 161.5 162.0048 4.954161e-05 11.915095 0.1257324  1.880409e-01  0.005986442   8.132935e-03      0.0002589190         1  0.1903378264    0.001574067      5.849349e-03            4.837330e-05
139 2013-09-25 14:27:15    180 456.7 161.4 161.9080 4.954161e-05 11.818330 0.1257324  1.838384e-01  0.005986387   7.951175e-03      0.0002589166         1  0.1922726973    0.001589565      5.908811e-03            4.884957e-05
140 2013-09-25 14:27:30    181 458.5 161.4 161.9112 4.954161e-05 11.821566 0.1257324  1.839789e-01  0.005986389   7.957253e-03      0.0002589167         1  0.1941057329    0.001604341      5.965142e-03            4.930366e-05
141 2013-09-25 14:27:45    182 460.0 161.6 162.1145 4.954161e-05 12.024802 0.1257324  1.928054e-01  0.005986504   8.339007e-03      0.0002589216         1  0.1956332625    0.001616723      6.012086e-03            4.968418e-05
142 2013-09-25 14:28:00    183 461.6 161.5 162.0177 4.954161e-05 11.928037 0.1257324  1.886030e-01  0.005986449   8.157246e-03      0.0002589193         1  0.1972626275    0.001629997      6.062158e-03            5.009211e-05
143 2013-09-25 14:28:15    184 463.0 161.5 162.0209 4.954161e-05 11.931273 0.1257324  1.887435e-01  0.005986451   8.163324e-03      0.0002589194         1  0.1986883218    0.001641667      6.105972e-03            5.045074e-05
144 2013-09-25 14:28:30    185 464.4 161.6 162.1242 4.954161e-05 12.034509 0.1257324  1.932270e-01  0.005986509   8.357240e-03      0.0002589219         1  0.2001140162    0.001653387      6.149785e-03            5.081092e-05
145 2013-09-25 14:28:45    186 466.0 161.4 161.9274 4.954161e-05 11.837744 0.1257324  1.846815e-01  0.005986398   7.987642e-03      0.0002589171         1  0.2017433811    0.001666842      6.199858e-03            5.122441e-05
146 2013-09-25 14:29:00    187 467.4 161.5 162.0306 4.954161e-05 11.940980 0.1257324  1.891651e-01  0.005986456   8.181558e-03      0.0002589196         1  0.2031690754    0.001678667      6.243672e-03            5.158781e-05
147 2013-09-25 14:29:15    188 469.2 161.5 162.0339 4.954161e-05 11.944216 0.1257324  1.893056e-01  0.005986458   8.187635e-03      0.0002589197         1  0.2050021110    0.001693940      6.300003e-03            5.205715e-05
148 2013-09-25 14:29:30    189 470.4 161.6 162.1371 4.954161e-05 12.047451 0.1257324  1.937891e-01  0.005986517   8.381551e-03      0.0002589222         1  0.2062241347    0.001704163      6.337558e-03            5.237134e-05
149 2013-09-25 14:29:45    190 472.0 161.7 162.2404 4.954161e-05 12.150687 0.1257324  1.982726e-01  0.005986576   8.575467e-03      0.0002589247         1  0.2078534997    0.001717846      6.387631e-03            5.279184e-05
150 2013-09-25 14:30:00    191 473.6 161.7 162.2436 4.954161e-05 12.153922 0.1257324  1.984131e-01  0.005986577   8.581545e-03      0.0002589248         1  0.2094828647    0.001731587      6.437703e-03            5.321410e-05
151 2013-09-25 14:30:15    192 475.0 161.7 162.2468 4.954161e-05 12.157158 0.1257324  1.985537e-01  0.005986579   8.587623e-03      0.0002589249         1  0.2109085590    0.001743656      6.481517e-03            5.358500e-05
152 2013-09-25 14:30:30    193 476.7 161.7 162.2501 4.954161e-05 12.160394 0.1257324  1.986942e-01  0.005986581   8.593701e-03      0.0002589250         1  0.2126397593    0.001758368      6.534719e-03            5.403711e-05
153 2013-09-25 14:30:45    194 478.3 161.7 162.2533 4.954161e-05 12.163629 0.1257324  1.988347e-01  0.005986583   8.599779e-03      0.0002589251         1  0.2142691242    0.001772269      6.584792e-03            5.446432e-05
154 2013-09-25 14:31:00    195 479.8 161.7 162.2565 4.954161e-05 12.166865 0.1257324  1.989752e-01  0.005986585   8.605856e-03      0.0002589252         1  0.2157966539    0.001785349      6.631735e-03            5.486629e-05
155 2013-09-25 14:31:15    196 481.6 161.7 162.2598 4.954161e-05 12.170101 0.1257324  1.991157e-01  0.005986587   8.611934e-03      0.0002589252         1  0.2176296894    0.001801105      6.688067e-03            5.535048e-05
156 2013-09-25 14:31:30    197 482.9 161.9 162.4630 4.954161e-05 12.373336 0.1257324  2.079423e-01  0.005986705   8.993688e-03      0.0002589303         1  0.2189535485    0.001812523      6.728751e-03            5.570138e-05
157 2013-09-25 14:31:45    198 484.3 161.8 162.3662 4.954161e-05 12.276572 0.1257324  2.037398e-01  0.005986648   8.811928e-03      0.0002589279         1  0.2203792428    0.001824855      6.772564e-03            5.608038e-05
158 2013-09-25 14:32:00    199 485.7 161.8 162.3695 4.954161e-05 12.279808 0.1257324  2.038803e-01  0.005986650   8.818006e-03      0.0002589280         1  0.2218049371    0.001837225      6.816378e-03            5.646050e-05
159 2013-09-25 14:32:15    200 487.3 161.9 162.4727 4.954161e-05 12.383043 0.1257324  2.083638e-01  0.005986710   9.011922e-03      0.0002589306         1  0.2234343021    0.001851405      6.866451e-03            5.689629e-05
160 2013-09-25 14:32:30    201 488.9 162.0 162.5759 4.954161e-05 12.486279 0.1257324  2.128473e-01  0.005986771   9.205838e-03      0.0002589332         1  0.2250636671    0.001865631      6.916523e-03            5.733348e-05
161 2013-09-25 14:32:45    202 490.6 162.1 162.6792 4.954161e-05 12.589515 0.1257324  2.173309e-01  0.005986832   9.399754e-03      0.0002589358         1  0.2267948673    0.001880796      6.969725e-03            5.779950e-05
162 2013-09-25 14:33:00    203 492.2 162.2 162.7824 4.954161e-05 12.692750 0.1257324  2.218144e-01  0.005986894   9.593670e-03      0.0002589385         1  0.2284242323    0.001895113      7.019798e-03            5.823950e-05
163 2013-09-25 14:33:15    204 493.5 162.1 162.6857 4.954161e-05 12.595986 0.1257324  2.176119e-01  0.005986836   9.411909e-03      0.0002589360         1  0.2297480913    0.001906778      7.060482e-03            5.859797e-05
164 2013-09-25 14:33:30    205 494.7 162.1 162.6889 4.954161e-05 12.599222 0.1257324  2.177524e-01  0.005986838   9.417987e-03      0.0002589361         1  0.2309701150    0.001917570      7.098037e-03            5.892962e-05
165 2013-09-25 14:33:45    206 496.0 162.1 162.6921 4.954161e-05 12.602457 0.1257324  2.178929e-01  0.005986840   9.424065e-03      0.0002589362         1  0.2322939740    0.001929287      7.138721e-03            5.928971e-05
166 2013-09-25 14:34:00    207 497.9 162.2 162.7954 4.954161e-05 12.705693 0.1257324  2.223765e-01  0.005986901   9.617981e-03      0.0002589388         1  0.2342288449    0.001946461      7.198182e-03            5.981747e-05
167 2013-09-25 14:34:15    208 499.7 162.3 162.8986 4.954161e-05 12.808929 0.1257324  2.268600e-01  0.005986964   9.811897e-03      0.0002589415         1  0.2360618805    0.001962782      7.254514e-03            6.031904e-05
168 2013-09-25 14:34:30    209 501.2 162.2 162.8018 4.954161e-05 12.712164 0.1257324  2.226575e-01  0.005986905   9.630136e-03      0.0002589390         1  0.2375894102    0.001976420      7.301457e-03            6.073816e-05
169 2013-09-25 14:34:45    210 502.5 162.3 162.9051 4.954161e-05 12.815400 0.1257324  2.271410e-01  0.005986968   9.824052e-03      0.0002589417         1  0.2389132692    0.001988266      7.342141e-03            6.110222e-05
170 2013-09-25 14:35:00    211 503.8 162.3 162.9083 4.954161e-05 12.818636 0.1257324  2.272815e-01  0.005986970   9.830130e-03      0.0002589418         1  0.2402371282    0.002000137      7.382825e-03            6.146703e-05
171 2013-09-25 14:35:15    212 505.3 162.4 163.0115 4.954161e-05 12.921871 0.1257324  2.317651e-01  0.005987032   1.002405e-02      0.0002589445         1  0.2417646579    0.002013864      7.429768e-03            6.188888e-05
172 2013-09-25 14:35:30    213 506.8 162.3 162.9148 4.954161e-05 12.825107 0.1257324  2.275626e-01  0.005986973   9.842286e-03      0.0002589420         1  0.2432921875    0.002027622      7.476711e-03            6.231169e-05
173 2013-09-25 14:35:45    214 508.1 162.4 163.0180 4.954161e-05 12.928342 0.1257324  2.320461e-01  0.005987036   1.003620e-02      0.0002589447         1  0.2446160465    0.002039571      7.517395e-03            6.267890e-05
174 2013-09-25 14:36:00    215 509.7 162.5 163.1212 4.954161e-05 13.031578 0.1257324  2.365296e-01  0.005987100   1.023012e-02      0.0002589474         1  0.2462454115    0.002054308      7.567468e-03            6.313179e-05
175 2013-09-25 14:36:15    216 511.1 162.5 163.1245 4.954161e-05 13.034814 0.1257324  2.366701e-01  0.005987102   1.023620e-02      0.0002589475         1  0.2476711058    0.002067231      7.611282e-03            6.352892e-05
176 2013-09-25 14:36:30    217 512.5 162.4 163.0277 4.954161e-05 12.938049 0.1257324  2.324677e-01  0.005987042   1.005444e-02      0.0002589449         1  0.2490968002    0.002080179      7.655095e-03            6.392683e-05
177 2013-09-25 14:36:45    218 514.1 162.5 163.1310 4.954161e-05 13.041285 0.1257324  2.369512e-01  0.005987106   1.024835e-02      0.0002589477         1  0.2507261651    0.002095007      7.705168e-03            6.438251e-05
178 2013-09-25 14:37:00    219 515.6 162.6 163.2342 4.954161e-05 13.144521 0.1257324  2.414347e-01  0.005987169   1.044227e-02      0.0002589504         1  0.2522536948    0.002108937      7.752111e-03            6.481059e-05
179 2013-09-25 14:37:15    220 517.3 162.5 163.1374 4.954161e-05 13.047756 0.1257324  2.372322e-01  0.005987110   1.026051e-02      0.0002589478         1  0.2539848950    0.002124757      7.805313e-03            6.529677e-05
180 2013-09-25 14:37:30    221 519.1 162.7 163.3407 4.954161e-05 13.250992 0.1257324  2.460587e-01  0.005987236   1.064226e-02      0.0002589533         1  0.2558179306    0.002141545      7.861645e-03            6.581269e-05
181 2013-09-25 14:37:45    222 521.1 162.7 163.3439 4.954161e-05 13.254228 0.1257324  2.461993e-01  0.005987238   1.064834e-02      0.0002589534         1  0.2578546368    0.002160242      7.924236e-03            6.638729e-05
182 2013-09-25 14:38:00    223 522.9 162.8 163.4471 4.954161e-05 13.357463 0.1257324  2.506828e-01  0.005987303   1.084225e-02      0.0002589562         1  0.2596876724    0.002177109      7.980568e-03            6.690561e-05
183 2013-09-25 14:38:15    224 524.7 162.9 163.5504 4.954161e-05 13.460699 0.1257324  2.551663e-01  0.005987368   1.103617e-02      0.0002589590         1  0.2615207080    0.002194011      8.036899e-03            6.742503e-05
184 2013-09-25 14:38:30    225 526.4 162.9 163.5536 4.954161e-05 13.463935 0.1257324  2.553068e-01  0.005987370   1.104225e-02      0.0002589591         1  0.2632519082    0.002210006      8.090102e-03            6.791658e-05
185 2013-09-25 14:38:45    226 528.0 162.7 163.3568 4.954161e-05 13.267170 0.1257324  2.467614e-01  0.005987246   1.067265e-02      0.0002589537         1  0.2648812732    0.002225087      8.140174e-03            6.838007e-05
186 2013-09-25 14:39:00    227 529.4 162.8 163.4601 4.954161e-05 13.370406 0.1257324  2.512449e-01  0.005987311   1.086657e-02      0.0002589565         1  0.2663069675    0.002238306      8.183988e-03            6.878629e-05
187 2013-09-25 14:39:15    228 530.7 163.0 163.6633 4.954161e-05 13.573642 0.1257324  2.600714e-01  0.005987440   1.124832e-02      0.0002589621         1  0.2676308266    0.002250598      8.224672e-03            6.916404e-05
188 2013-09-25 14:39:30    229 532.2 163.0 163.6665 4.954161e-05 13.576877 0.1257324  2.602119e-01  0.005987442   1.125440e-02      0.0002589622         1  0.2691583562    0.002264802      8.271615e-03            6.960055e-05
189 2013-09-25 14:39:45    230 534.5 162.9 163.5698 4.954161e-05 13.480113 0.1257324  2.560094e-01  0.005987380   1.107264e-02      0.0002589596         1  0.2715005683    0.002286624      8.343595e-03            7.027118e-05
190 2013-09-25 14:40:00    231 536.1 162.9 163.5730 4.954161e-05 13.483349 0.1257324  2.561500e-01  0.005987382   1.107872e-02      0.0002589596         1  0.2731299333    0.002301834      8.393667e-03            7.073861e-05
191 2013-09-25 14:40:15    232 537.5 163.0 163.6763 4.954161e-05 13.586584 0.1257324  2.606335e-01  0.005987448   1.127263e-02      0.0002589625         1  0.2745556276    0.002315163      8.437481e-03            7.114822e-05
192 2013-09-25 14:40:30    233 539.1 163.0 163.6795 4.954161e-05 13.589820 0.1257324  2.607740e-01  0.005987451   1.127871e-02      0.0002589626         1  0.2761849926    0.002330418      8.487554e-03            7.161702e-05
193 2013-09-25 14:40:45    234 540.7 162.9 163.5827 4.954161e-05 13.493056 0.1257324  2.565715e-01  0.005987389   1.109695e-02      0.0002589599         1  0.2778143575    0.002345696      8.537626e-03            7.208653e-05
194 2013-09-25 14:41:00    235 542.1 163.1 163.7860 4.954161e-05 13.696291 0.1257324  2.653980e-01  0.005987519   1.147870e-02      0.0002589656         1  0.2792400519    0.002359082      8.581440e-03            7.249792e-05
195 2013-09-25 14:41:15    236 543.9 163.1 163.7892 4.954161e-05 13.699527 0.1257324  2.655386e-01  0.005987521   1.148478e-02      0.0002589656         1  0.2810730874    0.002376318      8.637772e-03            7.302761e-05
196 2013-09-25 14:41:30    237 545.1 163.3 163.9924 4.954161e-05 13.902763 0.1257324  2.743651e-01  0.005987654   1.186653e-02      0.0002589714         1  0.2822951112    0.002387824      8.675326e-03            7.338121e-05

$dryleafvolt
            timestamp record LWSmV  SEmV    CSEmV     CSEmV.sd   loadmV loadmV.sd
1 2013-09-25 13:51:45     38 264.9 157.5 157.5485 4.954161e-05 7.458868 0.1257324
2 2013-09-25 13:52:00     39 264.6 157.6 157.6518 4.954161e-05 7.562103 0.1257324
3 2013-09-25 13:52:15     40 264.6 157.6 157.6550 4.954161e-05 7.565339 0.1257324
4 2013-09-25 13:52:30     41 264.6 157.8 157.8582 4.954161e-05 7.768574 0.1257324
5 2013-09-25 13:52:45     42 264.7 157.6 157.6615 4.954161e-05 7.571810 0.1257324

$runtime
Time difference of 48.75 mins

$startcalibvolt
            timestamp record LWSmV  SEmV    CSEmV     CSEmV.sd   loadmV loadmV.sd
1 2013-09-25 13:48:30     25 264.4 272.9 272.9065 4.954161e-05 122.8168 0.1257324
2 2013-09-25 13:48:45     26 264.4 272.8 272.8097 4.954161e-05 122.7200 0.1257324
3 2013-09-25 13:49:00     27 264.4 272.7 272.7129 4.954161e-05 122.6233 0.1257324
4 2013-09-25 13:49:15     28 264.4 272.8 272.8162 4.954161e-05 122.7265 0.1257324
5 2013-09-25 13:49:30     29 264.4 272.8 272.8194 4.954161e-05 122.7297 0.1257324
6 2013-09-25 13:49:45     30 264.4 272.8 272.8226 4.954161e-05 122.7330 0.1257324
7 2013-09-25 13:50:00     31 264.4 272.8 272.8259 4.954161e-05 122.7362 0.1257324

$endcalibvolt
            timestamp record LWSmV  SEmV
1 2013-09-25 14:44:45    250 266.4 272.1
2 2013-09-25 14:45:00    251 266.3 272.0
3 2013-09-25 14:45:15    252 266.1 272.0

$lastLWSvolt
[1] 547.8

$maxLWSvolt
[1] 547.8

$species
[1] "blueoak"

$trial
[1] "4"

$replicate
[1] "1"

$isvertical
[1] FALSE

$conversionfactor
        avg      stdev
1 0.0434299 1.6817e-05

$LWSwatermass
        avg       stdev
1 0.3076072 0.004460107

$dryleafmass
        avg       stdev
1 0.3294305 0.002445359

$lwsmodel

Call:
lm(formula = LWSsurfacedensity ~ record, data = rd[rd$runfilter == 
    1, ])

Coefficients:
(Intercept)       record  
 -3.586e-03    5.207e-05  


$leafmodel

Call:
lm(formula = surfacedensity ~ record, data = rd[rd$runfilter == 
    1, ])

Coefficients:
(Intercept)       record  
 -3.708e-03    6.442e-05  


