$name
[1] "blueoak3"

$leafarea
[1] 25.76279

$startbasevolt
            timestamp record LWSmV  SEmV CSEmV CSEmV.sd      loadmV loadmV.sd
1 2013-09-25 12:30:30      1 263.8 149.6 149.6        0 -0.12438756 0.1198149
2 2013-09-25 12:30:45      2 263.8 149.9 149.9        0  0.17561244 0.1198149
3 2013-09-25 12:31:00      3 263.8 149.8 149.8        0  0.07561244 0.1198149
4 2013-09-25 12:31:15      4 263.8 149.9 149.9        0  0.17561244 0.1198149
5 2013-09-25 12:31:30      5 263.7 149.9 149.9        0  0.17561244 0.1198149

$endbasevolt
             timestamp record LWSmV  SEmV    CSEmV     CSEmV.sd        loadmV loadmV.sd
1  2013-09-25 13:27:30    229 265.1 148.9 149.7033 4.630681e-05 -0.0210810691 0.1198149
2  2013-09-25 13:27:45    230 265.1 148.9 149.7069 4.630681e-05 -0.0174948794 0.1198149
3  2013-09-25 13:28:00    231 265.1 149.0 149.8105 4.630681e-05  0.0860913102 0.1198149
4  2013-09-25 13:28:15    232 265.1 148.9 149.7141 4.630681e-05 -0.0103225001 0.1198149
5  2013-09-25 13:28:30    233 265.1 148.7 149.5177 4.630681e-05 -0.2067363104 0.1198149
6  2013-09-25 13:28:45    234 265.1 148.9 149.7212 4.630681e-05 -0.0031501207 0.1198149
7  2013-09-25 13:29:00    235 265.1 148.9 149.7248 4.630681e-05  0.0004360689 0.1198149
8  2013-09-25 13:29:15    236 265.1 149.0 149.8284 4.630681e-05  0.1040222586 0.1198149
9  2013-09-25 13:29:30    237 265.1 148.9 149.7320 4.630681e-05  0.0076084483 0.1198149
10 2013-09-25 13:29:45    238 265.1 149.0 149.8356 4.630681e-05  0.1111946380 0.1198149
11 2013-09-25 13:30:00    239 265.1 149.0 149.8392 4.630681e-05  0.1147808276 0.1198149
12 2013-09-25 13:30:15    240 265.1 149.0 149.8428 4.630681e-05  0.1183670173 0.1198149
13 2013-09-25 13:30:30    241 265.1 149.1 149.9463 4.630681e-05  0.2219532070 0.1198149
14 2013-09-25 13:30:45    242 265.1 149.0 149.8499 4.630681e-05  0.1255393966 0.1198149
15 2013-09-25 13:31:00    243 265.1 149.1 149.9535 4.630681e-05  0.2291255863 0.1198149
16 2013-09-25 13:31:15    244 265.1 149.0 149.8571 4.630681e-05  0.1327117760 0.1198149
17 2013-09-25 13:31:30    245 265.1 149.0 149.8607 4.630681e-05  0.1362979657 0.1198149
18 2013-09-25 13:31:45    246 265.1 149.0 149.8643 4.630681e-05  0.1398841553 0.1198149
19 2013-09-25 13:32:00    247 265.1 148.9 149.7679 4.630681e-05  0.0434703450 0.1198149
20 2013-09-25 13:32:15    248 265.1 148.9 149.7714 4.630681e-05  0.0470565347 0.1198149
21 2013-09-25 13:32:30    249 265.1 148.9 149.7750 4.630681e-05  0.0506427244 0.1198149
22 2013-09-25 13:32:45    250 265.1 148.9 149.7786 4.630681e-05  0.0542289140 0.1198149
23 2013-09-25 13:33:00    251 265.1 148.9 149.7822 4.630681e-05  0.0578151037 0.1198149
24 2013-09-25 13:33:15    252 265.1 148.6 149.4858 4.630681e-05 -0.2385987066 0.1198149
25 2013-09-25 13:33:30    253 265.1 148.6 149.4894 4.630681e-05 -0.2350125169 0.1198149
26 2013-09-25 13:33:45    254 265.1 148.7 149.5930 4.630681e-05 -0.1314263273 0.1198149
27 2013-09-25 13:34:00    255 265.1 148.8 149.6965 4.630681e-05 -0.0278401376 0.1198149
28 2013-09-25 13:34:15    256 265.1 148.8 149.7001 4.630681e-05 -0.0242539479 0.1198149
29 2013-09-25 13:34:30    257 265.1 148.8 149.7037 4.630681e-05 -0.0206677582 0.1198149
30 2013-09-25 13:34:45    258 265.1 148.8 149.7073 4.630681e-05 -0.0170815686 0.1198149
31 2013-09-25 13:35:00    259 265.1 148.8 149.7109 4.630681e-05 -0.0134953789 0.1198149
32 2013-09-25 13:35:15    260 265.1 148.9 149.8145 4.630681e-05  0.0900908108 0.1198149
33 2013-09-25 13:35:30    261 265.1 148.9 149.8181 4.630681e-05  0.0936770004 0.1198149
34 2013-09-25 13:35:45    262 265.1 148.8 149.7217 4.630681e-05 -0.0027368099 0.1198149
35 2013-09-25 13:36:00    263 265.1 148.7 149.6252 4.630681e-05 -0.0991506202 0.1198149
36 2013-09-25 13:36:15    264 265.1 148.6 149.5288 4.630681e-05 -0.1955644305 0.1198149
37 2013-09-25 13:36:30    265 265.1 148.7 149.6324 4.630681e-05 -0.0919782409 0.1198149
38 2013-09-25 13:36:45    266 265.1 148.7 149.6360 4.630681e-05 -0.0883920512 0.1198149
39 2013-09-25 13:37:00    267 265.1 148.6 149.5396 4.630681e-05 -0.1848058615 0.1198149
40 2013-09-25 13:37:15    268 265.1 148.6 149.5432 4.630681e-05 -0.1812196718 0.1198149
41 2013-09-25 13:37:30    269 265.1 148.6 149.5468 4.630681e-05 -0.1776334822 0.1198149
42 2013-09-25 13:37:45    270 265.1 148.7 149.6503 4.630681e-05 -0.0740472925 0.1198149
43 2013-09-25 13:38:00    271 265.1 148.7 149.6539 4.630681e-05 -0.0704611028 0.1198149
44 2013-09-25 13:38:15    272 265.1 148.8 149.7575 4.630681e-05  0.0331250869 0.1198149
45 2013-09-25 13:38:30    273 265.1 148.6 149.5611 4.630681e-05 -0.1632887235 0.1198149
46 2013-09-25 13:38:45    274 265.1 148.6 149.5647 4.630681e-05 -0.1597025338 0.1198149
47 2013-09-25 13:39:00    275 265.1 148.6 149.5683 4.630681e-05 -0.1561163441 0.1198149
48 2013-09-25 13:39:15    276 265.1 148.8 149.7719 4.630681e-05  0.0474698455 0.1198149
49 2013-09-25 13:39:30    277 265.1 148.7 149.6754 4.630681e-05 -0.0489439648 0.1198149
50 2013-09-25 13:39:45    278 265.1 148.6 149.5790 4.630681e-05 -0.1453577751 0.1198149
51 2013-09-25 13:40:00    279 265.1 148.8 149.7826 4.630681e-05  0.0582284146 0.1198149
52 2013-09-25 13:40:15    280 265.1 148.7 149.6862 4.630681e-05 -0.0381853958 0.1198149
53 2013-09-25 13:40:30    281 265.1 148.7 149.6898 4.630681e-05 -0.0345992061 0.1198149
54 2013-09-25 13:40:45    282 265.1 148.7 149.6934 4.630681e-05 -0.0310130164 0.1198149
55 2013-09-25 13:41:00    283 265.1 148.9 149.8970 4.630681e-05  0.1725731733 0.1198149
56 2013-09-25 13:41:15    284 265.1 148.8 149.8005 4.630681e-05  0.0761593629 0.1198149
57 2013-09-25 13:41:30    285 265.1 148.8 149.8041 4.630681e-05  0.0797455526 0.1198149

$dryragvolt
            timestamp record LWSmV  SEmV    CSEmV     CSEmV.sd   loadmV loadmV.sd
1 2013-09-25 13:21:15    204 535.0 244.8 245.5137 4.630681e-05 95.78926 0.1198149
2 2013-09-25 13:21:30    205 534.7 244.7 245.4172 4.630681e-05 95.69285 0.1198149
3 2013-09-25 13:21:45    206 534.3 244.5 245.2208 4.630681e-05 95.49644 0.1198149
4 2013-09-25 13:22:00    207 533.8 244.5 245.2244 4.630681e-05 95.50002 0.1198149

$wetragvolt
            timestamp record LWSmV  SEmV    CSEmV     CSEmV.sd   loadmV loadmV.sd
1 2013-09-25 13:22:45    210 265.6 251.4 252.1352 4.630681e-05 102.4108 0.1198149
2 2013-09-25 13:23:00    211 265.2 251.2 251.9388 4.630681e-05 102.2144 0.1198149
3 2013-09-25 13:23:15    212 265.3 251.2 251.9423 4.630681e-05 102.2180 0.1198149
4 2013-09-25 13:23:30    213 265.2 250.8 251.5459 4.630681e-05 101.8215 0.1198149
5 2013-09-25 13:23:45    214 265.3 250.7 251.4495 4.630681e-05 101.7251 0.1198149
6 2013-09-25 13:24:00    215 265.3 250.6 251.3531 4.630681e-05 101.6287 0.1198149
7 2013-09-25 13:24:15    216 265.2 250.4 251.1567 4.630681e-05 101.4323 0.1198149
8 2013-09-25 13:24:30    217 265.2 250.2 250.9603 4.630681e-05 101.2359 0.1198149
9 2013-09-25 13:24:45    218 265.2 250.0 250.7639 4.630681e-05 101.0395 0.1198149

$rundata
              timestamp record LWSmV  SEmV    CSEmV     CSEmV.sd    loadmV loadmV.sd     watermass watermass.sd surfacedensity surfacedensity.sd runfilter      LWSwater LWSwater.stdev LWSsurfacedensity LWSsurfacedensity.stdev
1   2013-09-25 12:34:30     17 263.9 159.5 159.5430 4.630681e-05  9.818647 0.1198149  0.0003117837  0.005713084   1.210209e-05      0.0002217572         0 -4.065780e-03    0.001293411     -1.249471e-04            3.974835e-05
2   2013-09-25 12:34:45     18 264.0   NaN      NaN 4.630681e-05       NaN 0.1198149           NaN          NaN            NaN               NaN         0 -3.963945e-03    0.001292748     -1.218176e-04            3.972797e-05
3   2013-09-25 12:35:00     19 264.4 159.4 159.4502 4.630681e-05  9.725819 0.1198149 -0.0037234374  0.005713012  -1.445277e-04      0.0002217544         0 -3.556603e-03    0.001290101     -1.092994e-04            3.964662e-05
4   2013-09-25 12:35:15     20 264.5 159.8 159.8538 4.630681e-05 10.129405 0.1198149  0.0138204733  0.005713328   5.364510e-04      0.0002217667         0 -3.454768e-03    0.001289440     -1.061699e-04            3.962632e-05
5   2013-09-25 12:35:30     21 265.1 159.6 159.6574 4.630681e-05  9.932991 0.1198149  0.0052823557  0.005713173   2.050382e-04      0.0002217607         0 -2.843756e-03    0.001285489     -8.739263e-05            3.950488e-05
6   2013-09-25 12:35:45     22 265.5 159.6 159.6610 4.630681e-05  9.936578 0.1198149  0.0054382475  0.005713176   2.110893e-04      0.0002217608         0 -2.436415e-03    0.001282865     -7.487446e-05            3.942424e-05
7   2013-09-25 12:36:00     23 266.2 159.7 159.7646 4.630681e-05 10.040164 0.1198149  0.0099411441  0.005713257   3.858722e-04      0.0002217640         0 -1.723568e-03    0.001278294     -5.296767e-05            3.928377e-05
8   2013-09-25 12:36:15     24 266.9 159.8 159.8681 4.630681e-05 10.143750 0.1198149  0.0144440406  0.005713340   5.606552e-04      0.0002217672         0 -1.010721e-03    0.001273750     -3.106087e-05            3.914413e-05
9   2013-09-25 12:36:30     25 267.9 159.8 159.8717 4.630681e-05 10.147336 0.1198149  0.0145999324  0.005713343   5.667063e-04      0.0002217673         0  7.632394e-06    0.001267305      2.345542e-07            3.894607e-05
10  2013-09-25 12:36:45     26 268.9 159.9 159.9753 4.630681e-05 10.250922 0.1198149  0.0191028289  0.005713426   7.414892e-04      0.0002217705         0  1.025985e-03    0.001260916      3.152998e-05            3.874972e-05
11  2013-09-25 12:37:00     27 269.9 160.0 160.0789 4.630681e-05 10.354509 0.1198149  0.0236057255  0.005713510   9.162722e-04      0.0002217738         0  2.044339e-03    0.001254584      6.282540e-05            3.855512e-05
12  2013-09-25 12:37:15     28 271.0 159.9 159.9825 4.630681e-05 10.258095 0.1198149  0.0194146126  0.005713432   7.535913e-04      0.0002217707         0  3.164527e-03    0.001247685      9.725037e-05            3.834311e-05
13  2013-09-25 12:37:30     29 272.2 159.9 159.9861 4.630681e-05 10.261681 0.1198149  0.0195705044  0.005713435   7.596424e-04      0.0002217708         0  4.386551e-03    0.001240239      1.348049e-04            3.811430e-05
14  2013-09-25 12:37:45     30 273.4 159.9 159.9897 4.630681e-05 10.265267 0.1198149  0.0197263963  0.005713438   7.656934e-04      0.0002217710         0  5.608574e-03    0.001232880      1.723594e-04            3.788814e-05
15  2013-09-25 12:38:00     31 274.5 159.9 159.9932 4.630681e-05 10.268853 0.1198149  0.0198822881  0.005713441   7.717445e-04      0.0002217711         0  6.728763e-03    0.001226210      2.067844e-04            3.768317e-05
16  2013-09-25 12:38:15     32 275.7 159.9 159.9968 4.630681e-05 10.272440 0.1198149  0.0200381799  0.005713444   7.777955e-04      0.0002217712         0  7.950787e-03    0.001219020      2.443389e-04            3.746220e-05
17  2013-09-25 12:38:30     33 277.0 160.1 160.2004 4.630681e-05 10.476026 0.1198149  0.0288880812  0.005713610   1.121310e-03      0.0002217777         0  9.274646e-03    0.001211332      2.850229e-04            3.722594e-05
18  2013-09-25 12:38:45     34 278.2 160.1 160.2040 4.630681e-05 10.479612 0.1198149  0.0290439730  0.005713613   1.127361e-03      0.0002217778         0  1.049667e-02    0.001204332      3.225774e-04            3.701080e-05
19  2013-09-25 12:39:00     35 279.4 160.3 160.4076 4.630681e-05 10.683198 0.1198149  0.0378938742  0.005713783   1.470876e-03      0.0002217844         1  1.171869e-02    0.001197425      3.601319e-04            3.679855e-05
20  2013-09-25 12:39:15     36 280.6 160.3 160.4112 4.630681e-05 10.686784 0.1198149  0.0380497661  0.005713786   1.476927e-03      0.0002217845         1  1.294072e-02    0.001190613      3.976864e-04            3.658922e-05
21  2013-09-25 12:39:30     37 281.9 160.4 160.5148 4.630681e-05 10.790371 0.1198149  0.0425526626  0.005713874   1.651710e-03      0.0002217879         1  1.426458e-02    0.001183344      4.383705e-04            3.636582e-05
22  2013-09-25 12:39:45     38 283.1 160.4 160.5183 4.630681e-05 10.793957 0.1198149  0.0427085544  0.005713877   1.657761e-03      0.0002217880         1  1.548660e-02    0.001176736      4.759250e-04            3.616276e-05
23  2013-09-25 12:40:00     39 284.4 160.3 160.4219 4.630681e-05 10.697543 0.1198149  0.0385174416  0.005713795   1.495081e-03      0.0002217848         1  1.681046e-02    0.001169692      5.166091e-04            3.594627e-05
24  2013-09-25 12:40:15     40 285.7 160.5 160.6255 4.630681e-05 10.901129 0.1198149  0.0473673428  0.005713969   1.838595e-03      0.0002217916         1  1.813432e-02    0.001162767      5.572931e-04            3.573347e-05
25  2013-09-25 12:40:30     41 286.9 160.5 160.6291 4.630681e-05 10.904715 0.1198149  0.0475232346  0.005713972   1.844647e-03      0.0002217917         1  1.935634e-02    0.001156484      5.948476e-04            3.554037e-05
26  2013-09-25 12:40:45     42 288.2 160.5 160.6327 4.630681e-05 10.908301 0.1198149  0.0476791264  0.005713975   1.850698e-03      0.0002217918         1  2.068020e-02    0.001149796      6.355317e-04            3.533486e-05
27  2013-09-25 12:41:00     43 289.4 160.5 160.6363 4.630681e-05 10.911888 0.1198149  0.0478350183  0.005713978   1.856749e-03      0.0002217919         1  2.190222e-02    0.001143735      6.730862e-04            3.514860e-05
28  2013-09-25 12:41:15     44 290.8 160.6 160.7399 4.630681e-05 11.015474 0.1198149  0.0523379148  0.005714068   2.031532e-03      0.0002217954         1  2.332792e-02    0.001136803      7.168998e-04            3.493554e-05
29  2013-09-25 12:41:30     45 292.0 160.7 160.8434 4.630681e-05 11.119060 0.1198149  0.0568408113  0.005714158   2.206315e-03      0.0002217989         1  2.454994e-02    0.001130981      7.544543e-04            3.475664e-05
30  2013-09-25 12:41:45     46 293.3 160.7 160.8470 4.630681e-05 11.122646 0.1198149  0.0569967032  0.005714162   2.212366e-03      0.0002217991         1  2.587380e-02    0.001124802      7.951383e-04            3.456675e-05
31  2013-09-25 12:42:00     47 294.7 160.7 160.8506 4.630681e-05 11.126232 0.1198149  0.0571525950  0.005714165   2.218417e-03      0.0002217992         1  2.729950e-02    0.001118299      8.389519e-04            3.436689e-05
32  2013-09-25 12:42:15     48 296.0 160.7 160.8542 4.630681e-05 11.129819 0.1198149  0.0573084868  0.005714168   2.224468e-03      0.0002217993         1  2.862335e-02    0.001112403      8.796360e-04            3.418570e-05
33  2013-09-25 12:42:30     49 297.4 160.8 160.9578 4.630681e-05 11.233405 0.1198149  0.0618113834  0.005714259   2.399251e-03      0.0002218028         1  3.004905e-02    0.001106209      9.234496e-04            3.399536e-05
34  2013-09-25 12:42:45     50 298.7 160.7 160.8614 4.630681e-05 11.136991 0.1198149  0.0576202705  0.005714174   2.236570e-03      0.0002217995         1  3.137291e-02    0.001100605      9.641336e-04            3.382315e-05
35  2013-09-25 12:43:00     51 300.0 161.0 161.1650 4.630681e-05 11.440577 0.1198149  0.0708171764  0.005714445   2.748817e-03      0.0002218100         1  3.269677e-02    0.001095146      1.004818e-03            3.365537e-05
36  2013-09-25 12:43:15     52 301.3 161.0 161.1686 4.630681e-05 11.444163 0.1198149  0.0709730683  0.005714448   2.754868e-03      0.0002218102         1  3.402063e-02    0.001089833      1.045502e-03            3.349209e-05
37  2013-09-25 12:43:30     53 302.7 161.1 161.2721 4.630681e-05 11.547750 0.1198149  0.0754759648  0.005714542   2.929651e-03      0.0002218138         1  3.544632e-02    0.001084277      1.089315e-03            3.332135e-05
38  2013-09-25 12:43:45     54 304.0 161.0 161.1757 4.630681e-05 11.451336 0.1198149  0.0712848519  0.005714455   2.766970e-03      0.0002218104         1  3.677018e-02    0.001079274      1.129999e-03            3.316761e-05
39  2013-09-25 12:44:00     55 305.3 161.0 161.1793 4.630681e-05 11.454922 0.1198149  0.0714407438  0.005714458   2.773021e-03      0.0002218105         1  3.809404e-02    0.001074424      1.170683e-03            3.301857e-05
40  2013-09-25 12:44:15     56 306.6 161.1 161.2829 4.630681e-05 11.558508 0.1198149  0.0759436403  0.005714552   2.947804e-03      0.0002218142         1  3.941790e-02    0.001069729      1.211367e-03            3.287429e-05
41  2013-09-25 12:44:30     57 308.0 161.0 161.1865 4.630681e-05 11.462094 0.1198149  0.0717525274  0.005714464   2.785123e-03      0.0002218108         1  4.084359e-02    0.001064849      1.255181e-03            3.272431e-05
42  2013-09-25 12:44:45     58 309.2 161.2 161.3901 4.630681e-05 11.665680 0.1198149  0.0806024286  0.005714650   3.128638e-03      0.0002218180         1  4.206562e-02    0.001060813      1.292736e-03            3.260027e-05
43  2013-09-25 12:45:00     59 310.6 161.2 161.3937 4.630681e-05 11.669267 0.1198149  0.0807583205  0.005714653   3.134689e-03      0.0002218181         1  4.349131e-02    0.001056277      1.336549e-03            3.246089e-05
44  2013-09-25 12:45:15     60 312.0 161.1 161.2972 4.630681e-05 11.572853 0.1198149  0.0765672076  0.005714565   2.972008e-03      0.0002218147         1  4.491700e-02    0.001051931      1.380363e-03            3.232731e-05
45  2013-09-25 12:45:30     61 313.2 161.2 161.4008 4.630681e-05 11.676439 0.1198149  0.0810701041  0.005714660   3.146791e-03      0.0002218184         1  4.613903e-02    0.001048357      1.417917e-03            3.221750e-05
46  2013-09-25 12:45:45     62 314.5 161.1 161.3044 4.630681e-05 11.580025 0.1198149  0.0768789913  0.005714571   2.984110e-03      0.0002218150         1  4.746289e-02    0.001044647      1.458601e-03            3.210347e-05
47  2013-09-25 12:46:00     63 315.8 161.1 161.3080 4.630681e-05 11.583611 0.1198149  0.0770348831  0.005714575   2.990161e-03      0.0002218151         1  4.878675e-02    0.001041105      1.499285e-03            3.199461e-05
48  2013-09-25 12:46:15     64 317.2 161.3 161.5116 4.630681e-05 11.787198 0.1198149  0.0858847843  0.005714763   3.333676e-03      0.0002218224         1  5.021244e-02    0.001037481      1.543099e-03            3.188324e-05
49  2013-09-25 12:46:30     65 318.4 161.2 161.4152 4.630681e-05 11.690784 0.1198149  0.0816936715  0.005714673   3.170995e-03      0.0002218189         1  5.143446e-02    0.001034533      1.580653e-03            3.179266e-05
50  2013-09-25 12:46:45     66 319.8 161.3 161.5188 4.630681e-05 11.794370 0.1198149  0.0861965680  0.005714769   3.345778e-03      0.0002218226         1  5.286016e-02    0.001031281      1.624467e-03            3.169272e-05
51  2013-09-25 12:47:00     67 321.2 161.4 161.6223 4.630681e-05 11.897956 0.1198149  0.0906994645  0.005714866   3.520561e-03      0.0002218264         1  5.428585e-02    0.001028232      1.668281e-03            3.159903e-05
52  2013-09-25 12:47:15     68 322.5 161.6 161.8259 4.630681e-05 12.101542 0.1198149  0.0995493658  0.005715059   3.864076e-03      0.0002218339         1  5.560971e-02    0.001025585      1.708965e-03            3.151767e-05
53  2013-09-25 12:47:30     69 323.8 161.7 161.9295 4.630681e-05 12.205129 0.1198149  0.1040522623  0.005715158   4.038859e-03      0.0002218377         1  5.693357e-02    0.001023116      1.749649e-03            3.144179e-05
54  2013-09-25 12:47:45     70 325.2 161.7 161.9331 4.630681e-05 12.208715 0.1198149  0.1042081541  0.005715162   4.044910e-03      0.0002218379         1  5.835926e-02    0.001020657      1.793462e-03            3.136623e-05
55  2013-09-25 12:48:00     71 326.5 161.7 161.9367 4.630681e-05 12.212301 0.1198149  0.1043640460  0.005715165   4.050961e-03      0.0002218380         1  5.968312e-02    0.001018562      1.834146e-03            3.130184e-05
56  2013-09-25 12:48:15     72 327.8 161.6 161.8403 4.630681e-05 12.115887 0.1198149  0.1001729331  0.005715073   3.888280e-03      0.0002218344         1  6.100698e-02    0.001016649      1.874830e-03            3.124304e-05
57  2013-09-25 12:48:30     73 329.2 161.8 162.0439 4.630681e-05 12.319473 0.1198149  0.1090228343  0.005715269   4.231795e-03      0.0002218420         1  6.243268e-02    0.001014792      1.918644e-03            3.118600e-05
58  2013-09-25 12:48:45     74 330.6 161.8 162.0474 4.630681e-05 12.323060 0.1198149  0.1091787262  0.005715272   4.237846e-03      0.0002218422         1  6.385837e-02    0.001013150      1.962458e-03            3.113551e-05
59  2013-09-25 12:49:00     75 332.0 161.8 162.0510 4.630681e-05 12.326646 0.1198149  0.1093346180  0.005715276   4.243897e-03      0.0002218423         1  6.528407e-02    0.001011721      2.006271e-03            3.109161e-05
60  2013-09-25 12:49:15     76 333.4 161.9 162.1546 4.630681e-05 12.430232 0.1198149  0.1138375145  0.005715377   4.418680e-03      0.0002218462         1  6.670976e-02    0.001010508      2.050085e-03            3.105432e-05
61  2013-09-25 12:49:30     77 334.9 161.9 162.1582 4.630681e-05 12.433818 0.1198149  0.1139934063  0.005715381   4.424731e-03      0.0002218464         1  6.823729e-02    0.001009447      2.097028e-03            3.102174e-05
62  2013-09-25 12:49:45     78 336.3 161.9 162.1618 4.630681e-05 12.437404 0.1198149  0.1141492982  0.005715384   4.430782e-03      0.0002218465         1  6.966298e-02    0.001008682      2.140842e-03            3.099822e-05
63  2013-09-25 12:50:00     79 337.7 161.8 162.0654 4.630681e-05 12.340990 0.1198149  0.1099581853  0.005715290   4.268101e-03      0.0002218428         1  7.108868e-02    0.001008134      2.184655e-03            3.098137e-05
64  2013-09-25 12:50:15     80 339.2 161.9 162.1690 4.630681e-05 12.444577 0.1198149  0.1144610818  0.005715391   4.442884e-03      0.0002218468         1  7.261621e-02    0.001007788      2.231598e-03            3.097074e-05
65  2013-09-25 12:50:30     81 340.6 161.9 162.1726 4.630681e-05 12.448163 0.1198149  0.1146169737  0.005715395   4.448935e-03      0.0002218469         1  7.404190e-02    0.001007691      2.275412e-03            3.096775e-05
66  2013-09-25 12:50:45     82 342.1 162.0 162.2761 4.630681e-05 12.551749 0.1198149  0.1191198702  0.005715497   4.623718e-03      0.0002218509         1  7.556943e-02    0.001007828      2.322355e-03            3.097197e-05
67  2013-09-25 12:51:00     83 343.7 162.2 162.4797 4.630681e-05 12.755335 0.1198149  0.1279697714  0.005715700   4.967233e-03      0.0002218588         1  7.719880e-02    0.001008250      2.372428e-03            3.098494e-05
68  2013-09-25 12:51:15     84 345.2 162.2 162.4833 4.630681e-05 12.758921 0.1198149  0.1281256633  0.005715704   4.973284e-03      0.0002218589         1  7.872633e-02    0.001008903      2.419371e-03            3.100502e-05
69  2013-09-25 12:51:30     85 346.8 162.3 162.5869 4.630681e-05 12.862508 0.1198149  0.1326285598  0.005715809   5.148067e-03      0.0002218630         1  8.035569e-02    0.001009875      2.469444e-03            3.103488e-05
70  2013-09-25 12:51:45     86 348.4 162.3 162.5905 4.630681e-05 12.866094 0.1198149  0.1327844516  0.005715812   5.154118e-03      0.0002218631         1  8.198506e-02    0.001011129      2.519516e-03            3.107342e-05
71  2013-09-25 12:52:00     87 350.0 162.3 162.5941 4.630681e-05 12.869680 0.1198149  0.1329403435  0.005715816   5.160169e-03      0.0002218633         1  8.361442e-02    0.001012665      2.569589e-03            3.112062e-05
72  2013-09-25 12:52:15     88 351.6 162.4 162.6977 4.630681e-05 12.973266 0.1198149  0.1374432400  0.005715922   5.334952e-03      0.0002218674         1  8.524379e-02    0.001014481      2.619662e-03            3.117643e-05
73  2013-09-25 12:52:30     89 353.0 162.2 162.5012 4.630681e-05 12.776852 0.1198149  0.1289051224  0.005715722   5.003540e-03      0.0002218596         1  8.666948e-02    0.001016299      2.663475e-03            3.123229e-05
74  2013-09-25 12:52:45     90 354.7 162.3 162.6048 4.630681e-05 12.880439 0.1198149  0.1334080190  0.005715827   5.178323e-03      0.0002218637         1  8.840068e-02    0.001018791      2.716677e-03            3.130890e-05
75  2013-09-25 12:53:00     91 356.3 162.3 162.6084 4.630681e-05 12.884025 0.1198149  0.1335639108  0.005715830   5.184374e-03      0.0002218638         1  9.003005e-02    0.001021421      2.766750e-03            3.138972e-05
76  2013-09-25 12:53:15     92 358.1 162.3 162.6120 4.630681e-05 12.887611 0.1198149  0.1337198026  0.005715834   5.190425e-03      0.0002218640         1  9.186308e-02    0.001024706      2.823082e-03            3.149067e-05
77  2013-09-25 12:53:30     93 359.7 162.4 162.7156 4.630681e-05 12.991197 0.1198149  0.1382226992  0.005715940   5.365208e-03      0.0002218681         1  9.349245e-02    0.001027914      2.873154e-03            3.158924e-05
78  2013-09-25 12:53:45     94 361.3 162.5 162.8192 4.630681e-05 13.094783 0.1198149  0.1427255957  0.005716046   5.539991e-03      0.0002218722         1  9.512181e-02    0.001031389      2.923227e-03            3.169605e-05
79  2013-09-25 12:54:00     95 363.0 162.6 162.9228 4.630681e-05 13.198370 0.1198149  0.1472284922  0.005716154   5.714774e-03      0.0002218764         1  9.685301e-02    0.001035373      2.976429e-03            3.181846e-05
80  2013-09-25 12:54:15     96 364.8 162.5 162.8263 4.630681e-05 13.101956 0.1198149  0.1430373793  0.005716054   5.552093e-03      0.0002218725         1  9.868605e-02    0.001039913      3.032761e-03            3.195799e-05
81  2013-09-25 12:54:30     97 366.4 162.5 162.8299 4.630681e-05 13.105542 0.1198149  0.1431932712  0.005716058   5.558144e-03      0.0002218726         1  1.003154e-01    0.001044224      3.082834e-03            3.209048e-05
82  2013-09-25 12:54:45     98 368.1 162.6 162.9335 4.630681e-05 13.209128 0.1198149  0.1476961677  0.005716165   5.732927e-03      0.0002218768         1  1.020466e-01    0.001049084      3.136036e-03            3.223984e-05
83  2013-09-25 12:55:00     99 369.9 162.6 162.9371 4.630681e-05 13.212714 0.1198149  0.1478520595  0.005716169   5.738978e-03      0.0002218770         1  1.038796e-01    0.001054541      3.192368e-03            3.240753e-05
84  2013-09-25 12:55:15    100 371.8 162.6 162.9407 4.630681e-05 13.216300 0.1198149  0.1480079514  0.005716173   5.745029e-03      0.0002218771         1  1.058145e-01    0.001060641      3.251829e-03            3.259500e-05
85  2013-09-25 12:55:30    101 373.7 162.6 162.9443 4.630681e-05 13.219887 0.1198149  0.1481638432  0.005716176   5.751080e-03      0.0002218773         1  1.077494e-01    0.001067085      3.311290e-03            3.279304e-05
86  2013-09-25 12:55:45    102 375.5 162.7 163.0479 4.630681e-05 13.323473 0.1198149  0.1526667397  0.005716285   5.925863e-03      0.0002218815         1  1.095824e-01    0.001073502      3.367622e-03            3.299024e-05
87  2013-09-25 12:56:00    103 377.1 162.6 162.9514 4.630681e-05 13.227059 0.1198149  0.1484756269  0.005716184   5.763182e-03      0.0002218775         1  1.112118e-01    0.001079456      3.417695e-03            3.317321e-05
88  2013-09-25 12:56:15    104 378.9 162.7 163.0550 4.630681e-05 13.330645 0.1198149  0.1529785234  0.005716292   5.937965e-03      0.0002218818         1  1.130448e-01    0.001086431      3.474027e-03            3.338755e-05
89  2013-09-25 12:56:30    105 380.7 162.8 163.1586 4.630681e-05 13.434231 0.1198149  0.1574814199  0.005716402   6.112748e-03      0.0002218860         1  1.148779e-01    0.001093693      3.530358e-03            3.361072e-05
90  2013-09-25 12:56:45    106 382.5 162.7 163.0622 4.630681e-05 13.337818 0.1198149  0.1532903071  0.005716300   5.950067e-03      0.0002218821         1  1.167109e-01    0.001101236      3.586690e-03            3.384254e-05
91  2013-09-25 12:57:00    107 384.3 162.8 163.1658 4.630681e-05 13.441404 0.1198149  0.1577932036  0.005716409   6.124850e-03      0.0002218863         1  1.185439e-01    0.001109056      3.643022e-03            3.408284e-05
92  2013-09-25 12:57:15    108 386.4 162.8 163.1694 4.630681e-05 13.444990 0.1198149  0.1579490954  0.005716413   6.130901e-03      0.0002218864         1  1.206825e-01    0.001118519      3.708742e-03            3.437367e-05
93  2013-09-25 12:57:30    109 388.5 162.8 163.1730 4.630681e-05 13.448576 0.1198149  0.1581049873  0.005716417   6.136952e-03      0.0002218866         1  1.228210e-01    0.001128341      3.774463e-03            3.467551e-05
94  2013-09-25 12:57:45    110 390.5 162.7 163.0765 4.630681e-05 13.352162 0.1198149  0.1539138744  0.005716315   5.974271e-03      0.0002218826         1  1.248577e-01    0.001138020      3.837054e-03            3.497296e-05
95  2013-09-25 12:58:00    111 392.7 162.8 163.1801 4.630681e-05 13.455749 0.1198149  0.1584167709  0.005716425   6.149054e-03      0.0002218869         1  1.270981e-01    0.001149023      3.905903e-03            3.531109e-05
96  2013-09-25 12:58:15    112 394.9 163.0 163.3837 4.630681e-05 13.659335 0.1198149  0.1672666722  0.005716642   6.492569e-03      0.0002218953         1  1.293385e-01    0.001160388      3.974753e-03            3.566037e-05
97  2013-09-25 12:58:30    113 397.2 162.9 163.2873 4.630681e-05 13.562921 0.1198149  0.1630755593  0.005716539   6.329888e-03      0.0002218913         1  1.316807e-01    0.001172647      4.046733e-03            3.603710e-05
98  2013-09-25 12:58:45    114 399.4 163.0 163.3909 4.630681e-05 13.666507 0.1198149  0.1675784558  0.005716650   6.504671e-03      0.0002218956         1  1.339211e-01    0.001184722      4.115583e-03            3.640818e-05
99  2013-09-25 12:59:00    115 401.5 163.0 163.3945 4.630681e-05 13.670093 0.1198149  0.1677343477  0.005716654   6.510722e-03      0.0002218958         1  1.360596e-01    0.001196557      4.181303e-03            3.677188e-05
100 2013-09-25 12:59:15    116 403.4 163.1 163.4981 4.630681e-05 13.773679 0.1198149  0.1722372442  0.005716766   6.685505e-03      0.0002219001         1  1.379945e-01    0.001207517      4.240765e-03            3.710870e-05
101 2013-09-25 12:59:30    117 405.8 163.2 163.6017 4.630681e-05 13.877266 0.1198149  0.1767401407  0.005716879   6.860288e-03      0.0002219045         1  1.404385e-01    0.001221694      4.315874e-03            3.754438e-05
102 2013-09-25 12:59:45    118 408.3 163.0 163.4052 4.630681e-05 13.680852 0.1198149  0.1682020232  0.005716666   6.528875e-03      0.0002218962         1  1.429844e-01    0.001236844      4.394112e-03            3.800995e-05
103 2013-09-25 13:00:00    119 410.6 162.9 163.3088 4.630681e-05 13.584438 0.1198149  0.1640109103  0.005716562   6.366194e-03      0.0002218922         1  1.453266e-01    0.001251113      4.466092e-03            3.844847e-05
104 2013-09-25 13:00:15    120 412.5 163.0 163.4124 4.630681e-05 13.688024 0.1198149  0.1685138068  0.005716673   6.540977e-03      0.0002218965         1  1.472615e-01    0.001263133      4.525553e-03            3.881787e-05
105 2013-09-25 13:00:30    121 414.6 163.1 163.5160 4.630681e-05 13.791610 0.1198149  0.1730167034  0.005716786   6.715760e-03      0.0002219009         1  1.494000e-01    0.001276655      4.591273e-03            3.923342e-05
106 2013-09-25 13:00:45    122 416.4 163.1 163.5196 4.630681e-05 13.795197 0.1198149  0.1731725952  0.005716790   6.721811e-03      0.0002219011         1  1.512331e-01    0.001288438      4.647605e-03            3.959551e-05
107 2013-09-25 13:01:00    123 418.1 163.2 163.6232 4.630681e-05 13.898783 0.1198149  0.1776754917  0.005716903   6.896594e-03      0.0002219055         1  1.529643e-01    0.001299724      4.700807e-03            3.994235e-05
108 2013-09-25 13:01:15    124 419.8 163.2 163.6268 4.630681e-05 13.902369 0.1198149  0.1778313835  0.005716907   6.902646e-03      0.0002219056         1  1.546955e-01    0.001311160      4.754009e-03            4.029379e-05
109 2013-09-25 13:01:30    125 421.2 163.0 163.4303 4.630681e-05 13.705955 0.1198149  0.1692932660  0.005716693   6.571233e-03      0.0002218973         1  1.561212e-01    0.001320687      4.797823e-03            4.058658e-05
110 2013-09-25 13:01:45    126 422.9 163.2 163.6339 4.630681e-05 13.909541 0.1198149  0.1781431672  0.005716915   6.914748e-03      0.0002219059         1  1.578524e-01    0.001332386      4.851025e-03            4.094610e-05
111 2013-09-25 13:02:00    127 424.4 163.1 163.5375 4.630681e-05 13.813128 0.1198149  0.1739520544  0.005716809   6.752067e-03      0.0002219018         1  1.593799e-01    0.001342824      4.897968e-03            4.126687e-05
112 2013-09-25 13:02:15    128 425.8 163.3 163.7411 4.630681e-05 14.016714 0.1198149  0.1828019556  0.005717033   7.095582e-03      0.0002219105         1  1.608056e-01    0.001352661      4.941782e-03            4.156919e-05
113 2013-09-25 13:02:30    129 427.2 163.2 163.6447 4.630681e-05 13.920300 0.1198149  0.1786108427  0.005716926   6.932901e-03      0.0002219064         1  1.622313e-01    0.001362589      4.985596e-03            4.187428e-05
114 2013-09-25 13:02:45    130 428.7 163.6 164.0483 4.630681e-05 14.323886 0.1198149  0.1961547533  0.005717376   7.613880e-03      0.0002219238         1  1.637588e-01    0.001373323      5.032539e-03            4.220416e-05
115 2013-09-25 13:03:00    131 430.2 163.3 163.7519 4.630681e-05 14.027472 0.1198149  0.1832696311  0.005717045   7.113735e-03      0.0002219110         1  1.652863e-01    0.001384156      5.079482e-03            4.253708e-05
116 2013-09-25 13:03:15    132 431.7 163.3 163.7554 4.630681e-05 14.031059 0.1198149  0.1834255229  0.005717049   7.119786e-03      0.0002219111         1  1.668139e-01    0.001395086      5.126425e-03            4.287296e-05
117 2013-09-25 13:03:30    133 433.2 163.4 163.8590 4.630681e-05 14.134645 0.1198149  0.1879284194  0.005717164   7.294569e-03      0.0002219156         1  1.683414e-01    0.001406110      5.173368e-03            4.321174e-05
118 2013-09-25 13:03:45    134 434.6 163.4 163.8626 4.630681e-05 14.138231 0.1198149  0.1880843113  0.005717168   7.300620e-03      0.0002219157         1  1.697671e-01    0.001416482      5.217182e-03            4.353048e-05
119 2013-09-25 13:04:00    135 436.3 163.6 164.0662 4.630681e-05 14.341817 0.1198149  0.1969342125  0.005717396   7.644135e-03      0.0002219246         1  1.714983e-01    0.001429182      5.270384e-03            4.392076e-05
120 2013-09-25 13:04:15    136 437.7 163.7 164.1698 4.630681e-05 14.445403 0.1198149  0.2014371090  0.005717514   7.818918e-03      0.0002219292         1  1.729240e-01    0.001439725      5.314198e-03            4.424478e-05
121 2013-09-25 13:04:30    137 439.3 163.5 163.9734 4.630681e-05 14.248989 0.1198149  0.1928989915  0.005717292   7.487505e-03      0.0002219205         1  1.745534e-01    0.001451866      5.364270e-03            4.461788e-05
122 2013-09-25 13:04:45    138 440.8 163.5 163.9770 4.630681e-05 14.252576 0.1198149  0.1930548833  0.005717296   7.493556e-03      0.0002219207         1  1.760809e-01    0.001463334      5.411213e-03            4.497033e-05
123 2013-09-25 13:05:00    139 442.2 163.7 164.1805 4.630681e-05 14.456162 0.1198149  0.2019047845  0.005717526   7.837071e-03      0.0002219297         1  1.775066e-01    0.001474112      5.455027e-03            4.530154e-05
124 2013-09-25 13:05:15    140 443.5 163.7 164.1841 4.630681e-05 14.459748 0.1198149  0.2020606764  0.005717530   7.843122e-03      0.0002219298         1  1.788304e-01    0.001484182      5.495711e-03            4.561101e-05
125 2013-09-25 13:05:30    141 444.8 163.8 164.2877 4.630681e-05 14.563334 0.1198149  0.2065635729  0.005717649   8.017905e-03      0.0002219344         1  1.801543e-01    0.001494311      5.536395e-03            4.592228e-05
126 2013-09-25 13:05:45    142 446.5 163.8 164.2913 4.630681e-05 14.566920 0.1198149  0.2067194647  0.005717653   8.023956e-03      0.0002219346         1  1.818855e-01    0.001507643      5.589597e-03            4.633200e-05
127 2013-09-25 13:06:00    143 448.1 163.7 164.1949 4.630681e-05 14.470507 0.1198149  0.2025283519  0.005717543   7.861275e-03      0.0002219303         1  1.835149e-01    0.001520279      5.639670e-03            4.672031e-05
128 2013-09-25 13:06:15    144 449.2 163.7 164.1985 4.630681e-05 14.474093 0.1198149  0.2026842437  0.005717547   7.867326e-03      0.0002219304         1  1.846350e-01    0.001529014      5.674095e-03            4.698876e-05
129 2013-09-25 13:06:30    145 450.3 163.9 164.4021 4.630681e-05 14.677679 0.1198149  0.2115341449  0.005717781   8.210841e-03      0.0002219395         1  1.857552e-01    0.001537788      5.708520e-03            4.725838e-05
130 2013-09-25 13:06:45    146 451.9 164.0 164.5057 4.630681e-05 14.781265 0.1198149  0.2160370414  0.005717901   8.385624e-03      0.0002219442         1  1.873846e-01    0.001550617      5.758593e-03            4.765264e-05
131 2013-09-25 13:07:00    147 453.4 163.9 164.4092 4.630681e-05 14.684851 0.1198149  0.2118459286  0.005717789   8.222943e-03      0.0002219399         1  1.889121e-01    0.001562715      5.805536e-03            4.802443e-05
132 2013-09-25 13:07:15    148 455.0 163.9 164.4128 4.630681e-05 14.688438 0.1198149  0.2120018204  0.005717793   8.228994e-03      0.0002219400         1  1.905415e-01    0.001575694      5.855608e-03            4.842328e-05
133 2013-09-25 13:07:30    149 456.4 163.9 164.4164 4.630681e-05 14.692024 0.1198149  0.2121577122  0.005717797   8.235045e-03      0.0002219402         1  1.919672e-01    0.001587111      5.899422e-03            4.877415e-05
134 2013-09-25 13:07:45    150 457.9 163.9 164.4200 4.630681e-05 14.695610 0.1198149  0.2123136041  0.005717802   8.241096e-03      0.0002219403         1  1.934947e-01    0.001599406      5.946365e-03            4.915199e-05
135 2013-09-25 13:08:00    151 459.2 164.0 164.5236 4.630681e-05 14.799196 0.1198149  0.2168165006  0.005717922   8.415879e-03      0.0002219450         1  1.948186e-01    0.001610112      5.987049e-03            4.948100e-05
136 2013-09-25 13:08:15    152 460.7 164.1 164.6272 4.630681e-05 14.902782 0.1198149  0.2213193971  0.005718044   8.590662e-03      0.0002219497         1  1.963461e-01    0.001622522      6.033992e-03            4.986239e-05
137 2013-09-25 13:08:30    153 462.4 164.1 164.6308 4.630681e-05 14.906369 0.1198149  0.2214752890  0.005718048   8.596713e-03      0.0002219499         1  1.980773e-01    0.001636659      6.087195e-03            5.029685e-05
138 2013-09-25 13:08:45    154 464.1 164.2 164.7343 4.630681e-05 15.009955 0.1198149  0.2259781855  0.005718170   8.771496e-03      0.0002219546         1  1.998085e-01    0.001650872      6.140397e-03            5.073361e-05
139 2013-09-25 13:09:00    155 465.5 164.4 164.9379 4.630681e-05 15.213541 0.1198149  0.2348280867  0.005718413   9.115011e-03      0.0002219641         1  2.012342e-01    0.001662631      6.184210e-03            5.109499e-05
140 2013-09-25 13:09:15    156 467.0 164.2 164.7415 4.630681e-05 15.017127 0.1198149  0.2262899692  0.005718178   8.783598e-03      0.0002219550         1  2.027617e-01    0.001675284      6.231153e-03            5.148383e-05
141 2013-09-25 13:09:30    157 468.7 164.2 164.7451 4.630681e-05 15.020713 0.1198149  0.2264458610  0.005718183   8.789649e-03      0.0002219551         1  2.044929e-01    0.001689690      6.284356e-03            5.192654e-05
142 2013-09-25 13:09:45    158 470.2 164.3 164.8487 4.630681e-05 15.124299 0.1198149  0.2309487575  0.005718306   8.964432e-03      0.0002219599         1  2.060205e-01    0.001702457      6.331299e-03            5.231890e-05
143 2013-09-25 13:10:00    159 471.6 164.4 164.9523 4.630681e-05 15.227886 0.1198149  0.2354516541  0.005718430   9.139215e-03      0.0002219647         1  2.074462e-01    0.001714420      6.375112e-03            5.268655e-05
144 2013-09-25 13:10:15    160 472.9 164.5 165.0559 4.630681e-05 15.331472 0.1198149  0.2399545506  0.005718555   9.313998e-03      0.0002219696         1  2.087700e-01    0.001725568      6.415796e-03            5.302915e-05
145 2013-09-25 13:10:30    161 474.4 164.3 164.8594 4.630681e-05 15.135058 0.1198149  0.2314164330  0.005718319   8.982585e-03      0.0002219604         1  2.102975e-01    0.001738478      6.462740e-03            5.342588e-05
146 2013-09-25 13:10:45    162 475.6 164.6 165.1630 4.630681e-05 15.438644 0.1198149  0.2446133389  0.005718685   9.494832e-03      0.0002219746         1  2.115196e-01    0.001748841      6.500294e-03            5.374435e-05
147 2013-09-25 13:11:00    163 476.8 164.5 165.0666 4.630681e-05 15.342230 0.1198149  0.2404222261  0.005718568   9.332151e-03      0.0002219701         1  2.127416e-01    0.001759235      6.537849e-03            5.406376e-05
148 2013-09-25 13:11:15    164 478.2 164.6 165.1702 4.630681e-05 15.445817 0.1198149  0.2449251226  0.005718694   9.506934e-03      0.0002219750         1  2.141673e-01    0.001771399      6.581662e-03            5.443757e-05
149 2013-09-25 13:11:30    165 479.8 164.5 165.0738 4.630681e-05 15.349403 0.1198149  0.2407340098  0.005718576   9.344254e-03      0.0002219704         1  2.157967e-01    0.001785349      6.631735e-03            5.486629e-05
150 2013-09-25 13:11:45    166 481.2 164.5 165.0774 4.630681e-05 15.352989 0.1198149  0.2408899016  0.005718581   9.350305e-03      0.0002219706         1  2.172223e-01    0.001797598      6.675549e-03            5.524271e-05
151 2013-09-25 13:12:00    167 482.6 164.6 165.1810 4.630681e-05 15.456575 0.1198149  0.2453927981  0.005718707   9.525088e-03      0.0002219755         1  2.186480e-01    0.001809885      6.719362e-03            5.562031e-05
152 2013-09-25 13:12:15    168 483.7 164.6 165.1845 4.630681e-05 15.460161 0.1198149  0.2455486899  0.005718711   9.531139e-03      0.0002219756         1  2.197682e-01    0.001819566      6.753787e-03            5.591781e-05
153 2013-09-25 13:12:30    169 485.1 164.6 165.1881 4.630681e-05 15.463748 0.1198149  0.2457045818  0.005718715   9.537190e-03      0.0002219758         1  2.211939e-01    0.001831919      6.797601e-03            5.629746e-05
154 2013-09-25 13:12:45    170 486.4 164.7 165.2917 4.630681e-05 15.567334 0.1198149  0.2502074783  0.005718842   9.711973e-03      0.0002219807         1  2.225178e-01    0.001843423      6.838285e-03            5.665098e-05
155 2013-09-25 13:13:00    171 488.0 164.5 165.0953 4.630681e-05 15.370920 0.1198149  0.2416693608  0.005718603   9.380560e-03      0.0002219714         1  2.241471e-01    0.001857624      6.888357e-03            5.708739e-05
156 2013-09-25 13:13:15    172 489.6 164.6 165.1989 4.630681e-05 15.474506 0.1198149  0.2461722573  0.005718729   9.555343e-03      0.0002219763         1  2.257765e-01    0.001871869      6.938430e-03            5.752518e-05
157 2013-09-25 13:13:30    173 491.1 164.5 165.1025 4.630681e-05 15.378092 0.1198149  0.2419811444  0.005718611   9.392662e-03      0.0002219718         1  2.273040e-01    0.001885265      6.985373e-03            5.793686e-05
158 2013-09-25 13:13:45    174 492.7 164.5 165.1061 4.630681e-05 15.381678 0.1198149  0.2421370363  0.005718616   9.398713e-03      0.0002219719         1  2.289334e-01    0.001899596      7.035446e-03            5.837727e-05
159 2013-09-25 13:14:00    175 494.2 164.5 165.1097 4.630681e-05 15.385265 0.1198149  0.2422929281  0.005718620   9.404764e-03      0.0002219721         1  2.304609e-01    0.001913070      7.082389e-03            5.879134e-05
160 2013-09-25 13:14:15    176 495.7 164.7 165.3132 4.630681e-05 15.588851 0.1198149  0.2511428293  0.005718869   9.748279e-03      0.0002219818         1  2.319885e-01    0.001926581      7.129332e-03            5.920654e-05
161 2013-09-25 13:14:30    177 497.2 164.4 165.0168 4.630681e-05 15.292437 0.1198149  0.2382577071  0.005718508   9.248134e-03      0.0002219677         1  2.335160e-01    0.001940127      7.176275e-03            5.962283e-05
162 2013-09-25 13:14:45    178 498.8 164.6 165.2204 4.630681e-05 15.496023 0.1198149  0.2471076083  0.005718755   9.591649e-03      0.0002219773         1  2.351454e-01    0.001954615      7.226348e-03            6.006807e-05
163 2013-09-25 13:15:00    179 500.2 164.6 165.2240 4.630681e-05 15.499609 0.1198149  0.2472635001  0.005718759   9.597700e-03      0.0002219775         1  2.365711e-01    0.001967324      7.270162e-03            6.045863e-05
164 2013-09-25 13:15:15    180 501.5 164.8 165.4276 4.630681e-05 15.703196 0.1198149  0.2561134013  0.005719010   9.941215e-03      0.0002219872         1  2.378949e-01    0.001979151      7.310846e-03            6.082210e-05
165 2013-09-25 13:15:30    181 503.1 164.9 165.5312 4.630681e-05 15.806782 0.1198149  0.2606162979  0.005719138   1.011600e-02      0.0002219922         1  2.395243e-01    0.001993742      7.360918e-03            6.127050e-05
166 2013-09-25 13:15:45    182 504.5 165.0 165.6348 4.630681e-05 15.910368 0.1198149  0.2651191944  0.005719268   1.029078e-02      0.0002219973         1  2.409500e-01    0.002006539      7.404732e-03            6.166377e-05
167 2013-09-25 13:16:00    183 506.0 164.9 165.5383 4.630681e-05 15.813954 0.1198149  0.2609280815  0.005719147   1.012810e-02      0.0002219926         1  2.424775e-01    0.002020281      7.451675e-03            6.208607e-05
168 2013-09-25 13:16:15    184 507.6 165.1 165.7419 4.630681e-05 16.017540 0.1198149  0.2697779828  0.005719403   1.047161e-02      0.0002220025         1  2.441069e-01    0.002034973      7.501748e-03            6.253758e-05
169 2013-09-25 13:16:30    185 509.0 165.1 165.7455 4.630681e-05 16.021127 0.1198149  0.2699338746  0.005719408   1.047767e-02      0.0002220027         1  2.455326e-01    0.002047857      7.545561e-03            6.293352e-05
170 2013-09-25 13:16:45    186 510.5 165.0 165.6491 4.630681e-05 15.924713 0.1198149  0.2657427617  0.005719286   1.031499e-02      0.0002219980         1  2.470601e-01    0.002061690      7.592504e-03            6.335863e-05
171 2013-09-25 13:17:00    187 511.8 165.1 165.7527 4.630681e-05 16.028299 0.1198149  0.2702456583  0.005719417   1.048977e-02      0.0002220030         1  2.483840e-01    0.002073702      7.633188e-03            6.372778e-05
172 2013-09-25 13:17:15    188 513.3 165.1 165.7563 4.630681e-05 16.031885 0.1198149  0.2704015501  0.005719421   1.049582e-02      0.0002220032         1  2.499115e-01    0.002087589      7.680132e-03            6.415455e-05
173 2013-09-25 13:17:30    189 515.0 165.1 165.7599 4.630681e-05 16.035471 0.1198149  0.2705574419  0.005719426   1.050187e-02      0.0002220034         1  2.516427e-01    0.002103362      7.733334e-03            6.463926e-05
174 2013-09-25 13:17:45    190 516.8 165.2 165.8634 4.630681e-05 16.139058 0.1198149  0.2750603384  0.005719557   1.067665e-02      0.0002220085         1  2.534757e-01    0.002120100      7.789666e-03            6.515367e-05
175 2013-09-25 13:18:00    191 518.6 165.2 165.8670 4.630681e-05 16.142644 0.1198149  0.2752162303  0.005719562   1.068270e-02      0.0002220087         1  2.553088e-01    0.002136878      7.845997e-03            6.566926e-05
176 2013-09-25 13:18:15    192 519.9 165.3 165.9706 4.630681e-05 16.246230 0.1198149  0.2797191268  0.005719694   1.085749e-02      0.0002220138         1  2.566326e-01    0.002149018      7.886681e-03            6.604236e-05
177 2013-09-25 13:18:30    193 521.4 165.2 165.8742 4.630681e-05 16.149816 0.1198149  0.2755280140  0.005719571   1.069481e-02      0.0002220090         1  2.581601e-01    0.002163051      7.933625e-03            6.647360e-05
178 2013-09-25 13:18:45    194 523.0 165.3 165.9778 4.630681e-05 16.253402 0.1198149  0.2800309105  0.005719703   1.086959e-02      0.0002220141         1  2.597895e-01    0.002178047      7.983697e-03            6.693444e-05
179 2013-09-25 13:19:00    195 524.7 165.2 165.8814 4.630681e-05 16.156988 0.1198149  0.2758397976  0.005719580   1.070691e-02      0.0002220094         1  2.615207e-01    0.002194011      8.036899e-03            6.742503e-05
180 2013-09-25 13:19:15    196 526.1 165.5 166.1850 4.630681e-05 16.460575 0.1198149  0.2890367035  0.005719970   1.121916e-02      0.0002220245         1  2.629464e-01    0.002207181      8.080713e-03            6.782977e-05
181 2013-09-25 13:19:30    197 527.6 165.4 166.0885 4.630681e-05 16.364161 0.1198149  0.2848455907  0.005719846   1.105647e-02      0.0002220197         1  2.644739e-01    0.002221314      8.127656e-03            6.826412e-05
182 2013-09-25 13:19:45    198 529.1 165.5 166.1921 4.630681e-05 16.467747 0.1198149  0.2893484872  0.005719980   1.123126e-02      0.0002220249         1  2.660015e-01    0.002235472      8.174599e-03            6.869919e-05
183 2013-09-25 13:20:00    199 530.5 165.5 166.1957 4.630681e-05 16.471333 0.1198149  0.2895043790  0.005719984   1.123731e-02      0.0002220251         1  2.674272e-01    0.002248706      8.218413e-03            6.910589e-05
184 2013-09-25 13:20:15    200 531.9 165.6 166.2993 4.630681e-05 16.574919 0.1198149  0.2940072756  0.005720119   1.141209e-02      0.0002220303         1  2.688529e-01    0.002261959      8.262226e-03            6.951319e-05
185 2013-09-25 13:20:30    201 533.5 165.7 166.4029 4.630681e-05 16.678506 0.1198149  0.2985101721  0.005720255   1.158687e-02      0.0002220356         1  2.704822e-01    0.002277130      8.312299e-03            6.997941e-05

$dryleafvolt
            timestamp record LWSmV  SEmV    CSEmV     CSEmV.sd    loadmV loadmV.sd
1 2013-09-25 12:33:30     13 264.1 159.3 159.3287 4.630681e-05  9.604302 0.1198149
2 2013-09-25 12:33:45     14 264.0 159.7 159.7323 4.630681e-05 10.007888 0.1198149
3 2013-09-25 12:34:00     15 263.8 159.6 159.6359 4.630681e-05  9.911474 0.1198149
4 2013-09-25 12:34:15     16 263.8 159.4 159.4394 4.630681e-05  9.715061 0.1198149
5 2013-09-25 12:34:30     17 263.9 159.5 159.5430 4.630681e-05  9.818647 0.1198149

$runtime
Time difference of 46 mins

$startcalibvolt
            timestamp record LWSmV  SEmV    CSEmV     CSEmV.sd   loadmV loadmV.sd
1 2013-09-25 12:32:00      7 263.8 272.3 272.3072 4.630681e-05 122.5828 0.1198149
2 2013-09-25 12:32:15      8 263.7 272.1 272.1108 4.630681e-05 122.3864 0.1198149
3 2013-09-25 12:32:30      9 263.8 272.5 272.5143 4.630681e-05 122.7900 0.1198149
4 2013-09-25 12:32:45     10 263.8 272.4 272.4179 4.630681e-05 122.6935 0.1198149

$endcalibvolt
            timestamp record LWSmV  SEmV
1 2013-09-25 13:25:30    221 265.6 272.2
2 2013-09-25 13:25:45    222 265.2 272.1
3 2013-09-25 13:26:00    223 265.1 271.9
4 2013-09-25 13:26:15    224 265.1 271.9
5 2013-09-25 13:26:30    225 265.1 272.0
6 2013-09-25 13:26:45    226 265.1 271.9
7 2013-09-25 13:27:00    227 265.1 271.9

$lastLWSvolt
[1] 533.8

$maxLWSvolt
[1] 535

$species
[1] "blueoak"

$trial
[1] "3"

$replicate
[1] "1"

$isvertical
[1] FALSE

$conversionfactor
         avg        stdev
1 0.04347005 2.123899e-05

$LWSwatermass
        avg       stdev
1 0.2663716 0.003132539

$dryleafmass
        avg       stdev
1 0.4265053 0.002338552

$lwsmodel

Call:
lm(formula = LWSsurfacedensity ~ record, data = rd[rd$runfilter == 
    1, ])

Coefficients:
(Intercept)       record  
 -1.582e-03    4.965e-05  


$leafmodel

Call:
lm(formula = surfacedensity ~ record, data = rd[rd$runfilter == 
    1, ])

Coefficients:
(Intercept)       record  
 -2.532e-04    5.775e-05  


