$name
[1] "blueoak2"

$leafarea
[1] 24.5611

$startbasevolt
            timestamp record LWSmV  SEmV CSEmV CSEmV.sd      loadmV loadmV.sd
1 2013-09-24 14:08:45      2 266.4 151.0 151.0        0 -0.14391234 0.1310686
2 2013-09-24 14:09:00      3 266.4 151.2 151.2        0  0.05608766 0.1310686
3 2013-09-24 14:09:15      4 266.4 151.2 151.2        0  0.05608766 0.1310686
4 2013-09-24 14:09:30      5 266.4 151.2 151.2        0  0.05608766 0.1310686

$endbasevolt
            timestamp record LWSmV  SEmV    CSEmV     CSEmV.sd      loadmV loadmV.sd
1 2013-09-24 15:03:45    222 267.1 150.8 151.3190 5.548972e-05  0.17506088 0.1310686
2 2013-09-24 15:04:00    223 267.1 150.8 151.3214 5.548972e-05  0.17745246 0.1310686
3 2013-09-24 15:04:15    224 267.1 150.7 151.2238 5.548972e-05  0.07984404 0.1310686
4 2013-09-24 15:04:30    225 267.0 150.5 151.0261 5.548972e-05 -0.11776438 0.1310686
5 2013-09-24 15:04:45    226 266.9 150.4 150.9285 5.548972e-05 -0.21537280 0.1310686
6 2013-09-24 15:05:00    227 266.8 150.5 151.0309 5.548972e-05 -0.11298122 0.1310686
7 2013-09-24 15:05:15    228 266.7 150.6 151.1333 5.548972e-05 -0.01058963 0.1310686

$dryragvolt
            timestamp record LWSmV  SEmV    CSEmV     CSEmV.sd   loadmV loadmV.sd
1 2013-09-24 14:59:45    206 529.5 293.8 294.2807 5.548972e-05 143.1368 0.1310686
2 2013-09-24 15:00:00    207 529.5 293.7 294.1831 5.548972e-05 143.0392 0.1310686
3 2013-09-24 15:00:15    208 529.4 293.6 294.0855 5.548972e-05 142.9416 0.1310686

$wetragvolt
            timestamp record LWSmV  SEmV    CSEmV     CSEmV.sd   loadmV loadmV.sd
1 2013-09-24 15:01:00    211 268.2 300.3 300.7927 5.548972e-05 149.6488 0.1310686
2 2013-09-24 15:01:15    212 267.6 300.3 300.7951 5.548972e-05 149.6511 0.1310686
3 2013-09-24 15:01:30    213 267.1 300.1 300.5974 5.548972e-05 149.4535 0.1310686
4 2013-09-24 15:01:45    214 267.1 300.1 300.5998 5.548972e-05 149.4559 0.1310686

$rundata
              timestamp record LWSmV  SEmV    CSEmV     CSEmV.sd    loadmV loadmV.sd     watermass watermass.sd surfacedensity surfacedensity.sd runfilter      LWSwater LWSwater.stdev LWSsurfacedensity LWSsurfacedensity.stdev
1   2013-09-24 14:13:15     20 266.4 159.0 159.0359 5.548972e-05  7.891961 0.1310686 -0.0009295365  0.006092681  -3.784588e-05      0.0002480622         0 -1.519897e-03    0.001276993     -4.670858e-05            3.924379e-05
2   2013-09-24 14:13:30     21 266.9 159.0 159.0383 5.548972e-05  7.894353 0.1310686 -0.0008256389  0.006092683  -3.361572e-05      0.0002480623         0 -1.010721e-03    0.001273750     -3.106087e-05            3.914413e-05
3   2013-09-24 14:13:45     22 267.1 159.1 159.1407 5.548972e-05  7.996745 0.1310686  0.0036225601  0.006092754   1.474918e-04      0.0002480652         0 -8.070501e-04    0.001272456     -2.480179e-05            3.910438e-05
4   2013-09-24 14:14:00     23 267.8 159.1 159.1430 5.548972e-05  7.999136 0.1310686  0.0037264576  0.006092756   1.517220e-04      0.0002480653         0 -9.420292e-05    0.001267947     -2.894988e-06            3.896579e-05
5   2013-09-24 14:14:15     24 268.5 159.0 159.0454 5.548972e-05  7.901528 0.1310686 -0.0005139464  0.006092688  -2.092522e-05      0.0002480625         0  6.186443e-04    0.001263465      1.901181e-05            3.882805e-05
6   2013-09-24 14:14:30     25 269.3 159.0 159.0478 5.548972e-05  7.903919 0.1310686 -0.0004100489  0.006092689  -1.669506e-05      0.0002480626         0  1.433327e-03    0.001258376      4.404815e-05            3.867167e-05
7   2013-09-24 14:14:45     26 270.1 159.3 159.3502 5.548972e-05  8.206311 0.1310686  0.0127267532  0.006092904   5.181671e-04      0.0002480713         0  2.248009e-03    0.001253324      6.908449e-05            3.851641e-05
8   2013-09-24 14:15:00     27 271.1 158.9 158.9526 5.548972e-05  7.808702 0.1310686 -0.0045465554  0.006092623  -1.851121e-04      0.0002480599         0  3.266362e-03    0.001247061      1.003799e-04            3.832394e-05
9   2013-09-24 14:15:15     28 272.1 159.1 159.1550 5.548972e-05  8.011094 0.1310686  0.0042459452  0.006092765   1.728728e-04      0.0002480657         0  4.284715e-03    0.001240857      1.316753e-04            3.813327e-05
10  2013-09-24 14:15:30     29 273.2 159.2 159.2574 5.548972e-05  8.113486 0.1310686  0.0086941442  0.006092838   3.539803e-04      0.0002480686         0  5.404904e-03    0.001234101      1.661003e-04            3.792565e-05
11  2013-09-24 14:15:45     30 274.3 159.2 159.2598 5.548972e-05  8.115877 0.1310686  0.0087980418  0.006092839   3.582105e-04      0.0002480687         0  6.525092e-03    0.001227418      2.005253e-04            3.772027e-05
12  2013-09-24 14:16:00     31 275.6 159.2 159.2622 5.548972e-05  8.118269 0.1310686  0.0089019393  0.006092841   3.624406e-04      0.0002480688         0  7.848951e-03    0.001219616      2.412093e-04            3.748050e-05
13  2013-09-24 14:16:15     32 276.8 159.3 159.3646 5.548972e-05  8.220660 0.1310686  0.0133501383  0.006092915   5.435481e-04      0.0002480718         0  9.070975e-03    0.001212508      2.787638e-04            3.726207e-05
14  2013-09-24 14:16:30     33 278.0 159.2 159.2670 5.548972e-05  8.123052 0.1310686  0.0091097343  0.006092844   3.709010e-04      0.0002480689         0  1.029300e-02    0.001205492      3.163183e-04            3.704646e-05
15  2013-09-24 14:16:45     34 279.2 159.5 159.5694 5.548972e-05  8.425444 0.1310686  0.0222465364  0.006093066   9.057631e-04      0.0002480779         1  1.151502e-02    0.001198569      3.538728e-04            3.683372e-05
16  2013-09-24 14:17:00     35 280.5 159.4 159.4717 5.548972e-05  8.327835 0.1310686  0.0180061324  0.006092993   7.331160e-04      0.0002480750         1  1.283888e-02    0.001191177      3.945569e-04            3.660655e-05
17  2013-09-24 14:17:15     36 281.7 159.4 159.4741 5.548972e-05  8.330227 0.1310686  0.0181100299  0.006092995   7.373461e-04      0.0002480750         1  1.406091e-02    0.001184455      4.321114e-04            3.639996e-05
18  2013-09-24 14:17:30     37 283.0 159.6 159.6765 5.548972e-05  8.532618 0.1310686  0.0269025305  0.006093146   1.095331e-03      0.0002480812         1  1.538476e-02    0.001177283      4.727955e-04            3.617957e-05
19  2013-09-24 14:17:45     38 284.3 159.7 159.7789 5.548972e-05  8.635010 0.1310686  0.0313507295  0.006093224   1.276438e-03      0.0002480843         1  1.670862e-02    0.001170229      5.134795e-04            3.596280e-05
20  2013-09-24 14:18:00     39 285.5 159.7 159.7813 5.548972e-05  8.637401 0.1310686  0.0314546270  0.006093225   1.280669e-03      0.0002480844         1  1.793065e-02    0.001163825      5.510340e-04            3.576597e-05
21  2013-09-24 14:18:15     40 286.8 159.7 159.7837 5.548972e-05  8.639793 0.1310686  0.0315585245  0.006093227   1.284899e-03      0.0002480845         1  1.925451e-02    0.001157003      5.917181e-04            3.555634e-05
22  2013-09-24 14:18:30     41 288.1 159.9 159.9861 5.548972e-05  8.842185 0.1310686  0.0403510251  0.006093384   1.642884e-03      0.0002480909         1  2.057836e-02    0.001150306      6.324021e-04            3.535053e-05
23  2013-09-24 14:18:45     42 289.4 160.1 160.1885 5.548972e-05  9.044576 0.1310686  0.0491435257  0.006093543   2.000869e-03      0.0002480974         1  2.190222e-02    0.001143735      6.730862e-04            3.514860e-05
24  2013-09-24 14:19:00     43 290.7 159.9 159.9909 5.548972e-05  8.846968 0.1310686  0.0405588201  0.006093387   1.651344e-03      0.0002480910         1  2.322608e-02    0.001137293      7.137702e-04            3.495061e-05
25  2013-09-24 14:19:15     44 292.0 159.7 159.7933 5.548972e-05  8.649359 0.1310686  0.0319741146  0.006093234   1.301819e-03      0.0002480848         1  2.454994e-02    0.001130981      7.544543e-04            3.475664e-05
26  2013-09-24 14:19:30     45 293.3 159.9 159.9957 5.548972e-05  8.851751 0.1310686  0.0407666152  0.006093391   1.659804e-03      0.0002480912         1  2.587380e-02    0.001124802      7.951383e-04            3.456675e-05
27  2013-09-24 14:19:45     46 294.6 160.0 160.0981 5.548972e-05  8.954143 0.1310686  0.0452148142  0.006093472   1.840912e-03      0.0002480944         1  2.719766e-02    0.001118758      8.358224e-04            3.438101e-05
28  2013-09-24 14:20:00     47 295.9 159.9 160.0004 5.548972e-05  8.856534 0.1310686  0.0409744102  0.006093395   1.668265e-03      0.0002480913         1  2.852152e-02    0.001112851      8.765064e-04            3.419948e-05
29  2013-09-24 14:20:15     48 297.3 159.9 160.0028 5.548972e-05  8.858926 0.1310686  0.0410783077  0.006093397   1.672495e-03      0.0002480914         1  2.994721e-02    0.001106646      9.203200e-04            3.400879e-05
30  2013-09-24 14:20:30     49 298.5 159.9 160.0052 5.548972e-05  8.861317 0.1310686  0.0411822052  0.006093398   1.676725e-03      0.0002480915         1  3.116924e-02    0.001101458      9.578745e-04            3.384936e-05
31  2013-09-24 14:20:45     50 299.8 160.0 160.1076 5.548972e-05  8.963709 0.1310686  0.0456304043  0.006093479   1.857832e-03      0.0002480947         1  3.249310e-02    0.001095976      9.985586e-04            3.368089e-05
32  2013-09-24 14:21:00     51 301.1 160.1 160.2100 5.548972e-05  9.066100 0.1310686  0.0500786033  0.006093561   2.038940e-03      0.0002480981         1  3.381696e-02    0.001090640      1.039243e-03            3.351691e-05
33  2013-09-24 14:21:15     52 302.4 160.2 160.3124 5.548972e-05  9.168492 0.1310686  0.0545268024  0.006093643   2.220048e-03      0.0002481014         1  3.514081e-02    0.001085453      1.079927e-03            3.335748e-05
34  2013-09-24 14:21:30     53 303.6 160.0 160.1148 5.548972e-05  8.970884 0.1310686  0.0459420968  0.006093485   1.870523e-03      0.0002480950         1  3.636284e-02    0.001080797      1.117481e-03            3.321442e-05
35  2013-09-24 14:21:45     54 304.9 159.9 160.0172 5.548972e-05  8.873275 0.1310686  0.0417016928  0.006093408   1.697876e-03      0.0002480918         1  3.768670e-02    0.001075900      1.158165e-03            3.306392e-05
36  2013-09-24 14:22:00     55 306.2 160.2 160.3196 5.548972e-05  9.175667 0.1310686  0.0548384949  0.006093649   2.232738e-03      0.0002481017         1  3.901056e-02    0.001071157      1.198849e-03            3.291817e-05
37  2013-09-24 14:22:15     56 307.6 160.3 160.4220 5.548972e-05  9.278058 0.1310686  0.0592866940  0.006093732   2.413846e-03      0.0002481051         1  4.043625e-02    0.001066225      1.242663e-03            3.276659e-05
38  2013-09-24 14:22:30     57 308.8 160.2 160.3244 5.548972e-05  9.180450 0.1310686  0.0550462900  0.006093653   2.241198e-03      0.0002481018         1  4.165827e-02    0.001062143      1.280217e-03            3.264115e-05
39  2013-09-24 14:22:45     58 310.1 160.2 160.3268 5.548972e-05  9.182841 0.1310686  0.0551501875  0.006093655   2.245429e-03      0.0002481019         1  4.298213e-02    0.001057875      1.320901e-03            3.251000e-05
40  2013-09-24 14:23:00     59 311.4 160.2 160.3291 5.548972e-05  9.185233 0.1310686  0.0552540850  0.006093657   2.249659e-03      0.0002481020         1  4.430599e-02    0.001053770      1.361585e-03            3.238384e-05
41  2013-09-24 14:23:15     60 312.6 160.3 160.4315 5.548972e-05  9.287625 0.1310686  0.0597022840  0.006093740   2.430766e-03      0.0002481054         1  4.552802e-02    0.001050126      1.399140e-03            3.227186e-05
42  2013-09-24 14:23:30     61 313.8 160.4 160.5339 5.548972e-05  9.390016 0.1310686  0.0641504831  0.006093825   2.611874e-03      0.0002481088         1  4.675004e-02    0.001046624      1.436695e-03            3.216423e-05
43  2013-09-24 14:23:45     62 315.2 160.5 160.6363 5.548972e-05  9.492408 0.1310686  0.0685986821  0.006093910   2.792981e-03      0.0002481123         1  4.817573e-02    0.001042718      1.480508e-03            3.204421e-05
44  2013-09-24 14:24:00     63 316.5 160.5 160.6387 5.548972e-05  9.494799 0.1310686  0.0687025796  0.006093912   2.797211e-03      0.0002481124         1  4.949959e-02    0.001039268      1.521192e-03            3.193816e-05
45  2013-09-24 14:24:15     64 317.8 160.5 160.6411 5.548972e-05  9.497191 0.1310686  0.0688064771  0.006093914   2.801442e-03      0.0002481125         1  5.082345e-02    0.001035988      1.561876e-03            3.183738e-05
46  2013-09-24 14:24:30     65 319.0 160.6 160.7435 5.548972e-05  9.599583 0.1310686  0.0732546762  0.006094001   2.982549e-03      0.0002481160         1  5.204548e-02    0.001033115      1.599431e-03            3.174907e-05
47  2013-09-24 14:24:45     66 320.4 160.5 160.6459 5.548972e-05  9.501974 0.1310686  0.0690142722  0.006093918   2.809902e-03      0.0002481126         1  5.347117e-02    0.001029950      1.643244e-03            3.165180e-05
48  2013-09-24 14:25:00     67 321.7 160.6 160.7483 5.548972e-05  9.604366 0.1310686  0.0734624712  0.006094005   2.991009e-03      0.0002481161         1  5.479503e-02    0.001027193      1.683928e-03            3.156709e-05
49  2013-09-24 14:25:15     68 323.0 160.6 160.7507 5.548972e-05  9.606757 0.1310686  0.0735663687  0.006094007   2.995240e-03      0.0002481162         1  5.611889e-02    0.001024614      1.724612e-03            3.148784e-05
50  2013-09-24 14:25:30     69 324.3 160.7 160.8531 5.548972e-05  9.709149 0.1310686  0.0780145678  0.006094094   3.176347e-03      0.0002481198         1  5.744275e-02    0.001022214      1.765296e-03            3.141407e-05
51  2013-09-24 14:25:45     70 325.6 160.7 160.8555 5.548972e-05  9.711540 0.1310686  0.0781184653  0.006094096   3.180577e-03      0.0002481199         1  5.876661e-02    0.001019993      1.805981e-03            3.134583e-05
52  2013-09-24 14:26:00     71 326.8 160.8 160.9578 5.548972e-05  9.813932 0.1310686  0.0825666643  0.006094184   3.361685e-03      0.0002481235         1  5.998863e-02    0.001018104      1.843535e-03            3.128778e-05
53  2013-09-24 14:26:15     72 328.1 160.6 160.7602 5.548972e-05  9.616324 0.1310686  0.0739819588  0.006094015   3.012160e-03      0.0002481166         1  6.131249e-02    0.001016233      1.884219e-03            3.123027e-05
54  2013-09-24 14:26:30     73 329.5 160.7 160.8626 5.548972e-05  9.718715 0.1310686  0.0784301578  0.006094102   3.193268e-03      0.0002481201         1  6.273818e-02    0.001014422      1.928033e-03            3.117463e-05
55  2013-09-24 14:26:45     74 330.7 160.7 160.8650 5.548972e-05  9.721107 0.1310686  0.0785340554  0.006094104   3.197498e-03      0.0002481202         1  6.396021e-02    0.001013040      1.965587e-03            3.113216e-05
56  2013-09-24 14:27:00     75 332.0 160.8 160.9674 5.548972e-05  9.823498 0.1310686  0.0829822544  0.006094193   3.378605e-03      0.0002481238         1  6.528407e-02    0.001011721      2.006271e-03            3.109161e-05
57  2013-09-24 14:27:15     76 333.4 161.0 161.1698 5.548972e-05 10.025890 0.1310686  0.0917747550  0.006094370   3.736590e-03      0.0002481310         1  6.670976e-02    0.001010508      2.050085e-03            3.105432e-05
58  2013-09-24 14:27:30     77 334.7 161.0 161.1722 5.548972e-05 10.028282 0.1310686  0.0918786525  0.006094372   3.740820e-03      0.0002481311         1  6.803362e-02    0.001009574      2.090769e-03            3.102564e-05
59  2013-09-24 14:27:45     78 336.0 161.0 161.1746 5.548972e-05 10.030673 0.1310686  0.0919825500  0.006094375   3.745051e-03      0.0002481312         1  6.935748e-02    0.001008828      2.131453e-03            3.100270e-05
60  2013-09-24 14:28:00     79 337.3 161.0 161.1770 5.548972e-05 10.033065 0.1310686  0.0920864475  0.006094377   3.749281e-03      0.0002481313         1  7.068134e-02    0.001008268      2.172137e-03            3.098550e-05
61  2013-09-24 14:28:15     80 338.7 161.1 161.2794 5.548972e-05 10.135456 0.1310686  0.0965346465  0.006094468   3.930388e-03      0.0002481350         1  7.210703e-02    0.001007875      2.215951e-03            3.097343e-05
62  2013-09-24 14:28:30     81 340.0 161.1 161.2818 5.548972e-05 10.137848 0.1310686  0.0966385441  0.006094470   3.934618e-03      0.0002481351         1  7.343089e-02    0.001007706      2.256635e-03            3.096821e-05
63  2013-09-24 14:28:45     82 341.4 161.2 161.3842 5.548972e-05 10.240239 0.1310686  0.1010867431  0.006094562   4.115726e-03      0.0002481388         1  7.485659e-02    0.001007733      2.300448e-03            3.096904e-05
64  2013-09-24 14:29:00     83 342.7 161.1 161.2865 5.548972e-05 10.142631 0.1310686  0.0968463391  0.006094474   3.943079e-03      0.0002481353         1  7.618044e-02    0.001007953      2.341132e-03            3.097581e-05
65  2013-09-24 14:29:15     84 344.0 161.3 161.4889 5.548972e-05 10.345023 0.1310686  0.1056388397  0.006094657   4.301064e-03      0.0002481427         1  7.750430e-02    0.001008361      2.381816e-03            3.098834e-05
66  2013-09-24 14:29:30     85 345.5 161.3 161.4913 5.548972e-05 10.347414 0.1310686  0.1057427372  0.006094660   4.305294e-03      0.0002481428         1  7.903183e-02    0.001009064      2.428759e-03            3.100996e-05
67  2013-09-24 14:29:45     86 346.9 161.3 161.4937 5.548972e-05 10.349806 0.1310686  0.1058466347  0.006094662   4.309524e-03      0.0002481429         1  8.045753e-02    0.001009945      2.472573e-03            3.103703e-05
68  2013-09-24 14:30:00     87 348.4 161.3 161.4961 5.548972e-05 10.352197 0.1310686  0.1059505322  0.006094664   4.313754e-03      0.0002481430         1  8.198506e-02    0.001011129      2.519516e-03            3.107342e-05
69  2013-09-24 14:30:15     88 349.8 161.4 161.5985 5.548972e-05 10.454589 0.1310686  0.1103987313  0.006094758   4.494862e-03      0.0002481468         1  8.341075e-02    0.001012458      2.563330e-03            3.111425e-05
70  2013-09-24 14:30:30     89 351.3 161.4 161.6009 5.548972e-05 10.456981 0.1310686  0.1105026288  0.006094760   4.499092e-03      0.0002481469         1  8.493828e-02    0.001014119      2.610273e-03            3.116531e-05
71  2013-09-24 14:30:45     90 352.8 161.4 161.6033 5.548972e-05 10.459372 0.1310686  0.1106065263  0.006094763   4.503322e-03      0.0002481470         1  8.646581e-02    0.001016026      2.657216e-03            3.122391e-05
72  2013-09-24 14:31:00     91 354.4 161.6 161.8057 5.548972e-05 10.661764 0.1310686  0.1193990268  0.006094951   4.861307e-03      0.0002481547         1  8.809518e-02    0.001018329      2.707289e-03            3.129468e-05
73  2013-09-24 14:31:15     92 356.0 161.7 161.9081 5.548972e-05 10.764155 0.1310686  0.1238472259  0.006095048   5.042414e-03      0.0002481586         1  8.972454e-02    0.001020907      2.757361e-03            3.137392e-05
74  2013-09-24 14:31:30     93 357.5 161.5 161.7105 5.548972e-05 10.566547 0.1310686  0.1152625204  0.006094862   4.692890e-03      0.0002481511         1  9.125207e-02    0.001023573      2.804305e-03            3.145584e-05
75  2013-09-24 14:31:45     94 359.3 161.6 161.8129 5.548972e-05 10.668938 0.1310686  0.1197107194  0.006094958   4.873997e-03      0.0002481550         1  9.308511e-02    0.001027087      2.860636e-03            3.156382e-05
76  2013-09-24 14:32:00     95 360.9 161.7 161.9152 5.548972e-05 10.771330 0.1310686  0.1241589184  0.006095055   5.055105e-03      0.0002481589         1  9.471447e-02    0.001030496      2.910709e-03            3.166858e-05
77  2013-09-24 14:32:15     96 362.5 161.7 161.9176 5.548972e-05 10.773722 0.1310686  0.1242628160  0.006095057   5.059335e-03      0.0002481590         1  9.634384e-02    0.001034170      2.960782e-03            3.178151e-05
78  2013-09-24 14:32:30     97 364.3 161.8 162.0200 5.548972e-05 10.876113 0.1310686  0.1287110150  0.006095155   5.240442e-03      0.0002481630         1  9.817687e-02    0.001038619      3.017113e-03            3.191822e-05
79  2013-09-24 14:32:45     98 366.1 161.8 162.0224 5.548972e-05 10.878505 0.1310686  0.1288149125  0.006095158   5.244673e-03      0.0002481631         1  1.000099e-01    0.001043396      3.073445e-03            3.206503e-05
80  2013-09-24 14:33:00     99 368.0 161.9 162.1248 5.548972e-05 10.980896 0.1310686  0.1332631116  0.006095256   5.425780e-03      0.0002481671         1  1.019448e-01    0.001048791      3.132906e-03            3.223081e-05
81  2013-09-24 14:33:15    100 369.8 161.8 162.0272 5.548972e-05 10.883288 0.1310686  0.1290227075  0.006095162   5.253133e-03      0.0002481633         1  1.037778e-01    0.001054229      3.189238e-03            3.239796e-05
82  2013-09-24 14:33:30    101 371.4 161.6 161.8296 5.548972e-05 10.685679 0.1310686  0.1204380020  0.006094974   4.903608e-03      0.0002481556         1  1.054072e-01    0.001059328      3.239311e-03            3.255464e-05
83  2013-09-24 14:33:45    102 373.2 161.8 162.0320 5.548972e-05 10.888071 0.1310686  0.1292305026  0.006095167   5.261593e-03      0.0002481635         1  1.072402e-01    0.001065357      3.295643e-03            3.273991e-05
84  2013-09-24 14:34:00    103 375.1 161.8 162.0344 5.548972e-05 10.890463 0.1310686  0.1293344001  0.006095169   5.265823e-03      0.0002481636         1  1.091751e-01    0.001072050      3.355104e-03            3.294562e-05
85  2013-09-24 14:34:15    104 376.8 161.7 161.9368 5.548972e-05 10.792854 0.1310686  0.1250939961  0.006095076   5.093176e-03      0.0002481597         1  1.109063e-01    0.001078322      3.408306e-03            3.313836e-05
86  2013-09-24 14:34:30    105 378.7 161.9 162.1392 5.548972e-05 10.995246 0.1310686  0.1338864967  0.006095270   5.451161e-03      0.0002481677         1  1.128412e-01    0.001085642      3.467768e-03            3.336330e-05
87  2013-09-24 14:34:45    106 380.5 161.9 162.1415 5.548972e-05 10.997637 0.1310686  0.1339903942  0.006095273   5.455391e-03      0.0002481678         1  1.146742e-01    0.001092872      3.524099e-03            3.358549e-05
88  2013-09-24 14:35:00    107 382.5 161.8 162.0439 5.548972e-05 10.900029 0.1310686  0.1297499902  0.006095178   5.282744e-03      0.0002481639         1  1.167109e-01    0.001101236      3.586690e-03            3.384254e-05
89  2013-09-24 14:35:15    108 384.2 162.0 162.2463 5.548972e-05 11.102421 0.1310686  0.1385424907  0.006095375   5.640729e-03      0.0002481719         1  1.184421e-01    0.001108614      3.639892e-03            3.406928e-05
90  2013-09-24 14:35:30    109 386.3 162.1 162.3487 5.548972e-05 11.204812 0.1310686  0.1429906898  0.006095476   5.821836e-03      0.0002481760         1  1.205806e-01    0.001118060      3.705613e-03            3.435957e-05
91  2013-09-24 14:35:45    110 388.2 162.1 162.3511 5.548972e-05 11.207204 0.1310686  0.1430945873  0.006095478   5.826067e-03      0.0002481761         1  1.225155e-01    0.001126916      3.765074e-03            3.463173e-05
92  2013-09-24 14:36:00    111 390.2 162.1 162.3535 5.548972e-05 11.209595 0.1310686  0.1431984848  0.006095481   5.830297e-03      0.0002481762         1  1.245522e-01    0.001136548      3.827665e-03            3.492773e-05
93  2013-09-24 14:36:15    112 392.3 162.2 162.4559 5.548972e-05 11.311987 0.1310686  0.1476466838  0.006095583   6.011404e-03      0.0002481804         1  1.266908e-01    0.001146995      3.893385e-03            3.524877e-05
94  2013-09-24 14:36:30    113 394.2 162.1 162.3583 5.548972e-05 11.214378 0.1310686  0.1434062798  0.006095485   5.838757e-03      0.0002481764         1  1.286256e-01    0.001156733      3.952847e-03            3.554805e-05
95  2013-09-24 14:36:45    114 396.3 162.3 162.5607 5.548972e-05 11.416770 0.1310686  0.1521987804  0.006095688   6.196742e-03      0.0002481847         1  1.307642e-01    0.001167805      4.018567e-03            3.588830e-05
96  2013-09-24 14:37:00    115 398.5 162.4 162.6631 5.548972e-05 11.519162 0.1310686  0.1566469794  0.006095791   6.377849e-03      0.0002481889         1  1.330045e-01    0.001179742      4.087417e-03            3.625512e-05
97  2013-09-24 14:37:15    116 400.6 162.4 162.6655 5.548972e-05 11.521553 0.1310686  0.1567508770  0.006095794   6.382080e-03      0.0002481890         1  1.351431e-01    0.001191448      4.153137e-03            3.661489e-05
98  2013-09-24 14:37:30    117 402.9 162.2 162.4679 5.548972e-05 11.323945 0.1310686  0.1481661714  0.006095594   6.032555e-03      0.0002481809         1  1.374853e-01    0.001204610      4.225117e-03            3.701936e-05
99  2013-09-24 14:37:45    118 404.8 162.2 162.4702 5.548972e-05 11.326336 0.1310686  0.1482700689  0.006095597   6.036785e-03      0.0002481810         1  1.394202e-01    0.001215743      4.284578e-03            3.736149e-05
100 2013-09-24 14:38:00    119 406.8 162.3 162.5726 5.548972e-05 11.428728 0.1310686  0.1527182680  0.006095700   6.217893e-03      0.0002481852         1  1.414569e-01    0.001227708      4.347169e-03            3.772920e-05
101 2013-09-24 14:38:15    120 408.8 162.3 162.5750 5.548972e-05 11.431120 0.1310686  0.1528221655  0.006095702   6.222123e-03      0.0002481853         1  1.434936e-01    0.001239919      4.409760e-03            3.810446e-05
102 2013-09-24 14:38:30    121 410.7 162.5 162.7774 5.548972e-05 11.633511 0.1310686  0.1616146661  0.006095908   6.580108e-03      0.0002481937         1  1.454285e-01    0.001251741      4.469221e-03            3.846775e-05
103 2013-09-24 14:38:45    122 412.3 162.5 162.7798 5.548972e-05 11.635903 0.1310686  0.1617185636  0.006095911   6.584338e-03      0.0002481938         1  1.470578e-01    0.001261858      4.519294e-03            3.877868e-05
104 2013-09-24 14:39:00    123 414.0 162.4 162.6822 5.548972e-05 11.538294 0.1310686  0.1574781596  0.006095811   6.411691e-03      0.0002481897         1  1.487890e-01    0.001272767      4.572496e-03            3.911392e-05
105 2013-09-24 14:39:15    124 415.7 162.5 162.7846 5.548972e-05 11.640686 0.1310686  0.1619263586  0.006095916   6.592798e-03      0.0002481940         1  1.505202e-01    0.001283835      4.625698e-03            3.945406e-05
106 2013-09-24 14:39:30    125 417.5 162.7 162.9870 5.548972e-05 11.843077 0.1310686  0.1707188592  0.006096126   6.950783e-03      0.0002482025         1  1.523533e-01    0.001295723      4.682030e-03            3.981940e-05
107 2013-09-24 14:39:45    126 419.2 162.7 162.9894 5.548972e-05 11.845469 0.1310686  0.1708227567  0.006096128   6.955013e-03      0.0002482026         1  1.540845e-01    0.001307107      4.735232e-03            4.016923e-05
108 2013-09-24 14:40:00    127 420.6 162.7 162.9918 5.548972e-05 11.847861 0.1310686  0.1709266542  0.006096131   6.959243e-03      0.0002482027         1  1.555102e-01    0.001316592      4.779046e-03            4.046073e-05
109 2013-09-24 14:40:15    128 422.2 162.7 162.9942 5.548972e-05 11.850252 0.1310686  0.1710305517  0.006096133   6.963474e-03      0.0002482028         1  1.571395e-01    0.001327552      4.829118e-03            4.079753e-05
110 2013-09-24 14:40:30    129 423.9 162.8 163.0966 5.548972e-05 11.952644 0.1310686  0.1754787508  0.006096241   7.144581e-03      0.0002482072         1  1.588707e-01    0.001339333      4.882321e-03            4.115958e-05
111 2013-09-24 14:40:45    130 425.6 162.8 163.0989 5.548972e-05 11.955035 0.1310686  0.1755826483  0.006096243   7.148811e-03      0.0002482073         1  1.606019e-01    0.001351250      4.935523e-03            4.152583e-05
112 2013-09-24 14:41:00    131 427.3 162.9 163.2013 5.548972e-05 12.057427 0.1310686  0.1800308473  0.006096352   7.329919e-03      0.0002482117         1  1.623331e-01    0.001363301      4.988725e-03            4.189617e-05
113 2013-09-24 14:41:15    132 428.9 163.0 163.3037 5.548972e-05 12.159819 0.1310686  0.1844790464  0.006096461   7.511026e-03      0.0002482162         1  1.639625e-01    0.001374762      5.038798e-03            4.224837e-05
114 2013-09-24 14:41:30    133 430.4 162.9 163.2061 5.548972e-05 12.062210 0.1310686  0.1802386424  0.006096357   7.338379e-03      0.0002482119         1  1.654900e-01    0.001385608      5.085741e-03            4.258169e-05
115 2013-09-24 14:41:45    134 431.7 163.0 163.3085 5.548972e-05 12.164602 0.1310686  0.1846868414  0.006096467   7.519487e-03      0.0002482164         1  1.668139e-01    0.001395086      5.126425e-03            4.287296e-05
116 2013-09-24 14:42:00    135 433.1 163.0 163.3109 5.548972e-05 12.166993 0.1310686  0.1847907389  0.006096469   7.523717e-03      0.0002482165         1  1.682396e-01    0.001405372      5.170239e-03            4.318906e-05
117 2013-09-24 14:42:15    136 434.5 162.9 163.2133 5.548972e-05 12.069385 0.1310686  0.1805503349  0.006096365   7.351070e-03      0.0002482122         1  1.696653e-01    0.001415738      5.214052e-03            4.350763e-05
118 2013-09-24 14:42:30    137 435.8 163.0 163.3157 5.548972e-05 12.171776 0.1310686  0.1849985340  0.006096474   7.532177e-03      0.0002482167         1  1.709891e-01    0.001425435      5.254736e-03            4.380561e-05
119 2013-09-24 14:42:45    138 437.2 163.1 163.4181 5.548972e-05 12.274168 0.1310686  0.1894467330  0.006096585   7.713285e-03      0.0002482212         1  1.724148e-01    0.001435951      5.298550e-03            4.412879e-05
120 2013-09-24 14:43:00    139 438.7 163.0 163.3205 5.548972e-05 12.176560 0.1310686  0.1852063290  0.006096479   7.540637e-03      0.0002482169         1  1.739423e-01    0.001447302      5.345493e-03            4.447762e-05
121 2013-09-24 14:43:15    140 440.1 163.2 163.5229 5.548972e-05 12.378951 0.1310686  0.1939988295  0.006096699   7.898622e-03      0.0002482258         1  1.753680e-01    0.001457972      5.389307e-03            4.480554e-05
122 2013-09-24 14:43:30    141 441.6 163.1 163.4253 5.548972e-05 12.281343 0.1310686  0.1897584255  0.006096593   7.725975e-03      0.0002482215         1  1.768956e-01    0.001469484      5.436250e-03            4.515932e-05
123 2013-09-24 14:43:45    142 443.1 163.2 163.5276 5.548972e-05 12.383734 0.1310686  0.1942066246  0.006096704   7.907083e-03      0.0002482260         1  1.784231e-01    0.001481077      5.483193e-03            4.551559e-05
124 2013-09-24 14:44:00    143 444.5 163.2 163.5300 5.548972e-05 12.386126 0.1310686  0.1943105221  0.006096707   7.911313e-03      0.0002482262         1  1.798488e-01    0.001491968      5.527006e-03            4.585029e-05
125 2013-09-24 14:44:15    144 446.0 163.2 163.5324 5.548972e-05 12.388518 0.1310686  0.1944144196  0.006096709   7.915543e-03      0.0002482263         1  1.813763e-01    0.001503712      5.573950e-03            4.621119e-05
126 2013-09-24 14:44:30    145 447.3 163.3 163.6348 5.548972e-05 12.490909 0.1310686  0.1988626187  0.006096822   8.096650e-03      0.0002482308         1  1.827002e-01    0.001513951      5.614634e-03            4.652583e-05
127 2013-09-24 14:44:45    146 448.5 163.3 163.6372 5.548972e-05 12.493301 0.1310686  0.1989665162  0.006096824   8.100881e-03      0.0002482310         1  1.839222e-01    0.001523451      5.652188e-03            4.681779e-05
128 2013-09-24 14:45:00    147 449.8 163.4 163.7396 5.548972e-05 12.595692 0.1310686  0.2034147152  0.006096938   8.281988e-03      0.0002482356         1  1.852461e-01    0.001533795      5.692872e-03            4.713568e-05
129 2013-09-24 14:45:15    148 451.0 163.4 163.7420 5.548972e-05 12.598084 0.1310686  0.2035186127  0.006096941   8.286218e-03      0.0002482357         1  1.864681e-01    0.001543391      5.730427e-03            4.743057e-05
130 2013-09-24 14:45:30    149 452.4 163.4 163.7444 5.548972e-05 12.600475 0.1310686  0.2036225102  0.006096943   8.290448e-03      0.0002482358         1  1.878938e-01    0.001554642      5.774240e-03            4.777634e-05
131 2013-09-24 14:45:45    150 453.6 163.5 163.8468 5.548972e-05 12.702867 0.1310686  0.2080707093  0.006097058   8.471556e-03      0.0002482404         1  1.891158e-01    0.001564333      5.811795e-03            4.807416e-05
132 2013-09-24 14:46:00    151 455.0 163.7 164.0492 5.548972e-05 12.905259 0.1310686  0.2168632098  0.006097287   8.829541e-03      0.0002482498         1  1.905415e-01    0.001575694      5.855608e-03            4.842328e-05
133 2013-09-24 14:46:15    152 456.3 163.6 163.9516 5.548972e-05 12.807650 0.1310686  0.2126228058  0.006097176   8.656894e-03      0.0002482452         1  1.918654e-01    0.001586294      5.896292e-03            4.874904e-05
134 2013-09-24 14:46:30    153 457.6 163.6 163.9540 5.548972e-05 12.810042 0.1310686  0.2127267034  0.006097178   8.661124e-03      0.0002482454         1  1.931892e-01    0.001596942      5.936976e-03            4.907627e-05
135 2013-09-24 14:46:45    154 459.1 163.5 163.8563 5.548972e-05 12.712433 0.1310686  0.2084862994  0.006097068   8.488477e-03      0.0002482409         1  1.947167e-01    0.001609287      5.983920e-03            4.945564e-05
136 2013-09-24 14:47:00    155 460.5 163.6 163.9587 5.548972e-05 12.814825 0.1310686  0.2129344984  0.006097184   8.669584e-03      0.0002482456         1  1.961424e-01    0.001620864      6.027733e-03            4.981143e-05
137 2013-09-24 14:47:15    156 462.3 163.6 163.9611 5.548972e-05 12.817216 0.1310686  0.2130383959  0.006097187   8.673814e-03      0.0002482457         1  1.979755e-01    0.001635826      6.084065e-03            5.027123e-05
138 2013-09-24 14:47:30    157 463.6 163.6 163.9635 5.548972e-05 12.819608 0.1310686  0.2131422934  0.006097189   8.678045e-03      0.0002482458         1  1.992993e-01    0.001646684      6.124749e-03            5.060492e-05
139 2013-09-24 14:47:45    158 465.4 163.8 164.1659 5.548972e-05 13.022000 0.1310686  0.2219347940  0.006097420   9.036029e-03      0.0002482552         1  2.011324e-01    0.001661789      6.181081e-03            5.106913e-05
140 2013-09-24 14:48:00    159 466.7 163.8 164.1683 5.548972e-05 13.024391 0.1310686  0.2220386915  0.006097423   9.040260e-03      0.0002482553         1  2.024562e-01    0.001672749      6.221765e-03            5.140593e-05
141 2013-09-24 14:48:15    160 468.2 163.9 164.2707 5.548972e-05 13.126783 0.1310686  0.2264868905  0.006097541   9.221367e-03      0.0002482601         1  2.039838e-01    0.001685445      6.268708e-03            5.179611e-05
142 2013-09-24 14:48:30    161 469.6 164.0 164.3731 5.548972e-05 13.229174 0.1310686  0.2309350896  0.006097660   9.402475e-03      0.0002482650         1  2.054095e-01    0.001697344      6.312522e-03            5.216176e-05
143 2013-09-24 14:48:45    162 471.2 164.0 164.3755 5.548972e-05 13.231566 0.1310686  0.2310389871  0.006097663   9.406705e-03      0.0002482651         1  2.070388e-01    0.001710998      6.362594e-03            5.258136e-05
144 2013-09-24 14:49:00    163 473.0 164.1 164.4779 5.548972e-05 13.333958 0.1310686  0.2354871861  0.006097783   9.587812e-03      0.0002482700         1  2.088719e-01    0.001726428      6.418926e-03            5.305555e-05
145 2013-09-24 14:49:15    164 474.2 164.2 164.5803 5.548972e-05 13.436349 0.1310686  0.2399353852  0.006097904   9.768920e-03      0.0002482749         1  2.100939e-01    0.001736754      6.456481e-03            5.337290e-05
146 2013-09-24 14:49:30    165 475.7 164.1 164.4827 5.548972e-05 13.338741 0.1310686  0.2356949812  0.006097789   9.596273e-03      0.0002482702         1  2.116214e-01    0.001749706      6.503424e-03            5.377093e-05
147 2013-09-24 14:49:45    166 477.2 164.2 164.5850 5.548972e-05 13.441132 0.1310686  0.2401431802  0.006097910   9.777380e-03      0.0002482751         1  2.131489e-01    0.001762706      6.550367e-03            5.417044e-05
148 2013-09-24 14:50:00    167 478.5 164.2 164.5874 5.548972e-05 13.443524 0.1310686  0.2402470777  0.006097913   9.781610e-03      0.0002482753         1  2.144728e-01    0.001774010      6.591051e-03            5.451784e-05
149 2013-09-24 14:50:15    168 480.3 164.5 164.8898 5.548972e-05 13.745915 0.1310686  0.2533838798  0.006098276   1.031647e-02      0.0002482900         1  2.163058e-01    0.001789719      6.647383e-03            5.500059e-05
150 2013-09-24 14:50:30    169 482.0 164.4 164.7922 5.548972e-05 13.648307 0.1310686  0.2491434758  0.006098158   1.014383e-02      0.0002482852         1  2.180370e-01    0.001804614      6.700585e-03            5.545834e-05
151 2013-09-24 14:50:45    170 483.2 164.5 164.8946 5.548972e-05 13.750699 0.1310686  0.2535916749  0.006098282   1.032493e-02      0.0002482903         1  2.192591e-01    0.001815162      6.738139e-03            5.578250e-05
152 2013-09-24 14:51:00    171 484.5 164.5 164.8970 5.548972e-05 13.753090 0.1310686  0.2536955724  0.006098284   1.032916e-02      0.0002482904         1  2.205829e-01    0.001826620      6.778823e-03            5.613461e-05
153 2013-09-24 14:51:15    172 486.0 164.3 164.6994 5.548972e-05 13.555482 0.1310686  0.2451108668  0.006098046   9.979638e-03      0.0002482807         1  2.221104e-01    0.001839880      6.825767e-03            5.654210e-05
154 2013-09-24 14:51:30    173 487.6 164.5 164.9018 5.548972e-05 13.757873 0.1310686  0.2539033674  0.006098290   1.033762e-02      0.0002482906         1  2.237398e-01    0.001854069      6.875839e-03            5.697815e-05
155 2013-09-24 14:51:45    174 489.1 164.4 164.8042 5.548972e-05 13.660265 0.1310686  0.2496629634  0.006098172   1.016498e-02      0.0002482858         1  2.252673e-01    0.001867413      6.922782e-03            5.738822e-05
156 2013-09-24 14:52:00    175 490.8 164.5 164.9066 5.548972e-05 13.762657 0.1310686  0.2541111624  0.006098296   1.034608e-02      0.0002482909         1  2.269985e-01    0.001882583      6.975985e-03            5.785443e-05
157 2013-09-24 14:52:15    176 492.3 164.4 164.8090 5.548972e-05 13.665048 0.1310686  0.2498707584  0.006098178   1.017344e-02      0.0002482861         1  2.285261e-01    0.001896010      7.022928e-03            5.826704e-05
158 2013-09-24 14:52:30    177 493.5 164.5 164.9114 5.548972e-05 13.767440 0.1310686  0.2543189575  0.006098302   1.035454e-02      0.0002482911         1  2.297481e-01    0.001906778      7.060482e-03            5.859797e-05
159 2013-09-24 14:52:45    178 494.9 164.6 165.0137 5.548972e-05 13.869831 0.1310686  0.2587671565  0.006098427   1.053565e-02      0.0002482962         1  2.311738e-01    0.001919371      7.104296e-03            5.898496e-05
160 2013-09-24 14:53:00    179 496.0 164.7 165.1161 5.548972e-05 13.972223 0.1310686  0.2632153556  0.006098553   1.071676e-02      0.0002483013         1  2.322940e-01    0.001929287      7.138721e-03            5.928971e-05
161 2013-09-24 14:53:15    180 497.1 164.6 165.0185 5.548972e-05 13.874614 0.1310686  0.2589749515  0.006098433   1.054411e-02      0.0002482964         1  2.334142e-01    0.001939223      7.173146e-03            5.959505e-05
162 2013-09-24 14:53:30    181 498.3 164.7 165.1209 5.548972e-05 13.977006 0.1310686  0.2634231506  0.006098559   1.072522e-02      0.0002483016         1  2.346362e-01    0.001950083      7.210700e-03            5.992880e-05
163 2013-09-24 14:53:45    182 499.6 164.6 165.0233 5.548972e-05 13.879398 0.1310686  0.2591827466  0.006098439   1.055257e-02      0.0002482967         1  2.359600e-01    0.001961874      7.251384e-03            6.029114e-05
164 2013-09-24 14:54:00    183 501.5 164.7 165.1257 5.548972e-05 13.981789 0.1310686  0.2636309456  0.006098564   1.073368e-02      0.0002483018         1  2.378949e-01    0.001979151      7.310846e-03            6.082210e-05
165 2013-09-24 14:54:15    184 502.7 164.8 165.2281 5.548972e-05 14.084181 0.1310686  0.2680791447  0.006098691   1.091479e-02      0.0002483070         1  2.391169e-01    0.001990091      7.348400e-03            6.115829e-05
166 2013-09-24 14:54:30    185 504.1 164.7 165.1305 5.548972e-05 13.986572 0.1310686  0.2638387407  0.006098570   1.074214e-02      0.0002483020         1  2.405426e-01    0.002002880      7.392214e-03            6.155132e-05
167 2013-09-24 14:54:45    186 505.6 164.8 165.2329 5.548972e-05 14.088964 0.1310686  0.2682869397  0.006098697   1.092325e-02      0.0002483072         1  2.420702e-01    0.002016613      7.439157e-03            6.197337e-05
168 2013-09-24 14:55:00    187 506.9 165.0 165.4353 5.548972e-05 14.291356 0.1310686  0.2770794403  0.006098951   1.128123e-02      0.0002483175         0  2.433940e-01    0.002028541      7.479841e-03            6.233991e-05
169 2013-09-24 14:55:15    188 508.1 164.6 165.0377 5.548972e-05 13.893747 0.1310686  0.2598061317  0.006098456   1.057795e-02      0.0002482974         0  2.446160e-01    0.002039571      7.517395e-03            6.267890e-05
170 2013-09-24 14:55:30    189 509.3 164.6 165.0401 5.548972e-05 13.896139 0.1310686  0.2599100292  0.006098459   1.058218e-02      0.0002482975         0  2.458381e-01    0.002050621      7.554950e-03            6.301847e-05
171 2013-09-24 14:55:45    190 510.6 164.5 164.9424 5.548972e-05 13.798530 0.1310686  0.2556696252  0.006098340   1.040954e-02      0.0002482926         0  2.471619e-01    0.002062613      7.595634e-03            6.338700e-05
172 2013-09-24 14:56:00    191 512.0 164.6 165.0448 5.548972e-05 13.900922 0.1310686  0.2601178242  0.006098465   1.059064e-02      0.0002482977         0  2.485876e-01    0.002075552      7.639448e-03            6.378463e-05
173 2013-09-24 14:56:15    192 513.5 164.6 165.0472 5.548972e-05 13.903313 0.1310686  0.2602217218  0.006098468   1.059487e-02      0.0002482979         0  2.501152e-01    0.002089443      7.686391e-03            6.421151e-05
174 2013-09-24 14:56:30    193 514.9 164.8 165.2496 5.548972e-05 14.105705 0.1310686  0.2690142223  0.006098718   1.095286e-02      0.0002483081         0  2.515408e-01    0.002102433      7.730204e-03            6.461072e-05
175 2013-09-24 14:56:45    194 516.5 164.9 165.3520 5.548972e-05 14.208097 0.1310686  0.2734624214  0.006098846   1.113397e-02      0.0002483133         0  2.531702e-01    0.002117308      7.780277e-03            6.506785e-05
176 2013-09-24 14:57:00    195 517.8 165.0 165.4544 5.548972e-05 14.310488 0.1310686  0.2779106204  0.006098975   1.131507e-02      0.0002483185         0  2.544941e-01    0.002129416      7.820961e-03            6.543996e-05
177 2013-09-24 14:57:15    196 519.0 164.9 165.3568 5.548972e-05 14.212880 0.1310686  0.2736702164  0.006098852   1.114243e-02      0.0002483135         0  2.557161e-01    0.002140611      7.858516e-03            6.578400e-05
178 2013-09-24 14:57:30    197 520.5 164.9 165.3592 5.548972e-05 14.215271 0.1310686  0.2737741139  0.006098855   1.114666e-02      0.0002483136         0  2.572436e-01    0.002154628      7.905459e-03            6.621476e-05
179 2013-09-24 14:57:45    198 522.2 164.9 165.3616 5.548972e-05 14.217663 0.1310686  0.2738780114  0.006098858   1.115089e-02      0.0002483137         0  2.589748e-01    0.002170545      7.958661e-03            6.670391e-05
180 2013-09-24 14:58:00    199 523.7 165.0 165.4640 5.548972e-05 14.320054 0.1310686  0.2783262105  0.006098987   1.133199e-02      0.0002483190         0  2.605024e-01    0.002184616      8.005604e-03            6.713633e-05
181 2013-09-24 14:58:15    200 525.2 164.8 165.2664 5.548972e-05 14.122446 0.1310686  0.2697415049  0.006098739   1.098247e-02      0.0002483089         0  2.620299e-01    0.002198712      8.052547e-03            6.756951e-05
182 2013-09-24 14:58:30    201 526.3 164.9 165.3687 5.548972e-05 14.224838 0.1310686  0.2741897040  0.006098867   1.116358e-02      0.0002483141         0  2.631501e-01    0.002209064      8.086972e-03            6.788764e-05
183 2013-09-24 14:58:45    202 527.7 164.8 165.2711 5.548972e-05 14.127229 0.1310686  0.2699493000  0.006098745   1.099093e-02      0.0002483091         0  2.645758e-01    0.002222258      8.130786e-03            6.829310e-05
184 2013-09-24 14:59:00    203 528.9 164.1 164.5735 5.548972e-05 13.429621 0.1310686  0.2396430868  0.006097896   9.757019e-03      0.0002482746         0  2.657978e-01    0.002233583      8.168340e-03            6.864114e-05

$dryleafvolt
            timestamp record LWSmV  SEmV    CSEmV     CSEmV.sd   loadmV loadmV.sd
1 2013-09-24 14:11:45     14 266.4 158.9 158.9215 5.548972e-05 7.777612 0.1310686
2 2013-09-24 14:12:00     15 266.4 159.6 159.6239 5.548972e-05 8.480003 0.1310686
3 2013-09-24 14:12:15     16 266.4 158.9 158.9263 5.548972e-05 7.782395 0.1310686
4 2013-09-24 14:12:30     17 266.4 159.0 159.0287 5.548972e-05 7.884787 0.1310686
5 2013-09-24 14:12:45     18 266.4 158.9 158.9311 5.548972e-05 7.787178 0.1310686
6 2013-09-24 14:13:00     19 266.4 158.9 158.9335 5.548972e-05 7.789570 0.1310686
7 2013-09-24 14:13:15     20 266.4 159.0 159.0359 5.548972e-05 7.891961 0.1310686

$runtime
Time difference of 45.75 mins

$startcalibvolt
            timestamp record LWSmV  SEmV    CSEmV     CSEmV.sd   loadmV loadmV.sd
1 2013-09-24 14:10:00      7 266.4 273.7 273.7048 5.548972e-05 122.5609 0.1310686
2 2013-09-24 14:10:15      8 266.4 273.9 273.9072 5.548972e-05 122.7633 0.1310686
3 2013-09-24 14:10:30      9 266.4 273.8 273.8096 5.548972e-05 122.6657 0.1310686
4 2013-09-24 14:10:45     10 266.4 273.9 273.9120 5.548972e-05 122.7680 0.1310686

$endcalibvolt
            timestamp record LWSmV  SEmV
1 2013-09-24 15:02:15    216 267.1 273.5
2 2013-09-24 15:02:30    217 267.1 273.5
3 2013-09-24 15:02:45    218 267.1 273.5
4 2013-09-24 15:03:00    219 267.1 273.7
5 2013-09-24 15:03:15    220 267.1 273.6

$lastLWSvolt
[1] 529.4

$maxLWSvolt
[1] 530

$species
[1] "blueoak"

$trial
[1] "2"

$replicate
[1] "1"

$isvertical
[1] FALSE

$conversionfactor
         avg        stdev
1 0.04344302 2.320499e-05

$LWSwatermass
       avg       stdev
1 0.282951 0.004351502

$dryleafmass
        avg       stdev
1 0.3437801 0.002159955

$lwsmodel

Call:
lm(formula = LWSsurfacedensity ~ record, data = rd[rd$runfilter == 
    1, ])

Coefficients:
(Intercept)       record  
 -1.512e-03    4.852e-05  


$leafmodel

Call:
lm(formula = surfacedensity ~ record, data = rd[rd$runfilter == 
    1, ])

Coefficients:
(Intercept)       record  
 -1.468e-03    6.666e-05  


