$name
[1] "blueoak6"

$leafarea
[1] 17.50639

$startbasevolt
            timestamp record LWSmV  SEmV CSEmV CSEmV.sd      loadmV  loadmV.sd
1 2013-09-25 15:49:00      2 265.7 137.5 137.5        0  0.06893827 0.05098724
2 2013-09-25 15:49:15      3 265.7 137.4 137.4        0 -0.03106173 0.05098724
3 2013-09-25 15:49:30      4 265.7 137.5 137.5        0  0.06893827 0.05098724
4 2013-09-25 15:49:45      5 265.7 137.4 137.4        0 -0.03106173 0.05098724
5 2013-09-25 15:50:00      6 265.7 137.4 137.4        0 -0.03106173 0.05098724
6 2013-09-25 15:50:15      7 265.7 137.4 137.4        0 -0.03106173 0.05098724

$endbasevolt
            timestamp record LWSmV  SEmV    CSEmV     CSEmV.sd      loadmV  loadmV.sd
1 2013-09-25 16:45:45    229 265.8 136.6 137.3564 2.295101e-05 -0.07461728 0.05098724
2 2013-09-25 16:46:00    230 265.7 136.7 137.4599 2.295101e-05  0.02879012 0.05098724
3 2013-09-25 16:46:15    231 265.7 136.7 137.4633 2.295101e-05  0.03219753 0.05098724

$dryragvolt
            timestamp record LWSmV  SEmV    CSEmV     CSEmV.sd   loadmV  loadmV.sd
1 2013-09-25 16:42:00    214 497.9 282.7 283.4053 2.295101e-05 145.9743 0.05098724
2 2013-09-25 16:42:15    215 497.5 282.5 283.2087 2.295101e-05 145.7777 0.05098724
3 2013-09-25 16:42:30    216 497.4 282.5 283.2121 2.295101e-05 145.7811 0.05098724
4 2013-09-25 16:42:45    217 496.8 282.3 283.0156 2.295101e-05 145.5845 0.05098724

$wetragvolt
            timestamp record LWSmV  SEmV    CSEmV     CSEmV.sd   loadmV  loadmV.sd
1 2013-09-25 16:43:30    220 266.6 288.0 288.7258 2.295101e-05 151.2947 0.05098724
2 2013-09-25 16:43:45    221 266.4 287.7 288.4292 2.295101e-05 150.9981 0.05098724
3 2013-09-25 16:44:00    222 266.0 287.8 288.5326 2.295101e-05 151.1015 0.05098724

$rundata
              timestamp record LWSmV  SEmV    CSEmV     CSEmV.sd   loadmV  loadmV.sd    watermass watermass.sd surfacedensity surfacedensity.sd runfilter      LWSwater LWSwater.stdev LWSsurfacedensity LWSsurfacedensity.stdev
1   2013-09-25 15:54:45     25 265.7 142.2 142.2613 2.295101e-05 4.830272 0.05098724 -0.007591920  0.002392532  -0.0004336656      0.0001366662         0 -2.232744e-03    0.001281556     -6.861538e-05            3.938403e-05
2   2013-09-25 15:55:00     26 266.0 142.2 142.2647 2.295101e-05 4.833679 0.05098724 -0.007443942  0.002392532  -0.0004252128      0.0001366662         0 -1.927238e-03    0.001279597     -5.922675e-05            3.932383e-05
3   2013-09-25 15:55:15     27 266.4 142.2 142.2681 2.295101e-05 4.837086 0.05098724 -0.007295964  0.002392533  -0.0004167600      0.0001366663         0 -1.519897e-03    0.001276993     -4.670858e-05            3.924379e-05
4   2013-09-25 15:55:30     28 266.9 142.3 142.3716 2.295101e-05 4.940494 0.05098724 -0.002805150  0.002392550  -0.0001602358      0.0001366672         0 -1.010721e-03    0.001273750     -3.106087e-05            3.914413e-05
5   2013-09-25 15:55:45     29 267.3 142.3 142.3750 2.295101e-05 4.943901 0.05098724 -0.002657172  0.002392551  -0.0001517830      0.0001366673         0 -6.033795e-04    0.001271165     -1.854270e-05            3.906470e-05
6   2013-09-25 15:56:00     30 267.9 142.3 142.3784 2.295101e-05 4.947309 0.05098724 -0.002509194  0.002392551  -0.0001433302      0.0001366673         0  7.632394e-06    0.001267305      2.345542e-07            3.894607e-05
7   2013-09-25 15:56:15     31 268.6 142.4 142.4818 2.295101e-05 5.050716 0.05098724  0.001981620  0.002392569   0.0001131941      0.0001366683         0  7.204796e-04    0.001262827      2.214135e-05            3.880844e-05
8   2013-09-25 15:56:30     32 269.3 142.4 142.4852 2.295101e-05 5.054123 0.05098724  0.002129598  0.002392570   0.0001216469      0.0001366683         0  1.433327e-03    0.001258376      4.404815e-05            3.867167e-05
9   2013-09-25 15:56:45     33 270.1 142.4 142.4886 2.295101e-05 5.057531 0.05098724  0.002277576  0.002392570   0.0001300997      0.0001366684         0  2.248009e-03    0.001253324      6.908449e-05            3.851641e-05
10  2013-09-25 15:57:00     34 270.9 142.4 142.4920 2.295101e-05 5.060938 0.05098724  0.002425554  0.002392571   0.0001385525      0.0001366684         0  3.062692e-03    0.001248309      9.412083e-05            3.836229e-05
11  2013-09-25 15:57:15     35 271.9 142.4 142.4954 2.295101e-05 5.064346 0.05098724  0.002573532  0.002392571   0.0001470053      0.0001366684         0  4.081045e-03    0.001242093      1.254163e-04            3.817126e-05
12  2013-09-25 15:57:30     36 272.9 142.4 142.4988 2.295101e-05 5.067753 0.05098724  0.002721510  0.002392572   0.0001554581      0.0001366685         0  5.099398e-03    0.001235936      1.567117e-04            3.798205e-05
13  2013-09-25 15:57:45     37 273.9 142.6 142.7022 2.295101e-05 5.271160 0.05098724  0.011555160  0.002392608   0.0006600538      0.0001366705         0  6.117751e-03    0.001229839      1.880071e-04            3.779469e-05
14  2013-09-25 15:58:00     38 274.9 142.5 142.6056 2.295101e-05 5.174568 0.05098724  0.007360303  0.002392590   0.0004204352      0.0001366695         0  7.136104e-03    0.001223804      2.193025e-04            3.760921e-05
15  2013-09-25 15:58:15     39 276.0 142.5 142.6090 2.295101e-05 5.177975 0.05098724  0.007508281  0.002392591   0.0004288880      0.0001366696         0  8.256292e-03    0.001217236      2.537275e-04            3.740738e-05
16  2013-09-25 15:58:30     40 277.0 142.6 142.7124 2.295101e-05 5.281383 0.05098724  0.011999095  0.002392609   0.0006854122      0.0001366706         0  9.274646e-03    0.001211332      2.850229e-04            3.722594e-05
17  2013-09-25 15:58:45     41 278.2 142.6 142.7159 2.295101e-05 5.284790 0.05098724  0.012147073  0.002392610   0.0006938650      0.0001366707         0  1.049667e-02    0.001204332      3.225774e-04            3.701080e-05
18  2013-09-25 15:59:00     42 279.2 142.7 142.8193 2.295101e-05 5.388198 0.05098724  0.016637887  0.002392629   0.0009503893      0.0001366717         0  1.151502e-02    0.001198569      3.538728e-04            3.683372e-05
19  2013-09-25 15:59:15     43 280.3 142.7 142.8227 2.295101e-05 5.391605 0.05098724  0.016785865  0.002392629   0.0009588421      0.0001366718         0  1.263521e-02    0.001192307      3.882978e-04            3.664128e-05
20  2013-09-25 15:59:30     44 281.5 142.9 143.0261 2.295101e-05 5.595012 0.05098724  0.025619515  0.002392667   0.0014634378      0.0001366739         1  1.385723e-02    0.001185568      4.258523e-04            3.643418e-05
21  2013-09-25 15:59:45     45 282.6 142.9 143.0295 2.295101e-05 5.598420 0.05098724  0.025767493  0.002392668   0.0014718906      0.0001366740         1  1.497742e-02    0.001179477      4.602773e-04            3.624700e-05
22  2013-09-25 16:00:00     46 283.7 143.1 143.2329 2.295101e-05 5.801827 0.05098724  0.034601143  0.002392708   0.0019764863      0.0001366762         1  1.609761e-02    0.001173470      4.947023e-04            3.606239e-05
23  2013-09-25 16:00:15     47 284.9 143.0 143.1363 2.295101e-05 5.705235 0.05098724  0.030406285  0.002392689   0.0017368676      0.0001366751         1  1.731964e-02    0.001167014      5.322568e-04            3.586399e-05
24  2013-09-25 16:00:30     48 286.0 142.9 143.0397 2.295101e-05 5.608642 0.05098724  0.026211427  0.002392670   0.0014972490      0.0001366741         1  1.843982e-02    0.001161187      5.666817e-04            3.568490e-05
25  2013-09-25 16:00:45     49 287.1 142.9 143.0431 2.295101e-05 5.612049 0.05098724  0.026359405  0.002392671   0.0015057018      0.0001366741         1  1.956001e-02    0.001155447      6.011067e-04            3.550851e-05
26  2013-09-25 16:01:00     50 288.3 143.0 143.1465 2.295101e-05 5.715457 0.05098724  0.030850219  0.002392691   0.0017622260      0.0001366753         1  2.078204e-02    0.001149287      6.386612e-04            3.531921e-05
27  2013-09-25 16:01:15     51 289.5 143.1 143.2499 2.295101e-05 5.818864 0.05098724  0.035341033  0.002392711   0.0020187503      0.0001366764         1  2.200406e-02    0.001143235      6.762157e-04            3.513322e-05
28  2013-09-25 16:01:30     52 290.6 143.0 143.1533 2.295101e-05 5.722272 0.05098724  0.031146176  0.002392692   0.0017791316      0.0001366753         1  2.312425e-02    0.001137784      7.106407e-04            3.496570e-05
29  2013-09-25 16:01:45     53 291.7 143.0 143.1567 2.295101e-05 5.725679 0.05098724  0.031294154  0.002392693   0.0017875844      0.0001366754         1  2.424444e-02    0.001132426      7.450656e-04            3.480104e-05
30  2013-09-25 16:02:00     54 292.9 143.0 143.1601 2.295101e-05 5.729086 0.05098724  0.031442132  0.002392693   0.0017960373      0.0001366754         1  2.546646e-02    0.001126689      7.826202e-04            3.462474e-05
31  2013-09-25 16:02:15     55 294.0 142.9 143.0636 2.295101e-05 5.632494 0.05098724  0.027247274  0.002392675   0.0015564186      0.0001366743         1  2.658665e-02    0.001121531      8.170451e-04            3.446621e-05
32  2013-09-25 16:02:30     56 295.3 143.1 143.2670 2.295101e-05 5.835901 0.05098724  0.036080924  0.002392714   0.0020610143      0.0001366766         1  2.791051e-02    0.001115560      8.577292e-04            3.428274e-05
33  2013-09-25 16:02:45     57 296.4 143.1 143.2704 2.295101e-05 5.839309 0.05098724  0.036228902  0.002392715   0.0020694671      0.0001366766         1  2.903070e-02    0.001110616      8.921541e-04            3.413080e-05
34  2013-09-25 16:03:00     58 297.5 143.2 143.3738 2.295101e-05 5.942716 0.05098724  0.040719716  0.002392736   0.0023259914      0.0001366778         1  3.015088e-02    0.001105773      9.265791e-04            3.398196e-05
35  2013-09-25 16:03:15     59 298.7 143.2 143.3772 2.295101e-05 5.946123 0.05098724  0.040867694  0.002392736   0.0023344442      0.0001366779         1  3.137291e-02    0.001100605      9.641336e-04            3.382315e-05
36  2013-09-25 16:03:30     60 299.9 143.3 143.4806 2.295101e-05 6.049531 0.05098724  0.045358508  0.002392757   0.0025909684      0.0001366791         1  3.259493e-02    0.001095561      1.001688e-03            3.366812e-05
37  2013-09-25 16:03:45     61 301.1 143.2 143.3840 2.295101e-05 5.952938 0.05098724  0.041163650  0.002392738   0.0023513498      0.0001366780         1  3.381696e-02    0.001090640      1.039243e-03            3.351691e-05
38  2013-09-25 16:04:00     62 302.1 143.1 143.2874 2.295101e-05 5.856346 0.05098724  0.036968792  0.002392718   0.0021117311      0.0001366768         1  3.483531e-02    0.001086636      1.070538e-03            3.339387e-05
39  2013-09-25 16:04:15     63 303.4 143.2 143.3908 2.295101e-05 5.959753 0.05098724  0.041459606  0.002392739   0.0023682554      0.0001366780         1  3.615917e-02    0.001081564      1.111222e-03            3.323798e-05
40  2013-09-25 16:04:30     64 304.4 143.1 143.2942 2.295101e-05 5.863160 0.05098724  0.037264749  0.002392720   0.0021286367      0.0001366769         1  3.717752e-02    0.001077765      1.142518e-03            3.312125e-05
41  2013-09-25 16:04:45     65 305.6 143.3 143.4976 2.295101e-05 6.066568 0.05098724  0.046098399  0.002392761   0.0026332324      0.0001366793         1  3.839954e-02    0.001073327      1.180072e-03            3.298485e-05
42  2013-09-25 16:05:00     66 306.8 143.1 143.3010 2.295101e-05 5.869975 0.05098724  0.037560705  0.002392721   0.0021455424      0.0001366770         1  3.962157e-02    0.001069021      1.217627e-03            3.285252e-05
43  2013-09-25 16:05:15     67 307.9 143.1 143.3044 2.295101e-05 5.873383 0.05098724  0.037708683  0.002392722   0.0021539952      0.0001366770         1  4.074176e-02    0.001065192      1.252052e-03            3.273484e-05
44  2013-09-25 16:05:30     68 308.9 143.0 143.2079 2.295101e-05 5.776790 0.05098724  0.033513825  0.002392703   0.0019143765      0.0001366759         1  4.176011e-02    0.001061809      1.283347e-03            3.263089e-05
45  2013-09-25 16:05:45     69 310.0 143.2 143.4113 2.295101e-05 5.980198 0.05098724  0.042347475  0.002392743   0.0024189722      0.0001366783         1  4.288030e-02    0.001058198      1.317772e-03            3.251991e-05
46  2013-09-25 16:06:00     70 311.1 143.3 143.5147 2.295101e-05 6.083605 0.05098724  0.046838289  0.002392764   0.0026754965      0.0001366795         1  4.400049e-02    0.001054703      1.352197e-03            3.241251e-05
47  2013-09-25 16:06:15     71 312.3 143.3 143.5181 2.295101e-05 6.087012 0.05098724  0.046986267  0.002392765   0.0026839493      0.0001366795         1  4.522251e-02    0.001051024      1.389751e-03            3.229945e-05
48  2013-09-25 16:06:30     72 313.5 143.2 143.4215 2.295101e-05 5.990420 0.05098724  0.042791409  0.002392745   0.0024443306      0.0001366784         1  4.644453e-02    0.001047486      1.427306e-03            3.219073e-05
49  2013-09-25 16:06:45     73 314.6 143.3 143.5249 2.295101e-05 6.093827 0.05098724  0.047282223  0.002392767   0.0027008549      0.0001366796         1  4.756472e-02    0.001044368      1.461731e-03            3.209491e-05
50  2013-09-25 16:07:00     74 315.7 143.4 143.6283 2.295101e-05 6.197235 0.05098724  0.051773037  0.002392788   0.0029573791      0.0001366808         1  4.868491e-02    0.001041371      1.496156e-03            3.200280e-05
51  2013-09-25 16:07:15     75 317.0 143.5 143.7317 2.295101e-05 6.300642 0.05098724  0.056263851  0.002392810   0.0032139034      0.0001366821         1  5.000877e-02    0.001037986      1.536840e-03            3.189878e-05
52  2013-09-25 16:07:30     76 318.3 143.6 143.8351 2.295101e-05 6.404049 0.05098724  0.060754665  0.002392833   0.0034704276      0.0001366834         1  5.133263e-02    0.001034773      1.577524e-03            3.180003e-05
53  2013-09-25 16:07:45     77 319.5 143.6 143.8385 2.295101e-05 6.407457 0.05098724  0.060902644  0.002392833   0.0034788804      0.0001366834         1  5.255465e-02    0.001031961      1.615078e-03            3.171361e-05
54  2013-09-25 16:08:00     78 320.7 143.6 143.8419 2.295101e-05 6.410864 0.05098724  0.061050622  0.002392834   0.0034873332      0.0001366835         1  5.377668e-02    0.001029298      1.652633e-03            3.163177e-05
55  2013-09-25 16:08:15     79 321.8 143.5 143.7453 2.295101e-05 6.314272 0.05098724  0.056855764  0.002392813   0.0032477146      0.0001366823         1  5.489686e-02    0.001026989      1.687058e-03            3.156080e-05
56  2013-09-25 16:08:30     80 323.0 143.5 143.7487 2.295101e-05 6.317679 0.05098724  0.057003742  0.002392814   0.0032561674      0.0001366823         1  5.611889e-02    0.001024614      1.724612e-03            3.148784e-05
57  2013-09-25 16:08:45     81 323.9 143.7 143.9521 2.295101e-05 6.521086 0.05098724  0.065837392  0.002392858   0.0037607631      0.0001366848         1  5.703541e-02    0.001022933      1.752778e-03            3.143618e-05
58  2013-09-25 16:09:00     82 325.2 143.8 144.0556 2.295101e-05 6.624494 0.05098724  0.070328206  0.002392881   0.0040172873      0.0001366862         1  5.835926e-02    0.001020657      1.793462e-03            3.136623e-05
59  2013-09-25 16:09:15     83 326.3 143.6 143.8590 2.295101e-05 6.427901 0.05098724  0.061790512  0.002392838   0.0035295972      0.0001366837         1  5.947945e-02    0.001018873      1.827887e-03            3.131139e-05
60  2013-09-25 16:09:30     84 327.4 143.7 143.9624 2.295101e-05 6.531309 0.05098724  0.066281326  0.002392861   0.0037861215      0.0001366850         1  6.059964e-02    0.001017218      1.862312e-03            3.126054e-05
61  2013-09-25 16:09:45     85 328.6 143.6 143.8658 2.295101e-05 6.434716 0.05098724  0.062086468  0.002392839   0.0035465029      0.0001366837         1  6.182167e-02    0.001015562      1.899867e-03            3.120965e-05
62  2013-09-25 16:10:00     86 329.8 143.6 143.8692 2.295101e-05 6.438123 0.05098724  0.062234447  0.002392840   0.0035549557      0.0001366838         1  6.304369e-02    0.001014062      1.937421e-03            3.116356e-05
63  2013-09-25 16:10:15     87 330.9 143.4 143.6726 2.295101e-05 6.241531 0.05098724  0.053696753  0.002392798   0.0030672656      0.0001366814         1  6.416388e-02    0.001012825      1.971846e-03            3.112555e-05
64  2013-09-25 16:10:30     88 332.1 143.5 143.7760 2.295101e-05 6.344938 0.05098724  0.058187567  0.002392820   0.0033237898      0.0001366826         1  6.538590e-02    0.001011627      2.009401e-03            3.108873e-05
65  2013-09-25 16:10:45     89 333.4 143.8 144.0794 2.295101e-05 6.648346 0.05098724  0.071364053  0.002392887   0.0040764570      0.0001366865         1  6.670976e-02    0.001010508      2.050085e-03            3.105432e-05
66  2013-09-25 16:11:00     90 334.6 143.7 143.9828 2.295101e-05 6.551753 0.05098724  0.067169195  0.002392865   0.0038368383      0.0001366852         1  6.793178e-02    0.001009640      2.087639e-03            3.102764e-05
67  2013-09-25 16:11:15     91 335.8 143.7 143.9862 2.295101e-05 6.555160 0.05098724  0.067317173  0.002392866   0.0038452911      0.0001366853         1  6.915381e-02    0.001008930      2.125194e-03            3.100585e-05
68  2013-09-25 16:11:30     92 337.1 143.7 143.9896 2.295101e-05 6.558568 0.05098724  0.067465151  0.002392867   0.0038537439      0.0001366853         1  7.047767e-02    0.001008342      2.165878e-03            3.098777e-05
69  2013-09-25 16:11:45     93 338.4 143.8 144.0930 2.295101e-05 6.661975 0.05098724  0.071955965  0.002392890   0.0041102682      0.0001366866         1  7.180153e-02    0.001007941      2.206562e-03            3.097546e-05
70  2013-09-25 16:12:00     94 339.6 143.8 144.0964 2.295101e-05 6.665383 0.05098724  0.072103943  0.002392891   0.0041187210      0.0001366867         1  7.302355e-02    0.001007738      2.244116e-03            3.096920e-05
71  2013-09-25 16:12:15     95 341.0 143.8 144.0999 2.295101e-05 6.668790 0.05098724  0.072251921  0.002392891   0.0041271738      0.0001366867         1  7.444924e-02    0.001007703      2.287930e-03            3.096812e-05
72  2013-09-25 16:12:30     96 342.3 143.9 144.2033 2.295101e-05 6.772198 0.05098724  0.076742735  0.002392915   0.0043836980      0.0001366881         1  7.577310e-02    0.001007865      2.328614e-03            3.097311e-05
73  2013-09-25 16:12:45     97 343.7 144.0 144.3067 2.295101e-05 6.875605 0.05098724  0.081233549  0.002392939   0.0046402223      0.0001366894         1  7.719880e-02    0.001008250      2.372428e-03            3.098494e-05
74  2013-09-25 16:13:00     98 345.0 144.0 144.3101 2.295101e-05 6.879012 0.05098724  0.081381527  0.002392940   0.0046486751      0.0001366895         1  7.852266e-02    0.001008802      2.413112e-03            3.100190e-05
75  2013-09-25 16:13:15     99 346.4 143.8 144.1135 2.295101e-05 6.682420 0.05098724  0.072843834  0.002392894   0.0041609850      0.0001366869         1  7.994835e-02    0.001009606      2.456925e-03            3.102660e-05
76  2013-09-25 16:13:30    100 347.8 143.9 144.2169 2.295101e-05 6.785827 0.05098724  0.077334648  0.002392918   0.0044175093      0.0001366883         1  8.137404e-02    0.001010626      2.500739e-03            3.105795e-05
77  2013-09-25 16:13:45    101 349.2 143.9 144.2203 2.295101e-05 6.789235 0.05098724  0.077482626  0.002392919   0.0044259621      0.0001366883         1  8.279974e-02    0.001011862      2.544553e-03            3.109594e-05
78  2013-09-25 16:14:00    102 350.7 144.1 144.4237 2.295101e-05 6.992642 0.05098724  0.086316276  0.002392967   0.0049305578      0.0001366910         1  8.432727e-02    0.001013425      2.591496e-03            3.114398e-05
79  2013-09-25 16:14:15    103 352.1 144.1 144.4271 2.295101e-05 6.996049 0.05098724  0.086464254  0.002392967   0.0049390106      0.0001366911         1  8.575296e-02    0.001015106      2.635309e-03            3.119563e-05
80  2013-09-25 16:14:30    104 353.4 144.0 144.3305 2.295101e-05 6.899457 0.05098724  0.082269396  0.002392945   0.0046993919      0.0001366898         1  8.707682e-02    0.001016857      2.675993e-03            3.124945e-05
81  2013-09-25 16:14:45    105 354.7 144.0 144.3339 2.295101e-05 6.902864 0.05098724  0.082417374  0.002392945   0.0047078447      0.0001366898         1  8.840068e-02    0.001018791      2.716677e-03            3.130890e-05
82  2013-09-25 16:15:00    106 356.3 144.0 144.3373 2.295101e-05 6.906272 0.05098724  0.082565352  0.002392946   0.0047162975      0.0001366899         1  9.003005e-02    0.001021421      2.766750e-03            3.138972e-05
83  2013-09-25 16:15:15    107 358.1 144.0 144.3407 2.295101e-05 6.909679 0.05098724  0.082713330  0.002392947   0.0047247503      0.0001366899         1  9.186308e-02    0.001024706      2.823082e-03            3.149067e-05
84  2013-09-25 16:15:30    108 359.8 144.1 144.4441 2.295101e-05 7.013086 0.05098724  0.087204144  0.002392971   0.0049812746      0.0001366913         1  9.359428e-02    0.001028123      2.876284e-03            3.159568e-05
85  2013-09-25 16:15:45    109 361.4 144.1 144.4476 2.295101e-05 7.016494 0.05098724  0.087352122  0.002392972   0.0049897274      0.0001366913         1  9.522365e-02    0.001031615      2.926357e-03            3.170300e-05
86  2013-09-25 16:16:00    110 362.8 144.0 144.3510 2.295101e-05 6.919901 0.05098724  0.083157265  0.002392949   0.0047501088      0.0001366900         1  9.664934e-02    0.001034889      2.970170e-03            3.180359e-05
87  2013-09-25 16:16:15    111 364.4 144.0 144.3544 2.295101e-05 6.923309 0.05098724  0.083305243  0.002392950   0.0047585616      0.0001366901         1  9.827871e-02    0.001038876      3.020243e-03            3.192611e-05
88  2013-09-25 16:16:30    112 366.0 144.1 144.4578 2.295101e-05 7.026716 0.05098724  0.087796057  0.002392975   0.0050150858      0.0001366915         1  9.990807e-02    0.001043122      3.070316e-03            3.205661e-05
89  2013-09-25 16:16:45    113 367.4 144.2 144.5612 2.295101e-05 7.130123 0.05098724  0.092286871  0.002393000   0.0052716101      0.0001366929         1  1.013338e-01    0.001047048      3.114129e-03            3.217727e-05
90  2013-09-25 16:17:00    114 368.9 144.1 144.4646 2.295101e-05 7.033531 0.05098724  0.088092013  0.002392976   0.0050319914      0.0001366916         1  1.028613e-01    0.001051470      3.161072e-03            3.231317e-05
91  2013-09-25 16:17:15    115 370.4 144.3 144.6680 2.295101e-05 7.236938 0.05098724  0.096925663  0.002393026   0.0055365871      0.0001366944         1  1.043888e-01    0.001056113      3.208016e-03            3.245583e-05
92  2013-09-25 16:17:30    116 371.9 144.1 144.4714 2.295101e-05 7.040346 0.05098724  0.088387969  0.002392978   0.0050488970      0.0001366917         1  1.059164e-01    0.001060972      3.254959e-03            3.260516e-05
93  2013-09-25 16:17:45    117 373.8 144.2 144.5748 2.295101e-05 7.143753 0.05098724  0.092878783  0.002393003   0.0053054213      0.0001366931         1  1.078512e-01    0.001067434      3.314420e-03            3.280375e-05
94  2013-09-25 16:18:00    118 375.4 144.3 144.6782 2.295101e-05 7.247160 0.05098724  0.097369597  0.002393028   0.0055619455      0.0001366945         1  1.094806e-01    0.001073138      3.364493e-03            3.297904e-05
95  2013-09-25 16:18:15    119 377.0 144.2 144.5816 2.295101e-05 7.150568 0.05098724  0.093174739  0.002393005   0.0053223269      0.0001366932         1  1.111100e-01    0.001079077      3.414565e-03            3.316156e-05
96  2013-09-25 16:18:30    120 378.7 144.3 144.6850 2.295101e-05 7.253975 0.05098724  0.097665553  0.002393030   0.0055788511      0.0001366946         1  1.128412e-01    0.001085642      3.467768e-03            3.336330e-05
97  2013-09-25 16:18:45    121 380.1 144.3 144.6884 2.295101e-05 7.257383 0.05098724  0.097813532  0.002393031   0.0055873039      0.0001366947         1  1.142668e-01    0.001091241      3.511581e-03            3.353536e-05
98  2013-09-25 16:19:00    122 381.6 144.4 144.7919 2.295101e-05 7.360790 0.05098724  0.102304346  0.002393056   0.0058438282      0.0001366962         1  1.157944e-01    0.001097430      3.558524e-03            3.372556e-05
99  2013-09-25 16:19:15    123 383.3 144.2 144.5953 2.295101e-05 7.164198 0.05098724  0.093766652  0.002393008   0.0053561381      0.0001366934         1  1.175256e-01    0.001104678      3.611726e-03            3.394831e-05
100 2013-09-25 16:19:30    124 385.2 144.3 144.6987 2.295101e-05 7.267605 0.05098724  0.098257466  0.002393033   0.0056126623      0.0001366948         1  1.194605e-01    0.001113067      3.671188e-03            3.420612e-05
101 2013-09-25 16:19:45    125 386.9 144.2 144.6021 2.295101e-05 7.171012 0.05098724  0.094062608  0.002393010   0.0053730437      0.0001366935         1  1.211917e-01    0.001120826      3.724390e-03            3.444455e-05
102 2013-09-25 16:20:00    126 388.9 144.4 144.8055 2.295101e-05 7.374420 0.05098724  0.102896258  0.002393060   0.0058776394      0.0001366964         1  1.232284e-01    0.001130252      3.786981e-03            3.473423e-05
103 2013-09-25 16:20:15    127 390.8 144.5 144.9089 2.295101e-05 7.477827 0.05098724  0.107387072  0.002393086   0.0061341637      0.0001366978         1  1.251632e-01    0.001139499      3.846442e-03            3.501840e-05
104 2013-09-25 16:20:30    128 392.6 144.5 144.9123 2.295101e-05 7.481235 0.05098724  0.107535050  0.002393087   0.0061426165      0.0001366979         1  1.269963e-01    0.001148515      3.902774e-03            3.529548e-05
105 2013-09-25 16:20:45    129 394.4 144.4 144.8157 2.295101e-05 7.384642 0.05098724  0.103340192  0.002393062   0.0059029978      0.0001366965         1  1.288293e-01    0.001157774      3.959106e-03            3.558003e-05
106 2013-09-25 16:21:00    130 396.1 144.4 144.8191 2.295101e-05 7.388049 0.05098724  0.103488170  0.002393063   0.0059114506      0.0001366965         1  1.305605e-01    0.001166737      4.012308e-03            3.585547e-05
107 2013-09-25 16:21:15    131 398.0 144.5 144.9225 2.295101e-05 7.491457 0.05098724  0.107978984  0.002393089   0.0061679749      0.0001366980         1  1.324954e-01    0.001176999      4.071769e-03            3.617084e-05
108 2013-09-25 16:21:30    132 400.0 144.4 144.8259 2.295101e-05 7.394864 0.05098724  0.103784127  0.002393065   0.0059283562      0.0001366966         1  1.345321e-01    0.001188073      4.134360e-03            3.651116e-05
109 2013-09-25 16:21:45    133 401.8 144.3 144.7293 2.295101e-05 7.298272 0.05098724  0.099589269  0.002393041   0.0056887376      0.0001366953         1  1.363651e-01    0.001198272      4.190692e-03            3.682458e-05
110 2013-09-25 16:22:00    134 403.7 144.4 144.8327 2.295101e-05 7.401679 0.05098724  0.104080083  0.002393067   0.0059452618      0.0001366967         1  1.383000e-01    0.001209269      4.250153e-03            3.716255e-05
111 2013-09-25 16:22:15    135 405.7 144.6 145.0361 2.295101e-05 7.605086 0.05098724  0.112913733  0.002393119   0.0064498575      0.0001366997         1  1.403367e-01    0.001221096      4.312744e-03            3.752601e-05
112 2013-09-25 16:22:30    136 407.6 144.6 145.0396 2.295101e-05 7.608494 0.05098724  0.113061711  0.002393120   0.0064583103      0.0001366998         1  1.422716e-01    0.001232563      4.372205e-03            3.787841e-05
113 2013-09-25 16:22:45    137 409.1 144.6 145.0430 2.295101e-05 7.611901 0.05098724  0.113209689  0.002393120   0.0064667631      0.0001366998         1  1.437991e-01    0.001241772      4.419148e-03            3.816139e-05
114 2013-09-25 16:23:00    138 411.1 144.6 145.0464 2.295101e-05 7.615309 0.05098724  0.113357667  0.002393121   0.0064752159      0.0001366999         1  1.458358e-01    0.001254256      4.481739e-03            3.854506e-05
115 2013-09-25 16:23:15    139 413.3 144.6 145.0498 2.295101e-05 7.618716 0.05098724  0.113505645  0.002393122   0.0064836688      0.0001366999         1  1.480762e-01    0.001268256      4.550589e-03            3.897528e-05
116 2013-09-25 16:23:30    140 415.0 144.5 144.9532 2.295101e-05 7.522123 0.05098724  0.109310787  0.002393097   0.0062440501      0.0001366985         1  1.498074e-01    0.001279259      4.603791e-03            3.931342e-05
117 2013-09-25 16:23:45    141 416.7 144.6 145.0566 2.295101e-05 7.625531 0.05098724  0.113801601  0.002393124   0.0065005744      0.0001367000         1  1.515386e-01    0.001290419      4.656994e-03            3.965638e-05
118 2013-09-25 16:24:00    142 418.1 144.6 145.0600 2.295101e-05 7.628938 0.05098724  0.113949580  0.002393125   0.0065090272      0.0001367001         1  1.529643e-01    0.001299724      4.700807e-03            3.994235e-05
119 2013-09-25 16:24:15    143 419.5 144.8 145.2634 2.295101e-05 7.832346 0.05098724  0.122783229  0.002393178   0.0070136229      0.0001367031         1  1.543900e-01    0.001309131      4.744621e-03            4.023144e-05
120 2013-09-25 16:24:30    144 420.8 144.7 145.1668 2.295101e-05 7.735753 0.05098724  0.118588372  0.002393153   0.0067740042      0.0001367017         1  1.557138e-01    0.001317955      4.785305e-03            4.050262e-05
121 2013-09-25 16:24:45    145 422.6 144.8 145.2702 2.295101e-05 7.839160 0.05098724  0.123079186  0.002393180   0.0070305285      0.0001367032         1  1.575469e-01    0.001330311      4.841637e-03            4.088234e-05
122 2013-09-25 16:25:00    146 423.7 144.8 145.2736 2.295101e-05 7.842568 0.05098724  0.123227164  0.002393181   0.0070389813      0.0001367033         1  1.586670e-01    0.001337940      4.876062e-03            4.111677e-05
123 2013-09-25 16:25:15    147 424.6 144.7 145.1770 2.295101e-05 7.745975 0.05098724  0.119032306  0.002393155   0.0067993626      0.0001367018         1  1.595836e-01    0.001344224      4.904228e-03            4.130989e-05
124 2013-09-25 16:25:30    148 425.7 144.8 145.2804 2.295101e-05 7.849383 0.05098724  0.123523120  0.002393183   0.0070558869      0.0001367034         1  1.607038e-01    0.001351956      4.938652e-03            4.154750e-05
125 2013-09-25 16:25:45    149 426.9 144.8 145.2839 2.295101e-05 7.852790 0.05098724  0.123671098  0.002393184   0.0070643397      0.0001367034         1  1.619258e-01    0.001360454      4.976207e-03            4.180867e-05
126 2013-09-25 16:26:00    150 428.4 144.6 145.0873 2.295101e-05 7.656198 0.05098724  0.115133404  0.002393132   0.0065766496      0.0001367005         1  1.634533e-01    0.001371168      5.023150e-03            4.213794e-05
127 2013-09-25 16:26:15    151 429.6 144.9 145.3907 2.295101e-05 7.959605 0.05098724  0.128309890  0.002393212   0.0073293167      0.0001367051         1  1.646753e-01    0.001379811      5.060705e-03            4.240355e-05
128 2013-09-25 16:26:30    152 430.8 145.0 145.4941 2.295101e-05 8.063012 0.05098724  0.132800704  0.002393241   0.0075858410      0.0001367067         1  1.658974e-01    0.001388517      5.098259e-03            4.267108e-05
129 2013-09-25 16:26:45    153 431.9 144.9 145.3975 2.295101e-05 7.966420 0.05098724  0.128605846  0.002393214   0.0073462223      0.0001367052         1  1.670175e-01    0.001396550      5.132684e-03            4.291796e-05
130 2013-09-25 16:27:00    154 433.2 145.0 145.5009 2.295101e-05 8.069827 0.05098724  0.133096660  0.002393242   0.0076027466      0.0001367068         1  1.683414e-01    0.001406110      5.173368e-03            4.321174e-05
131 2013-09-25 16:27:15    155 434.0 145.0 145.5043 2.295101e-05 8.073235 0.05098724  0.133244638  0.002393243   0.0076111994      0.0001367068         1  1.691561e-01    0.001412027      5.198404e-03            4.339358e-05
132 2013-09-25 16:27:30    156 435.3 144.7 145.2077 2.295101e-05 7.776642 0.05098724  0.120364109  0.002393163   0.0068754379      0.0001367023         1  1.704799e-01    0.001421697      5.239089e-03            4.369076e-05
133 2013-09-25 16:27:45    157 436.7 144.8 145.3111 2.295101e-05 7.880049 0.05098724  0.124854923  0.002393191   0.0071319621      0.0001367038         1  1.719056e-01    0.001432186      5.282902e-03            4.401310e-05
134 2013-09-25 16:28:00    158 438.0 144.7 145.2145 2.295101e-05 7.783457 0.05098724  0.120660065  0.002393165   0.0068923435      0.0001367024         1  1.732295e-01    0.001441994      5.323586e-03            4.431451e-05
135 2013-09-25 16:28:15    159 439.3 144.9 145.4179 2.295101e-05 7.986864 0.05098724  0.129493715  0.002393220   0.0073969392      0.0001367055         1  1.745534e-01    0.001451866      5.364270e-03            4.461788e-05
136 2013-09-25 16:28:30    160 440.4 145.0 145.5213 2.295101e-05 8.090272 0.05098724  0.133984529  0.002393248   0.0076534634      0.0001367071         1  1.756735e-01    0.001460268      5.398695e-03            4.487609e-05
137 2013-09-25 16:28:45    161 441.4 145.1 145.6247 2.295101e-05 8.193679 0.05098724  0.138475343  0.002393277   0.0079099877      0.0001367087         1  1.766919e-01    0.001467945      5.429991e-03            4.511201e-05
138 2013-09-25 16:29:00    162 442.5 145.0 145.5281 2.295101e-05 8.097086 0.05098724  0.134280485  0.002393250   0.0076703690      0.0001367072         1  1.778121e-01    0.001476431      5.464416e-03            4.537279e-05
139 2013-09-25 16:29:15    163 443.8 145.1 145.6316 2.295101e-05 8.200494 0.05098724  0.138771299  0.002393279   0.0079268933      0.0001367088         1  1.791359e-01    0.001486514      5.505100e-03            4.568268e-05
140 2013-09-25 16:29:30    164 445.2 145.1 145.6350 2.295101e-05 8.203901 0.05098724  0.138919277  0.002393280   0.0079353461      0.0001367089         1  1.805616e-01    0.001497439      5.548913e-03            4.601842e-05
141 2013-09-25 16:29:45    165 446.3 145.1 145.6384 2.295101e-05 8.207309 0.05098724  0.139067255  0.002393281   0.0079437989      0.0001367090         1  1.816818e-01    0.001506070      5.583338e-03            4.628364e-05
142 2013-09-25 16:30:00    166 447.3 145.1 145.6418 2.295101e-05 8.210716 0.05098724  0.139215234  0.002393281   0.0079522517      0.0001367090         1  1.827002e-01    0.001513951      5.614634e-03            4.652583e-05
143 2013-09-25 16:30:15    167 448.1 144.9 145.4452 2.295101e-05 8.014123 0.05098724  0.130677540  0.002393227   0.0074645616      0.0001367059         1  1.835149e-01    0.001520279      5.639670e-03            4.672031e-05
144 2013-09-25 16:30:30    168 449.4 145.1 145.6486 2.295101e-05 8.217531 0.05098724  0.139511190  0.002393283   0.0079691573      0.0001367091         1  1.848387e-01    0.001530606      5.680354e-03            4.703769e-05
145 2013-09-25 16:30:45    169 451.0 145.2 145.7520 2.295101e-05 8.320938 0.05098724  0.144002004  0.002393312   0.0082256816      0.0001367108         1  1.864681e-01    0.001543391      5.730427e-03            4.743057e-05
146 2013-09-25 16:31:00    170 452.4 145.1 145.6554 2.295101e-05 8.224346 0.05098724  0.139807146  0.002393285   0.0079860629      0.0001367092         1  1.878938e-01    0.001554642      5.774240e-03            4.777634e-05
147 2013-09-25 16:31:15    171 453.8 145.0 145.5588 2.295101e-05 8.127753 0.05098724  0.135612288  0.002393258   0.0077464443      0.0001367077         1  1.893195e-01    0.001565953      5.818054e-03            4.812393e-05
148 2013-09-25 16:31:30    172 455.3 144.9 145.4622 2.295101e-05 8.031160 0.05098724  0.131417430  0.002393232   0.0075068256      0.0001367062         1  1.908470e-01    0.001578135      5.864997e-03            4.849832e-05
149 2013-09-25 16:31:45    173 456.6 145.2 145.7656 2.295101e-05 8.334568 0.05098724  0.144593916  0.002393316   0.0082594928      0.0001367110         1  1.921709e-01    0.001588747      5.905681e-03            4.882442e-05
150 2013-09-25 16:32:00    174 457.6 145.1 145.6690 2.295101e-05 8.237975 0.05098724  0.140399058  0.002393289   0.0080198741      0.0001367094         1  1.931892e-01    0.001596942      5.936976e-03            4.907627e-05
151 2013-09-25 16:32:15    175 458.5 145.2 145.7724 2.295101e-05 8.341383 0.05098724  0.144889872  0.002393318   0.0082763984      0.0001367111         1  1.941057e-01    0.001604341      5.965142e-03            4.930366e-05
152 2013-09-25 16:32:30    176 460.0 145.1 145.6759 2.295101e-05 8.244790 0.05098724  0.140695015  0.002393291   0.0080367797      0.0001367096         1  1.956333e-01    0.001616723      6.012086e-03            4.968418e-05
153 2013-09-25 16:32:45    177 461.1 145.1 145.6793 2.295101e-05 8.248198 0.05098724  0.140842993  0.002393292   0.0080452325      0.0001367096         1  1.967535e-01    0.001625842      6.046510e-03            4.996440e-05
154 2013-09-25 16:33:00    178 462.4 145.2 145.7827 2.295101e-05 8.351605 0.05098724  0.145333807  0.002393321   0.0083017568      0.0001367113         1  1.980773e-01    0.001636659      6.087195e-03            5.029685e-05
155 2013-09-25 16:33:15    179 463.4 145.2 145.7861 2.295101e-05 8.355012 0.05098724  0.145481785  0.002393322   0.0083102096      0.0001367113         1  1.990957e-01    0.001645011      6.118490e-03            5.055349e-05
156 2013-09-25 16:33:30    180 464.6 145.2 145.7895 2.295101e-05 8.358420 0.05098724  0.145629763  0.002393323   0.0083186624      0.0001367114         1  2.003177e-01    0.001655066      6.156044e-03            5.086250e-05
157 2013-09-25 16:33:45    181 465.6 145.1 145.6929 2.295101e-05 8.261827 0.05098724  0.141434905  0.002393296   0.0080790438      0.0001367098         1  2.013360e-01    0.001663473      6.187340e-03            5.112086e-05
158 2013-09-25 16:34:00    182 466.5 145.2 145.7963 2.295101e-05 8.365235 0.05098724  0.145925719  0.002393325   0.0083355680      0.0001367115         1  2.022526e-01    0.001671060      6.215506e-03            5.135403e-05
159 2013-09-25 16:34:15    183 467.6 145.4 145.9997 2.295101e-05 8.568642 0.05098724  0.154759369  0.002393384   0.0088401637      0.0001367148         1  2.033727e-01    0.001680360      6.249931e-03            5.163984e-05
160 2013-09-25 16:34:30    184 468.7 145.4 146.0031 2.295101e-05 8.572049 0.05098724  0.154907347  0.002393385   0.0088486165      0.0001367149         1  2.044929e-01    0.001689690      6.284356e-03            5.192654e-05
161 2013-09-25 16:34:45    185 470.1 145.4 146.0065 2.295101e-05 8.575457 0.05098724  0.155055325  0.002393386   0.0088570693      0.0001367150         1  2.059186e-01    0.001701604      6.328169e-03            5.229269e-05
162 2013-09-25 16:35:00    186 470.9 145.3 145.9099 2.295101e-05 8.478864 0.05098724  0.150860468  0.002393358   0.0086174507      0.0001367134         1  2.067333e-01    0.001708433      6.353206e-03            5.250255e-05
163 2013-09-25 16:35:15    187 471.9 145.5 146.1133 2.295101e-05 8.682272 0.05098724  0.159694117  0.002393417   0.0091220464      0.0001367167         1  2.077517e-01    0.001716989      6.384501e-03            5.276550e-05
164 2013-09-25 16:35:30    188 472.9 145.4 146.0167 2.295101e-05 8.585679 0.05098724  0.155499260  0.002393389   0.0088824277      0.0001367151         1  2.087700e-01    0.001725568      6.415796e-03            5.302915e-05
165 2013-09-25 16:35:45    189 474.1 145.4 146.0201 2.295101e-05 8.589086 0.05098724  0.155647238  0.002393390   0.0088908805      0.0001367152         1  2.099920e-01    0.001735892      6.453351e-03            5.334642e-05
166 2013-09-25 16:36:00    190 475.1 145.6 146.2236 2.295101e-05 8.792494 0.05098724  0.164480888  0.002393450   0.0093954762      0.0001367186         1  2.110104e-01    0.001744520      6.484646e-03            5.361154e-05
167 2013-09-25 16:36:15    191 476.2 145.6 146.2270 2.295101e-05 8.795901 0.05098724  0.164628866  0.002393451   0.0094039290      0.0001367187         1  2.121306e-01    0.001754034      6.519071e-03            5.390394e-05
168 2013-09-25 16:36:30    192 477.2 145.6 146.2304 2.295101e-05 8.799309 0.05098724  0.164776844  0.002393452   0.0094123818      0.0001367187         1  2.131489e-01    0.001762706      6.550367e-03            5.417044e-05
169 2013-09-25 16:36:45    193 478.5 145.6 146.2338 2.295101e-05 8.802716 0.05098724  0.164924822  0.002393453   0.0094208346      0.0001367188         1  2.144728e-01    0.001774010      6.591051e-03            5.451784e-05
170 2013-09-25 16:37:00    194 479.4 145.7 146.3372 2.295101e-05 8.906123 0.05098724  0.169415636  0.002393484   0.0096773589      0.0001367206         1  2.153893e-01    0.001781857      6.619217e-03            5.475896e-05
171 2013-09-25 16:37:15    195 480.5 145.9 146.5406 2.295101e-05 9.109531 0.05098724  0.178249286  0.002393546   0.0101819546      0.0001367241         1  2.165095e-01    0.001791469      6.653642e-03            5.505435e-05
172 2013-09-25 16:37:30    196 481.7 145.6 146.2440 2.295101e-05 8.812938 0.05098724  0.165368756  0.002393456   0.0094461931      0.0001367190         1  2.177315e-01    0.001801982      6.691196e-03            5.537744e-05
173 2013-09-25 16:37:45    197 482.8 145.8 146.4474 2.295101e-05 9.016346 0.05098724  0.174202406  0.002393517   0.0099507887      0.0001367225         1  2.188517e-01    0.001811643      6.725621e-03            5.567435e-05
174 2013-09-25 16:38:00    198 483.9 145.8 146.4508 2.295101e-05 9.019753 0.05098724  0.174350384  0.002393518   0.0099592416      0.0001367225         1  2.199719e-01    0.001821328      6.760046e-03            5.597198e-05
175 2013-09-25 16:38:15    199 485.0 145.8 146.4542 2.295101e-05 9.023160 0.05098724  0.174498362  0.002393520   0.0099676944      0.0001367226         1  2.210921e-01    0.001831036      6.794471e-03            5.627030e-05
176 2013-09-25 16:38:30    200 486.0 145.9 146.5576 2.295101e-05 9.126568 0.05098724  0.178989176  0.002393551   0.0102242186      0.0001367244         1  2.221104e-01    0.001839880      6.825767e-03            5.654210e-05
177 2013-09-25 16:38:45    201 487.0 145.8 146.4610 2.295101e-05 9.029975 0.05098724  0.174794319  0.002393522   0.0099846000      0.0001367227         1  2.231288e-01    0.001848743      6.857062e-03            5.681447e-05
178 2013-09-25 16:39:00    202 487.7 146.0 146.6644 2.295101e-05 9.233383 0.05098724  0.183627968  0.002393585   0.0104891957      0.0001367263         1  2.238416e-01    0.001854957      6.878969e-03            5.700545e-05
179 2013-09-25 16:39:15    203 488.8 145.9 146.5679 2.295101e-05 9.136790 0.05098724  0.179433111  0.002393555   0.0102495770      0.0001367246         1  2.249618e-01    0.001864741      6.913394e-03            5.730611e-05
180 2013-09-25 16:39:30    204 489.7 145.9 146.5713 2.295101e-05 9.140198 0.05098724  0.179581089  0.002393556   0.0102580298      0.0001367247         1  2.258783e-01    0.001872761      6.941560e-03            5.755259e-05
181 2013-09-25 16:39:45    205 490.8 145.9 146.5747 2.295101e-05 9.143605 0.05098724  0.179729067  0.002393557   0.0102664826      0.0001367247         1  2.269985e-01    0.001882583      6.975985e-03            5.785443e-05
182 2013-09-25 16:40:00    206 492.1 146.0 146.6781 2.295101e-05 9.247012 0.05098724  0.184219881  0.002393589   0.0105230069      0.0001367266         1  2.283224e-01    0.001894217      7.016669e-03            5.821196e-05
183 2013-09-25 16:40:15    207 493.0 145.8 146.4815 2.295101e-05 9.050420 0.05098724  0.175682187  0.002393528   0.0100353168      0.0001367231         1  2.292389e-01    0.001902288      7.044835e-03            5.845999e-05
184 2013-09-25 16:40:30    208 494.1 145.9 146.5849 2.295101e-05 9.153827 0.05098724  0.180173001  0.002393560   0.0102918410      0.0001367249         1  2.303591e-01    0.001912171      7.079259e-03            5.876370e-05
185 2013-09-25 16:40:45    209 495.0 145.8 146.4883 2.295101e-05 9.057235 0.05098724  0.175978143  0.002393530   0.0100522224      0.0001367232         1  2.312756e-01    0.001920271      7.107425e-03            5.901264e-05
186 2013-09-25 16:41:00    210 496.0 145.8 146.4917 2.295101e-05 9.060642 0.05098724  0.176126122  0.002393531   0.0100606752      0.0001367233         1  2.322940e-01    0.001929287      7.138721e-03            5.928971e-05
187 2013-09-25 16:41:15    211 497.3 145.4 146.0951 2.295101e-05 8.664049 0.05098724  0.158902756  0.002393412   0.0090768422      0.0001367164         0  2.336178e-01    0.001941031      7.179405e-03            5.965063e-05

$dryleafvolt
            timestamp record LWSmV  SEmV    CSEmV     CSEmV.sd   loadmV  loadmV.sd
1 2013-09-25 15:53:30     20 265.7 142.5 142.5443 2.295101e-05 5.113235 0.05098724
2 2013-09-25 15:53:45     21 265.7 142.7 142.7477 2.295101e-05 5.316642 0.05098724
3 2013-09-25 15:54:00     22 265.7 142.4 142.4511 2.295101e-05 5.020049 0.05098724
4 2013-09-25 15:54:15     23 265.7 142.3 142.3545 2.295101e-05 4.923457 0.05098724
5 2013-09-25 15:54:30     24 265.7 142.2 142.2579 2.295101e-05 4.826864 0.05098724
6 2013-09-25 15:54:45     25 265.7 142.2 142.2613 2.295101e-05 4.830272 0.05098724

$runtime
Time difference of 46.5 mins

$startcalibvolt
            timestamp record LWSmV  SEmV    CSEmV     CSEmV.sd   loadmV  loadmV.sd
1 2013-09-25 15:50:45      9 265.7 260.1 260.1068 2.295101e-05 122.6758 0.05098724
2 2013-09-25 15:51:00     10 265.7 260.1 260.1102 2.295101e-05 122.6792 0.05098724
3 2013-09-25 15:51:15     11 265.7 260.2 260.2136 2.295101e-05 122.7826 0.05098724
4 2013-09-25 15:51:30     12 265.7 260.2 260.2170 2.295101e-05 122.7860 0.05098724

$endcalibvolt
            timestamp record LWSmV  SEmV
1 2013-09-25 16:44:30    224 266.3 259.5
2 2013-09-25 16:44:45    225 266.0 259.6
3 2013-09-25 16:45:00    226 265.9 259.8
4 2013-09-25 16:45:15    227 265.8 259.5

$lastLWSvolt
[1] 496.8

$maxLWSvolt
[1] 498.2

$species
[1] "blueoak"

$trial
[1] "6"

$replicate
[1] "1"

$isvertical
[1] FALSE

$conversionfactor
         avg        stdev
1 0.04342836 9.020926e-06

$LWSwatermass
        avg       stdev
1 0.2324318 0.001691883

$dryleafmass
        avg        stdev
1 0.2173627 0.0009051079

$lwsmodel

Call:
lm(formula = LWSsurfacedensity ~ record, data = rd[rd$runfilter == 
    1, ])

Coefficients:
(Intercept)       record  
 -1.623e-03    4.293e-05  


$leafmodel

Call:
lm(formula = surfacedensity ~ record, data = rd[rd$runfilter == 
    1, ])

Coefficients:
(Intercept)       record  
 -9.826e-04    5.366e-05  


