$name
[1] "blueoak5"

$leafarea
[1] 28.56958

$startbasevolt
            timestamp record LWSmV  SEmV CSEmV CSEmV.sd      loadmV  loadmV.sd
1 2013-09-25 14:51:15      2 264.5 149.5 149.5        0  0.02972222 0.08307234
2 2013-09-25 14:51:30      3 264.5 149.5 149.5        0  0.02972222 0.08307234
3 2013-09-25 14:51:45      4 264.4 149.4 149.4        0 -0.07027778 0.08307234

$endbasevolt
            timestamp record LWSmV  SEmV    CSEmV     CSEmV.sd       loadmV  loadmV.sd
1 2013-09-25 15:46:45    224 265.8 149.9 149.4763 3.421335e-05  0.006018519 0.08307234
2 2013-09-25 15:47:00    225 265.8 150.0 149.5744 3.421335e-05  0.104092593 0.08307234
3 2013-09-25 15:47:15    226 265.8 150.0 149.5724 3.421335e-05  0.102166667 0.08307234
4 2013-09-25 15:47:30    227 265.8 149.8 149.3705 3.421335e-05 -0.099759259 0.08307234
5 2013-09-25 15:47:45    228 265.8 149.8 149.3686 3.421335e-05 -0.101685185 0.08307234

$dryragvolt
            timestamp record LWSmV  SEmV    CSEmV     CSEmV.sd   loadmV  loadmV.sd
1 2013-09-25 15:43:15    210 554.6 298.7 298.3033 3.421335e-05 148.8330 0.08307234
2 2013-09-25 15:43:30    211 554.5 298.6 298.2013 3.421335e-05 148.7311 0.08307234
3 2013-09-25 15:43:45    212 554.0 298.6 298.1994 3.421335e-05 148.7291 0.08307234

$wetragvolt
            timestamp record LWSmV  SEmV    CSEmV     CSEmV.sd   loadmV  loadmV.sd
1 2013-09-25 15:44:30    215 266.5 305.8 305.3936 3.421335e-05 155.9234 0.08307234
2 2013-09-25 15:44:45    216 266.0 305.6 305.1917 3.421335e-05 155.7214 0.08307234
3 2013-09-25 15:45:00    217 265.8 305.7 305.2898 3.421335e-05 155.8195 0.08307234

$rundata
              timestamp record LWSmV  SEmV    CSEmV     CSEmV.sd   loadmV  loadmV.sd    watermass watermass.sd surfacedensity surfacedensity.sd runfilter      LWSwater LWSwater.stdev LWSsurfacedensity LWSsurfacedensity.stdev
1   2013-09-25 14:55:45     20 265.1 160.0 159.9692 3.421335e-05 10.49891 0.08307234 -0.001495737  0.003872143  -5.235420e-05      0.0001355338         0 -0.0028437563    0.001285489     -8.739263e-05            3.950488e-05
2   2013-09-25 14:56:00     21 265.7 160.0 159.9673 3.421335e-05 10.49698 0.08307234 -0.001579602  0.003872142  -5.528965e-05      0.0001355337         0 -0.0022327444    0.001281556     -6.861538e-05            3.938403e-05
3   2013-09-25 14:56:15     22 266.4 160.2 160.1653 3.421335e-05 10.69506 0.08307234  0.007045540  0.003872236   2.466099e-04      0.0001355371         0 -0.0015198973    0.001276993     -4.670858e-05            3.924379e-05
4   2013-09-25 14:56:30     23 267.1 160.1 160.0634 3.421335e-05 10.59313 0.08307234  0.002607172  0.003872187   9.125695e-05      0.0001355353         0 -0.0008070501    0.001272456     -2.480179e-05            3.910438e-05
5   2013-09-25 14:56:45     24 268.0 160.1 160.0615 3.421335e-05 10.59120 0.08307234  0.002523308  0.003872186   8.832151e-05      0.0001355353         0  0.0001094677    0.001266664      3.364097e-06            3.892635e-05
6   2013-09-25 14:57:00     25 268.9 160.3 160.2596 3.421335e-05 10.78928 0.08307234  0.011148450  0.003872282   3.902211e-04      0.0001355387         0  0.0010259855    0.001260916      3.152998e-05            3.874972e-05
7   2013-09-25 14:57:15     26 269.9 160.3 160.2576 3.421335e-05 10.78735 0.08307234  0.011064586  0.003872281   3.872856e-04      0.0001355386         0  0.0020443386    0.001254584      6.282540e-05            3.855512e-05
8   2013-09-25 14:57:30     27 271.0 160.5 160.4557 3.421335e-05 10.98543 0.08307234  0.019689728  0.003872378   6.891852e-04      0.0001355420         0  0.0031645270    0.001247685      9.725037e-05            3.834311e-05
9   2013-09-25 14:57:45     28 272.2 160.6 160.5538 3.421335e-05 11.08350 0.08307234  0.023960367  0.003872427   8.386672e-04      0.0001355437         0  0.0043865507    0.001240239      1.348049e-04            3.811430e-05
10  2013-09-25 14:58:00     29 273.4 160.4 160.3519 3.421335e-05 10.88157 0.08307234  0.015167495  0.003872327   5.308968e-04      0.0001355402         0  0.0056085744    0.001232880      1.723594e-04            3.788814e-05
11  2013-09-25 14:58:15     30 274.7 160.6 160.5499 3.421335e-05 11.07965 0.08307234  0.023792638  0.003872425   8.327963e-04      0.0001355437         1  0.0069324335    0.001225006      2.130434e-04            3.764615e-05
12  2013-09-25 14:58:30     31 275.9 160.7 160.6480 3.421335e-05 11.17772 0.08307234  0.028063277  0.003872474   9.822784e-04      0.0001355454         1  0.0081544572    0.001217830      2.505979e-04            3.742563e-05
13  2013-09-25 14:58:45     32 277.1 160.7 160.6461 3.421335e-05 11.17580 0.08307234  0.027979412  0.003872473   9.793429e-04      0.0001355454         1  0.0093764809    0.001210745      2.881525e-04            3.720790e-05
14  2013-09-25 14:59:00     33 278.4 160.6 160.5441 3.421335e-05 11.07387 0.08307234  0.023541044  0.003872422   8.239900e-04      0.0001355436         1  0.0107003399    0.001203174      3.288365e-04            3.697522e-05
15  2013-09-25 14:59:15     34 279.7 160.7 160.6422 3.421335e-05 11.17194 0.08307234  0.027811683  0.003872471   9.734720e-04      0.0001355453         1  0.0120241990    0.001195713      3.695206e-04            3.674594e-05
16  2013-09-25 14:59:30     35 280.9 160.8 160.7403 3.421335e-05 11.27002 0.08307234  0.032082322  0.003872521   1.122954e-03      0.0001355470         1  0.0132462227    0.001188926      4.070751e-04            3.653736e-05
17  2013-09-25 14:59:45     36 282.1 160.8 160.7384 3.421335e-05 11.26809 0.08307234  0.031998457  0.003872520   1.120019e-03      0.0001355470         1  0.0144682464    0.001182236      4.446296e-04            3.633177e-05
18  2013-09-25 15:00:00     37 283.3 160.8 160.7364 3.421335e-05 11.26617 0.08307234  0.031914593  0.003872519   1.117083e-03      0.0001355470         1  0.0156902701    0.001175645      4.821841e-04            3.612922e-05
19  2013-09-25 15:00:15     38 284.5 161.0 160.9345 3.421335e-05 11.46424 0.08307234  0.040539735  0.003872621   1.418983e-03      0.0001355505         1  0.0169122938    0.001169155      5.197386e-04            3.592977e-05
20  2013-09-25 15:00:30     39 285.8 160.9 160.8326 3.421335e-05 11.36231 0.08307234  0.036101367  0.003872568   1.263630e-03      0.0001355487         1  0.0182361528    0.001162240      5.604226e-04            3.571726e-05
21  2013-09-25 15:00:45     40 287.0 161.0 160.9307 3.421335e-05 11.46039 0.08307234  0.040372006  0.003872619   1.413112e-03      0.0001355504         1  0.0194581766    0.001155965      5.979772e-04            3.552443e-05
22  2013-09-25 15:01:00     41 288.3 161.1 161.0287 3.421335e-05 11.55846 0.08307234  0.044642645  0.003872670   1.562594e-03      0.0001355522         1  0.0207820356    0.001149287      6.386612e-04            3.531921e-05
23  2013-09-25 15:01:15     42 289.6 161.2 161.1268 3.421335e-05 11.65654 0.08307234  0.048913284  0.003872721   1.712076e-03      0.0001355540         1  0.0221058946    0.001142736      6.793453e-04            3.511788e-05
24  2013-09-25 15:01:30     43 290.9 161.2 161.1249 3.421335e-05 11.65461 0.08307234  0.048829419  0.003872720   1.709140e-03      0.0001355540         1  0.0234297536    0.001136313      7.200293e-04            3.492050e-05
25  2013-09-25 15:01:45     44 292.2 161.1 161.0230 3.421335e-05 11.55269 0.08307234  0.044391051  0.003872667   1.553788e-03      0.0001355521         1  0.0247536127    0.001130022      7.607134e-04            3.472716e-05
26  2013-09-25 15:02:00     45 293.5 161.2 161.1210 3.421335e-05 11.65076 0.08307234  0.048661690  0.003872718   1.703270e-03      0.0001355539         1  0.0260774717    0.001123863      8.013974e-04            3.453790e-05
27  2013-09-25 15:02:15     46 294.9 161.5 161.4191 3.421335e-05 11.94883 0.08307234  0.061641336  0.003872877   2.157587e-03      0.0001355595         1  0.0275031660    0.001117383      8.452110e-04            3.433874e-05
28  2013-09-25 15:02:30     47 296.2 161.3 161.2172 3.421335e-05 11.74691 0.08307234  0.052848464  0.003872769   1.849816e-03      0.0001355557         1  0.0288270251    0.001111508      8.858951e-04            3.415820e-05
29  2013-09-25 15:02:45     48 297.6 161.2 161.1153 3.421335e-05 11.64498 0.08307234  0.048410097  0.003872715   1.694463e-03      0.0001355538         1  0.0302527194    0.001105338      9.297086e-04            3.396858e-05
30  2013-09-25 15:03:00     49 298.8 161.4 161.3133 3.421335e-05 11.84306 0.08307234  0.057035239  0.003872820   1.996363e-03      0.0001355575         1  0.0314747431    0.001100180      9.672632e-04            3.381009e-05
31  2013-09-25 15:03:15     50 300.1 161.5 161.4114 3.421335e-05 11.94113 0.08307234  0.061305878  0.003872872   2.145845e-03      0.0001355593         1  0.0327986021    0.001094732      1.007947e-03            3.364265e-05
32  2013-09-25 15:03:30     51 301.4 161.4 161.3095 3.421335e-05 11.83920 0.08307234  0.056867510  0.003872818   1.990492e-03      0.0001355574         1  0.0341224612    0.001089430      1.048631e-03            3.347971e-05
33  2013-09-25 15:03:45     52 302.8 161.5 161.4076 3.421335e-05 11.93728 0.08307234  0.061138149  0.003872870   2.139974e-03      0.0001355593         1  0.0355481555    0.001083886      1.092445e-03            3.330935e-05
34  2013-09-25 15:04:00     53 304.1 161.7 161.6056 3.421335e-05 12.13535 0.08307234  0.069763291  0.003872978   2.441874e-03      0.0001355630         1  0.0368720145    0.001078895      1.133129e-03            3.315598e-05
35  2013-09-25 15:04:15     54 305.4 161.7 161.6037 3.421335e-05 12.13343 0.08307234  0.069679426  0.003872977   2.438938e-03      0.0001355630         1  0.0381958736    0.001074058      1.173813e-03            3.300730e-05
36  2013-09-25 15:04:30     55 306.8 161.8 161.7018 3.421335e-05 12.23150 0.08307234  0.073950065  0.003873031   2.588420e-03      0.0001355649         1  0.0396215679    0.001069021      1.217627e-03            3.285252e-05
37  2013-09-25 15:04:45     56 308.2 161.6 161.4999 3.421335e-05 12.02957 0.08307234  0.065157194  0.003872920   2.280650e-03      0.0001355610         1  0.0410472622    0.001064167      1.261440e-03            3.270335e-05
38  2013-09-25 15:05:00     57 309.5 161.7 161.5979 3.421335e-05 12.12765 0.08307234  0.069427833  0.003872974   2.430132e-03      0.0001355629         1  0.0423711213    0.001059825      1.302124e-03            3.256992e-05
39  2013-09-25 15:05:15     58 310.8 161.8 161.6960 3.421335e-05 12.22572 0.08307234  0.073698472  0.003873028   2.579614e-03      0.0001355648         1  0.0436949803    0.001055645      1.342808e-03            3.244145e-05
40  2013-09-25 15:05:30     59 312.1 161.8 161.6941 3.421335e-05 12.22380 0.08307234  0.073614607  0.003873026   2.576678e-03      0.0001355647         1  0.0450188393    0.001051628      1.383492e-03            3.231799e-05
41  2013-09-25 15:05:45     60 313.4 161.9 161.7921 3.421335e-05 12.32187 0.08307234  0.077885246  0.003873081   2.726160e-03      0.0001355666         1  0.0463426984    0.001047776      1.424176e-03            3.219962e-05
42  2013-09-25 15:06:00     61 314.6 162.1 161.9902 3.421335e-05 12.51994 0.08307234  0.086510388  0.003873192   3.028060e-03      0.0001355705         1  0.0475647221    0.001044368      1.461731e-03            3.209491e-05
43  2013-09-25 15:06:15     62 316.0 162.1 161.9883 3.421335e-05 12.51802 0.08307234  0.086426524  0.003873191   3.025124e-03      0.0001355705         1  0.0489904164    0.001040575      1.505544e-03            3.197833e-05
44  2013-09-25 15:06:30     63 317.3 162.1 161.9864 3.421335e-05 12.51609 0.08307234  0.086342659  0.003873190   3.022189e-03      0.0001355704         1  0.0503142754    0.001037229      1.546229e-03            3.187552e-05
45  2013-09-25 15:06:45     64 318.6 162.2 162.0844 3.421335e-05 12.61417 0.08307234  0.090613298  0.003873245   3.171671e-03      0.0001355724         1  0.0516381345    0.001034056      1.586913e-03            3.177800e-05
46  2013-09-25 15:07:00     65 320.0 162.3 162.1825 3.421335e-05 12.71224 0.08307234  0.094883937  0.003873301   3.321153e-03      0.0001355743         1  0.0530638288    0.001030833      1.630726e-03            3.167895e-05
47  2013-09-25 15:07:15     66 321.4 162.2 162.0806 3.421335e-05 12.61031 0.08307234  0.090445569  0.003873243   3.165800e-03      0.0001355723         1  0.0544895231    0.001027814      1.674540e-03            3.158616e-05
48  2013-09-25 15:07:30     67 322.8 162.3 162.1787 3.421335e-05 12.70839 0.08307234  0.094716208  0.003873299   3.315282e-03      0.0001355743         1  0.0559152175    0.001024999      1.718353e-03            3.149967e-05
49  2013-09-25 15:07:45     68 324.2 162.4 162.2767 3.421335e-05 12.80646 0.08307234  0.098986847  0.003873355   3.464764e-03      0.0001355762         1  0.0573409118    0.001022392      1.762167e-03            3.141955e-05
50  2013-09-25 15:08:00     69 325.5 162.6 162.4748 3.421335e-05 13.00454 0.08307234  0.107611989  0.003873471   3.766664e-03      0.0001355803         1  0.0586647708    0.001020158      1.802851e-03            3.135088e-05
51  2013-09-25 15:08:15     70 326.9 162.6 162.4729 3.421335e-05 13.00261 0.08307234  0.107528124  0.003873469   3.763728e-03      0.0001355802         1  0.0600904652    0.001017954      1.846665e-03            3.128315e-05
52  2013-09-25 15:08:30     71 328.3 162.5 162.3710 3.421335e-05 12.90069 0.08307234  0.103089757  0.003873410   3.608375e-03      0.0001355781         1  0.0615161595    0.001015961      1.890478e-03            3.122192e-05
53  2013-09-25 15:08:45     72 329.8 162.5 162.3690 3.421335e-05 12.89876 0.08307234  0.103005892  0.003873409   3.605440e-03      0.0001355781         1  0.0630436892    0.001014062      1.937421e-03            3.116356e-05
54  2013-09-25 15:09:00     73 331.1 162.7 162.5671 3.421335e-05 13.09683 0.08307234  0.111631034  0.003873525   3.907340e-03      0.0001355822         1  0.0643675482    0.001012615      1.978105e-03            3.111908e-05
55  2013-09-25 15:09:15     74 332.5 162.5 162.3652 3.421335e-05 12.89491 0.08307234  0.102838163  0.003873407   3.599569e-03      0.0001355780         1  0.0657932425    0.001011263      2.021919e-03            3.107753e-05
56  2013-09-25 15:09:30     75 333.9 162.5 162.3633 3.421335e-05 12.89298 0.08307234  0.102754298  0.003873405   3.596634e-03      0.0001355780         1  0.0672189369    0.001010127      2.065733e-03            3.104261e-05
57  2013-09-25 15:09:45     76 335.4 162.7 162.5613 3.421335e-05 13.09106 0.08307234  0.111379441  0.003873522   3.898533e-03      0.0001355820         1  0.0687464665    0.001009149      2.112676e-03            3.101257e-05
58  2013-09-25 15:10:00     77 336.9 162.7 162.5594 3.421335e-05 13.08913 0.08307234  0.111295576  0.003873520   3.895598e-03      0.0001355820         1  0.0702739962    0.001008420      2.159619e-03            3.099018e-05
59  2013-09-25 15:10:15     78 338.4 162.7 162.5575 3.421335e-05 13.08720 0.08307234  0.111211712  0.003873519   3.892662e-03      0.0001355820         1  0.0718015258    0.001007941      2.206562e-03            3.097546e-05
60  2013-09-25 15:10:30     79 339.8 162.8 162.6556 3.421335e-05 13.18528 0.08307234  0.115482350  0.003873577   4.042144e-03      0.0001355840         1  0.0732272201    0.001007720      2.250376e-03            3.096864e-05
61  2013-09-25 15:10:45     80 341.3 163.0 162.8536 3.421335e-05 13.38335 0.08307234  0.124107493  0.003873696   4.344044e-03      0.0001355882         1  0.0747547498    0.001007724      2.297319e-03            3.096876e-05
62  2013-09-25 15:11:00     81 342.8 163.0 162.8517 3.421335e-05 13.38143 0.08307234  0.124023628  0.003873695   4.341108e-03      0.0001355881         1  0.0762822794    0.001007978      2.344262e-03            3.097657e-05
63  2013-09-25 15:11:15     82 344.0 163.1 162.9498 3.421335e-05 13.47950 0.08307234  0.128294267  0.003873754   4.490591e-03      0.0001355902         1  0.0775043032    0.001008361      2.381816e-03            3.098834e-05
64  2013-09-25 15:11:30     83 345.6 163.1 162.9479 3.421335e-05 13.47757 0.08307234  0.128210403  0.003873753   4.487655e-03      0.0001355901         1  0.0791336681    0.001009120      2.431889e-03            3.101167e-05
65  2013-09-25 15:11:45     84 347.2 163.0 162.8459 3.421335e-05 13.37565 0.08307234  0.123772035  0.003873691   4.332302e-03      0.0001355880         1  0.0807630331    0.001010162      2.481962e-03            3.104370e-05
66  2013-09-25 15:12:00     85 348.8 163.1 162.9440 3.421335e-05 13.47372 0.08307234  0.128042674  0.003873751   4.481784e-03      0.0001355901         1  0.0823923980    0.001011487      2.532034e-03            3.108441e-05
67  2013-09-25 15:12:15     86 350.5 163.1 162.9421 3.421335e-05 13.47180 0.08307234  0.127958809  0.003873750   4.478849e-03      0.0001355900         1  0.0841235983    0.001013202      2.585237e-03            3.113714e-05
68  2013-09-25 15:12:30     87 352.2 163.3 163.1401 3.421335e-05 13.66987 0.08307234  0.136583951  0.003873871   4.780748e-03      0.0001355943         1  0.0858547986    0.001015234      2.638439e-03            3.119957e-05
69  2013-09-25 15:12:45     88 354.0 163.2 163.0382 3.421335e-05 13.56794 0.08307234  0.132145583  0.003873808   4.625395e-03      0.0001355921         1  0.0876878341    0.001017727      2.694771e-03            3.127619e-05
70  2013-09-25 15:13:00     89 355.7 163.1 162.9363 3.421335e-05 13.46602 0.08307234  0.127707215  0.003873746   4.470042e-03      0.0001355899         1  0.0894190344    0.001020403      2.747973e-03            3.135842e-05
71  2013-09-25 15:13:15     90 357.5 163.3 163.1344 3.421335e-05 13.66409 0.08307234  0.136332358  0.003873867   4.771942e-03      0.0001355941         1  0.0912520700    0.001023573      2.804305e-03            3.145584e-05
72  2013-09-25 15:13:30     91 359.1 163.4 163.2324 3.421335e-05 13.76217 0.08307234  0.140602997  0.003873928   4.921424e-03      0.0001355963         1  0.0928814349    0.001026680      2.854377e-03            3.155131e-05
73  2013-09-25 15:13:45     92 360.9 163.3 163.1305 3.421335e-05 13.66024 0.08307234  0.136164629  0.003873865   4.766071e-03      0.0001355941         1  0.0947144705    0.001030496      2.910709e-03            3.166858e-05
74  2013-09-25 15:14:00     93 362.7 163.5 163.3286 3.421335e-05 13.85831 0.08307234  0.144789771  0.003873988   5.067971e-03      0.0001355984         1  0.0965475061    0.001034648      2.967041e-03            3.179620e-05
75  2013-09-25 15:14:15     94 364.4 163.6 163.4267 3.421335e-05 13.95639 0.08307234  0.149060410  0.003874049   5.217453e-03      0.0001356005         1  0.0982787064    0.001038876      3.020243e-03            3.192611e-05
76  2013-09-25 15:14:30     95 366.1 163.5 163.3247 3.421335e-05 13.85446 0.08307234  0.144622042  0.003873985   5.062100e-03      0.0001355983         1  0.1000099066    0.001043396      3.073445e-03            3.206503e-05
77  2013-09-25 15:14:45     96 368.0 163.7 163.5228 3.421335e-05 14.05254 0.08307234  0.153247184  0.003874110   5.363999e-03      0.0001356026         1  0.1019447775    0.001048791      3.132906e-03            3.223081e-05
78  2013-09-25 15:15:00     97 369.7 163.8 163.6209 3.421335e-05 14.15061 0.08307234  0.157517823  0.003874172   5.513481e-03      0.0001356048         1  0.1036759778    0.001053919      3.186109e-03            3.238842e-05
79  2013-09-25 15:15:15     98 371.4 163.7 163.5190 3.421335e-05 14.04869 0.08307234  0.153079455  0.003874107   5.358128e-03      0.0001356026         1  0.1054071780    0.001059328      3.239311e-03            3.255464e-05
80  2013-09-25 15:15:30     99 373.2 163.7 163.5170 3.421335e-05 14.04676 0.08307234  0.152995590  0.003874106   5.355193e-03      0.0001356025         1  0.1072402136    0.001065357      3.295643e-03            3.273991e-05
81  2013-09-25 15:15:45    100 375.2 163.8 163.6151 3.421335e-05 14.14483 0.08307234  0.157266229  0.003874169   5.504675e-03      0.0001356047         1  0.1092769198    0.001072412      3.358234e-03            3.295673e-05
82  2013-09-25 15:16:00    101 377.2 163.9 163.7132 3.421335e-05 14.24291 0.08307234  0.161536868  0.003874231   5.654157e-03      0.0001356069         1  0.1113136260    0.001079836      3.420824e-03            3.318488e-05
83  2013-09-25 15:16:15    102 379.2 164.0 163.8113 3.421335e-05 14.34098 0.08307234  0.165807507  0.003874295   5.803639e-03      0.0001356091         1  0.1133503322    0.001087621      3.483415e-03            3.342414e-05
84  2013-09-25 15:16:30    103 381.3 163.8 163.6093 3.421335e-05 14.13906 0.08307234  0.157014636  0.003874165   5.495869e-03      0.0001356046         1  0.1154888737    0.001096176      3.549136e-03            3.368704e-05
85  2013-09-25 15:16:45    104 383.2 163.8 163.6074 3.421335e-05 14.13713 0.08307234  0.156930771  0.003874164   5.492933e-03      0.0001356045         1  0.1174237446    0.001104245      3.608597e-03            3.393500e-05
86  2013-09-25 15:17:00    105 385.2 163.9 163.7055 3.421335e-05 14.23520 0.08307234  0.161201410  0.003874226   5.642415e-03      0.0001356067         1  0.1194604508    0.001113067      3.671188e-03            3.420612e-05
87  2013-09-25 15:17:15    106 387.5 164.0 163.8036 3.421335e-05 14.33328 0.08307234  0.165472049  0.003874290   5.791897e-03      0.0001356089         1  0.1218026629    0.001123620      3.743167e-03            3.453042e-05
88  2013-09-25 15:17:30    107 389.7 163.8 163.6016 3.421335e-05 14.13135 0.08307234  0.156679178  0.003874160   5.484127e-03      0.0001356044         1  0.1240430397    0.001134111      3.812017e-03            3.485283e-05
89  2013-09-25 15:17:45    108 392.0 164.0 163.7997 3.421335e-05 14.32943 0.08307234  0.165304320  0.003874287   5.786026e-03      0.0001356088         1  0.1263852519    0.001145482      3.883997e-03            3.520228e-05
90  2013-09-25 15:18:00    109 394.2 163.9 163.6978 3.421335e-05 14.22750 0.08307234  0.160865952  0.003874221   5.630673e-03      0.0001356065         1  0.1286256287    0.001156733      3.952847e-03            3.554805e-05
91  2013-09-25 15:18:15    110 396.4 164.1 163.8959 3.421335e-05 14.42557 0.08307234  0.169491094  0.003874349   5.932573e-03      0.0001356110         1  0.1308660055    0.001168340      4.021697e-03            3.590474e-05
92  2013-09-25 15:18:30    111 398.7 164.4 164.1939 3.421335e-05 14.72365 0.08307234  0.182470740  0.003874545   6.386890e-03      0.0001356179         1  0.1332082176    0.001180844      4.093676e-03            3.628899e-05
93  2013-09-25 15:18:45    112 401.3 164.3 164.0920 3.421335e-05 14.62172 0.08307234  0.178032372  0.003874478   6.231537e-03      0.0001356155         1  0.1358559357    0.001195417      4.175044e-03            3.673685e-05
94  2013-09-25 15:19:00    113 403.5 164.4 164.1901 3.421335e-05 14.71980 0.08307234  0.182303011  0.003874543   6.381019e-03      0.0001356178         1  0.1380963125    0.001208101      4.243894e-03            3.712663e-05
95  2013-09-25 15:19:15    114 405.3 164.4 164.1881 3.421335e-05 14.71787 0.08307234  0.182219146  0.003874541   6.378084e-03      0.0001356177         1  0.1399293481    0.001218711      4.300226e-03            3.745269e-05
96  2013-09-25 15:19:30    115 407.5 164.4 164.1862 3.421335e-05 14.71594 0.08307234  0.182135282  0.003874540   6.375148e-03      0.0001356177         1  0.1421697249    0.001231954      4.369076e-03            3.785969e-05
97  2013-09-25 15:19:45    116 409.6 164.5 164.2843 3.421335e-05 14.81402 0.08307234  0.186405921  0.003874605   6.524630e-03      0.0001356200         1  0.1443082664    0.001244871      4.434796e-03            3.825663e-05
98  2013-09-25 15:20:00    117 411.5 164.6 164.3824 3.421335e-05 14.91209 0.08307234  0.190676560  0.003874671   6.674112e-03      0.0001356223         1  0.1462431373    0.001256781      4.494257e-03            3.862266e-05
99  2013-09-25 15:20:15    118 413.4 164.6 164.3804 3.421335e-05 14.91017 0.08307234  0.190592695  0.003874670   6.671177e-03      0.0001356222         1  0.1481780082    0.001268899      4.553719e-03            3.899504e-05
100 2013-09-25 15:20:30    119 415.3 164.6 164.3785 3.421335e-05 14.90824 0.08307234  0.190508830  0.003874669   6.668241e-03      0.0001356222         1  0.1501128790    0.001281217      4.613180e-03            3.937359e-05
101 2013-09-25 15:20:45    120 417.3 164.8 164.5766 3.421335e-05 15.10631 0.08307234  0.199133973  0.003874803   6.970141e-03      0.0001356269         1  0.1521495852    0.001294394      4.675771e-03            3.977855e-05
102 2013-09-25 15:21:00    121 419.1 164.7 164.4747 3.421335e-05 15.00439 0.08307234  0.194695605  0.003874733   6.814788e-03      0.0001356245         1  0.1539826208    0.001306433      4.732103e-03            4.014853e-05
103 2013-09-25 15:21:15    122 420.9 164.7 164.4727 3.421335e-05 15.00246 0.08307234  0.194611740  0.003874732   6.811853e-03      0.0001356244         1  0.1558156564    0.001318637      4.788434e-03            4.052358e-05
104 2013-09-25 15:21:30    123 422.9 164.8 164.5708 3.421335e-05 15.10054 0.08307234  0.198882379  0.003874799   6.961335e-03      0.0001356267         1  0.1578523626    0.001332386      4.851025e-03            4.094610e-05
105 2013-09-25 15:21:45    124 424.7 164.9 164.6689 3.421335e-05 15.19861 0.08307234  0.203153018  0.003874866   7.110817e-03      0.0001356291         1  0.1596853982    0.001344924      4.907357e-03            4.133142e-05
106 2013-09-25 15:22:00    125 426.4 164.8 164.5670 3.421335e-05 15.09669 0.08307234  0.198714650  0.003874796   6.955464e-03      0.0001356267         1  0.1614165984    0.001356905      4.960559e-03            4.169961e-05
107 2013-09-25 15:22:15    126 428.1 164.9 164.6650 3.421335e-05 15.19476 0.08307234  0.202985289  0.003874863   7.104946e-03      0.0001356290         1  0.1631477987    0.001369018      5.013761e-03            4.207184e-05
108 2013-09-25 15:22:30    127 429.8 165.0 164.7631 3.421335e-05 15.29283 0.08307234  0.207255928  0.003874930   7.254428e-03      0.0001356314         1  0.1648789990    0.001381258      5.066964e-03            4.244800e-05
109 2013-09-25 15:22:45    128 431.4 164.9 164.6612 3.421335e-05 15.19091 0.08307234  0.202817560  0.003874860   7.099075e-03      0.0001356289         1  0.1665083639    0.001392893      5.117036e-03            4.280555e-05
110 2013-09-25 15:23:00    129 433.1 164.8 164.5593 3.421335e-05 15.08898 0.08307234  0.198379192  0.003874791   6.943722e-03      0.0001356265         1  0.1682395642    0.001405372      5.170239e-03            4.318906e-05
111 2013-09-25 15:23:15    130 434.7 165.0 164.7573 3.421335e-05 15.28706 0.08307234  0.207004334  0.003874926   7.245621e-03      0.0001356312         1  0.1698689291    0.001417226      5.220311e-03            4.355334e-05
112 2013-09-25 15:23:30    131 436.1 165.1 164.8554 3.421335e-05 15.38513 0.08307234  0.211274973  0.003874994   7.395104e-03      0.0001356336         1  0.1712946235    0.001427682      5.264125e-03            4.387467e-05
113 2013-09-25 15:23:45    132 437.7 165.1 164.8535 3.421335e-05 15.38320 0.08307234  0.211191109  0.003874993   7.392168e-03      0.0001356335         1  0.1729239884    0.001439725      5.314198e-03            4.424478e-05
114 2013-09-25 15:24:00    133 439.2 165.2 164.9516 3.421335e-05 15.48128 0.08307234  0.215461747  0.003875061   7.541650e-03      0.0001356359         1  0.1744515181    0.001451104      5.361141e-03            4.459448e-05
115 2013-09-25 15:24:15    134 440.7 165.2 164.9496 3.421335e-05 15.47935 0.08307234  0.215377883  0.003875060   7.538715e-03      0.0001356359         1  0.1759790477    0.001462567      5.408084e-03            4.494675e-05
116 2013-09-25 15:24:30    135 442.3 165.3 165.0477 3.421335e-05 15.57743 0.08307234  0.219648522  0.003875128   7.688197e-03      0.0001356383         1  0.1776084127    0.001474885      5.458157e-03            4.532528e-05
117 2013-09-25 15:24:45    136 443.7 165.2 164.9458 3.421335e-05 15.47550 0.08307234  0.215210154  0.003875057   7.532844e-03      0.0001356358         1  0.1790341070    0.001485737      5.501970e-03            4.565878e-05
118 2013-09-25 15:25:00    137 445.2 165.4 165.1439 3.421335e-05 15.67357 0.08307234  0.223835296  0.003875196   7.834743e-03      0.0001356407         1  0.1805616367    0.001497439      5.548913e-03            4.601842e-05
119 2013-09-25 15:25:15    138 446.7 165.5 165.2419 3.421335e-05 15.77165 0.08307234  0.228105935  0.003875266   7.984225e-03      0.0001356431         1  0.1820891663    0.001509218      5.595856e-03            4.638040e-05
120 2013-09-25 15:25:30    139 448.6 165.5 165.2400 3.421335e-05 15.76972 0.08307234  0.228022070  0.003875264   7.981290e-03      0.0001356430         1  0.1840240372    0.001524245      5.655318e-03            4.684218e-05
121 2013-09-25 15:25:45    140 450.5 165.4 165.1381 3.421335e-05 15.66780 0.08307234  0.223583703  0.003875192   7.825937e-03      0.0001356405         1  0.1859589081    0.001539387      5.714779e-03            4.730753e-05
122 2013-09-25 15:26:00    141 452.2 165.4 165.1361 3.421335e-05 15.66587 0.08307234  0.223499838  0.003875191   7.823002e-03      0.0001356405         1  0.1876901084    0.001553031      5.767981e-03            4.772683e-05
123 2013-09-25 15:26:15    142 453.9 165.4 165.1342 3.421335e-05 15.66394 0.08307234  0.223415974  0.003875189   7.820066e-03      0.0001356404         1  0.1894213086    0.001566763      5.821183e-03            4.814882e-05
124 2013-09-25 15:26:30    143 455.4 165.4 165.1323 3.421335e-05 15.66202 0.08307234  0.223332109  0.003875188   7.817131e-03      0.0001356404         1  0.1909488383    0.001578950      5.868127e-03            4.852336e-05
125 2013-09-25 15:26:45    144 457.3 165.4 165.1304 3.421335e-05 15.66009 0.08307234  0.223248245  0.003875187   7.814195e-03      0.0001356403         1  0.1928837092    0.001594480      5.927588e-03            4.900062e-05
126 2013-09-25 15:27:00    145 458.9 165.5 165.2284 3.421335e-05 15.75817 0.08307234  0.227518883  0.003875256   7.963677e-03      0.0001356428         1  0.1945130741    0.001607637      5.977661e-03            4.940495e-05
127 2013-09-25 15:27:15    146 460.2 165.6 165.3265 3.421335e-05 15.85624 0.08307234  0.231789522  0.003875326   8.113159e-03      0.0001356452         1  0.1958369331    0.001618379      6.018345e-03            4.973505e-05
128 2013-09-25 15:27:30    147 462.1 165.8 165.5246 3.421335e-05 16.05431 0.08307234  0.240414664  0.003875468   8.415059e-03      0.0001356502         1  0.1977718040    0.001634159      6.077806e-03            5.022001e-05
129 2013-09-25 15:27:45    148 463.7 165.9 165.6227 3.421335e-05 16.15239 0.08307234  0.244685303  0.003875540   8.564541e-03      0.0001356527         1  0.1994011690    0.001647521      6.127879e-03            5.063064e-05
130 2013-09-25 15:28:00    149 465.3 166.0 165.7207 3.421335e-05 16.25046 0.08307234  0.248955942  0.003875611   8.714023e-03      0.0001356552         1  0.2010305339    0.001660948      6.177951e-03            5.104327e-05
131 2013-09-25 15:28:15    150 467.0 165.9 165.6188 3.421335e-05 16.14854 0.08307234  0.244517574  0.003875537   8.558670e-03      0.0001356526         1  0.2027617342    0.001675284      6.231153e-03            5.148383e-05
132 2013-09-25 15:28:30    151 468.8 166.0 165.7169 3.421335e-05 16.24661 0.08307234  0.248788213  0.003875608   8.708152e-03      0.0001356551         1  0.2045947698    0.001690539      6.287485e-03            5.195264e-05
133 2013-09-25 15:28:45    152 470.2 166.1 165.8150 3.421335e-05 16.34469 0.08307234  0.253058852  0.003875680   8.857634e-03      0.0001356576         1  0.2060204641    0.001702457      6.331299e-03            5.231890e-05
134 2013-09-25 15:29:00    153 471.8 166.1 165.8130 3.421335e-05 16.34276 0.08307234  0.252974987  0.003875679   8.854699e-03      0.0001356576         1  0.2076498291    0.001716133      6.381372e-03            5.273918e-05
135 2013-09-25 15:29:15    154 473.6 166.1 165.8111 3.421335e-05 16.34083 0.08307234  0.252891123  0.003875678   8.851763e-03      0.0001356575         1  0.2094828647    0.001731587      6.437703e-03            5.321410e-05
136 2013-09-25 15:29:30    155 475.7 166.1 165.8092 3.421335e-05 16.33891 0.08307234  0.252807258  0.003875676   8.848828e-03      0.0001356575         1  0.2116214062    0.001749706      6.503424e-03            5.377093e-05
137 2013-09-25 15:29:45    156 477.0 166.1 165.8073 3.421335e-05 16.33698 0.08307234  0.252723394  0.003875675   8.845892e-03      0.0001356574         1  0.2129452652    0.001760970      6.544108e-03            5.411709e-05
138 2013-09-25 15:30:00    157 478.7 166.3 166.0053 3.421335e-05 16.53506 0.08307234  0.261348536  0.003875821   9.147792e-03      0.0001356625         1  0.2146764655    0.001775753      6.597310e-03            5.457138e-05
139 2013-09-25 15:30:15    158 480.1 166.4 166.1034 3.421335e-05 16.63313 0.08307234  0.265619175  0.003875895   9.297274e-03      0.0001356651         1  0.2161021598    0.001787971      6.641124e-03            5.494685e-05
140 2013-09-25 15:30:30    159 481.8 166.3 166.0015 3.421335e-05 16.53120 0.08307234  0.261180807  0.003875819   9.141921e-03      0.0001356624         1  0.2178333601    0.001802859      6.694326e-03            5.540440e-05
141 2013-09-25 15:30:45    160 483.4 166.5 166.1996 3.421335e-05 16.72928 0.08307234  0.269805949  0.003875967   9.443821e-03      0.0001356676         1  0.2194627250    0.001816923      6.744398e-03            5.583660e-05
142 2013-09-25 15:31:00    161 485.4 166.6 166.2976 3.421335e-05 16.82735 0.08307234  0.274076588  0.003876041   9.593303e-03      0.0001356702         1  0.2214994312    0.001834571      6.806989e-03            5.637895e-05
143 2013-09-25 15:31:15    162 486.9 166.6 166.2957 3.421335e-05 16.82543 0.08307234  0.273992724  0.003876040   9.590367e-03      0.0001356702         1  0.2230269609    0.001847856      6.853932e-03            5.678721e-05
144 2013-09-25 15:31:30    163 488.6 166.6 166.2938 3.421335e-05 16.82350 0.08307234  0.273908859  0.003876038   9.587432e-03      0.0001356701         1  0.2247581611    0.001862960      6.907135e-03            5.725140e-05
145 2013-09-25 15:31:45    164 489.9 166.6 166.2919 3.421335e-05 16.82157 0.08307234  0.273824995  0.003876037   9.584496e-03      0.0001356701         1  0.2260820202    0.001874546      6.947819e-03            5.760742e-05
146 2013-09-25 15:32:00    165 491.3 166.7 166.3899 3.421335e-05 16.91965 0.08307234  0.278095633  0.003876111   9.733978e-03      0.0001356727         1  0.2275077145    0.001887054      6.991632e-03            5.799184e-05
147 2013-09-25 15:32:15    166 492.4 166.7 166.3880 3.421335e-05 16.91772 0.08307234  0.278011769  0.003876110   9.731043e-03      0.0001356726         1  0.2286279029    0.001896906      7.026057e-03            5.829459e-05
148 2013-09-25 15:32:30    167 493.6 166.9 166.5861 3.421335e-05 17.11580 0.08307234  0.286636911  0.003876262   1.003294e-02      0.0001356780         1  0.2298499266    0.001907676      7.063612e-03            5.862558e-05
149 2013-09-25 15:32:45    168 495.2 166.8 166.4841 3.421335e-05 17.01387 0.08307234  0.282198543  0.003876183   9.877589e-03      0.0001356752         1  0.2314792916    0.001922073      7.113684e-03            5.906802e-05
150 2013-09-25 15:33:00    169 496.9 166.8 166.4822 3.421335e-05 17.01194 0.08307234  0.282114679  0.003876182   9.874654e-03      0.0001356752         1  0.2332104918    0.001937415      7.166887e-03            5.953949e-05
151 2013-09-25 15:33:15    170 498.1 166.9 166.5803 3.421335e-05 17.11002 0.08307234  0.286385318  0.003876257   1.002414e-02      0.0001356778         1  0.2344325156    0.001948272      7.204441e-03            5.987313e-05
152 2013-09-25 15:33:30    171 499.2 167.2 166.8784 3.421335e-05 17.40809 0.08307234  0.299364963  0.003876489   1.047845e-02      0.0001356859         1  0.2355527040    0.001958243      7.238866e-03            6.017956e-05
153 2013-09-25 15:33:45    172 500.5 167.1 166.7764 3.421335e-05 17.30617 0.08307234  0.294926595  0.003876409   1.032310e-02      0.0001356831         1  0.2368765630    0.001970051      7.279550e-03            6.054244e-05
154 2013-09-25 15:34:00    173 501.8 167.1 166.7745 3.421335e-05 17.30424 0.08307234  0.294842731  0.003876408   1.032016e-02      0.0001356831         1  0.2382004220    0.001981884      7.320234e-03            6.090609e-05
155 2013-09-25 15:34:15    174 503.1 167.1 166.7726 3.421335e-05 17.30231 0.08307234  0.294758866  0.003876406   1.031723e-02      0.0001356830         1  0.2395242810    0.001993742      7.360918e-03            6.127050e-05
156 2013-09-25 15:34:30    175 504.7 167.1 166.7707 3.421335e-05 17.30039 0.08307234  0.294675002  0.003876405   1.031429e-02      0.0001356830         1  0.2411536460    0.002008369      7.410991e-03            6.172002e-05
157 2013-09-25 15:34:45    176 506.1 167.2 166.8687 3.421335e-05 17.39846 0.08307234  0.298945641  0.003876482   1.046378e-02      0.0001356857         1  0.2425793403    0.002021198      7.454805e-03            6.211426e-05
158 2013-09-25 15:35:00    177 507.8 167.2 166.8668 3.421335e-05 17.39654 0.08307234  0.298861776  0.003876480   1.046084e-02      0.0001356856         1  0.2443105406    0.002036812      7.508007e-03            6.259409e-05
159 2013-09-25 15:35:15    178 509.3 167.1 166.7649 3.421335e-05 17.29461 0.08307234  0.294423408  0.003876400   1.030549e-02      0.0001356828         1  0.2458380703    0.002050621      7.554950e-03            6.301847e-05
160 2013-09-25 15:35:30    179 510.9 167.3 166.9630 3.421335e-05 17.49269 0.08307234  0.303048550  0.003876556   1.060739e-02      0.0001356882         1  0.2474674352    0.002065383      7.605023e-03            6.347214e-05
161 2013-09-25 15:35:45    180 512.6 167.3 166.9610 3.421335e-05 17.49076 0.08307234  0.302964686  0.003876554   1.060445e-02      0.0001356882         1  0.2491986355    0.002081105      7.658225e-03            6.395528e-05
162 2013-09-25 15:36:00    181 514.2 167.5 167.1591 3.421335e-05 17.68883 0.08307234  0.311589828  0.003876711   1.090635e-02      0.0001356937         1  0.2508280004    0.002095935      7.708297e-03            6.441102e-05
163 2013-09-25 15:36:15    182 515.7 167.5 167.1572 3.421335e-05 17.68691 0.08307234  0.311505964  0.003876710   1.090342e-02      0.0001356936         1  0.2523555301    0.002109866      7.755241e-03            6.483916e-05
164 2013-09-25 15:36:30    183 517.4 167.5 167.1553 3.421335e-05 17.68498 0.08307234  0.311422099  0.003876708   1.090048e-02      0.0001356936         1  0.2540867303    0.002125689      7.808443e-03            6.532540e-05
165 2013-09-25 15:36:45    184 519.0 167.7 167.3533 3.421335e-05 17.88306 0.08307234  0.320047241  0.003876867   1.120238e-02      0.0001356991         1  0.2557160953    0.002140611      7.858516e-03            6.578400e-05
166 2013-09-25 15:37:00    185 520.4 167.7 167.3514 3.421335e-05 17.88113 0.08307234  0.319963377  0.003876865   1.119944e-02      0.0001356991         1  0.2571417896    0.002153693      7.902329e-03            6.618602e-05
167 2013-09-25 15:37:15    186 521.8 167.7 167.3495 3.421335e-05 17.87920 0.08307234  0.319879512  0.003876864   1.119651e-02      0.0001356990         1  0.2585674840    0.002166797      7.946143e-03            6.658873e-05
168 2013-09-25 15:37:30    187 523.5 167.7 167.3476 3.421335e-05 17.87728 0.08307234  0.319795648  0.003876862   1.119357e-02      0.0001356990         1  0.2602986842    0.002182739      7.999345e-03            6.707863e-05
169 2013-09-25 15:37:45    188 525.4 167.8 167.4456 3.421335e-05 17.97535 0.08307234  0.324066287  0.003876941   1.134306e-02      0.0001357017         1  0.2622335551    0.002200593      8.058806e-03            6.762732e-05
170 2013-09-25 15:38:00    189 526.8 167.9 167.5437 3.421335e-05 18.07343 0.08307234  0.328336925  0.003877021   1.149254e-02      0.0001357045         1  0.2636592495    0.002213774      8.102620e-03            6.803238e-05
171 2013-09-25 15:38:15    190 528.3 167.8 167.4418 3.421335e-05 17.97150 0.08307234  0.323898558  0.003876938   1.133718e-02      0.0001357016         1  0.2651867791    0.002227918      8.149563e-03            6.846706e-05
172 2013-09-25 15:38:30    191 530.0 168.0 167.6399 3.421335e-05 18.16957 0.08307234  0.332523700  0.003877100   1.163908e-02      0.0001357073         1  0.2669179794    0.002243977      8.202765e-03            6.896057e-05
173 2013-09-25 15:38:45    192 531.6 168.0 167.6379 3.421335e-05 18.16765 0.08307234  0.332439835  0.003877098   1.163615e-02      0.0001357072         1  0.2685473443    0.002259118      8.252838e-03            6.942586e-05
174 2013-09-25 15:39:00    193 533.2 167.9 167.5360 3.421335e-05 18.06572 0.08307234  0.328001467  0.003877015   1.148080e-02      0.0001357043         1  0.2701767093    0.002274284      8.302911e-03            6.989193e-05
175 2013-09-25 15:39:15    194 535.0 168.0 167.6341 3.421335e-05 18.16380 0.08307234  0.332272106  0.003877095   1.163028e-02      0.0001357071         1  0.2720097449    0.002291375      8.359242e-03            7.041717e-05
176 2013-09-25 15:39:30    195 536.8 168.0 167.6321 3.421335e-05 18.16187 0.08307234  0.332188242  0.003877093   1.162734e-02      0.0001357071         1  0.2738427804    0.002308497      8.415574e-03            7.094335e-05
177 2013-09-25 15:39:45    196 538.4 168.0 167.6302 3.421335e-05 18.15994 0.08307234  0.332104377  0.003877092   1.162441e-02      0.0001357070         1  0.2754721454    0.002323741      8.465647e-03            7.141183e-05
178 2013-09-25 15:40:00    197 539.9 168.1 167.7283 3.421335e-05 18.25802 0.08307234  0.336375016  0.003877172   1.177389e-02      0.0001357098         1  0.2769996751    0.002338054      8.512590e-03            7.185169e-05
179 2013-09-25 15:40:15    198 541.0 168.2 167.8264 3.421335e-05 18.35609 0.08307234  0.340645655  0.003877253   1.192337e-02      0.0001357127         1  0.2781198635    0.002348563      8.547015e-03            7.217464e-05
180 2013-09-25 15:40:30    199 542.3 168.2 167.8244 3.421335e-05 18.35417 0.08307234  0.340561790  0.003877251   1.192044e-02      0.0001357126         1  0.2794437225    0.002360996      8.587699e-03            7.255673e-05
181 2013-09-25 15:40:45    200 543.6 168.4 168.0225 3.421335e-05 18.55224 0.08307234  0.349186933  0.003877416   1.222234e-02      0.0001357184         1  0.2807675815    0.002373444      8.628383e-03            7.293927e-05
182 2013-09-25 15:41:00    201 545.0 168.3 167.9206 3.421335e-05 18.45031 0.08307234  0.344748565  0.003877331   1.206698e-02      0.0001357154         1  0.2821932759    0.002386865      8.672197e-03            7.335172e-05
183 2013-09-25 15:41:15    202 546.3 168.4 168.0187 3.421335e-05 18.54839 0.08307234  0.349019204  0.003877413   1.221646e-02      0.0001357182         1  0.2835171349    0.002399343      8.712881e-03            7.373517e-05
184 2013-09-25 15:41:30    203 547.9 168.5 168.1167 3.421335e-05 18.64646 0.08307234  0.353289842  0.003877495   1.236595e-02      0.0001357211         1  0.2851464998    0.002414718      8.762953e-03            7.420770e-05
185 2013-09-25 15:41:45    204 549.4 168.5 168.1148 3.421335e-05 18.64454 0.08307234  0.353205978  0.003877493   1.236301e-02      0.0001357211         1  0.2866740295    0.002429152      8.809896e-03            7.465126e-05
186 2013-09-25 15:42:00    205 550.8 168.5 168.1129 3.421335e-05 18.64261 0.08307234  0.353122113  0.003877492   1.236008e-02      0.0001357210         1  0.2880997238    0.002442640      8.853710e-03            7.506575e-05
187 2013-09-25 15:42:15    206 551.7 168.5 168.1110 3.421335e-05 18.64069 0.08307234  0.353038249  0.003877490   1.235714e-02      0.0001357210         1  0.2890162416    0.002451318      8.881876e-03            7.533246e-05
188 2013-09-25 15:42:30    207 553.0 168.7 168.3090 3.421335e-05 18.83876 0.08307234  0.361663391  0.003877657   1.265904e-02      0.0001357268         0  0.2903401006    0.002463865      8.922560e-03            7.571804e-05

$dryleafvolt
            timestamp record LWSmV  SEmV    CSEmV     CSEmV.sd   loadmV  loadmV.sd
1 2013-09-25 14:54:15     14 265.1 160.3 160.2807 3.421335e-05 10.81046 0.08307234
2 2013-09-25 14:54:30     15 265.1 160.0 159.9788 3.421335e-05 10.50854 0.08307234
3 2013-09-25 14:54:45     16 265.1 160.1 160.0769 3.421335e-05 10.60661 0.08307234
4 2013-09-25 14:55:00     17 265.1 160.0 159.9750 3.421335e-05 10.50469 0.08307234
5 2013-09-25 14:55:15     18 265.1 159.9 159.8730 3.421335e-05 10.40276 0.08307234
6 2013-09-25 14:55:30     19 265.1 159.9 159.8711 3.421335e-05 10.40083 0.08307234
7 2013-09-25 14:55:45     20 265.1 160.0 159.9692 3.421335e-05 10.49891 0.08307234

$runtime
Time difference of 46.75 mins

$startcalibvolt
            timestamp record LWSmV  SEmV    CSEmV     CSEmV.sd   loadmV  loadmV.sd
1 2013-09-25 14:52:15      6 264.7 271.5 271.4961 3.421335e-05 122.0259 0.08307234
2 2013-09-25 14:52:30      7 264.6 271.8 271.7942 3.421335e-05 122.3239 0.08307234
3 2013-09-25 14:52:45      8 264.5 271.9 271.8923 3.421335e-05 122.4220 0.08307234
4 2013-09-25 14:53:00      9 264.5 272.2 272.1904 3.421335e-05 122.7201 0.08307234
5 2013-09-25 14:53:15     10 264.5 272.0 271.9884 3.421335e-05 122.5182 0.08307234

$endcalibvolt
            timestamp record LWSmV  SEmV
1 2013-09-25 15:45:30    219 265.8 272.8
2 2013-09-25 15:45:45    220 265.8 272.8
3 2013-09-25 15:46:00    221 265.8 272.9
4 2013-09-25 15:46:15    222 265.8 272.8

$lastLWSvolt
[1] 554

$maxLWSvolt
[1] 554.6

$species
[1] "blueoak"

$trial
[1] "5"

$replicate
[1] "1"

$isvertical
[1] FALSE

$conversionfactor
         avg        stdev
1 0.04354503 1.321665e-05

$LWSwatermass
        avg       stdev
1 0.3072989 0.002955057

$dryleafmass
       avg       stdev
1 0.458671 0.001374313

$lwsmodel

Call:
lm(formula = LWSsurfacedensity ~ record, data = rd[rd$runfilter == 
    1, ])

Coefficients:
(Intercept)       record  
 -0.0016321    0.0000517  


$leafmodel

Call:
lm(formula = surfacedensity ~ record, data = rd[rd$runfilter == 
    1, ])

Coefficients:
(Intercept)       record  
 -1.173e-03    6.588e-05  


