$name
[1] "blueoak7"

$leafarea
[1] 19.27847

$startbasevolt
            timestamp record LWSmV  SEmV CSEmV CSEmV.sd      loadmV  loadmV.sd
1 2013-09-27 11:32:00      1 261.7 150.6 150.6        0  0.06001961 0.07431229
2 2013-09-27 11:32:15      2 261.7 150.5 150.5        0 -0.03998039 0.07431229
3 2013-09-27 11:32:30      3 261.7 150.5 150.5        0 -0.03998039 0.07431229
4 2013-09-27 11:32:45      4 261.7 150.5 150.5        0 -0.03998039 0.07431229
5 2013-09-27 11:33:00      5 261.7 150.6 150.6        0  0.06001961 0.07431229

$endbasevolt
            timestamp record LWSmV  SEmV    CSEmV     CSEmV.sd      loadmV loadmV.sd
1 2013-09-27 12:36:00    257 264.4 150.6 150.6066 3.341227e-05  0.06660784 0.0743123
2 2013-09-27 12:36:15    258 264.4 150.6 150.6066 3.341227e-05  0.06663399 0.0743123
3 2013-09-27 12:36:30    259 264.4 150.4 150.4066 3.341227e-05 -0.13333987 0.0743123

$dryragvolt
            timestamp record LWSmV  SEmV    CSEmV     CSEmV.sd   loadmV loadmV.sd
1 2013-09-27 12:32:30    243 528.5 303.3 303.3062 3.341227e-05 152.7662 0.0743123
2 2013-09-27 12:32:45    244 528.2 303.2 303.2062 3.341227e-05 152.6663 0.0743123
3 2013-09-27 12:33:00    245 527.6 303.0 303.0063 3.341227e-05 152.4663 0.0743123

$wetragvolt
            timestamp record LWSmV  SEmV    CSEmV     CSEmV.sd   loadmV loadmV.sd
1 2013-09-27 12:33:45    248 265.1 309.1 309.1064 3.341227e-05 158.5664 0.0743123
2 2013-09-27 12:34:00    249 264.4 309.0 309.0064 3.341227e-05 158.4664 0.0743123
3 2013-09-27 12:34:15    250 264.4 308.8 308.8064 3.341227e-05 158.2664 0.0743123
4 2013-09-27 12:34:30    251 264.4 308.8 308.8064 3.341227e-05 158.2665 0.0743123

$rundata
              timestamp record LWSmV  SEmV    CSEmV     CSEmV.sd    loadmV loadmV.sd   watermass watermass.sd surfacedensity surfacedensity.sd runfilter      LWSwater LWSwater.stdev LWSsurfacedensity LWSsurfacedensity.stdev
1   2013-09-27 11:37:45     24 261.9 157.4 157.4005 3.341227e-05  6.860516 0.0743123 0.003263749  0.003614914   0.0001692950      0.0001875104         0 -0.0061024862    0.001306783     -1.875380e-04            4.015928e-05
2   2013-09-27 11:38:00     25 262.0 157.5 157.5005 3.341227e-05  6.960542 0.0743123 0.007614277  0.003614933   0.0003949628      0.0001875114         0 -0.0060006509    0.001306109     -1.844084e-04            4.013858e-05
3   2013-09-27 11:38:15     26 262.1 157.5 157.5005 3.341227e-05  6.960569 0.0743123 0.007615414  0.003614933   0.0003950217      0.0001875114         0 -0.0058988156    0.001305436     -1.812789e-04            4.011790e-05
4   2013-09-27 11:38:30     27 262.4 157.5 157.5006 3.341227e-05  6.960595 0.0743123 0.007616551  0.003614933   0.0003950807      0.0001875114         0 -0.0055933096    0.001303421     -1.718903e-04            4.005595e-05
5   2013-09-27 11:38:45     28 262.4 157.6 157.6006 3.341227e-05  7.060621 0.0743123 0.011967079  0.003614952   0.0006207484      0.0001875124         0 -0.0055933096    0.001303421     -1.718903e-04            4.005595e-05
6   2013-09-27 11:39:00     29 262.4 157.6 157.6006 3.341227e-05  7.060647 0.0743123 0.011968216  0.003614952   0.0006208074      0.0001875124         0 -0.0055933096    0.001303421     -1.718903e-04            4.005595e-05
7   2013-09-27 11:39:15     30 262.9 157.6 157.6007 3.341227e-05  7.060673 0.0743123 0.011969354  0.003614952   0.0006208664      0.0001875124         0 -0.0050841331    0.001300071     -1.562426e-04            3.995302e-05
8   2013-09-27 11:39:30     31 263.3 157.7 157.7007 3.341227e-05  7.160699 0.0743123 0.016319882  0.003614972   0.0008465341      0.0001875134         0 -0.0046767919    0.001297401     -1.437244e-04            3.987096e-05
9   2013-09-27 11:39:45     32 263.8 157.7 157.7007 3.341227e-05  7.160725 0.0743123 0.016321019  0.003614972   0.0008465931      0.0001875134         0 -0.0041676153    0.001294075     -1.280767e-04            3.976874e-05
10  2013-09-27 11:40:00     33 264.6 157.7 157.7007 3.341227e-05  7.160752 0.0743123 0.016322156  0.003614972   0.0008466521      0.0001875134         0 -0.0033529328    0.001288780     -1.030403e-04            3.960604e-05
11  2013-09-27 11:40:15     34 265.1 157.8 157.8008 3.341227e-05  7.260778 0.0743123 0.020672684  0.003614992   0.0010723198      0.0001875145         0 -0.0028437563    0.001285489     -8.739263e-05            3.950488e-05
12  2013-09-27 11:40:30     35 265.8 157.7 157.7008 3.341227e-05  7.160804 0.0743123 0.016324430  0.003614972   0.0008467701      0.0001875134         0 -0.0021309091    0.001280903     -6.548584e-05            3.936394e-05
13  2013-09-27 11:40:45     36 266.6 157.9 157.9008 3.341227e-05  7.360830 0.0743123 0.025024349  0.003615012   0.0012980465      0.0001875155         0 -0.0013162266    0.001275694     -4.044950e-05            3.920387e-05
14  2013-09-27 11:41:00     37 267.4 158.0 158.0008 3.341227e-05  7.460856 0.0743123 0.029374877  0.003615032   0.0015237143      0.0001875166         0 -0.0005015442    0.001270520     -1.541316e-05            3.904488e-05
15  2013-09-27 11:41:15     38 268.2 157.9 157.9009 3.341227e-05  7.360882 0.0743123 0.025026623  0.003615012   0.0012981645      0.0001875155         0  0.0003131383    0.001265382      9.623181e-06            3.888698e-05
16  2013-09-27 11:41:30     39 269.1 158.0 158.0009 3.341227e-05  7.460908 0.0743123 0.029377152  0.003615032   0.0015238322      0.0001875166         0  0.0012296561    0.001259645      3.778906e-05            3.871066e-05
17  2013-09-27 11:41:45     40 270.1 157.9 157.9009 3.341227e-05  7.360935 0.0743123 0.025028898  0.003615012   0.0012982825      0.0001875155         0  0.0022480092    0.001253324      6.908449e-05            3.851641e-05
18  2013-09-27 11:42:00     41 271.0 158.0 158.0009 3.341227e-05  7.460961 0.0743123 0.029379426  0.003615032   0.0015239502      0.0001875166         0  0.0031645270    0.001247685      9.725037e-05            3.834311e-05
19  2013-09-27 11:42:15     42 271.9 158.0 158.0010 3.341227e-05  7.460987 0.0743123 0.029380563  0.003615032   0.0015240092      0.0001875166         0  0.0040810448    0.001242093      1.254163e-04            3.817126e-05
20  2013-09-27 11:42:30     43 272.9 158.1 158.1010 3.341227e-05  7.561013 0.0743123 0.033731091  0.003615053   0.0017496769      0.0001875176         0  0.0050993979    0.001235936      1.567117e-04            3.798205e-05
21  2013-09-27 11:42:45     44 273.9 158.2 158.2010 3.341227e-05  7.661039 0.0743123 0.038081619  0.003615074   0.0019753446      0.0001875187         0  0.0061177510    0.001229839      1.880071e-04            3.779469e-05
22  2013-09-27 11:43:00     45 274.9 158.1 158.1010 3.341227e-05  7.561065 0.0743123 0.033733365  0.003615053   0.0017497949      0.0001875176         1  0.0071361041    0.001223804      2.193025e-04            3.760921e-05
23  2013-09-27 11:43:15     46 275.9 158.2 158.2011 3.341227e-05  7.661092 0.0743123 0.038083893  0.003615074   0.0019754626      0.0001875187         1  0.0081544572    0.001217830      2.505979e-04            3.742563e-05
24  2013-09-27 11:43:30     47 277.0 158.1 158.1011 3.341227e-05  7.561118 0.0743123 0.033735639  0.003615053   0.0017499128      0.0001875176         1  0.0092746456    0.001211332      2.850229e-04            3.722594e-05
25  2013-09-27 11:43:45     48 278.0 158.2 158.2011 3.341227e-05  7.661144 0.0743123 0.038086168  0.003615074   0.0019755806      0.0001875187         1  0.0102929987    0.001205492      3.163183e-04            3.704646e-05
26  2013-09-27 11:44:00     49 279.1 158.2 158.2012 3.341227e-05  7.661170 0.0743123 0.038087305  0.003615074   0.0019756395      0.0001875187         1  0.0114131871    0.001199143      3.507433e-04            3.685134e-05
27  2013-09-27 11:44:15     50 280.2 158.4 158.4012 3.341227e-05  7.861196 0.0743123 0.046787224  0.003615116   0.0024269160      0.0001875209         1  0.0125333755    0.001192873      3.851683e-04            3.665867e-05
28  2013-09-27 11:44:30     51 281.2 158.5 158.5012 3.341227e-05  7.961222 0.0743123 0.051137752  0.003615138   0.0026525837      0.0001875221         1  0.0135517286    0.001187244      4.164637e-04            3.648567e-05
29  2013-09-27 11:44:45     52 282.3 158.4 158.4012 3.341227e-05  7.861248 0.0743123 0.046789498  0.003615116   0.0024270340      0.0001875209         1  0.0146719170    0.001181130      4.508887e-04            3.629779e-05
30  2013-09-27 11:45:00     53 283.3 158.3 158.3013 3.341227e-05  7.761275 0.0743123 0.042441244  0.003615095   0.0022014842      0.0001875198         1  0.0156902701    0.001175645      4.821841e-04            3.612922e-05
31  2013-09-27 11:45:15     54 284.5 158.4 158.4013 3.341227e-05  7.861301 0.0743123 0.046791772  0.003615116   0.0024271519      0.0001875209         1  0.0169122938    0.001169155      5.197386e-04            3.592977e-05
32  2013-09-27 11:45:30     55 285.6 158.6 158.6013 3.341227e-05  8.061327 0.0743123 0.055491691  0.003615160   0.0028784284      0.0001875232         1  0.0180324822    0.001163296      5.541636e-04            3.574971e-05
33  2013-09-27 11:45:45     56 286.6 158.5 158.5013 3.341227e-05  7.961353 0.0743123 0.051143437  0.003615138   0.0026528786      0.0001875221         1  0.0190508353    0.001158045      5.854590e-04            3.558835e-05
34  2013-09-27 11:46:00     57 287.8 158.4 158.4014 3.341227e-05  7.861379 0.0743123 0.046795184  0.003615116   0.0024273289      0.0001875209         1  0.0202728590    0.001151841      6.230135e-04            3.539768e-05
35  2013-09-27 11:46:15     58 288.9 158.5 158.5014 3.341227e-05  7.961405 0.0743123 0.051145712  0.003615138   0.0026529966      0.0001875221         1  0.0213930475    0.001146247      6.574385e-04            3.522580e-05
36  2013-09-27 11:46:30     59 290.0 158.5 158.5014 3.341227e-05  7.961431 0.0743123 0.051146849  0.003615138   0.0026530556      0.0001875221         1  0.0225132359    0.001140746      6.918634e-04            3.505672e-05
37  2013-09-27 11:46:45     60 291.2 158.6 158.6014 3.341227e-05  8.061458 0.0743123 0.055497377  0.003615160   0.0028787233      0.0001875232         1  0.0237352596    0.001134850      7.294179e-04            3.487553e-05
38  2013-09-27 11:47:00     61 292.3 158.4 158.4015 3.341227e-05  7.861484 0.0743123 0.046799732  0.003615117   0.0024275648      0.0001875209         1  0.0248554480    0.001129543      7.638429e-04            3.471245e-05
39  2013-09-27 11:47:15     62 293.4 158.6 158.6015 3.341227e-05  8.061510 0.0743123 0.055499651  0.003615160   0.0028788413      0.0001875232         1  0.0259756364    0.001124332      7.982679e-04            3.455231e-05
40  2013-09-27 11:47:30     63 294.6 158.6 158.6015 3.341227e-05  8.061536 0.0743123 0.055500788  0.003615160   0.0028789003      0.0001875232         1  0.0271976601    0.001118758      8.358224e-04            3.438101e-05
41  2013-09-27 11:47:45     64 295.8 158.6 158.6015 3.341227e-05  8.061562 0.0743123 0.055501925  0.003615160   0.0028789592      0.0001875232         1  0.0284196838    0.001113301      8.733769e-04            3.421330e-05
42  2013-09-27 11:48:00     65 297.0 158.6 158.6016 3.341227e-05  8.061588 0.0743123 0.055503062  0.003615160   0.0028790182      0.0001875232         1  0.0296417075    0.001107962      9.109314e-04            3.404923e-05
43  2013-09-27 11:48:15     66 298.1 158.8 158.8016 3.341227e-05  8.261614 0.0743123 0.064202982  0.003615205   0.0033302947      0.0001875255         1  0.0307618960    0.001103174      9.453564e-04            3.390209e-05
44  2013-09-27 11:48:30     67 299.4 158.7 158.7016 3.341227e-05  8.161641 0.0743123 0.059854728  0.003615183   0.0031047449      0.0001875244         1  0.0320857550    0.001097648      9.860404e-04            3.373225e-05
45  2013-09-27 11:48:45     68 300.6 158.9 158.9016 3.341227e-05  8.361667 0.0743123 0.068554647  0.003615228   0.0035560214      0.0001875267         1  0.0333077787    0.001092675      1.023595e-03            3.357945e-05
46  2013-09-27 11:49:00     69 301.8 158.9 158.9017 3.341227e-05  8.361693 0.0743123 0.068555784  0.003615228   0.0035560804      0.0001875267         1  0.0345298024    0.001087828      1.061149e-03            3.343050e-05
47  2013-09-27 11:49:15     70 303.0 158.9 158.9017 3.341227e-05  8.361719 0.0743123 0.068556921  0.003615228   0.0035561394      0.0001875267         1  0.0357518261    0.001083109      1.098704e-03            3.328545e-05
48  2013-09-27 11:49:30     71 304.1 159.1 159.1017 3.341227e-05  8.561745 0.0743123 0.077256840  0.003615275   0.0040074158      0.0001875291         1  0.0368720145    0.001078895      1.133129e-03            3.315598e-05
49  2013-09-27 11:49:45     72 305.3 159.0 159.0018 3.341227e-05  8.461771 0.0743123 0.072908586  0.003615251   0.0037818661      0.0001875279         1  0.0380940383    0.001074424      1.170683e-03            3.301857e-05
50  2013-09-27 11:50:00     73 306.4 159.0 159.0018 3.341227e-05  8.461797 0.0743123 0.072909723  0.003615251   0.0037819251      0.0001875279         1  0.0392142267    0.001070442      1.205108e-03            3.289618e-05
51  2013-09-27 11:50:15     74 307.6 159.0 159.0018 3.341227e-05  8.461824 0.0743123 0.072910860  0.003615251   0.0037819840      0.0001875279         1  0.0404362504    0.001066225      1.242663e-03            3.276659e-05
52  2013-09-27 11:50:30     75 308.8 158.9 158.9018 3.341227e-05  8.361850 0.0743123 0.068562607  0.003615228   0.0035564343      0.0001875267         1  0.0416582741    0.001062143      1.280217e-03            3.264115e-05
53  2013-09-27 11:50:45     76 309.8 158.9 158.9019 3.341227e-05  8.361876 0.0743123 0.068563744  0.003615228   0.0035564933      0.0001875267         1  0.0426766272    0.001058846      1.311513e-03            3.253983e-05
54  2013-09-27 11:51:00     77 311.0 159.1 159.1019 3.341227e-05  8.561902 0.0743123 0.077263663  0.003615275   0.0040077697      0.0001875291         1  0.0438986509    0.001055016      1.349067e-03            3.242212e-05
55  2013-09-27 11:51:15     78 312.3 159.0 159.0019 3.341227e-05  8.461928 0.0743123 0.072915409  0.003615251   0.0037822200      0.0001875279         1  0.0452225099    0.001051024      1.389751e-03            3.229945e-05
56  2013-09-27 11:51:30     79 313.6 159.1 159.1019 3.341227e-05  8.561954 0.0743123 0.077265937  0.003615275   0.0040078877      0.0001875291         1  0.0465463690    0.001047198      1.430435e-03            3.218186e-05
57  2013-09-27 11:51:45     80 314.7 159.1 159.1020 3.341227e-05  8.561980 0.0743123 0.077267074  0.003615275   0.0040079467      0.0001875291         1  0.0476665574    0.001044091      1.464860e-03            3.208638e-05
58  2013-09-27 11:52:00     81 315.9 159.2 159.2020 3.341227e-05  8.662007 0.0743123 0.081617602  0.003615298   0.0042336144      0.0001875304         1  0.0488885811    0.001040839      1.502415e-03            3.198646e-05
59  2013-09-27 11:52:15     82 317.2 159.1 159.1020 3.341227e-05  8.562033 0.0743123 0.077269348  0.003615275   0.0040080646      0.0001875291         1  0.0502124401    0.001037481      1.543099e-03            3.188324e-05
60  2013-09-27 11:52:30     83 318.4 159.2 159.2020 3.341227e-05  8.662059 0.0743123 0.081619876  0.003615298   0.0042337324      0.0001875304         1  0.0514344638    0.001034533      1.580653e-03            3.179266e-05
61  2013-09-27 11:52:45     84 319.6 159.2 159.2021 3.341227e-05  8.662085 0.0743123 0.081621014  0.003615298   0.0042337914      0.0001875304         1  0.0526564876    0.001031733      1.618208e-03            3.170662e-05
62  2013-09-27 11:53:00     85 320.8 159.4 159.4021 3.341227e-05  8.862111 0.0743123 0.090320933  0.003615347   0.0046850678      0.0001875329         1  0.0538785113    0.001029083      1.655762e-03            3.162516e-05
63  2013-09-27 11:53:15     86 321.9 159.6 159.6021 3.341227e-05  9.062137 0.0743123 0.099020852  0.003615396   0.0051363443      0.0001875354         1  0.0549986997    0.001026785      1.690187e-03            3.155455e-05
64  2013-09-27 11:53:30     87 323.0 159.6 159.6021 3.341227e-05  9.062163 0.0743123 0.099021989  0.003615396   0.0051364033      0.0001875354         1  0.0561188881    0.001024614      1.724612e-03            3.148784e-05
65  2013-09-27 11:53:45     88 324.2 159.4 159.4022 3.341227e-05  8.862190 0.0743123 0.090324344  0.003615347   0.0046852448      0.0001875329         1  0.0573409118    0.001022392      1.762167e-03            3.141955e-05
66  2013-09-27 11:54:00     89 325.3 159.5 159.5022 3.341227e-05  8.962216 0.0743123 0.094674872  0.003615371   0.0049109125      0.0001875341         1  0.0584611002    0.001020490      1.796592e-03            3.136108e-05
67  2013-09-27 11:54:15     90 326.5 159.5 159.5022 3.341227e-05  8.962242 0.0743123 0.094676009  0.003615371   0.0049109715      0.0001875341         1  0.0596831239    0.001018562      1.834146e-03            3.130184e-05
68  2013-09-27 11:54:30     91 327.7 159.5 159.5022 3.341227e-05  8.962268 0.0743123 0.094677146  0.003615371   0.0049110305      0.0001875341         1  0.0609051477    0.001016789      1.871701e-03            3.124736e-05
69  2013-09-27 11:54:45     92 328.8 159.7 159.7023 3.341227e-05  9.162294 0.0743123 0.103377065  0.003615421   0.0053623069      0.0001875367         1  0.0620253361    0.001015301      1.906126e-03            3.120163e-05
70  2013-09-27 11:55:00     93 330.2 159.7 159.7023 3.341227e-05  9.162320 0.0743123 0.103378203  0.003615421   0.0053623659      0.0001875367         1  0.0634510304    0.001013597      1.949939e-03            3.114927e-05
71  2013-09-27 11:55:15     94 331.4 159.6 159.6023 3.341227e-05  9.062346 0.0743123 0.099029949  0.003615396   0.0051368161      0.0001875354         1  0.0646730541    0.001012307      1.987494e-03            3.110962e-05
72  2013-09-27 11:55:30     95 332.6 159.6 159.6024 3.341227e-05  9.062373 0.0743123 0.099031086  0.003615396   0.0051368751      0.0001875354         1  0.0658950778    0.001011175      2.025048e-03            3.107482e-05
73  2013-09-27 11:55:45     96 333.9 159.7 159.7024 3.341227e-05  9.162399 0.0743123 0.103381614  0.003615421   0.0053625429      0.0001875367         1  0.0672189369    0.001010127      2.065733e-03            3.104261e-05
74  2013-09-27 11:56:00     97 335.2 159.7 159.7024 3.341227e-05  9.162425 0.0743123 0.103382751  0.003615421   0.0053626018      0.0001875367         1  0.0685427959    0.001009265      2.106417e-03            3.101614e-05
75  2013-09-27 11:56:15     98 336.3 159.8 159.8024 3.341227e-05  9.262451 0.0743123 0.107733279  0.003615446   0.0055882696      0.0001875380         1  0.0696629843    0.001008682      2.140842e-03            3.099822e-05
76  2013-09-27 11:56:30     99 337.6 159.7 159.7025 3.341227e-05  9.162477 0.0743123 0.103385025  0.003615421   0.0053627198      0.0001875367         1  0.0709868433    0.001008166      2.181526e-03            3.098235e-05
77  2013-09-27 11:56:45    100 338.8 160.0 160.0025 3.341227e-05  9.462503 0.0743123 0.116434335  0.003615498   0.0060396050      0.0001875407         1  0.0722088670    0.001007856      2.219080e-03            3.097283e-05
78  2013-09-27 11:57:00    101 340.0 159.9 159.9025 3.341227e-05  9.362529 0.0743123 0.112086081  0.003615472   0.0058140553      0.0001875394         1  0.0734308908    0.001007706      2.256635e-03            3.096821e-05
79  2013-09-27 11:57:15    102 341.3 160.0 160.0025 3.341227e-05  9.462556 0.0743123 0.116436610  0.003615498   0.0060397230      0.0001875407         1  0.0747547498    0.001007724      2.297319e-03            3.096876e-05
80  2013-09-27 11:57:30    103 342.4 159.9 159.9026 3.341227e-05  9.362582 0.0743123 0.112088356  0.003615472   0.0058141732      0.0001875394         1  0.0758749382    0.001007885      2.331744e-03            3.097374e-05
81  2013-09-27 11:57:45    104 343.6 159.9 159.9026 3.341227e-05  9.362608 0.0743123 0.112089493  0.003615472   0.0058142322      0.0001875394         1  0.0770969619    0.001008215      2.369298e-03            3.098387e-05
82  2013-09-27 11:58:00    105 344.8 159.8 159.8026 3.341227e-05  9.262634 0.0743123 0.107741239  0.003615446   0.0055886824      0.0001875380         1  0.0783189856    0.001008705      2.406853e-03            3.099892e-05
83  2013-09-27 11:58:15    106 346.1 159.8 159.8026 3.341227e-05  9.262660 0.0743123 0.107742376  0.003615446   0.0055887414      0.0001875380         1  0.0796428447    0.001009415      2.447537e-03            3.102075e-05
84  2013-09-27 11:58:30    107 347.6 159.9 159.9027 3.341227e-05  9.362686 0.0743123 0.112092904  0.003615472   0.0058144092      0.0001875394         1  0.0811703743    0.001010467      2.494480e-03            3.105307e-05
85  2013-09-27 11:58:45    108 349.2 160.0 160.0027 3.341227e-05  9.462712 0.0743123 0.116443432  0.003615498   0.0060400769      0.0001875407         1  0.0827997393    0.001011862      2.544553e-03            3.109594e-05
86  2013-09-27 11:59:00    109 350.7 159.8 159.8027 3.341227e-05  9.262739 0.0743123 0.107745787  0.003615446   0.0055889184      0.0001875380         1  0.0843272689    0.001013425      2.591496e-03            3.114398e-05
87  2013-09-27 11:59:15    110 352.0 159.9 159.9027 3.341227e-05  9.362765 0.0743123 0.112096315  0.003615472   0.0058145861      0.0001875394         1  0.0856511279    0.001014979      2.632180e-03            3.119172e-05
88  2013-09-27 11:59:30    111 353.4 160.0 160.0028 3.341227e-05  9.462791 0.0743123 0.116446843  0.003615498   0.0060402538      0.0001875407         1  0.0870768223    0.001016857      2.675993e-03            3.124945e-05
89  2013-09-27 11:59:45    112 354.9 160.1 160.1028 3.341227e-05  9.562817 0.0743123 0.120797372  0.003615524   0.0062659215      0.0001875421         1  0.0886043519    0.001019105      2.722936e-03            3.131854e-05
90  2013-09-27 12:00:00    113 356.4 160.0 160.0028 3.341227e-05  9.462843 0.0743123 0.116449118  0.003615498   0.0060403718      0.0001875407         1  0.0901318816    0.001021595      2.769880e-03            3.139505e-05
91  2013-09-27 12:00:15    114 358.0 160.1 160.1028 3.341227e-05  9.562869 0.0743123 0.120799646  0.003615524   0.0062660395      0.0001875421         1  0.0917612465    0.001024515      2.819952e-03            3.148478e-05
92  2013-09-27 12:00:30    115 359.4 160.1 160.1029 3.341227e-05  9.562895 0.0743123 0.120800783  0.003615524   0.0062660985      0.0001875421         1  0.0931869409    0.001027292      2.863766e-03            3.157013e-05
93  2013-09-27 12:00:45    116 361.0 160.0 160.0029 3.341227e-05  9.462922 0.0743123 0.116452529  0.003615498   0.0060405487      0.0001875407         1  0.0948163058    0.001030717      2.913839e-03            3.167540e-05
94  2013-09-27 12:01:00    117 362.6 160.1 160.1029 3.341227e-05  9.562948 0.0743123 0.120803057  0.003615524   0.0062662165      0.0001875421         1  0.0964456708    0.001034409      2.963911e-03            3.178884e-05
95  2013-09-27 12:01:15    118 364.2 160.1 160.1030 3.341227e-05  9.562974 0.0743123 0.120804194  0.003615524   0.0062662754      0.0001875421         1  0.0980750357    0.001038363      3.013984e-03            3.191036e-05
96  2013-09-27 12:01:30    119 365.6 160.0 160.0030 3.341227e-05  9.463000 0.0743123 0.116455940  0.003615498   0.0060407257      0.0001875407         1  0.0995007301    0.001042036      3.057797e-03            3.202325e-05
97  2013-09-27 12:01:45    120 367.1 160.0 160.0030 3.341227e-05  9.463026 0.0743123 0.116457077  0.003615498   0.0060407847      0.0001875407         1  0.1010282597    0.001046191      3.104741e-03            3.215091e-05
98  2013-09-27 12:02:00    121 368.8 160.2 160.2030 3.341227e-05  9.663052 0.0743123 0.125156997  0.003615550   0.0064920611      0.0001875434         1  0.1027594600    0.001051169      3.157943e-03            3.230390e-05
99  2013-09-27 12:02:15    122 370.6 160.1 160.1031 3.341227e-05  9.563078 0.0743123 0.120808743  0.003615524   0.0062665114      0.0001875421         1  0.1045924956    0.001056748      3.214275e-03            3.247535e-05
100 2013-09-27 12:02:30    123 372.2 160.0 160.0031 3.341227e-05  9.463105 0.0743123 0.116460489  0.003615498   0.0060409616      0.0001875407         1  0.1062218605    0.001061969      3.264347e-03            3.263582e-05
101 2013-09-27 12:02:45    124 373.7 160.1 160.1031 3.341227e-05  9.563131 0.0743123 0.120811017  0.003615524   0.0062666293      0.0001875421         1  0.1077493902    0.001067085      3.311290e-03            3.279304e-05
102 2013-09-27 12:03:00    125 375.1 160.2 160.2031 3.341227e-05  9.663157 0.0743123 0.125161545  0.003615550   0.0064922971      0.0001875434         1  0.1091750845    0.001072050      3.355104e-03            3.294562e-05
103 2013-09-27 12:03:15    126 376.6 160.2 160.2032 3.341227e-05  9.663183 0.0743123 0.125162682  0.003615550   0.0064923560      0.0001875434         1  0.1107026141    0.001077571      3.402047e-03            3.311526e-05
104 2013-09-27 12:03:30    127 378.4 160.1 160.1032 3.341227e-05  9.563209 0.0743123 0.120814428  0.003615524   0.0062668063      0.0001875421         1  0.1125356497    0.001084464      3.458379e-03            3.332712e-05
105 2013-09-27 12:03:45    128 380.0 160.1 160.1032 3.341227e-05  9.563235 0.0743123 0.120815565  0.003615524   0.0062668653      0.0001875421         1  0.1141650147    0.001090835      3.508452e-03            3.352289e-05
106 2013-09-27 12:04:00    129 381.9 160.1 160.1032 3.341227e-05  9.563261 0.0743123 0.120816702  0.003615524   0.0062669243      0.0001875421         1  0.1160998856    0.001098691      3.567913e-03            3.376432e-05
107 2013-09-27 12:04:15    130 383.5 160.3 160.3033 3.341227e-05  9.763288 0.0743123 0.129516621  0.003615577   0.0067182007      0.0001875448         1  0.1177292505    0.001105547      3.617986e-03            3.397501e-05
108 2013-09-27 12:04:30    131 385.3 160.2 160.2033 3.341227e-05  9.663314 0.0743123 0.125168367  0.003615550   0.0064926510      0.0001875434         1  0.1195622861    0.001113517      3.674317e-03            3.421994e-05
109 2013-09-27 12:04:45    132 386.7 160.3 160.3033 3.341227e-05  9.763340 0.0743123 0.129518896  0.003615577   0.0067183187      0.0001875448         1  0.1209879804    0.001119901      3.718131e-03            3.441613e-05
110 2013-09-27 12:05:00    133 388.3 160.3 160.3033 3.341227e-05  9.763366 0.0743123 0.129520033  0.003615577   0.0067183777      0.0001875448         1  0.1226173454    0.001127391      3.768204e-03            3.464630e-05
111 2013-09-27 12:05:15    134 390.3 160.4 160.4034 3.341227e-05  9.863392 0.0743123 0.133870561  0.003615604   0.0069440454      0.0001875462         1  0.1246540516    0.001137038      3.830794e-03            3.494278e-05
112 2013-09-27 12:05:30    135 392.1 160.3 160.3034 3.341227e-05  9.763418 0.0743123 0.129522307  0.003615577   0.0067184956      0.0001875448         1  0.1264870872    0.001145986      3.887126e-03            3.521775e-05
113 2013-09-27 12:05:45    136 394.1 160.2 160.2034 3.341227e-05  9.663444 0.0743123 0.125174053  0.003615551   0.0064929459      0.0001875435         1  0.1285237934    0.001156214      3.949717e-03            3.553209e-05
114 2013-09-27 12:06:00    137 396.0 160.3 160.3035 3.341227e-05  9.763471 0.0743123 0.129524581  0.003615577   0.0067186136      0.0001875448         1  0.1304586642    0.001166204      4.009178e-03            3.583909e-05
115 2013-09-27 12:06:15    138 397.6 160.4 160.4035 3.341227e-05  9.863497 0.0743123 0.133875109  0.003615604   0.0069442813      0.0001875462         1  0.1320880292    0.001174817      4.059251e-03            3.610379e-05
116 2013-09-27 12:06:30    139 399.0 160.4 160.4035 3.341227e-05  9.863523 0.0743123 0.133876246  0.003615604   0.0069443403      0.0001875462         1  0.1335137235    0.001182502      4.103065e-03            3.633994e-05
117 2013-09-27 12:06:45    140 400.7 160.5 160.5035 3.341227e-05  9.963549 0.0743123 0.138226774  0.003615631   0.0071700080      0.0001875477         1  0.1352449238    0.001192013      4.156267e-03            3.663225e-05
118 2013-09-27 12:07:00    141 402.4 160.5 160.5036 3.341227e-05  9.963575 0.0743123 0.138227912  0.003615631   0.0071700670      0.0001875477         1  0.1369761241    0.001201719      4.209469e-03            3.693052e-05
119 2013-09-27 12:07:15    142 404.3 160.4 160.4036 3.341227e-05  9.863601 0.0743123 0.133879658  0.003615604   0.0069445173      0.0001875462         1  0.1389109950    0.001212791      4.268930e-03            3.727077e-05
120 2013-09-27 12:07:30    143 406.6 160.6 160.6036 3.341227e-05 10.063627 0.0743123 0.142579577  0.003615659   0.0073957937      0.0001875491         1  0.1412532071    0.001226500      4.340910e-03            3.769208e-05
121 2013-09-27 12:07:45    144 408.6 160.4 160.4036 3.341227e-05  9.863654 0.0743123 0.133881932  0.003615604   0.0069446352      0.0001875462         1  0.1432899133    0.001238687      4.403501e-03            3.806660e-05
122 2013-09-27 12:08:00    145 410.5 160.4 160.4037 3.341227e-05  9.863680 0.0743123 0.133883069  0.003615604   0.0069446942      0.0001875462         1  0.1452247842    0.001250486      4.462962e-03            3.842921e-05
123 2013-09-27 12:08:15    146 412.3 160.5 160.5037 3.341227e-05  9.963706 0.0743123 0.138233597  0.003615632   0.0071703619      0.0001875477         1  0.1470578197    0.001261858      4.519294e-03            3.877868e-05
124 2013-09-27 12:08:30    147 414.1 160.5 160.5037 3.341227e-05  9.963732 0.0743123 0.138234734  0.003615632   0.0071704209      0.0001875477         1  0.1488908553    0.001273414      4.575626e-03            3.913380e-05
125 2013-09-27 12:08:45    148 415.9 160.6 160.6037 3.341227e-05 10.063758 0.0743123 0.142585262  0.003615659   0.0073960886      0.0001875491         1  0.1507238909    0.001285148      4.631957e-03            3.949439e-05
126 2013-09-27 12:09:00    149 417.4 160.6 160.6038 3.341227e-05 10.063784 0.0743123 0.142586399  0.003615659   0.0073961476      0.0001875491         1  0.1522514205    0.001295058      4.678900e-03            3.979897e-05
127 2013-09-27 12:09:15    150 419.2 160.7 160.7038 3.341227e-05 10.163810 0.0743123 0.146936928  0.003615687   0.0076218153      0.0001875505         1  0.1540844561    0.001307107      4.735232e-03            4.016923e-05
128 2013-09-27 12:09:30    151 421.1 160.6 160.6038 3.341227e-05 10.063837 0.0743123 0.142588674  0.003615659   0.0073962656      0.0001875491         1  0.1560193270    0.001320003      4.794694e-03            4.056556e-05
129 2013-09-27 12:09:45    152 422.7 160.6 160.6038 3.341227e-05 10.063863 0.0743123 0.142589811  0.003615659   0.0073963246      0.0001875491         1  0.1576486920    0.001331002      4.844766e-03            4.090358e-05
130 2013-09-27 12:10:00    153 424.0 160.6 160.6039 3.341227e-05 10.063889 0.0743123 0.142590948  0.003615659   0.0073963836      0.0001875491         1  0.1589725510    0.001340030      4.885450e-03            4.118101e-05
131 2013-09-27 12:10:15    154 425.2 160.7 160.7039 3.341227e-05 10.163915 0.0743123 0.146941476  0.003615687   0.0076220513      0.0001875505         1  0.1601945747    0.001348434      4.923005e-03            4.143928e-05
132 2013-09-27 12:10:30    155 426.4 160.8 160.8039 3.341227e-05 10.263941 0.0743123 0.151292004  0.003615715   0.0078477190      0.0001875520         1  0.1614165984    0.001356905      4.960559e-03            4.169961e-05
133 2013-09-27 12:10:45    156 427.8 160.8 160.8039 3.341227e-05 10.263967 0.0743123 0.151293141  0.003615715   0.0078477780      0.0001875520         1  0.1628422928    0.001366871      5.004373e-03            4.200586e-05
134 2013-09-27 12:11:00    157 429.0 160.6 160.6040 3.341227e-05 10.063993 0.0743123 0.142595496  0.003615659   0.0073966195      0.0001875491         1  0.1640643165    0.001375482      5.041927e-03            4.227050e-05
135 2013-09-27 12:11:15    158 430.4 160.8 160.8040 3.341227e-05 10.264020 0.0743123 0.151295415  0.003615715   0.0078478959      0.0001875520         1  0.1654900108    0.001385608      5.085741e-03            4.258169e-05
136 2013-09-27 12:11:30    159 431.8 160.7 160.7040 3.341227e-05 10.164046 0.0743123 0.146947161  0.003615687   0.0076223462      0.0001875505         1  0.1669157052    0.001395818      5.129555e-03            4.289545e-05
137 2013-09-27 12:11:45    160 433.2 160.6 160.6041 3.341227e-05 10.064072 0.0743123 0.142598907  0.003615659   0.0073967964      0.0001875491         1  0.1683413995    0.001406110      5.173368e-03            4.321174e-05
138 2013-09-27 12:12:00    161 434.7 160.7 160.7041 3.341227e-05 10.164098 0.0743123 0.146949436  0.003615687   0.0076224642      0.0001875505         1  0.1698689291    0.001417226      5.220311e-03            4.355334e-05
139 2013-09-27 12:12:15    162 436.3 160.9 160.9041 3.341227e-05 10.364124 0.0743123 0.155649355  0.003615743   0.0080737406      0.0001875535         1  0.1714982941    0.001429182      5.270384e-03            4.392076e-05
140 2013-09-27 12:12:30    163 437.7 161.0 161.0041 3.341227e-05 10.464150 0.0743123 0.159999883  0.003615772   0.0082994083      0.0001875549         1  0.1729239884    0.001439725      5.314198e-03            4.424478e-05
141 2013-09-27 12:12:45    164 439.1 161.0 161.0042 3.341227e-05 10.464176 0.0743123 0.160001020  0.003615772   0.0082994673      0.0001875549         1  0.1743496828    0.001450343      5.358011e-03            4.457108e-05
142 2013-09-27 12:13:00    165 440.5 160.9 160.9042 3.341227e-05 10.364203 0.0743123 0.155652766  0.003615743   0.0080739176      0.0001875535         1  0.1757753771    0.001461034      5.401825e-03            4.489963e-05
143 2013-09-27 12:13:15    166 441.6 160.9 160.9042 3.341227e-05 10.364229 0.0743123 0.155653903  0.003615743   0.0080739766      0.0001875535         1  0.1768955655    0.001469484      5.436250e-03            4.515932e-05
144 2013-09-27 12:13:30    167 442.7 161.0 161.0042 3.341227e-05 10.464255 0.0743123 0.160004431  0.003615772   0.0082996443      0.0001875549         1  0.1780157539    0.001477978      5.470675e-03            4.542035e-05
145 2013-09-27 12:13:45    168 444.0 161.1 161.1043 3.341227e-05 10.564281 0.0743123 0.164354959  0.003615801   0.0085253120      0.0001875564         1  0.1793396130    0.001488071      5.511359e-03            4.573052e-05
146 2013-09-27 12:14:00    169 445.1 161.0 161.0043 3.341227e-05 10.464307 0.0743123 0.160006705  0.003615772   0.0082997622      0.0001875549         1  0.1804598014    0.001496657      5.545784e-03            4.599437e-05
147 2013-09-27 12:14:15    170 446.3 161.2 161.2043 3.341227e-05 10.664333 0.0743123 0.168706625  0.003615830   0.0087510387      0.0001875580         1  0.1816818251    0.001506070      5.583338e-03            4.628364e-05
148 2013-09-27 12:14:30    171 447.6 161.2 161.2043 3.341227e-05 10.664359 0.0743123 0.168707762  0.003615830   0.0087510977      0.0001875580         1  0.1830056841    0.001516321      5.624022e-03            4.659869e-05
149 2013-09-27 12:14:45    172 448.7 161.2 161.2044 3.341227e-05 10.664386 0.0743123 0.168708899  0.003615830   0.0087511567      0.0001875580         1  0.1841258725    0.001525039      5.658447e-03            4.686659e-05
150 2013-09-27 12:15:00    173 450.4 161.0 161.0044 3.341227e-05 10.464412 0.0743123 0.160011254  0.003615772   0.0082999982      0.0001875549         1  0.1858570728    0.001538587      5.711649e-03            4.728295e-05
151 2013-09-27 12:15:15    174 451.7 161.1 161.1044 3.341227e-05 10.564438 0.0743123 0.164361782  0.003615801   0.0085256659      0.0001875564         1  0.1871809318    0.001549009      5.752333e-03            4.760322e-05
152 2013-09-27 12:15:30    175 452.9 161.1 161.1044 3.341227e-05 10.564464 0.0743123 0.164362919  0.003615801   0.0085257249      0.0001875564         1  0.1884029555    0.001558675      5.789888e-03            4.790027e-05
153 2013-09-27 12:15:45    176 454.1 161.3 161.3045 3.341227e-05 10.764490 0.0743123 0.173062838  0.003615860   0.0089770013      0.0001875595         1  0.1896249792    0.001568384      5.827443e-03            4.819864e-05
154 2013-09-27 12:16:00    177 455.2 161.3 161.3045 3.341227e-05 10.764516 0.0743123 0.173063975  0.003615860   0.0089770603      0.0001875595         1  0.1907451677    0.001577321      5.861867e-03            4.847330e-05
155 2013-09-27 12:16:15    178 456.5 161.2 161.2045 3.341227e-05 10.664542 0.0743123 0.168715721  0.003615830   0.0087515106      0.0001875580         1  0.1920690267    0.001587929      5.902552e-03            4.879928e-05
156 2013-09-27 12:16:30    179 457.9 161.2 161.2045 3.341227e-05 10.664569 0.0743123 0.168716859  0.003615830   0.0087515696      0.0001875580         1  0.1934947210    0.001599406      5.946365e-03            4.915199e-05
157 2013-09-27 12:16:45    180 459.0 161.2 161.2046 3.341227e-05 10.664595 0.0743123 0.168717996  0.003615830   0.0087516285      0.0001875580         1  0.1946149094    0.001608462      5.980790e-03            4.943029e-05
158 2013-09-27 12:17:00    181 460.2 161.2 161.2046 3.341227e-05 10.664621 0.0743123 0.168719133  0.003615830   0.0087516875      0.0001875580         1  0.1958369331    0.001618379      6.018345e-03            4.973505e-05
159 2013-09-27 12:17:15    182 461.4 161.2 161.2046 3.341227e-05 10.664647 0.0743123 0.168720270  0.003615830   0.0087517465      0.0001875580         1  0.1970589569    0.001628334      6.055899e-03            5.004100e-05
160 2013-09-27 12:17:30    183 462.9 161.2 161.2047 3.341227e-05 10.664673 0.0743123 0.168721407  0.003615830   0.0087518055      0.0001875580         1  0.1985864865    0.001640832      6.102842e-03            5.042507e-05
161 2013-09-27 12:17:45    184 464.3 161.1 161.1047 3.341227e-05 10.564699 0.0743123 0.164373153  0.003615801   0.0085262557      0.0001875564         1  0.2000121808    0.001652549      6.146656e-03            5.078515e-05
162 2013-09-27 12:18:00    185 465.5 161.3 161.3047 3.341227e-05 10.764725 0.0743123 0.173073072  0.003615860   0.0089775322      0.0001875595         1  0.2012342046    0.001662631      6.184210e-03            5.109499e-05
163 2013-09-27 12:18:15    186 466.6 161.1 161.1047 3.341227e-05 10.564752 0.0743123 0.164375427  0.003615801   0.0085263737      0.0001875564         1  0.2023543930    0.001671904      6.218635e-03            5.137997e-05
164 2013-09-27 12:18:30    187 467.9 161.2 161.2048 3.341227e-05 10.664778 0.0743123 0.168725955  0.003615830   0.0087520414      0.0001875580         1  0.2036782520    0.001682902      6.259319e-03            5.171794e-05
165 2013-09-27 12:18:45    188 469.0 161.2 161.2048 3.341227e-05 10.664804 0.0743123 0.168727092  0.003615830   0.0087521004      0.0001875580         1  0.2047984404    0.001692239      6.293744e-03            5.200488e-05
166 2013-09-27 12:19:00    189 470.1 161.3 161.3048 3.341227e-05 10.764830 0.0743123 0.173077621  0.003615860   0.0089777681      0.0001875595         1  0.2059186288    0.001701604      6.328169e-03            5.229269e-05
167 2013-09-27 12:19:15    190 471.6 161.4 161.4048 3.341227e-05 10.864856 0.0743123 0.177428149  0.003615889   0.0092034358      0.0001875610         1  0.2074461585    0.001714420      6.375112e-03            5.268655e-05
168 2013-09-27 12:19:30    191 472.4 161.3 161.3049 3.341227e-05 10.764882 0.0743123 0.173079895  0.003615860   0.0089778861      0.0001875595         1  0.2082608409    0.001721276      6.400149e-03            5.289724e-05
169 2013-09-27 12:19:45    192 473.6 161.2 161.2049 3.341227e-05 10.664908 0.0743123 0.168731641  0.003615830   0.0087523363      0.0001875580         1  0.2094828647    0.001731587      6.437703e-03            5.321410e-05
170 2013-09-27 12:20:00    193 474.8 161.4 161.4049 3.341227e-05 10.864935 0.0743123 0.177431560  0.003615889   0.0092036128      0.0001875610         1  0.2107048884    0.001741929      6.475258e-03            5.353193e-05
171 2013-09-27 12:20:15    194 475.9 161.6 161.6049 3.341227e-05 11.064961 0.0743123 0.186131479  0.003615950   0.0096548893      0.0001875642         1  0.2118250768    0.001751437      6.509683e-03            5.382412e-05
172 2013-09-27 12:20:30    195 476.9 161.4 161.4050 3.341227e-05 10.864987 0.0743123 0.177433834  0.003615889   0.0092037308      0.0001875610         1  0.2128434299    0.001760102      6.540978e-03            5.409042e-05
173 2013-09-27 12:20:45    196 478.2 161.2 161.2050 3.341227e-05 10.665013 0.0743123 0.168736189  0.003615830   0.0087525723      0.0001875580         1  0.2141672889    0.001771399      6.581662e-03            5.443757e-05
174 2013-09-27 12:21:00    197 479.3 161.3 161.3050 3.341227e-05 10.765039 0.0743123 0.173086717  0.003615860   0.0089782400      0.0001875595         1  0.2152874773    0.001780984      6.616087e-03            5.473215e-05
175 2013-09-27 12:21:15    198 480.2 161.3 161.3050 3.341227e-05 10.765065 0.0743123 0.173087854  0.003615860   0.0089782990      0.0001875595         1  0.2162039951    0.001788845      6.644253e-03            5.497372e-05
176 2013-09-27 12:21:30    199 481.5 161.3 161.3051 3.341227e-05 10.765092 0.0743123 0.173088991  0.003615860   0.0089783580      0.0001875595         1  0.2175278541    0.001800228      6.684937e-03            5.532353e-05
177 2013-09-27 12:21:45    200 482.9 161.5 161.5051 3.341227e-05 10.965118 0.0743123 0.181788911  0.003615920   0.0094296344      0.0001875626         1  0.2189535485    0.001812523      6.728751e-03            5.570138e-05
178 2013-09-27 12:22:00    201 484.1 161.3 161.3051 3.341227e-05 10.765144 0.0743123 0.173091266  0.003615860   0.0089784759      0.0001875595         1  0.2201755722    0.001823091      6.766305e-03            5.602617e-05
179 2013-09-27 12:22:15    202 485.2 161.4 161.4052 3.341227e-05 10.865170 0.0743123 0.177441794  0.003615890   0.0092041436      0.0001875610         1  0.2212957606    0.001832803      6.800730e-03            5.632462e-05
180 2013-09-27 12:22:30    203 486.3 161.5 161.5052 3.341227e-05 10.965196 0.0743123 0.181792322  0.003615920   0.0094298114      0.0001875626         1  0.2224159490    0.001842537      6.835155e-03            5.662375e-05
181 2013-09-27 12:22:45    204 487.6 161.5 161.5052 3.341227e-05 10.965222 0.0743123 0.181793459  0.003615920   0.0094298703      0.0001875626         1  0.2237398080    0.001854069      6.875839e-03            5.697815e-05
182 2013-09-27 12:23:00    205 488.6 161.5 161.5052 3.341227e-05 10.965248 0.0743123 0.181794596  0.003615920   0.0094299293      0.0001875626         1  0.2247581611    0.001862960      6.907135e-03            5.725140e-05
183 2013-09-27 12:23:15    206 490.0 161.3 161.3053 3.341227e-05 10.765275 0.0743123 0.173096951  0.003615860   0.0089787708      0.0001875595         1  0.2261838555    0.001875438      6.950948e-03            5.763485e-05
184 2013-09-27 12:23:30    207 491.5 161.4 161.4053 3.341227e-05 10.865301 0.0743123 0.177447479  0.003615890   0.0092044386      0.0001875610         1  0.2277113851    0.001888844      6.997891e-03            5.804684e-05
185 2013-09-27 12:23:45    208 492.7 161.4 161.4053 3.341227e-05 10.865327 0.0743123 0.177448616  0.003615890   0.0092044975      0.0001875610         1  0.2289334088    0.001899596      7.035446e-03            5.837727e-05
186 2013-09-27 12:24:00    209 493.8 161.4 161.4053 3.341227e-05 10.865353 0.0743123 0.177449753  0.003615890   0.0092045565      0.0001875610         1  0.2300535972    0.001909474      7.069871e-03            5.868081e-05
187 2013-09-27 12:24:15    210 495.1 161.6 161.6054 3.341227e-05 11.065379 0.0743123 0.186149673  0.003615950   0.0096558330      0.0001875642         1  0.2313774563    0.001921172      7.110555e-03            5.904033e-05
188 2013-09-27 12:24:30    211 496.0 161.6 161.6054 3.341227e-05 11.065405 0.0743123 0.186150810  0.003615950   0.0096558920      0.0001875642         1  0.2322939740    0.001929287      7.138721e-03            5.928971e-05
189 2013-09-27 12:24:45    212 497.0 161.5 161.5054 3.341227e-05 10.965431 0.0743123 0.181802556  0.003615920   0.0094303422      0.0001875626         1  0.2333123271    0.001938319      7.170016e-03            5.956727e-05
190 2013-09-27 12:25:00    213 498.0 161.6 161.6054 3.341227e-05 11.065458 0.0743123 0.186153084  0.003615950   0.0096560099      0.0001875642         1  0.2343306802    0.001947366      7.201312e-03            5.984530e-05
191 2013-09-27 12:25:15    214 499.0 161.6 161.6055 3.341227e-05 11.065484 0.0743123 0.186154221  0.003615950   0.0096560689      0.0001875642         1  0.2353490333    0.001956429      7.232607e-03            6.012381e-05
192 2013-09-27 12:25:30    215 500.1 161.5 161.5055 3.341227e-05 10.965510 0.0743123 0.181805967  0.003615920   0.0094305192      0.0001875626         1  0.2364692218    0.001966415      7.267032e-03            6.043070e-05
193 2013-09-27 12:25:45    216 501.3 161.5 161.5055 3.341227e-05 10.965536 0.0743123 0.181807104  0.003615920   0.0094305781      0.0001875626         1  0.2376912455    0.001977330      7.304587e-03            6.076614e-05
194 2013-09-27 12:26:00    217 502.0 161.6 161.6055 3.341227e-05 11.065562 0.0743123 0.186157632  0.003615950   0.0096562459      0.0001875642         1  0.2384040926    0.001983707      7.326493e-03            6.096210e-05
195 2013-09-27 12:26:15    218 503.0 161.6 161.6056 3.341227e-05 11.065588 0.0743123 0.186158769  0.003615950   0.0096563048      0.0001875642         1  0.2394224457    0.001992829      7.357789e-03            6.124244e-05
196 2013-09-27 12:26:30    219 504.3 161.6 161.6056 3.341227e-05 11.065614 0.0743123 0.186159907  0.003615950   0.0096563638      0.0001875642         1  0.2407463048    0.002004709      7.398473e-03            6.160754e-05
197 2013-09-27 12:26:45    220 505.2 161.6 161.6056 3.341227e-05 11.065641 0.0743123 0.186161044  0.003615950   0.0096564228      0.0001875642         1  0.2416628226    0.002012948      7.426639e-03            6.186073e-05
198 2013-09-27 12:27:00    221 506.5 161.8 161.8056 3.341227e-05 11.265667 0.0743123 0.194860963  0.003616011   0.0101076993      0.0001875674         1  0.2429866816    0.002024868      7.467323e-03            6.222705e-05
199 2013-09-27 12:27:15    222 507.5 161.8 161.8057 3.341227e-05 11.265693 0.0743123 0.194862100  0.003616011   0.0101077583      0.0001875674         1  0.2440050347    0.002034054      7.498618e-03            6.250933e-05
200 2013-09-27 12:27:30    223 508.6 161.8 161.8057 3.341227e-05 11.265719 0.0743123 0.194863237  0.003616011   0.0101078172      0.0001875674         1  0.2451252231    0.002044173      7.533043e-03            6.282031e-05
201 2013-09-27 12:27:45    224 509.7 161.8 161.8057 3.341227e-05 11.265745 0.0743123 0.194864374  0.003616011   0.0101078762      0.0001875674         1  0.2462454115    0.002054308      7.567468e-03            6.313179e-05
202 2013-09-27 12:28:00    225 510.7 161.9 161.9058 3.341227e-05 11.365771 0.0743123 0.199214902  0.003616042   0.0103335440      0.0001875690         1  0.2472637646    0.002063536      7.598764e-03            6.341538e-05
203 2013-09-27 12:28:15    226 511.8 162.1 162.1058 3.341227e-05 11.565797 0.0743123 0.207914821  0.003616106   0.0107848204      0.0001875722         1  0.2483839530    0.002073702      7.633188e-03            6.372778e-05
204 2013-09-27 12:28:30    227 513.1 161.8 161.8058 3.341227e-05 11.265824 0.0743123 0.194867785  0.003616011   0.0101080532      0.0001875674         1  0.2497078120    0.002085736      7.673873e-03            6.409759e-05
205 2013-09-27 12:28:45    228 514.2 162.0 162.0058 3.341227e-05 11.465850 0.0743123 0.203567705  0.003616074   0.0105593296      0.0001875706         1  0.2508280004    0.002095935      7.708297e-03            6.441102e-05
206 2013-09-27 12:29:00    229 515.2 161.9 161.9059 3.341227e-05 11.365876 0.0743123 0.199219451  0.003616043   0.0103337799      0.0001875690         1  0.2518463535    0.002105219      7.739593e-03            6.469636e-05
207 2013-09-27 12:29:15    230 516.2 161.8 161.8059 3.341227e-05 11.265902 0.0743123 0.194871197  0.003616011   0.0101082301      0.0001875674         1  0.2528647066    0.002114516      7.770888e-03            6.498206e-05
208 2013-09-27 12:29:30    231 517.4 161.9 161.9059 3.341227e-05 11.365928 0.0743123 0.199221725  0.003616043   0.0103338979      0.0001875690         1  0.2540867303    0.002125689      7.808443e-03            6.532540e-05
209 2013-09-27 12:29:45    232 518.3 161.8 161.8059 3.341227e-05 11.265954 0.0743123 0.194873471  0.003616011   0.0101083481      0.0001875674         1  0.2550032481    0.002134079      7.836609e-03            6.558325e-05
210 2013-09-27 12:30:00    233 519.3 161.8 161.8060 3.341227e-05 11.265980 0.0743123 0.194874608  0.003616011   0.0101084071      0.0001875674         1  0.2560216012    0.002143413      7.867904e-03            6.587009e-05
211 2013-09-27 12:30:15    234 520.5 161.8 161.8060 3.341227e-05 11.266007 0.0743123 0.194875745  0.003616011   0.0101084661      0.0001875674         1  0.2572436250    0.002154628      7.905459e-03            6.621476e-05
212 2013-09-27 12:30:30    235 521.6 162.0 162.0060 3.341227e-05 11.466033 0.0743123 0.203575664  0.003616074   0.0105597425      0.0001875706         1  0.2583638134    0.002164924      7.939884e-03            6.653116e-05
213 2013-09-27 12:30:45    236 522.6 162.1 162.1060 3.341227e-05 11.566059 0.0743123 0.207926192  0.003616106   0.0107854102      0.0001875722         1  0.2593821665    0.002174295      7.971179e-03            6.681915e-05
214 2013-09-27 12:31:00    237 523.7 162.0 162.0061 3.341227e-05 11.466085 0.0743123 0.203577938  0.003616074   0.0105598605      0.0001875706         1  0.2605023549    0.002184616      8.005604e-03            6.713633e-05
215 2013-09-27 12:31:15    238 524.8 162.1 162.1061 3.341227e-05 11.566111 0.0743123 0.207928467  0.003616106   0.0107855282      0.0001875722         1  0.2616225433    0.002194951      8.040029e-03            6.745392e-05
216 2013-09-27 12:31:30    239 526.0 162.0 162.0061 3.341227e-05 11.466137 0.0743123 0.203580213  0.003616074   0.0105599785      0.0001875706         1  0.2628445670    0.002206239      8.077583e-03            6.780084e-05
217 2013-09-27 12:31:45    240 527.3 162.0 162.0061 3.341227e-05 11.466163 0.0743123 0.203581350  0.003616074   0.0105600374      0.0001875706         1  0.2641684260    0.002218486      8.118268e-03            6.817719e-05

$dryleafvolt
            timestamp record LWSmV  SEmV    CSEmV     CSEmV.sd   loadmV loadmV.sd
1 2013-09-27 11:37:00     21 261.9 157.4 157.4004 3.341227e-05 6.860438 0.0743123
2 2013-09-27 11:37:15     22 261.9 157.3 157.3004 3.341227e-05 6.760464 0.0743123
3 2013-09-27 11:37:30     23 261.9 157.2 157.2005 3.341227e-05 6.660490 0.0743123
4 2013-09-27 11:37:45     24 261.9 157.4 157.4005 3.341227e-05 6.860516 0.0743123

$runtime
Time difference of 54 mins

$startcalibvolt
            timestamp record LWSmV  SEmV    CSEmV     CSEmV.sd   loadmV loadmV.sd
1 2013-09-27 11:33:45      8 261.7 273.2 273.2001 3.341227e-05 122.6601 0.0743123
2 2013-09-27 11:34:00      9 261.7 273.0 273.0001 3.341227e-05 122.4601 0.0743123
3 2013-09-27 11:34:15     10 261.7 272.9 272.9001 3.341227e-05 122.3602 0.0743123
4 2013-09-27 11:34:30     11 261.7 273.0 273.0002 3.341227e-05 122.4602 0.0743123
5 2013-09-27 11:34:45     12 261.7 273.1 273.1002 3.341227e-05 122.5602 0.0743123
6 2013-09-27 11:35:00     13 261.8 273.0 273.0002 3.341227e-05 122.4602 0.0743123
7 2013-09-27 11:35:15     14 261.7 273.4 273.4002 3.341227e-05 122.8603 0.0743123

$endcalibvolt
            timestamp record LWSmV  SEmV
1 2013-09-27 12:35:00    253 264.4 273.3
2 2013-09-27 12:35:15    254 264.4 273.4
3 2013-09-27 12:35:30    255 264.4 273.1

$lastLWSvolt
[1] 527.6

$maxLWSvolt
[1] 528.9

$species
[1] "blueoak"

$trial
[1] "7"

$replicate
[1] "1"

$isvertical
[1] FALSE

$conversionfactor
         avg        stdev
1 0.04349391 9.968765e-06

$LWSwatermass
        avg       stdev
1 0.2504587 0.002469249

$dryleafmass
        avg       stdev
1 0.2951269 0.001617481

$lwsmodel

Call:
lm(formula = LWSsurfacedensity ~ record, data = rd[rd$runfilter == 
    1, ])

Coefficients:
(Intercept)       record  
 -1.888e-03    4.281e-05  


$leafmodel

Call:
lm(formula = surfacedensity ~ record, data = rd[rd$runfilter == 
    1, ])

Coefficients:
(Intercept)       record  
  7.841e-04    4.282e-05  


