$name
[1] "coastliveoak9"

$leafarea
[1] 22.19564

$startbasevolt
            timestamp record LWSmV  SEmV CSEmV CSEmV.sd      loadmV  loadmV.sd
1 2013-10-19 12:15:15      3 262.4 142.4 142.4        0 -0.08396135 0.07879259
2 2013-10-19 12:15:30      4 262.4 142.4 142.4        0 -0.08396135 0.07879259
3 2013-10-19 12:15:45      5 262.4 142.6 142.6        0  0.11603865 0.07879259
4 2013-10-19 12:16:00      6 262.4 142.5 142.5        0  0.01603865 0.07879259
5 2013-10-19 12:16:15      7 262.4 142.5 142.5        0  0.01603865 0.07879259

$endbasevolt
            timestamp record LWSmV  SEmV    CSEmV     CSEmV.sd        loadmV loadmV.sd
1 2013-10-19 13:12:45    233 263.8 143.4 142.5943 3.388537e-05  0.1102995169 0.0787926
2 2013-10-19 13:13:00    234 263.8 143.3 142.4907 3.388537e-05  0.0067342995 0.0787926
3 2013-10-19 13:13:15    235 263.8 143.2 142.3871 3.388537e-05 -0.0968309179 0.0787926
4 2013-10-19 13:13:30    236 263.8 143.3 142.4836 3.388537e-05 -0.0003961353 0.0787926

$dryragvolt
            timestamp record LWSmV  SEmV    CSEmV     CSEmV.sd   loadmV loadmV.sd
1 2013-10-19 13:09:15    219 518.0 288.0 287.2442 3.388537e-05 144.7602 0.0787926
2 2013-10-19 13:09:30    220 517.8 288.0 287.2406 3.388537e-05 144.7566 0.0787926
3 2013-10-19 13:09:45    221 517.3 287.9 287.1370 3.388537e-05 144.6531 0.0787926

$wetragvolt
            timestamp record LWSmV  SEmV    CSEmV     CSEmV.sd   loadmV loadmV.sd
1 2013-10-19 13:10:30    224 265.2 294.4 293.6263 3.388537e-05 151.1424 0.0787926
2 2013-10-19 13:10:45    225 264.5 294.2 293.4228 3.388537e-05 150.9388 0.0787926
3 2013-10-19 13:11:00    226 263.8 294.2 293.4192 3.388537e-05 150.9353 0.0787926
4 2013-10-19 13:11:15    227 263.8 293.9 293.1157 3.388537e-05 150.6317 0.0787926

$rundata
              timestamp record LWSmV  SEmV    CSEmV     CSEmV.sd   loadmV loadmV.sd   watermass watermass.sd surfacedensity surfacedensity.sd runfilter      LWSwater LWSwater.stdev LWSsurfacedensity LWSsurfacedensity.stdev
1   2013-10-19 12:22:00     30 262.4 156.7 156.6180 3.388537e-05 14.13404 0.0787926 0.008856438  0.003674739   0.0003990171      0.0001655613         0 -0.0055933096    0.001303421     -1.718903e-04            4.005595e-05
2   2013-10-19 12:22:15     31 262.6 156.8 156.7144 3.388537e-05 14.23047 0.0787926 0.013051479  0.003674812   0.0005880200      0.0001655646         0 -0.0053896390    0.001302079     -1.656312e-04            4.001473e-05
3   2013-10-19 12:22:30     32 263.4 156.9 156.8109 3.388537e-05 14.32691 0.0787926 0.017246520  0.003674885   0.0007770230      0.0001655679         0 -0.0045749565    0.001296735     -1.405949e-04            3.985048e-05
4   2013-10-19 12:22:45     33 264.3 157.0 156.9073 3.388537e-05 14.42334 0.0787926 0.021441561  0.003674959   0.0009660259      0.0001655712         0 -0.0036584388    0.001290762     -1.124290e-04            3.966693e-05
5   2013-10-19 12:23:00     34 265.4 157.0 156.9037 3.388537e-05 14.41978 0.0787926 0.021286470  0.003674956   0.0009590385      0.0001655711         0 -0.0025382504    0.001283520     -7.800401e-05            3.944438e-05
6   2013-10-19 12:23:15     35 266.5 157.0 156.9002 3.388537e-05 14.41621 0.0787926 0.021131378  0.003674953   0.0009520510      0.0001655710         0 -0.0014180619    0.001276343     -4.357904e-05            3.922382e-05
7   2013-10-19 12:23:30     36 267.7 157.0 156.8966 3.388537e-05 14.41265 0.0787926 0.020976286  0.003674950   0.0009450635      0.0001655708         0 -0.0001960382    0.001268590     -6.024531e-06            3.898554e-05
8   2013-10-19 12:23:45     37 269.0 157.1 156.9930 3.388537e-05 14.50908 0.0787926 0.025171327  0.003675025   0.0011340664      0.0001655742         0  0.0011278208    0.001260280      3.465952e-05            3.873018e-05
9   2013-10-19 12:24:00     38 270.4 157.2 157.0895 3.388537e-05 14.60552 0.0787926 0.029366369  0.003675099   0.0013230694      0.0001655776         0  0.0025535151    0.001251439      7.847311e-05            3.845849e-05
10  2013-10-19 12:24:15     39 271.7 157.2 157.0859 3.388537e-05 14.60195 0.0787926 0.029211277  0.003675097   0.0013160819      0.0001655774         0  0.0038773742    0.001243331      1.191572e-04            3.820932e-05
11  2013-10-19 12:24:30     40 273.1 157.4 157.2823 3.388537e-05 14.79839 0.0787926 0.037756451  0.003675250   0.0017010753      0.0001655844         0  0.0053030685    0.001234712      1.629708e-04            3.794443e-05
12  2013-10-19 12:24:45     41 274.6 157.4 157.2788 3.388537e-05 14.79482 0.0787926 0.037601359  0.003675248   0.0016940878      0.0001655842         1  0.0068305982    0.001225608      2.099139e-04            3.766465e-05
13  2013-10-19 12:25:00     42 276.0 157.3 157.1752 3.388537e-05 14.69126 0.0787926 0.033096135  0.003675166   0.0014911099      0.0001655806         1  0.0082562925    0.001217236      2.537275e-04            3.740738e-05
14  2013-10-19 12:25:15     43 277.4 157.3 157.1717 3.388537e-05 14.68769 0.0787926 0.032941043  0.003675164   0.0014841224      0.0001655804         1  0.0096819868    0.001208988      2.975411e-04            3.715391e-05
15  2013-10-19 12:25:30     44 278.8 157.3 157.1681 3.388537e-05 14.68413 0.0787926 0.032785951  0.003675161   0.0014771349      0.0001655803         1  0.0111076812    0.001200866      3.413547e-04            3.690431e-05
16  2013-10-19 12:25:45     45 280.3 157.4 157.2645 3.388537e-05 14.78056 0.0787926 0.036980992  0.003675236   0.0016661379      0.0001655837         1  0.0126352108    0.001192307      3.882978e-04            3.664128e-05
17  2013-10-19 12:26:00     46 281.8 157.5 157.3610 3.388537e-05 14.87700 0.0787926 0.041176033  0.003675312   0.0018551408      0.0001655872         1  0.0141627405    0.001183899      4.352409e-04            3.638288e-05
18  2013-10-19 12:26:15     47 283.2 157.6 157.4574 3.388537e-05 14.97343 0.0787926 0.045371074  0.003675389   0.0020441438      0.0001655906         1  0.0155884348    0.001176190      4.790545e-04            3.614598e-05
19  2013-10-19 12:26:30     48 284.6 157.7 157.5538 3.388537e-05 15.06986 0.0787926 0.049566116  0.003675466   0.0022331468      0.0001655941         1  0.0170141291    0.001168619      5.228681e-04            3.591329e-05
20  2013-10-19 12:26:45     49 286.1 157.5 157.3503 3.388537e-05 14.86630 0.0787926 0.040710758  0.003675304   0.0018341784      0.0001655868         1  0.0185416588    0.001160661      5.698113e-04            3.566875e-05
21  2013-10-19 12:27:00     50 287.6 157.7 157.5467 3.388537e-05 15.06273 0.0787926 0.049255932  0.003675460   0.0022191718      0.0001655938         1  0.0200691884    0.001152867      6.167544e-04            3.542923e-05
22  2013-10-19 12:27:15     51 289.0 157.8 157.6431 3.388537e-05 15.15917 0.0787926 0.053450973  0.003675538   0.0024081747      0.0001655973         1  0.0214948828    0.001145744      6.605680e-04            3.521031e-05
23  2013-10-19 12:27:30     52 290.5 157.7 157.5396 3.388537e-05 15.05560 0.0787926 0.048945749  0.003675455   0.0022051968      0.0001655936         1  0.0230224124    0.001138276      7.075111e-04            3.498081e-05
24  2013-10-19 12:27:45     53 291.9 157.8 157.6360 3.388537e-05 15.15204 0.0787926 0.053140790  0.003675532   0.0023941998      0.0001655971         1  0.0244481067    0.001131462      7.513247e-04            3.477141e-05
25  2013-10-19 12:28:00     54 293.5 157.7 157.5324 3.388537e-05 15.04847 0.0787926 0.048635565  0.003675449   0.0021912218      0.0001655933         1  0.0260774717    0.001123863      8.013974e-04            3.453790e-05
26  2013-10-19 12:28:15     55 295.0 157.9 157.7289 3.388537e-05 15.24491 0.0787926 0.057180739  0.003675607   0.0025762152      0.0001656004         1  0.0276050014    0.001116926      8.483405e-04            3.432470e-05
27  2013-10-19 12:28:30     56 296.5 158.0 157.8253 3.388537e-05 15.34134 0.0787926 0.061375780  0.003675686   0.0027652182      0.0001656040         1  0.0291325310    0.001110172      8.952837e-04            3.411715e-05
28  2013-10-19 12:28:45     57 298.0 158.1 157.9217 3.388537e-05 15.43778 0.0787926 0.065570822  0.003675765   0.0029542212      0.0001656075         1  0.0306600606    0.001103605      9.422268e-04            3.391534e-05
29  2013-10-19 12:29:00     58 299.4 158.1 157.9182 3.388537e-05 15.43421 0.0787926 0.065415730  0.003675762   0.0029472337      0.0001656074         1  0.0320857550    0.001097648      9.860404e-04            3.373225e-05
30  2013-10-19 12:29:15     59 301.0 158.1 157.9146 3.388537e-05 15.43065 0.0787926 0.065260638  0.003675759   0.0029402462      0.0001656073         1  0.0337151199    0.001091046      1.036113e-03            3.352937e-05
31  2013-10-19 12:29:30     60 302.5 158.3 158.1110 3.388537e-05 15.62708 0.0787926 0.073805812  0.003675921   0.0033252396      0.0001656146         1  0.0352426496    0.001085060      1.083056e-03            3.334541e-05
32  2013-10-19 12:29:45     61 303.9 158.2 158.0075 3.388537e-05 15.52352 0.0787926 0.069300588  0.003675836   0.0031222617      0.0001656107         1  0.0366683439    0.001079653      1.126870e-03            3.317927e-05
33  2013-10-19 12:30:00     62 305.3 158.2 158.0039 3.388537e-05 15.51995 0.0787926 0.069145496  0.003675833   0.0031152742      0.0001656106         1  0.0380940383    0.001074424      1.170683e-03            3.301857e-05
34  2013-10-19 12:30:15     63 306.8 158.4 158.2003 3.388537e-05 15.71639 0.0787926 0.077690670  0.003675996   0.0035002676      0.0001656179         1  0.0396215679    0.001069021      1.217627e-03            3.285252e-05
35  2013-10-19 12:30:30     64 308.3 158.5 158.2968 3.388537e-05 15.81282 0.0787926 0.081885711  0.003676077   0.0036892705      0.0001656216         1  0.0411490976    0.001063827      1.264570e-03            3.269291e-05
36  2013-10-19 12:30:45     65 309.6 158.4 158.1932 3.388537e-05 15.70926 0.0787926 0.077380486  0.003675990   0.0034862926      0.0001656177         1  0.0424729566    0.001059498      1.305254e-03            3.255986e-05
37  2013-10-19 12:31:00     66 311.0 158.5 158.2897 3.388537e-05 15.80569 0.0787926 0.081575528  0.003676071   0.0036752956      0.0001656213         1  0.0438986509    0.001055016      1.349067e-03            3.242212e-05
38  2013-10-19 12:31:15     67 312.4 158.5 158.2861 3.388537e-05 15.80213 0.0787926 0.081420436  0.003676068   0.0036683081      0.0001656212         1  0.0453243453    0.001050724      1.392881e-03            3.229022e-05
39  2013-10-19 12:31:30     68 313.7 158.5 158.2825 3.388537e-05 15.79856 0.0787926 0.081265344  0.003676065   0.0036613206      0.0001656211         1  0.0466482043    0.001046910      1.433565e-03            3.217303e-05
40  2013-10-19 12:31:45     69 315.1 158.5 158.2790 3.388537e-05 15.79500 0.0787926 0.081110252  0.003676062   0.0036543331      0.0001656209         1  0.0480738986    0.001042991      1.477379e-03            3.205258e-05
41  2013-10-19 12:32:00     70 316.4 158.6 158.3754 3.388537e-05 15.89143 0.0787926 0.085305294  0.003676143   0.0038433361      0.0001656246         1  0.0493977576    0.001039527      1.518063e-03            3.194613e-05
42  2013-10-19 12:32:15     71 317.8 158.6 158.3718 3.388537e-05 15.88786 0.0787926 0.085150202  0.003676140   0.0038363486      0.0001656244         1  0.0508234520    0.001035988      1.561876e-03            3.183738e-05
43  2013-10-19 12:32:30     72 319.2 158.6 158.3683 3.388537e-05 15.88430 0.0787926 0.084995110  0.003676137   0.0038293611      0.0001656243         1  0.0522491463    0.001032650      1.605690e-03            3.173479e-05
44  2013-10-19 12:32:45     73 320.5 158.6 158.3647 3.388537e-05 15.88073 0.0787926 0.084840019  0.003676134   0.0038223736      0.0001656242         1  0.0535730053    0.001029731      1.646374e-03            3.164509e-05
45  2013-10-19 12:33:00     74 321.7 158.8 158.5611 3.388537e-05 16.07717 0.0787926 0.093385192  0.003676301   0.0042073670      0.0001656317         1  0.0547950291    0.001027193      1.683928e-03            3.156709e-05
46  2013-10-19 12:33:15     75 323.0 158.8 158.5576 3.388537e-05 16.07360 0.0787926 0.093230101  0.003676298   0.0042003795      0.0001656316         1  0.0561188881    0.001024614      1.724612e-03            3.148784e-05
47  2013-10-19 12:33:30     76 324.3 158.6 158.3540 3.388537e-05 15.87004 0.0787926 0.084374743  0.003676125   0.0038014112      0.0001656238         1  0.0574427471    0.001022214      1.765296e-03            3.141407e-05
48  2013-10-19 12:33:45     77 325.6 158.7 158.4504 3.388537e-05 15.96647 0.0787926 0.088569785  0.003676207   0.0039904141      0.0001656274         1  0.0587666061    0.001019993      1.805981e-03            3.134583e-05
49  2013-10-19 12:34:00     78 326.8 158.8 158.5469 3.388537e-05 16.06291 0.0787926 0.092764826  0.003676289   0.0041794171      0.0001656312         1  0.0599886299    0.001018104      1.843535e-03            3.128778e-05
50  2013-10-19 12:34:15     79 328.1 158.7 158.4433 3.388537e-05 15.95934 0.0787926 0.088259601  0.003676201   0.0039764391      0.0001656272         1  0.0613124889    0.001016233      1.884219e-03            3.123027e-05
51  2013-10-19 12:34:30     80 329.4 158.9 158.6397 3.388537e-05 16.15578 0.0787926 0.096804775  0.003676369   0.0043614325      0.0001656347         1  0.0626363479    0.001014545      1.924903e-03            3.117839e-05
52  2013-10-19 12:34:45     81 330.7 158.8 158.5362 3.388537e-05 16.05221 0.0787926 0.092299551  0.003676280   0.0041584546      0.0001656307         1  0.0639602069    0.001013040      1.965587e-03            3.113216e-05
53  2013-10-19 12:35:00     82 332.0 158.9 158.6326 3.388537e-05 16.14865 0.0787926 0.096494592  0.003676362   0.0043474576      0.0001656345         1  0.0652840660    0.001011721      2.006271e-03            3.109161e-05
54  2013-10-19 12:35:15     83 333.2 159.1 158.8290 3.388537e-05 16.34508 0.0787926 0.105039766  0.003676532   0.0047324510      0.0001656421         1  0.0665060897    0.001010668      2.043826e-03            3.105924e-05
55  2013-10-19 12:35:30     84 334.4 159.0 158.7255 3.388537e-05 16.24152 0.0787926 0.100534541  0.003676442   0.0045294730      0.0001656381         1  0.0677281134    0.001009773      2.081380e-03            3.103175e-05
56  2013-10-19 12:35:45     85 335.7 159.1 158.8219 3.388537e-05 16.33795 0.0787926 0.104729582  0.003676526   0.0047184760      0.0001656418         1  0.0690519724    0.001008983      2.122064e-03            3.100748e-05
57  2013-10-19 12:36:00     86 336.9 159.0 158.7183 3.388537e-05 16.23439 0.0787926 0.100224358  0.003676436   0.0045154981      0.0001656378         1  0.0702739962    0.001008420      2.159619e-03            3.099018e-05
58  2013-10-19 12:36:15     87 338.2 159.1 158.8148 3.388537e-05 16.33082 0.0787926 0.104419399  0.003676520   0.0047045010      0.0001656416         1  0.0715978552    0.001007991      2.200303e-03            3.097698e-05
59  2013-10-19 12:36:30     88 339.5 159.2 158.9112 3.388537e-05 16.42726 0.0787926 0.108614440  0.003676604   0.0048935040      0.0001656453         1  0.0729217142    0.001007749      2.240987e-03            3.096954e-05
60  2013-10-19 12:36:45     89 340.9 159.2 158.9077 3.388537e-05 16.42369 0.0787926 0.108459348  0.003676601   0.0048865165      0.0001656452         1  0.0743474085    0.001007698      2.284801e-03            3.096798e-05
61  2013-10-19 12:37:00     90 342.2 159.2 158.9041 3.388537e-05 16.42013 0.0787926 0.108304257  0.003676598   0.0048795290      0.0001656451         1  0.0756712676    0.001007846      2.325485e-03            3.097252e-05
62  2013-10-19 12:37:15     91 343.6 159.2 158.9005 3.388537e-05 16.41656 0.0787926 0.108149165  0.003676595   0.0048725415      0.0001656449         1  0.0770969619    0.001008215      2.369298e-03            3.098387e-05
63  2013-10-19 12:37:30     92 344.9 159.2 158.8970 3.388537e-05 16.41300 0.0787926 0.107994073  0.003676591   0.0048655540      0.0001656448         1  0.0784208209    0.001008753      2.409982e-03            3.100039e-05
64  2013-10-19 12:37:45     93 346.3 159.2 158.8934 3.388537e-05 16.40943 0.0787926 0.107838981  0.003676588   0.0048585666      0.0001656446         1  0.0798465153    0.001009541      2.453796e-03            3.102461e-05
65  2013-10-19 12:38:00     94 347.6 159.3 158.9898 3.388537e-05 16.50586 0.0787926 0.112034023  0.003676673   0.0050475695      0.0001656484         1  0.0811703743    0.001010467      2.494480e-03            3.105307e-05
66  2013-10-19 12:38:15     95 349.1 159.4 159.0863 3.388537e-05 16.60230 0.0787926 0.116229064  0.003676758   0.0052365725      0.0001656523         1  0.0826979040    0.001011767      2.541423e-03            3.109301e-05
67  2013-10-19 12:38:30     96 350.4 159.4 159.0827 3.388537e-05 16.59873 0.0787926 0.116073972  0.003676755   0.0052295850      0.0001656521         1  0.0840217630    0.001013093      2.582107e-03            3.113377e-05
68  2013-10-19 12:38:45     97 351.9 159.5 159.1791 3.388537e-05 16.69517 0.0787926 0.120269013  0.003676840   0.0054185879      0.0001656560         1  0.0855492926    0.001014853      2.629050e-03            3.118785e-05
69  2013-10-19 12:39:00     98 353.2 159.5 159.1756 3.388537e-05 16.69160 0.0787926 0.120113921  0.003676837   0.0054116005      0.0001656558         1  0.0868731517    0.001016576      2.669734e-03            3.124081e-05
70  2013-10-19 12:39:15     99 354.7 159.5 159.1720 3.388537e-05 16.68804 0.0787926 0.119958830  0.003676834   0.0054046130      0.0001656557         1  0.0884006813    0.001018791      2.716677e-03            3.130890e-05
71  2013-10-19 12:39:30    100 356.2 159.5 159.1684 3.388537e-05 16.68447 0.0787926 0.119803738  0.003676831   0.0053976255      0.0001656556         1  0.0899282109    0.001021249      2.763620e-03            3.138442e-05
72  2013-10-19 12:39:45    101 357.8 159.6 159.2649 3.388537e-05 16.78091 0.0787926 0.123998779  0.003676916   0.0055866284      0.0001656594         1  0.0915575759    0.001024135      2.813693e-03            3.147311e-05
73  2013-10-19 12:40:00    102 359.3 159.7 159.3613 3.388537e-05 16.87734 0.0787926 0.128193820  0.003677003   0.0057756314      0.0001656633         1  0.0930851056    0.001027087      2.860636e-03            3.156382e-05
74  2013-10-19 12:40:15    103 360.8 159.6 159.2577 3.388537e-05 16.77378 0.0787926 0.123688596  0.003676910   0.0055726535      0.0001656591         1  0.0946126352    0.001030275      2.907579e-03            3.166179e-05
75  2013-10-19 12:40:30    104 362.2 159.6 159.2542 3.388537e-05 16.77021 0.0787926 0.123533504  0.003676907   0.0055656660      0.0001656590         1  0.0960383295    0.001033461      2.951393e-03            3.175972e-05
76  2013-10-19 12:40:45    105 363.8 159.6 159.2506 3.388537e-05 16.76665 0.0787926 0.123378412  0.003676904   0.0055586785      0.0001656588         1  0.0976676945    0.001037350      3.001466e-03            3.187923e-05
77  2013-10-19 12:41:00    106 365.3 159.8 159.4470 3.388537e-05 16.96308 0.0787926 0.131923586  0.003677080   0.0059436719      0.0001656668         1  0.0991952241    0.001041233      3.048409e-03            3.199854e-05
78  2013-10-19 12:41:15    107 366.8 159.7 159.3435 3.388537e-05 16.85952 0.0787926 0.127418362  0.003676987   0.0057406940      0.0001656626         1  0.1007227538    0.001045342      3.095352e-03            3.212483e-05
79  2013-10-19 12:41:30    108 368.3 159.9 159.5399 3.388537e-05 17.05595 0.0787926 0.135963536  0.003677164   0.0061256874      0.0001656706         1  0.1022502834    0.001049675      3.142295e-03            3.225799e-05
80  2013-10-19 12:41:45    109 369.7 159.7 159.3363 3.388537e-05 16.85239 0.0787926 0.127108178  0.003676980   0.0057267190      0.0001656623         1  0.1036759778    0.001053919      3.186109e-03            3.238842e-05
81  2013-10-19 12:42:00    110 371.1 159.8 159.4328 3.388537e-05 16.94882 0.0787926 0.131303220  0.003677067   0.0059157220      0.0001656662         1  0.1051016721    0.001058353      3.229922e-03            3.252469e-05
82  2013-10-19 12:42:15    111 372.5 160.0 159.6292 3.388537e-05 17.14526 0.0787926 0.139848393  0.003677245   0.0063007154      0.0001656742         1  0.1065273664    0.001062976      3.273736e-03            3.266674e-05
83  2013-10-19 12:42:30    112 373.9 160.0 159.6257 3.388537e-05 17.14169 0.0787926 0.139693302  0.003677242   0.0062937279      0.0001656741         1  0.1079530608    0.001067784      3.317550e-03            3.281449e-05
84  2013-10-19 12:42:45    113 375.4 160.1 159.7221 3.388537e-05 17.23813 0.0787926 0.143888343  0.003677330   0.0064827308      0.0001656781         1  0.1094805904    0.001073138      3.364493e-03            3.297904e-05
85  2013-10-19 12:43:00    114 376.8 160.2 159.8185 3.388537e-05 17.33456 0.0787926 0.148083384  0.003677419   0.0066717338      0.0001656821         1  0.1109062848    0.001078322      3.408306e-03            3.313836e-05
86  2013-10-19 12:43:15    115 378.4 160.1 159.7150 3.388537e-05 17.23100 0.0787926 0.143578159  0.003677324   0.0064687559      0.0001656778         1  0.1125356497    0.001084464      3.458379e-03            3.332712e-05
87  2013-10-19 12:43:30    116 379.7 160.2 159.8114 3.388537e-05 17.32743 0.0787926 0.147773201  0.003677412   0.0066577588      0.0001656818         1  0.1138595088    0.001089623      3.499063e-03            3.348566e-05
88  2013-10-19 12:43:45    117 381.0 160.1 159.7078 3.388537e-05 17.22386 0.0787926 0.143267976  0.003677317   0.0064547809      0.0001656775         1  0.1151833678    0.001094931      3.539747e-03            3.364876e-05
89  2013-10-19 12:44:00    118 382.3 160.0 159.6043 3.388537e-05 17.12030 0.0787926 0.138762752  0.003677222   0.0062518030      0.0001656732         1  0.1165072268    0.001100384      3.580431e-03            3.381636e-05
90  2013-10-19 12:44:15    119 383.8 160.1 159.7007 3.388537e-05 17.21673 0.0787926 0.142957793  0.003677311   0.0064408059      0.0001656772         1  0.1180347565    0.001106856      3.627374e-03            3.401525e-05
91  2013-10-19 12:44:30    120 385.3 160.3 159.8971 3.388537e-05 17.41317 0.0787926 0.151502967  0.003677492   0.0068257993      0.0001656853         1  0.1195622861    0.001113517      3.674317e-03            3.421994e-05
92  2013-10-19 12:44:45    121 386.6 160.4 159.9936 3.388537e-05 17.50960 0.0787926 0.155698008  0.003677581   0.0070148023      0.0001656894         1  0.1208861451    0.001119439      3.715001e-03            3.440195e-05
93  2013-10-19 12:45:00    122 388.0 160.3 159.8900 3.388537e-05 17.40604 0.0787926 0.151192783  0.003677485   0.0068118244      0.0001656850         1  0.1223118395    0.001125971      3.758815e-03            3.460266e-05
94  2013-10-19 12:45:15    123 389.4 160.3 159.8864 3.388537e-05 17.40247 0.0787926 0.151037692  0.003677482   0.0068048369      0.0001656849         1  0.1237375338    0.001132658      3.802629e-03            3.480817e-05
95  2013-10-19 12:45:30    124 390.7 160.4 159.9829 3.388537e-05 17.49891 0.0787926 0.155232733  0.003677571   0.0069938398      0.0001656889         1  0.1250613928    0.001139005      3.843313e-03            3.500323e-05
96  2013-10-19 12:45:45    125 392.2 160.4 159.9793 3.388537e-05 17.49534 0.0787926 0.155077641  0.003677568   0.0069868523      0.0001656888         1  0.1265889225    0.001146490      3.890256e-03            3.523325e-05
97  2013-10-19 12:46:00    126 393.9 160.4 159.9757 3.388537e-05 17.49178 0.0787926 0.154922549  0.003677564   0.0069798649      0.0001656886         1  0.1283201227    0.001155178      3.943458e-03            3.550025e-05
98  2013-10-19 12:46:15    127 395.5 160.5 160.0722 3.388537e-05 17.58821 0.0787926 0.159117590  0.003677654   0.0071688678      0.0001656927         1  0.1299494877    0.001163550      3.993531e-03            3.575752e-05
99  2013-10-19 12:46:30    128 396.9 160.5 160.0686 3.388537e-05 17.58465 0.0787926 0.158962499  0.003677651   0.0071618803      0.0001656925         1  0.1313751820    0.001171027      4.037344e-03            3.598730e-05
100 2013-10-19 12:46:45    129 398.5 160.5 160.0650 3.388537e-05 17.58108 0.0787926 0.158807407  0.003677648   0.0071548928      0.0001656924         1  0.1330045470    0.001179742      4.087417e-03            3.625512e-05
101 2013-10-19 12:47:00    130 400.0 160.5 160.0615 3.388537e-05 17.57752 0.0787926 0.158652315  0.003677644   0.0071479054      0.0001656922         1  0.1345320766    0.001188073      4.134360e-03            3.651116e-05
102 2013-10-19 12:47:15    131 401.7 160.7 160.2579 3.388537e-05 17.77395 0.0787926 0.167197489  0.003677829   0.0075328988      0.0001657005         1  0.1362632769    0.001197700      4.187562e-03            3.680699e-05
103 2013-10-19 12:47:30    132 403.3 160.5 160.0543 3.388537e-05 17.57039 0.0787926 0.158342132  0.003677638   0.0071339304      0.0001656919         1  0.1378926419    0.001206935      4.237635e-03            3.709080e-05
104 2013-10-19 12:47:45    133 405.2 160.7 160.2508 3.388537e-05 17.76682 0.0787926 0.166887306  0.003677822   0.0075189238      0.0001657002         1  0.1398275128    0.001218116      4.297096e-03            3.743441e-05
105 2013-10-19 12:48:00    134 406.8 160.9 160.4472 3.388537e-05 17.96326 0.0787926 0.175432480  0.003678009   0.0079039172      0.0001657087         1  0.1414568777    0.001227708      4.347169e-03            3.772920e-05
106 2013-10-19 12:48:15    135 408.5 160.7 160.2437 3.388537e-05 17.75969 0.0787926 0.166577122  0.003677816   0.0075049488      0.0001656999         1  0.1431880780    0.001238072      4.400371e-03            3.804770e-05
107 2013-10-19 12:48:30    136 410.5 160.7 160.2401 3.388537e-05 17.75613 0.0787926 0.166422031  0.003677812   0.0074979613      0.0001656998         1  0.1452247842    0.001250486      4.462962e-03            3.842921e-05
108 2013-10-19 12:48:45    137 412.5 160.8 160.3365 3.388537e-05 17.85256 0.0787926 0.170617072  0.003677904   0.0076869643      0.0001657039         1  0.1472614904    0.001263133      4.525553e-03            3.881787e-05
109 2013-10-19 12:49:00    138 414.3 161.0 160.5330 3.388537e-05 18.04900 0.0787926 0.179162246  0.003678091   0.0080719577      0.0001657124         1  0.1490945259    0.001274709      4.581885e-03            3.917359e-05
110 2013-10-19 12:49:15    139 416.4 161.1 160.6294 3.388537e-05 18.14543 0.0787926 0.183357287  0.003678184   0.0082609606      0.0001657165         1  0.1512330674    0.001288438      4.647605e-03            3.959551e-05
111 2013-10-19 12:49:30    140 418.4 161.0 160.5258 3.388537e-05 18.04186 0.0787926 0.178852062  0.003678084   0.0080579827      0.0001657120         1  0.1532697736    0.001301731      4.710196e-03            4.000404e-05
112 2013-10-19 12:49:45    141 420.3 161.0 160.5223 3.388537e-05 18.03830 0.0787926 0.178696971  0.003678081   0.0080509952      0.0001657119         1  0.1552046445    0.001314551      4.769657e-03            4.039801e-05
113 2013-10-19 12:50:00    142 422.1 160.9 160.4187 3.388537e-05 17.93473 0.0787926 0.174191746  0.003677982   0.0078480173      0.0001657074         1  0.1570376801    0.001326863      4.825989e-03            4.077637e-05
114 2013-10-19 12:50:15    143 423.8 161.0 160.5151 3.388537e-05 18.03117 0.0787926 0.178386787  0.003678074   0.0080370203      0.0001657116         1  0.1587688804    0.001338636      4.879191e-03            4.113817e-05
115 2013-10-19 12:50:30    144 425.8 161.1 160.6116 3.388537e-05 18.12760 0.0787926 0.182581828  0.003678167   0.0082260232      0.0001657158         1  0.1608055866    0.001352661      4.941782e-03            4.156919e-05
116 2013-10-19 12:50:45    145 427.7 161.2 160.7080 3.388537e-05 18.22404 0.0787926 0.186776869  0.003678260   0.0084150262      0.0001657200         1  0.1627404575    0.001366156      5.001243e-03            4.198389e-05
117 2013-10-19 12:51:00    146 429.5 161.0 160.5044 3.388537e-05 18.02047 0.0787926 0.177921512  0.003678064   0.0080160578      0.0001657111         1  0.1645734930    0.001379089      5.057575e-03            4.238134e-05
118 2013-10-19 12:51:15    147 431.3 161.1 160.6009 3.388537e-05 18.11691 0.0787926 0.182116553  0.003678157   0.0082050608      0.0001657153         1  0.1664065286    0.001392162      5.113907e-03            4.278310e-05
119 2013-10-19 12:51:30    148 433.0 161.0 160.4973 3.388537e-05 18.01334 0.0787926 0.177611329  0.003678057   0.0080020828      0.0001657108         1  0.1681377289    0.001404635      5.167109e-03            4.316640e-05
120 2013-10-19 12:51:45    149 434.6 161.4 160.8937 3.388537e-05 18.40978 0.0787926 0.194856768  0.003678441   0.0087790571      0.0001657281         1  0.1697670938    0.001416482      5.217182e-03            4.353048e-05
121 2013-10-19 12:52:00    150 436.2 161.3 160.7902 3.388537e-05 18.30621 0.0787926 0.190351544  0.003678340   0.0085760792      0.0001657236         1  0.1713964588    0.001428431      5.267254e-03            4.389771e-05
122 2013-10-19 12:52:15    151 437.8 161.3 160.7866 3.388537e-05 18.30265 0.0787926 0.190196452  0.003678336   0.0085690917      0.0001657234         1  0.1730258237    0.001440481      5.317327e-03            4.426801e-05
123 2013-10-19 12:52:30    152 439.2 161.3 160.7830 3.388537e-05 18.29908 0.0787926 0.190041360  0.003678333   0.0085621042      0.0001657232         1  0.1744515181    0.001451104      5.361141e-03            4.459448e-05
124 2013-10-19 12:52:45    153 440.5 161.3 160.7795 3.388537e-05 18.29552 0.0787926 0.189886269  0.003678330   0.0085551167      0.0001657231         1  0.1757753771    0.001461034      5.401825e-03            4.489963e-05
125 2013-10-19 12:53:00    154 441.9 161.4 160.8759 3.388537e-05 18.39195 0.0787926 0.194081310  0.003678424   0.0087441197      0.0001657273         1  0.1772010714    0.001471797      5.445638e-03            4.523038e-05
126 2013-10-19 12:53:15    155 443.5 161.4 160.8723 3.388537e-05 18.38839 0.0787926 0.193926218  0.003678420   0.0087371322      0.0001657272         1  0.1788304364    0.001484182      5.495711e-03            4.561101e-05
127 2013-10-19 12:53:30    156 444.8 161.3 160.7688 3.388537e-05 18.28482 0.0787926 0.189420994  0.003678319   0.0085341543      0.0001657226         1  0.1801542954    0.001494311      5.536395e-03            4.592228e-05
128 2013-10-19 12:53:45    157 446.2 161.5 160.9652 3.388537e-05 18.48126 0.0787926 0.197966168  0.003678511   0.0089191477      0.0001657313         1  0.1815799898    0.001505284      5.580209e-03            4.625948e-05
129 2013-10-19 12:54:00    158 447.6 161.5 160.9617 3.388537e-05 18.47769 0.0787926 0.197811076  0.003678508   0.0089121602      0.0001657311         1  0.1830056841    0.001516321      5.624022e-03            4.659869e-05
130 2013-10-19 12:54:15    159 449.1 161.4 160.8581 3.388537e-05 18.37413 0.0787926 0.193305851  0.003678406   0.0087091823      0.0001657265         1  0.1845332138    0.001528218      5.670965e-03            4.696430e-05
131 2013-10-19 12:54:30    160 450.5 161.4 160.8545 3.388537e-05 18.37056 0.0787926 0.193150760  0.003678403   0.0087021948      0.0001657264         1  0.1859589081    0.001539387      5.714779e-03            4.730753e-05
132 2013-10-19 12:54:45    161 451.8 161.7 161.1510 3.388537e-05 18.66700 0.0787926 0.206046066  0.003678695   0.0092831786      0.0001657395         1  0.1872827671    0.001549813      5.755463e-03            4.762793e-05
133 2013-10-19 12:55:00    162 453.1 161.7 161.1474 3.388537e-05 18.66343 0.0787926 0.205890975  0.003678691   0.0092761911      0.0001657394         1  0.1886066261    0.001560290      5.796147e-03            4.794991e-05
134 2013-10-19 12:55:15    163 454.4 161.6 161.0438 3.388537e-05 18.55986 0.0787926 0.201385750  0.003678589   0.0090732132      0.0001657348         1  0.1899304852    0.001570818      5.836831e-03            4.827344e-05
135 2013-10-19 12:55:30    164 455.7 161.7 161.1403 3.388537e-05 18.65630 0.0787926 0.205580791  0.003678684   0.0092622162      0.0001657391         1  0.1912543442    0.001581395      5.877515e-03            4.859850e-05
136 2013-10-19 12:55:45    165 457.1 161.8 161.2367 3.388537e-05 18.75273 0.0787926 0.209775832  0.003678780   0.0094512191      0.0001657434         1  0.1926800385    0.001592841      5.921329e-03            4.895024e-05
137 2013-10-19 12:56:00    166 458.4 161.8 161.2331 3.388537e-05 18.74917 0.0787926 0.209620741  0.003678776   0.0094442316      0.0001657432         1  0.1940038976    0.001603518      5.962013e-03            4.927836e-05
138 2013-10-19 12:56:15    167 459.5 162.0 161.4296 3.388537e-05 18.94560 0.0787926 0.218165915  0.003678973   0.0098292250      0.0001657521         1  0.1951240860    0.001612589      5.996438e-03            4.955713e-05
139 2013-10-19 12:56:30    168 460.7 161.8 161.2260 3.388537e-05 18.74204 0.0787926 0.209310557  0.003678769   0.0094302567      0.0001657429         1  0.1963461097    0.001622522      6.033992e-03            4.986239e-05
140 2013-10-19 12:56:45    169 462.0 161.8 161.2224 3.388537e-05 18.73847 0.0787926 0.209155466  0.003678766   0.0094232692      0.0001657427         1  0.1976699687    0.001633326      6.074676e-03            5.019441e-05
141 2013-10-19 12:57:00    170 463.2 161.8 161.2189 3.388537e-05 18.73491 0.0787926 0.209000374  0.003678762   0.0094162817      0.0001657426         1  0.1988919924    0.001643338      6.112231e-03            5.050210e-05
142 2013-10-19 12:57:15    171 464.5 161.9 161.3153 3.388537e-05 18.83134 0.0787926 0.213195415  0.003678859   0.0096052847      0.0001657469         1  0.2002158515    0.001654227      6.152915e-03            5.083671e-05
143 2013-10-19 12:57:30    172 465.6 161.8 161.2117 3.388537e-05 18.72778 0.0787926 0.208690191  0.003678755   0.0094023067      0.0001657423         1  0.2013360399    0.001663473      6.187340e-03            5.112086e-05
144 2013-10-19 12:57:45    173 466.8 161.9 161.3082 3.388537e-05 18.82421 0.0787926 0.212885232  0.003678851   0.0095913097      0.0001657466         1  0.2025580636    0.001673594      6.224894e-03            5.143189e-05
145 2013-10-19 12:58:00    174 468.0 161.9 161.3046 3.388537e-05 18.82065 0.0787926 0.212730140  0.003678848   0.0095843222      0.0001657464         1  0.2037800873    0.001683749      6.262449e-03            5.174399e-05
146 2013-10-19 12:58:15    175 469.5 162.0 161.4010 3.388537e-05 18.91708 0.0787926 0.216925181  0.003678945   0.0097733252      0.0001657508         1  0.2053076170    0.001696492      6.309392e-03            5.213560e-05
147 2013-10-19 12:58:30    176 470.7 162.0 161.3975 3.388537e-05 18.91352 0.0787926 0.216770089  0.003678941   0.0097663377      0.0001657506         1  0.2065296407    0.001706724      6.346947e-03            5.245004e-05
148 2013-10-19 12:58:45    177 472.0 162.1 161.4939 3.388537e-05 19.00995 0.0787926 0.220965131  0.003679038   0.0099553406      0.0001657550         1  0.2078534997    0.001717846      6.387631e-03            5.279184e-05
149 2013-10-19 12:59:00    178 473.3 162.2 161.5903 3.388537e-05 19.10639 0.0787926 0.225160172  0.003679136   0.0101443436      0.0001657594         1  0.2091773587    0.001729006      6.428315e-03            5.313480e-05
150 2013-10-19 12:59:15    179 474.6 162.2 161.5868 3.388537e-05 19.10282 0.0787926 0.225005080  0.003679132   0.0101373561      0.0001657593         1  0.2105012178    0.001740203      6.468999e-03            5.347890e-05
151 2013-10-19 12:59:30    180 475.8 162.4 161.7832 3.388537e-05 19.29926 0.0787926 0.233550254  0.003679333   0.0105223495      0.0001657683         1  0.2117232415    0.001750571      6.506553e-03            5.379752e-05
152 2013-10-19 12:59:45    181 476.9 162.2 161.5797 3.388537e-05 19.09569 0.0787926 0.224694897  0.003679125   0.0101233811      0.0001657589         1  0.2128434299    0.001760102      6.540978e-03            5.409042e-05
153 2013-10-19 13:00:00    182 478.1 162.2 161.5761 3.388537e-05 19.09213 0.0787926 0.224539805  0.003679121   0.0101163937      0.0001657588         1  0.2140654536    0.001770528      6.578533e-03            5.441083e-05
154 2013-10-19 13:00:15    183 479.2 162.4 161.7725 3.388537e-05 19.28856 0.0787926 0.233084979  0.003679322   0.0105013871      0.0001657678         1  0.2151856420    0.001780112      6.612958e-03            5.470534e-05
155 2013-10-19 13:00:30    184 480.3 162.3 161.6690 3.388537e-05 19.18500 0.0787926 0.228579754  0.003679216   0.0102984091      0.0001657630         1  0.2163058304    0.001789719      6.647383e-03            5.500059e-05
156 2013-10-19 13:00:45    185 481.5 162.2 161.5654 3.388537e-05 19.08143 0.0787926 0.224074530  0.003679111   0.0100954312      0.0001657583         1  0.2175278541    0.001800228      6.684937e-03            5.532353e-05
157 2013-10-19 13:01:00    186 482.6 162.2 161.5618 3.388537e-05 19.07786 0.0787926 0.223919438  0.003679107   0.0100884437      0.0001657581         1  0.2186480425    0.001809885      6.719362e-03            5.562031e-05
158 2013-10-19 13:01:15    187 483.7 162.4 161.7583 3.388537e-05 19.27430 0.0787926 0.232464612  0.003679307   0.0104734371      0.0001657671         1  0.2197682309    0.001819566      6.753787e-03            5.591781e-05
159 2013-10-19 13:01:30    188 484.8 162.7 162.0547 3.388537e-05 19.57073 0.0787926 0.245359919  0.003679613   0.0110544210      0.0001657809         1  0.2208884194    0.001829269      6.788212e-03            5.621601e-05
160 2013-10-19 13:01:45    189 485.8 162.7 162.0511 3.388537e-05 19.56717 0.0787926 0.245204827  0.003679610   0.0110474335      0.0001657808         1  0.2219067725    0.001838110      6.819507e-03            5.648770e-05
161 2013-10-19 13:02:00    190 487.0 162.6 161.9476 3.388537e-05 19.46360 0.0787926 0.240699603  0.003679502   0.0108444555      0.0001657759         1  0.2231287962    0.001848743      6.857062e-03            5.681447e-05
162 2013-10-19 13:02:15    191 487.9 162.6 161.9440 3.388537e-05 19.46004 0.0787926 0.240544511  0.003679499   0.0108374681      0.0001657758         1  0.2240453140    0.001856735      6.885228e-03            5.706007e-05
163 2013-10-19 13:02:30    192 489.0 162.7 162.0404 3.388537e-05 19.55647 0.0787926 0.244739552  0.003679599   0.0110264710      0.0001657803         1  0.2251655024    0.001866522      6.919653e-03            5.736085e-05
164 2013-10-19 13:02:45    193 490.0 162.6 161.9369 3.388537e-05 19.45291 0.0787926 0.240234327  0.003679491   0.0108234931      0.0001657754         1  0.2261838555    0.001875438      6.950948e-03            5.763485e-05
165 2013-10-19 13:03:00    194 491.0 162.5 161.8333 3.388537e-05 19.34934 0.0787926 0.235729103  0.003679384   0.0106205152      0.0001657706         1  0.2272022086    0.001884371      6.982244e-03            5.790938e-05
166 2013-10-19 13:03:15    195 492.1 162.8 162.1297 3.388537e-05 19.64578 0.0787926 0.248624410  0.003679692   0.0112014990      0.0001657845         1  0.2283223970    0.001894217      7.016669e-03            5.821196e-05
167 2013-10-19 13:03:30    196 493.3 162.6 161.9262 3.388537e-05 19.44221 0.0787926 0.239769052  0.003679480   0.0108025306      0.0001657749         1  0.2295444207    0.001904982      7.054223e-03            5.854276e-05
168 2013-10-19 13:03:45    197 494.7 162.9 162.2226 3.388537e-05 19.73865 0.0787926 0.252664359  0.003679789   0.0113835145      0.0001657888         1  0.2309701150    0.001917570      7.098037e-03            5.892962e-05
169 2013-10-19 13:04:00    198 495.9 163.0 162.3190 3.388537e-05 19.83508 0.0787926 0.256859400  0.003679890   0.0115725174      0.0001657934         1  0.2321921387    0.001928385      7.135591e-03            5.926198e-05
170 2013-10-19 13:04:15    199 496.9 163.1 162.4155 3.388537e-05 19.93152 0.0787926 0.261054441  0.003679992   0.0117615204      0.0001657980         1  0.2332104918    0.001937415      7.166887e-03            5.953949e-05
171 2013-10-19 13:04:30    200 498.2 162.8 162.1119 3.388537e-05 19.62795 0.0787926 0.247848951  0.003679673   0.0111665616      0.0001657836         1  0.2345343509    0.001949177      7.207571e-03            5.990096e-05
172 2013-10-19 13:04:45    201 499.5 163.0 162.3083 3.388537e-05 19.82439 0.0787926 0.256394125  0.003679879   0.0115515550      0.0001657929         1  0.2358582099    0.001960966      7.248255e-03            6.026324e-05
173 2013-10-19 13:05:00    202 500.6 163.0 162.3048 3.388537e-05 19.82082 0.0787926 0.256239033  0.003679875   0.0115445675      0.0001657927         1  0.2369783983    0.001970960      7.282680e-03            6.057039e-05
174 2013-10-19 13:05:15    203 501.6 163.1 162.4012 3.388537e-05 19.91726 0.0787926 0.260434075  0.003679977   0.0117335704      0.0001657973         1  0.2379967514    0.001980062      7.313975e-03            6.085009e-05
175 2013-10-19 13:05:30    204 502.6 163.0 162.2977 3.388537e-05 19.81369 0.0787926 0.255928850  0.003679868   0.0115305925      0.0001657924         1  0.2390151045    0.001989178      7.345271e-03            6.113025e-05
176 2013-10-19 13:05:45    205 503.9 163.1 162.3941 3.388537e-05 19.91013 0.0787926 0.260123891  0.003679970   0.0117195955      0.0001657970         1  0.2403389635    0.002001051      7.385955e-03            6.149512e-05
177 2013-10-19 13:06:00    206 504.9 163.2 162.4905 3.388537e-05 20.00656 0.0787926 0.264318932  0.003680072   0.0119085984      0.0001658016         1  0.2413573166    0.002010200      7.417250e-03            6.177629e-05
178 2013-10-19 13:06:15    207 506.1 163.2 162.4870 3.388537e-05 20.00300 0.0787926 0.264163841  0.003680068   0.0119016109      0.0001658014         1  0.2425793403    0.002021198      7.454805e-03            6.211426e-05
179 2013-10-19 13:06:30    208 507.3 163.3 162.5834 3.388537e-05 20.09943 0.0787926 0.268358882  0.003680171   0.0120906139      0.0001658061         1  0.2438013641    0.002032215      7.492359e-03            6.245284e-05
180 2013-10-19 13:06:45    209 508.5 163.3 162.5798 3.388537e-05 20.09586 0.0787926 0.268203790  0.003680167   0.0120836264      0.0001658059         1  0.2450233878    0.002043252      7.529914e-03            6.279202e-05
181 2013-10-19 13:07:00    210 509.7 163.2 162.4763 3.388537e-05 19.99230 0.0787926 0.263698566  0.003680057   0.0118806485      0.0001658009         1  0.2462454115    0.002054308      7.567468e-03            6.313179e-05
182 2013-10-19 13:07:15    211 511.1 163.3 162.5727 3.388537e-05 20.08873 0.0787926 0.267893607  0.003680160   0.0120696514      0.0001658055         1  0.2476711058    0.002067231      7.611282e-03            6.352892e-05
183 2013-10-19 13:07:30    212 512.3 163.1 162.3691 3.388537e-05 19.88517 0.0787926 0.259038249  0.003679943   0.0116706831      0.0001657958         1  0.2488931295    0.002078328      7.648836e-03            6.386994e-05
184 2013-10-19 13:07:45    213 513.6 163.3 162.5656 3.388537e-05 20.08160 0.0787926 0.267583423  0.003680152   0.0120556765      0.0001658052         1  0.2502169886    0.002090370      7.689520e-03            6.424000e-05
185 2013-10-19 13:08:00    214 514.8 163.2 162.4620 3.388537e-05 19.97804 0.0787926 0.263078199  0.003680042   0.0118526985      0.0001658002         1  0.2514390123    0.002101504      7.727075e-03            6.458218e-05
186 2013-10-19 13:08:15    215 516.0 163.4 162.6584 3.388537e-05 20.17447 0.0787926 0.271623373  0.003680251   0.0122376920      0.0001658097         1  0.2526610360    0.002112656      7.764629e-03            6.492489e-05

$dryleafvolt
            timestamp record LWSmV  SEmV    CSEmV     CSEmV.sd   loadmV loadmV.sd
1 2013-10-19 12:20:30     24 262.4 155.6 155.5394 3.388537e-05 13.05543 0.0787926
2 2013-10-19 12:20:45     25 262.4 156.5 156.4358 3.388537e-05 13.95186 0.0787926
3 2013-10-19 12:21:00     26 262.4 156.6 156.5323 3.388537e-05 14.04830 0.0787926
4 2013-10-19 12:21:15     27 262.4 156.7 156.6287 3.388537e-05 14.14473 0.0787926
5 2013-10-19 12:21:30     28 262.4 156.7 156.6251 3.388537e-05 14.14117 0.0787926
6 2013-10-19 12:21:45     29 262.4 156.6 156.5216 3.388537e-05 14.03760 0.0787926
7 2013-10-19 12:22:00     30 262.4 156.7 156.6180 3.388537e-05 14.13404 0.0787926

$runtime
Time difference of 46.25 mins

$startcalibvolt
            timestamp record LWSmV  SEmV    CSEmV     CSEmV.sd   loadmV loadmV.sd
1 2013-10-19 12:17:00     10 262.4 265.0 264.9893 3.388537e-05 122.5053 0.0787926
2 2013-10-19 12:17:15     11 262.4 265.0 264.9857 3.388537e-05 122.5018 0.0787926
3 2013-10-19 12:17:30     12 262.4 264.9 264.8822 3.388537e-05 122.3982 0.0787926
4 2013-10-19 12:17:45     13 262.4 265.2 265.1786 3.388537e-05 122.6946 0.0787926

$endcalibvolt
            timestamp record LWSmV  SEmV
1 2013-10-19 13:11:45    229 263.8 265.8
2 2013-10-19 13:12:00    230 263.8 266.1
3 2013-10-19 13:12:15    231 263.8 266.0

$lastLWSvolt
[1] 517.3

$maxLWSvolt
[1] 518

$species
[1] "coastliveoak"

$trial
[1] "9"

$replicate
[1] "1"

$isvertical
[1] FALSE

$conversionfactor
         avg        stdev
1 0.04350133 1.398728e-05

$LWSwatermass
        avg      stdev
1 0.2692177 0.00261929

$dryleafmass
       avg       stdev
1 0.605993 0.001310076

$lwsmodel

Call:
lm(formula = LWSsurfacedensity ~ record, data = rd[rd$runfilter == 
    1, ])

Coefficients:
(Intercept)       record  
 -0.0016234    0.0000447  


$leafmodel

Call:
lm(formula = surfacedensity ~ record, data = rd[rd$runfilter == 
    1, ])

Coefficients:
(Intercept)       record  
 -5.688e-04    5.995e-05  


