$name
[1] "coastliveoak4"

$leafarea
[1] 33.25047

$startbasevolt
            timestamp record LWSmV  SEmV CSEmV CSEmV.sd      loadmV loadmV.sd
1 2013-08-17 12:48:30      4 264.4 153.3 153.3        0 -0.10421875 0.1030853
2 2013-08-17 12:48:45      5 264.4 153.4 153.4        0 -0.00421875 0.1030853
3 2013-08-17 12:49:00      6 264.4 153.5 153.5        0  0.09578125 0.1030853

$endbasevolt
            timestamp record LWSmV  SEmV    CSEmV     CSEmV.sd      loadmV loadmV.sd
1 2013-08-17 13:47:45    241 265.8 154.1 153.5712 4.212709e-05  0.16703125 0.1030853
2 2013-08-17 13:48:00    242 265.8 154.0 153.4690 4.212709e-05  0.06478125 0.1030853
3 2013-08-17 13:48:15    243 265.8 153.8 153.2668 4.212709e-05 -0.13746875 0.1030853
4 2013-08-17 13:48:30    244 265.8 153.9 153.3645 4.212709e-05 -0.03971875 0.1030853
5 2013-08-17 13:48:45    245 265.8 153.9 153.3623 4.212709e-05 -0.04196875 0.1030853

$dryragvolt
            timestamp record LWSmV  SEmV    CSEmV     CSEmV.sd   loadmV loadmV.sd
1 2013-08-17 13:44:45    229 426.4 254.7 254.1983 4.212709e-05 100.7940 0.1030853
2 2013-08-17 13:45:00    230 425.8 254.4 253.8960 4.212709e-05 100.4918 0.1030853
3 2013-08-17 13:45:15    231 425.2 254.4 253.8938 4.212709e-05 100.4895 0.1030853
4 2013-08-17 13:45:30    232 424.6 254.5 253.9915 4.212709e-05 100.5873 0.1030853
5 2013-08-17 13:45:45    233 424.0 254.3 253.7893 4.212709e-05 100.3850 0.1030853

$wetragvolt
            timestamp record LWSmV  SEmV    CSEmV     CSEmV.sd   loadmV loadmV.sd
1 2013-08-17 13:46:30    236 266.5 258.2 257.6825 4.212709e-05 104.2783 0.1030853
2 2013-08-17 13:46:45    237 265.8 258.0 257.4803 4.212709e-05 104.0760 0.1030853
3 2013-08-17 13:47:00    238 265.8 258.0 257.4780 4.212709e-05 104.0738 0.1030853
4 2013-08-17 13:47:15    239 265.8 257.9 257.3757 4.212709e-05 103.9715 0.1030853

$rundata
              timestamp record LWSmV  SEmV    CSEmV     CSEmV.sd   loadmV loadmV.sd     watermass watermass.sd surfacedensity surfacedensity.sd runfilter      LWSwater LWSwater.stdev LWSsurfacedensity LWSsurfacedensity.stdev
1   2013-08-17 12:58:15     43 264.4 171.3 171.2168 4.212709e-05 17.81253 0.1030853  0.0040807251  0.004817788   1.227268e-04      0.0001448939         0 -0.0035566034    0.001290101     -1.092994e-04            3.964662e-05
2   2013-08-17 12:58:30     44 264.6 171.1 171.0145 4.212709e-05 17.61028 0.1030853 -0.0046644580  0.004817751  -1.402825e-04      0.0001448927         0 -0.0033529328    0.001288780     -1.030403e-04            3.960604e-05
3   2013-08-17 12:58:45     45 265.1 171.1 171.0122 4.212709e-05 17.60803 0.1030853 -0.0047617468  0.004817751  -1.432084e-04      0.0001448927         0 -0.0028437563    0.001285489     -8.739263e-05            3.950488e-05
4   2013-08-17 12:59:00     46 265.1 171.3 171.2100 4.212709e-05 17.80578 0.1030853  0.0037888587  0.004817787   1.139490e-04      0.0001448938         0 -0.0028437563    0.001285489     -8.739263e-05            3.950488e-05
5   2013-08-17 12:59:15     47 265.5 171.4 171.3077 4.212709e-05 17.90353 0.1030853  0.0080155170  0.004817805   2.410648e-04      0.0001448944         0 -0.0024364150    0.001282865     -7.487446e-05            3.942424e-05
6   2013-08-17 12:59:30     48 265.9 171.2 171.1055 4.212709e-05 17.70128 0.1030853 -0.0007296661  0.004817768  -2.194454e-05      0.0001448932         0 -0.0020290738    0.001280250     -6.235629e-05            3.934388e-05
7   2013-08-17 12:59:45     49 266.4 171.2 171.1033 4.212709e-05 17.69903 0.1030853 -0.0008269549  0.004817767  -2.487047e-05      0.0001448932         0 -0.0015198973    0.001276993     -4.670858e-05            3.924379e-05
8   2013-08-17 13:00:00     50 267.0 171.2 171.1010 4.212709e-05 17.69678 0.1030853 -0.0009242437  0.004817767  -2.779641e-05      0.0001448932         0 -0.0009088854    0.001273103     -2.793133e-05            3.912424e-05
9   2013-08-17 13:00:15     51 267.5 171.1 170.9988 4.212709e-05 17.59453 0.1030853 -0.0053454796  0.004817748  -1.607640e-04      0.0001448926         0 -0.0003997088    0.001269876     -1.228362e-05            3.902509e-05
10  2013-08-17 13:00:30     52 268.1 171.2 171.0965 4.212709e-05 17.69228 0.1030853 -0.0011188213  0.004817766  -3.364829e-05      0.0001448932         0  0.0002113030    0.001266023      6.493639e-06            3.890666e-05
11  2013-08-17 13:00:45     53 268.7 171.3 171.1943 4.212709e-05 17.79003 0.1030853  0.0031078370  0.004817784   9.346747e-05      0.0001448937         0  0.0008223149    0.001262189      2.527089e-05            3.878885e-05
12  2013-08-17 13:01:00     54 269.3 171.4 171.2920 4.212709e-05 17.88778 0.1030853  0.0073344953  0.004817803   2.205832e-04      0.0001448943         0  0.0014333267    0.001258376      4.404815e-05            3.867167e-05
13  2013-08-17 13:01:15     55 270.0 171.3 171.1898 4.212709e-05 17.78553 0.1030853  0.0029132594  0.004817783   8.761559e-05      0.0001448937         0  0.0021461739    0.001253954      6.595494e-05            3.853576e-05
14  2013-08-17 13:01:30     56 270.7 171.5 171.3875 4.212709e-05 17.98328 0.1030853  0.0114638648  0.004817820   3.447730e-04      0.0001448948         0  0.0028590211    0.001249559      8.786174e-05            3.840072e-05
15  2013-08-17 13:01:45     57 271.3 171.5 171.3853 4.212709e-05 17.98103 0.1030853  0.0113665760  0.004817820   3.418471e-04      0.0001448948         0  0.0034700329    0.001245815      1.066390e-04            3.828566e-05
16  2013-08-17 13:02:00     58 272.0 171.4 171.2830 4.212709e-05 17.87878 0.1030853  0.0069453401  0.004817801   2.088795e-04      0.0001448942         0  0.0041828801    0.001241474      1.285458e-04            3.815226e-05
17  2013-08-17 13:02:15     59 272.7 171.5 171.3808 4.212709e-05 17.97653 0.1030853  0.0111719984  0.004817819   3.359952e-04      0.0001448948         0  0.0048957273    0.001237162      1.504526e-04            3.801974e-05
18  2013-08-17 13:02:30     60 273.4 171.6 171.4785 4.212709e-05 18.07428 0.1030853  0.0153986567  0.004817838   4.631110e-04      0.0001448953         0  0.0056085744    0.001232880      1.723594e-04            3.788814e-05
19  2013-08-17 13:02:45     61 274.1 171.5 171.3762 4.212709e-05 17.97203 0.1030853  0.0109774208  0.004817818   3.301433e-04      0.0001448948         0  0.0063214216    0.001228627      1.942662e-04            3.775744e-05
20  2013-08-17 13:03:00     62 274.7 171.7 171.5740 4.212709e-05 18.16978 0.1030853  0.0195280262  0.004817856   5.873008e-04      0.0001448959         1  0.0069324335    0.001225006      2.130434e-04            3.764615e-05
21  2013-08-17 13:03:15     63 275.4 171.7 171.5717 4.212709e-05 18.16753 0.1030853  0.0194307374  0.004817855   5.843749e-04      0.0001448959         1  0.0076452806    0.001220809      2.349502e-04            3.751718e-05
22  2013-08-17 13:03:30     64 276.1 171.7 171.5695 4.212709e-05 18.16528 0.1030853  0.0193334486  0.004817855   5.814489e-04      0.0001448958         1  0.0083581278    0.001216643      2.568570e-04            3.738915e-05
23  2013-08-17 13:03:45     65 276.8 171.8 171.6673 4.212709e-05 18.26303 0.1030853  0.0235601069  0.004817873   7.085647e-04      0.0001448964         1  0.0090709750    0.001212508      2.787638e-04            3.726207e-05
24  2013-08-17 13:04:00     66 277.5 171.9 171.7650 4.212709e-05 18.36078 0.1030853  0.0277867652  0.004817892   8.356804e-04      0.0001448970         1  0.0097838221    0.001208404      3.006706e-04            3.713595e-05
25  2013-08-17 13:04:15     67 278.2 171.8 171.6628 4.212709e-05 18.25853 0.1030853  0.0233655292  0.004817872   7.027128e-04      0.0001448964         1  0.0104966693    0.001204332      3.225774e-04            3.701080e-05
26  2013-08-17 13:04:30     68 278.9 171.8 171.6605 4.212709e-05 18.25628 0.1030853  0.0232682404  0.004817872   6.997869e-04      0.0001448964         1  0.0112095165    0.001200291      3.444842e-04            3.688663e-05
27  2013-08-17 13:04:45     69 279.7 171.9 171.7583 4.212709e-05 18.35403 0.1030853  0.0274948987  0.004817891   8.269026e-04      0.0001448969         1  0.0120241990    0.001195713      3.695206e-04            3.674594e-05
28  2013-08-17 13:05:00     70 280.4 171.8 171.6560 4.212709e-05 18.25178 0.1030853  0.0230736628  0.004817871   6.939350e-04      0.0001448963         1  0.0127370461    0.001191742      3.914274e-04            3.662390e-05
29  2013-08-17 13:05:15     71 281.2 171.9 171.7537 4.212709e-05 18.34953 0.1030853  0.0273003211  0.004817890   8.210507e-04      0.0001448969         1  0.0135517286    0.001187244      4.164637e-04            3.648567e-05
30  2013-08-17 13:05:30     72 281.9 171.9 171.7515 4.212709e-05 18.34728 0.1030853  0.0272030323  0.004817889   8.181248e-04      0.0001448969         1  0.0142645758    0.001183344      4.383705e-04            3.636582e-05
31  2013-08-17 13:05:45     73 282.6 172.0 171.8493 4.212709e-05 18.44503 0.1030853  0.0314296906  0.004817908   9.452405e-04      0.0001448975         1  0.0149774229    0.001179477      4.602773e-04            3.624700e-05
32  2013-08-17 13:06:00     74 283.3 172.0 171.8470 4.212709e-05 18.44278 0.1030853  0.0313324018  0.004817908   9.423146e-04      0.0001448974         1  0.0156902701    0.001175645      4.821841e-04            3.612922e-05
33  2013-08-17 13:06:15     75 284.1 171.9 171.7448 4.212709e-05 18.34053 0.1030853  0.0269111659  0.004817888   8.093470e-04      0.0001448969         1  0.0165049526    0.001171307      5.072204e-04            3.599591e-05
34  2013-08-17 13:06:30     76 284.9 171.8 171.6425 4.212709e-05 18.23828 0.1030853  0.0224899300  0.004817869   6.763793e-04      0.0001448963         1  0.0173196351    0.001167014      5.322568e-04            3.586399e-05
35  2013-08-17 13:06:45     77 285.6 172.1 171.9402 4.212709e-05 18.53603 0.1030853  0.0353644825  0.004817926   1.063578e-03      0.0001448980         1  0.0180324822    0.001163296      5.541636e-04            3.574971e-05
36  2013-08-17 13:07:00     78 286.5 172.0 171.8380 4.212709e-05 18.43378 0.1030853  0.0309432466  0.004817906   9.306109e-04      0.0001448974         1  0.0189490000    0.001158567      5.823294e-04            3.560438e-05
37  2013-08-17 13:07:15     79 287.1 172.1 171.9357 4.212709e-05 18.53153 0.1030853  0.0351699049  0.004817925   1.057727e-03      0.0001448980         1  0.0195600119    0.001155447      6.011067e-04            3.550851e-05
38  2013-08-17 13:07:30     80 287.9 172.0 171.8335 4.212709e-05 18.42928 0.1030853  0.0307486690  0.004817905   9.247590e-04      0.0001448974         1  0.0203746944    0.001151328      6.261430e-04            3.538194e-05
39  2013-08-17 13:07:45     81 288.6 171.8 171.6313 4.212709e-05 18.22703 0.1030853  0.0220034859  0.004817866   6.617497e-04      0.0001448962         1  0.0210875415    0.001147764      6.480498e-04            3.527240e-05
40  2013-08-17 13:08:00     82 289.3 171.9 171.7290 4.212709e-05 18.32478 0.1030853  0.0262301442  0.004817885   7.888654e-04      0.0001448968         1  0.0218003887    0.001144236      6.699566e-04            3.516399e-05
41  2013-08-17 13:08:15     83 290.1 172.0 171.8268 4.212709e-05 18.42253 0.1030853  0.0304568025  0.004817904   9.159812e-04      0.0001448973         1  0.0226150712    0.001140250      6.949930e-04            3.504149e-05
42  2013-08-17 13:08:30     84 290.9 172.0 171.8245 4.212709e-05 18.42028 0.1030853  0.0303595137  0.004817903   9.130552e-04      0.0001448973         1  0.0234297536    0.001136313      7.200293e-04            3.492050e-05
43  2013-08-17 13:08:45     85 291.7 172.1 171.9222 4.212709e-05 18.51803 0.1030853  0.0345861720  0.004817922   1.040171e-03      0.0001448979         1  0.0242444361    0.001132426      7.450656e-04            3.480104e-05
44  2013-08-17 13:09:00     86 292.5 171.9 171.7200 4.212709e-05 18.31578 0.1030853  0.0258409890  0.004817883   7.771617e-04      0.0001448967         1  0.0250591186    0.001128589      7.701020e-04            3.468312e-05
45  2013-08-17 13:09:15     87 293.3 172.1 171.9177 4.212709e-05 18.51353 0.1030853  0.0343915944  0.004817921   1.034319e-03      0.0001448979         1  0.0258738011    0.001124802      7.951383e-04            3.456675e-05
46  2013-08-17 13:09:30     88 294.0 172.1 171.9155 4.212709e-05 18.51128 0.1030853  0.0342943056  0.004817921   1.031393e-03      0.0001448978         1  0.0265866483    0.001121531      8.170451e-04            3.446621e-05
47  2013-08-17 13:09:45     89 294.8 172.1 171.9133 4.212709e-05 18.50903 0.1030853  0.0341970168  0.004817921   1.028467e-03      0.0001448978         1  0.0274013307    0.001117840      8.420815e-04            3.435280e-05
48  2013-08-17 13:10:00     90 295.5 172.2 172.0110 4.212709e-05 18.60678 0.1030853  0.0384236751  0.004817939   1.155583e-03      0.0001448984         1  0.0281141779    0.001114654      8.639883e-04            3.425488e-05
49  2013-08-17 13:10:15     91 296.4 172.3 172.1088 4.212709e-05 18.70453 0.1030853  0.0426503334  0.004817959   1.282699e-03      0.0001448990         1  0.0290306957    0.001110616      8.921541e-04            3.413080e-05
50  2013-08-17 13:10:30     92 297.2 172.3 172.1065 4.212709e-05 18.70228 0.1030853  0.0425530446  0.004817958   1.279773e-03      0.0001448990         1  0.0298453782    0.001107084      9.171905e-04            3.402225e-05
51  2013-08-17 13:10:45     93 298.0 172.2 172.0042 4.212709e-05 18.60003 0.1030853  0.0381318087  0.004817938   1.146805e-03      0.0001448984         1  0.0306600606    0.001103605      9.422268e-04            3.391534e-05
52  2013-08-17 13:11:00     94 298.8 172.2 172.0020 4.212709e-05 18.59778 0.1030853  0.0380345199  0.004817938   1.143879e-03      0.0001448983         1  0.0314747431    0.001100180      9.672632e-04            3.381009e-05
53  2013-08-17 13:11:15     95 299.5 172.4 172.1997 4.212709e-05 18.79553 0.1030853  0.0465851253  0.004817976   1.401037e-03      0.0001448995         1  0.0321875903    0.001097228      9.891700e-04            3.371937e-05
54  2013-08-17 13:11:30     96 300.3 172.4 172.1975 4.212709e-05 18.79328 0.1030853  0.0464878365  0.004817976   1.398111e-03      0.0001448995         1  0.0330022728    0.001093907      1.014206e-03            3.361729e-05
55  2013-08-17 13:11:45     97 301.2 172.3 172.0953 4.212709e-05 18.69103 0.1030853  0.0420666005  0.004817956   1.265143e-03      0.0001448989         1  0.0339187906    0.001090236      1.042372e-03            3.350449e-05
56  2013-08-17 13:12:00     98 302.0 172.4 172.1930 4.212709e-05 18.78878 0.1030853  0.0462932589  0.004817975   1.392259e-03      0.0001448995         1  0.0347334730    0.001087033      1.067409e-03            3.340605e-05
57  2013-08-17 13:12:15     99 302.8 172.4 172.1908 4.212709e-05 18.78653 0.1030853  0.0461959700  0.004817975   1.389333e-03      0.0001448994         1  0.0355481555    0.001083886      1.092445e-03            3.330935e-05
58  2013-08-17 13:12:30    100 303.5 172.6 172.3885 4.212709e-05 18.98428 0.1030853  0.0547465755  0.004818014   1.646490e-03      0.0001449006         1  0.0362610027    0.001081180      1.114352e-03            3.322619e-05
59  2013-08-17 13:12:45    101 304.3 172.7 172.4862 4.212709e-05 19.08203 0.1030853  0.0589732338  0.004818033   1.773606e-03      0.0001449012         1  0.0370756852    0.001078141      1.139388e-03            3.313280e-05
60  2013-08-17 13:13:00    102 305.1 172.7 172.4840 4.212709e-05 19.07978 0.1030853  0.0588759450  0.004818033   1.770680e-03      0.0001449012         1  0.0378903676    0.001075160      1.164424e-03            3.304119e-05
61  2013-08-17 13:13:15    103 305.9 172.7 172.4818 4.212709e-05 19.07753 0.1030853  0.0587786562  0.004818032   1.767754e-03      0.0001449012         1  0.0387050501    0.001072238      1.189461e-03            3.295138e-05
62  2013-08-17 13:13:30    104 306.7 172.7 172.4795 4.212709e-05 19.07528 0.1030853  0.0586813673  0.004818032   1.764828e-03      0.0001449012         1  0.0395197326    0.001069375      1.214497e-03            3.286339e-05
63  2013-08-17 13:13:45    105 307.4 172.7 172.4772 4.212709e-05 19.07303 0.1030853  0.0585840785  0.004818031   1.761902e-03      0.0001449012         1  0.0402325798    0.001066918      1.236404e-03            3.278790e-05
64  2013-08-17 13:14:00    106 308.4 172.7 172.4750 4.212709e-05 19.07078 0.1030853  0.0584867897  0.004818031   1.758976e-03      0.0001449011         1  0.0412509329    0.001063489      1.267699e-03            3.268250e-05
65  2013-08-17 13:14:15    107 309.0 172.6 172.3727 4.212709e-05 18.96853 0.1030853  0.0540655538  0.004818010   1.626009e-03      0.0001449005         1  0.0418619447    0.001061476      1.286476e-03            3.262065e-05
66  2013-08-17 13:14:30    108 309.7 172.5 172.2705 4.212709e-05 18.86628 0.1030853  0.0496443179  0.004817990   1.493041e-03      0.0001448999         1  0.0425747919    0.001059171      1.308383e-03            3.254983e-05
67  2013-08-17 13:14:45    109 310.5 172.7 172.4682 4.212709e-05 19.06403 0.1030853  0.0581949233  0.004818029   1.750199e-03      0.0001449011         1  0.0433894744    0.001056595      1.333420e-03            3.247065e-05
68  2013-08-17 13:15:00    110 311.2 172.7 172.4660 4.212709e-05 19.06178 0.1030853  0.0580976345  0.004818029   1.747273e-03      0.0001449011         1  0.0441023215    0.001054391      1.355326e-03            3.240292e-05
69  2013-08-17 13:15:15    111 312.0 172.6 172.3638 4.212709e-05 18.95953 0.1030853  0.0536763986  0.004818009   1.614305e-03      0.0001449005         1  0.0449170040    0.001051931      1.380363e-03            3.232731e-05
70  2013-08-17 13:15:30    112 312.7 172.7 172.4615 4.212709e-05 19.05728 0.1030853  0.0579030569  0.004818028   1.741421e-03      0.0001449011         1  0.0456298512    0.001049829      1.402270e-03            3.226273e-05
71  2013-08-17 13:15:45    113 313.5 172.8 172.5593 4.212709e-05 19.15503 0.1030853  0.0621297152  0.004818048   1.868537e-03      0.0001449016         1  0.0464445337    0.001047486      1.427306e-03            3.219073e-05
72  2013-08-17 13:16:00    114 314.2 172.6 172.3570 4.212709e-05 18.95278 0.1030853  0.0533845321  0.004818007   1.605527e-03      0.0001449004         1  0.0471573808    0.001045488      1.449213e-03            3.212932e-05
73  2013-08-17 13:16:15    115 315.1 172.7 172.4547 4.212709e-05 19.05053 0.1030853  0.0576111904  0.004818027   1.732643e-03      0.0001449010         1  0.0480738986    0.001042991      1.477379e-03            3.205258e-05
74  2013-08-17 13:16:30    116 315.8 172.6 172.3525 4.212709e-05 18.94828 0.1030853  0.0531899545  0.004818006   1.599675e-03      0.0001449004         1  0.0487867458    0.001041105      1.499285e-03            3.199461e-05
75  2013-08-17 13:16:45    117 316.6 172.6 172.3502 4.212709e-05 18.94603 0.1030853  0.0530926657  0.004818006   1.596749e-03      0.0001449004         1  0.0496014283    0.001039009      1.524322e-03            3.193022e-05
76  2013-08-17 13:17:00    118 317.4 172.6 172.3480 4.212709e-05 18.94378 0.1030853  0.0529953769  0.004818006   1.593823e-03      0.0001449004         1  0.0504161107    0.001036979      1.549358e-03            3.186783e-05
77  2013-08-17 13:17:15    119 318.1 172.7 172.4458 4.212709e-05 19.04153 0.1030853  0.0572220352  0.004818025   1.720939e-03      0.0001449010         1  0.0511289579    0.001035256      1.571265e-03            3.181488e-05
78  2013-08-17 13:17:30    120 319.0 172.8 172.5435 4.212709e-05 19.13928 0.1030853  0.0614486935  0.004818044   1.848055e-03      0.0001449015         1  0.0520454757    0.001033115      1.599431e-03            3.174907e-05
79  2013-08-17 13:17:45    121 319.7 172.9 172.6413 4.212709e-05 19.23703 0.1030853  0.0656753518  0.004818064   1.975171e-03      0.0001449021         1  0.0527583229    0.001031507      1.621338e-03            3.169965e-05
80  2013-08-17 13:18:00    122 320.5 172.8 172.5390 4.212709e-05 19.13478 0.1030853  0.0612541159  0.004818043   1.842203e-03      0.0001449015         1  0.0535730053    0.001029731      1.646374e-03            3.164509e-05
81  2013-08-17 13:18:15    123 321.2 173.0 172.7368 4.212709e-05 19.33253 0.1030853  0.0698047213  0.004818083   2.099361e-03      0.0001449027         1  0.0542858525    0.001028232      1.668281e-03            3.159903e-05
82  2013-08-17 13:18:30    124 322.1 173.1 172.8345 4.212709e-05 19.43028 0.1030853  0.0740313796  0.004818103   2.226476e-03      0.0001449033         1  0.0552023703    0.001026381      1.696447e-03            3.154212e-05
83  2013-08-17 13:18:45    125 322.9 173.1 172.8322 4.212709e-05 19.42803 0.1030853  0.0739340908  0.004818102   2.223550e-03      0.0001449033         1  0.0560170528    0.001024806      1.721483e-03            3.149374e-05
84  2013-08-17 13:19:00    126 323.7 173.2 172.9300 4.212709e-05 19.52578 0.1030853  0.0781607491  0.004818122   2.350666e-03      0.0001449039         1  0.0568317353    0.001023299      1.746519e-03            3.144743e-05
85  2013-08-17 13:19:15    127 324.5 173.2 172.9278 4.212709e-05 19.52353 0.1030853  0.0780634603  0.004818122   2.347740e-03      0.0001449039         1  0.0576464177    0.001021860      1.771556e-03            3.140321e-05
86  2013-08-17 13:19:30    128 325.2 173.2 172.9255 4.212709e-05 19.52128 0.1030853  0.0779661715  0.004818121   2.344814e-03      0.0001449039         1  0.0583592649    0.001020657      1.793462e-03            3.136623e-05
87  2013-08-17 13:19:45    129 326.0 173.2 172.9232 4.212709e-05 19.51903 0.1030853  0.0778688827  0.004818121   2.341888e-03      0.0001449039         1  0.0591739474    0.001019346      1.818499e-03            3.132595e-05
88  2013-08-17 13:20:00    130 326.7 173.2 172.9210 4.212709e-05 19.51678 0.1030853  0.0777715939  0.004818121   2.338962e-03      0.0001449038         1  0.0598867946    0.001018256      1.840405e-03            3.129243e-05
89  2013-08-17 13:20:15    131 327.4 173.2 172.9187 4.212709e-05 19.51453 0.1030853  0.0776743051  0.004818120   2.336036e-03      0.0001449038         1  0.0605996417    0.001017218      1.862312e-03            3.126054e-05
90  2013-08-17 13:20:30    132 328.1 173.3 173.0165 4.212709e-05 19.61228 0.1030853  0.0819009634  0.004818140   2.463152e-03      0.0001449044         1  0.0613124889    0.001016233      1.884219e-03            3.123027e-05
91  2013-08-17 13:20:45    133 328.9 173.4 173.1142 4.212709e-05 19.71003 0.1030853  0.0861276217  0.004818160   2.590268e-03      0.0001449050         1  0.0621271714    0.001015172      1.909255e-03            3.119767e-05
92  2013-08-17 13:21:00    134 329.8 173.5 173.2120 4.212709e-05 19.80778 0.1030853  0.0903542800  0.004818180   2.717384e-03      0.0001449056         1  0.0630436892    0.001014062      1.937421e-03            3.116356e-05
93  2013-08-17 13:21:15    135 330.6 173.4 173.1098 4.212709e-05 19.70553 0.1030853  0.0859330441  0.004818159   2.584416e-03      0.0001449050         1  0.0638583716    0.001013150      1.962458e-03            3.113551e-05
94  2013-08-17 13:21:30    136 331.4 173.4 173.1075 4.212709e-05 19.70328 0.1030853  0.0858357553  0.004818159   2.581490e-03      0.0001449050         1  0.0646730541    0.001012307      1.987494e-03            3.110962e-05
95  2013-08-17 13:21:45    137 332.1 173.3 173.0053 4.212709e-05 19.60103 0.1030853  0.0814145193  0.004818138   2.448522e-03      0.0001449044         1  0.0653859013    0.001011627      2.009401e-03            3.108873e-05
96  2013-08-17 13:22:00    138 333.0 173.4 173.1030 4.212709e-05 19.69878 0.1030853  0.0856411776  0.004818158   2.575638e-03      0.0001449050         1  0.0663024191    0.001010832      2.037567e-03            3.106430e-05
97  2013-08-17 13:22:15    139 333.9 173.5 173.2007 4.212709e-05 19.79653 0.1030853  0.0898678359  0.004818178   2.702754e-03      0.0001449056         1  0.0672189369    0.001010127      2.065733e-03            3.104261e-05
98  2013-08-17 13:22:30    140 334.7 173.6 173.2985 4.212709e-05 19.89428 0.1030853  0.0940944943  0.004818198   2.829870e-03      0.0001449062         1  0.0680336193    0.001009574      2.090769e-03            3.102564e-05
99  2013-08-17 13:22:45    141 335.7 173.6 173.2962 4.212709e-05 19.89203 0.1030853  0.0939972054  0.004818198   2.826944e-03      0.0001449062         1  0.0690519724    0.001008983      2.122064e-03            3.100748e-05
100 2013-08-17 13:23:00    142 336.6 173.7 173.3940 4.212709e-05 19.98978 0.1030853  0.0982238638  0.004818218   2.954060e-03      0.0001449068         1  0.0699684902    0.001008546      2.150230e-03            3.099405e-05
101 2013-08-17 13:23:15    143 337.3 173.5 173.1918 4.212709e-05 19.78753 0.1030853  0.0894786807  0.004818176   2.691050e-03      0.0001449055         1  0.0706813374    0.001008268      2.172137e-03            3.098550e-05
102 2013-08-17 13:23:30    144 338.2 173.7 173.3895 4.212709e-05 19.98528 0.1030853  0.0980292861  0.004818217   2.948208e-03      0.0001449067         1  0.0715978552    0.001007991      2.200303e-03            3.097698e-05
103 2013-08-17 13:23:45    145 339.0 173.8 173.4873 4.212709e-05 20.08303 0.1030853  0.1022559444  0.004818238   3.075323e-03      0.0001449074         1  0.0724125377    0.001007820      2.225339e-03            3.097172e-05
104 2013-08-17 13:24:00    146 340.0 173.9 173.5850 4.212709e-05 20.18078 0.1030853  0.1064826028  0.004818258   3.202439e-03      0.0001449080         1  0.0734308908    0.001007706      2.256635e-03            3.096821e-05
105 2013-08-17 13:24:15    147 340.9 173.9 173.5828 4.212709e-05 20.17853 0.1030853  0.1063853139  0.004818258   3.199513e-03      0.0001449080         1  0.0743474085    0.001007698      2.284801e-03            3.096798e-05
106 2013-08-17 13:24:30    148 341.7 173.9 173.5805 4.212709e-05 20.17628 0.1030853  0.1062880251  0.004818257   3.196587e-03      0.0001449079         1  0.0751620910    0.001007767      2.309837e-03            3.097009e-05
107 2013-08-17 13:24:45    149 342.7 173.8 173.4783 4.212709e-05 20.07403 0.1030853  0.1018667892  0.004818236   3.063620e-03      0.0001449073         1  0.0761804441    0.001007953      2.341132e-03            3.097581e-05
108 2013-08-17 13:25:00    150 343.5 173.8 173.4760 4.212709e-05 20.07178 0.1030853  0.1017695004  0.004818235   3.060694e-03      0.0001449073         1  0.0769951266    0.001008182      2.366169e-03            3.098284e-05
109 2013-08-17 13:25:15    151 344.3 173.9 173.5738 4.212709e-05 20.16953 0.1030853  0.1059961587  0.004818256   3.187810e-03      0.0001449079         1  0.0778098091    0.001008481      2.391205e-03            3.099205e-05
110 2013-08-17 13:25:30    152 345.3 173.9 173.5715 4.212709e-05 20.16728 0.1030853  0.1058988699  0.004818255   3.184884e-03      0.0001449079         1  0.0788281622    0.001008956      2.422500e-03            3.100663e-05
111 2013-08-17 13:25:45    153 346.2 174.0 173.6693 4.212709e-05 20.26503 0.1030853  0.1101255282  0.004818276   3.311999e-03      0.0001449085         1  0.0797446800    0.001009477      2.450666e-03            3.102266e-05
112 2013-08-17 13:26:00    154 347.0 173.9 173.5670 4.212709e-05 20.16278 0.1030853  0.1057042923  0.004818254   3.179032e-03      0.0001449079         1  0.0805593624    0.001010016      2.475703e-03            3.103922e-05
113 2013-08-17 13:26:15    155 347.9 173.9 173.5648 4.212709e-05 20.16053 0.1030853  0.1056070035  0.004818254   3.176106e-03      0.0001449078         1  0.0814758802    0.001010707      2.503868e-03            3.106045e-05
114 2013-08-17 13:26:30    156 348.8 174.1 173.7625 4.212709e-05 20.35828 0.1030853  0.1141576089  0.004818296   3.433263e-03      0.0001449091         1  0.0823923980    0.001011487      2.532034e-03            3.108441e-05
115 2013-08-17 13:26:45    157 349.7 173.9 173.5603 4.212709e-05 20.15603 0.1030853  0.1054124258  0.004818253   3.170254e-03      0.0001449078         1  0.0833089158    0.001012356      2.560200e-03            3.111111e-05
116 2013-08-17 13:27:00    158 350.6 173.9 173.5580 4.212709e-05 20.15378 0.1030853  0.1053151370  0.004818252   3.167328e-03      0.0001449078         1  0.0842254336    0.001013313      2.588366e-03            3.114054e-05
117 2013-08-17 13:27:15    159 351.6 173.9 173.5558 4.212709e-05 20.15153 0.1030853  0.1052178482  0.004818252   3.164402e-03      0.0001449078         1  0.0852437867    0.001014481      2.619662e-03            3.117643e-05
118 2013-08-17 13:27:30    160 352.3 174.1 173.7535 4.212709e-05 20.34928 0.1030853  0.1137684537  0.004818294   3.421559e-03      0.0001449090         1  0.0859566339    0.001015363      2.641568e-03            3.120354e-05
119 2013-08-17 13:27:45    161 353.1 174.1 173.7512 4.212709e-05 20.34703 0.1030853  0.1136711648  0.004818293   3.418634e-03      0.0001449090         1  0.0867713163    0.001016437      2.666605e-03            3.123653e-05
120 2013-08-17 13:28:00    162 354.1 174.1 173.7490 4.212709e-05 20.34478 0.1030853  0.1135738760  0.004818293   3.415708e-03      0.0001449090         1  0.0877896694    0.001017876      2.697900e-03            3.128077e-05
121 2013-08-17 13:28:15    163 355.1 174.1 173.7467 4.212709e-05 20.34253 0.1030853  0.1134765872  0.004818292   3.412782e-03      0.0001449090         1  0.0888080225    0.001019423      2.729196e-03            3.132831e-05
122 2013-08-17 13:28:30    164 355.9 174.2 173.8445 4.212709e-05 20.44028 0.1030853  0.1177032455  0.004818313   3.539897e-03      0.0001449096         1  0.0896227050    0.001020738      2.754232e-03            3.136872e-05
123 2013-08-17 13:28:45    165 356.7 174.2 173.8423 4.212709e-05 20.43803 0.1030853  0.1176059567  0.004818313   3.536971e-03      0.0001449096         1  0.0904373875    0.001022122      2.779268e-03            3.141124e-05
124 2013-08-17 13:29:00    166 357.8 174.2 173.8400 4.212709e-05 20.43578 0.1030853  0.1175086679  0.004818312   3.534046e-03      0.0001449096         1  0.0915575759    0.001024135      2.813693e-03            3.147311e-05
125 2013-08-17 13:29:15    167 358.6 174.3 173.9378 4.212709e-05 20.53353 0.1030853  0.1217353262  0.004818333   3.661161e-03      0.0001449102         1  0.0923722584    0.001025680      2.838730e-03            3.152058e-05
126 2013-08-17 13:29:30    168 359.5 174.4 174.0355 4.212709e-05 20.63128 0.1030853  0.1259619845  0.004818354   3.788277e-03      0.0001449109         1  0.0932887762    0.001027498      2.866895e-03            3.157647e-05
127 2013-08-17 13:29:45    169 360.6 174.5 174.1333 4.212709e-05 20.72903 0.1030853  0.1301886428  0.004818375   3.915393e-03      0.0001449115         1  0.0944089646    0.001029836      2.901320e-03            3.164831e-05
128 2013-08-17 13:30:00    170 361.5 174.5 174.1310 4.212709e-05 20.72678 0.1030853  0.1300913540  0.004818375   3.912467e-03      0.0001449115         1  0.0953254824    0.001031843      2.929486e-03            3.170998e-05
129 2013-08-17 13:30:15    171 362.6 174.4 174.0288 4.212709e-05 20.62453 0.1030853  0.1256701181  0.004818353   3.779499e-03      0.0001449108         1  0.0964456708    0.001034409      2.963911e-03            3.178884e-05
130 2013-08-17 13:30:30    172 363.4 174.5 174.1265 4.212709e-05 20.72228 0.1030853  0.1298967764  0.004818374   3.906615e-03      0.0001449115         1  0.0972603533    0.001036353      2.988948e-03            3.184859e-05
131 2013-08-17 13:30:45    173 364.6 174.5 174.1243 4.212709e-05 20.72003 0.1030853  0.1297994876  0.004818373   3.903689e-03      0.0001449114         1  0.0984823770    0.001039392      3.026502e-03            3.194199e-05
132 2013-08-17 13:31:00    174 365.5 174.5 174.1220 4.212709e-05 20.71778 0.1030853  0.1297021988  0.004818373   3.900763e-03      0.0001449114         1  0.0993988948    0.001041767      3.054668e-03            3.201498e-05
133 2013-08-17 13:31:15    175 366.5 174.6 174.2198 4.212709e-05 20.81553 0.1030853  0.1339288571  0.004818394   4.027879e-03      0.0001449121         1  0.1004172479    0.001044502      3.085963e-03            3.209902e-05
134 2013-08-17 13:31:30    176 367.3 174.6 174.2175 4.212709e-05 20.81328 0.1030853  0.1338315683  0.004818393   4.024953e-03      0.0001449120         1  0.1012319303    0.001046762      3.111000e-03            3.216845e-05
135 2013-08-17 13:31:45    177 368.4 174.4 174.0153 4.212709e-05 20.61103 0.1030853  0.1250863852  0.004818350   3.761944e-03      0.0001449107         1  0.1023521187    0.001049972      3.145425e-03            3.226711e-05
136 2013-08-17 13:32:00    178 369.4 174.5 174.1130 4.212709e-05 20.70878 0.1030853  0.1293130435  0.004818371   3.889059e-03      0.0001449114         1  0.1033704718    0.001052994      3.176720e-03            3.235997e-05
137 2013-08-17 13:32:15    179 370.2 174.6 174.2107 4.212709e-05 20.80653 0.1030853  0.1335397019  0.004818392   4.016175e-03      0.0001449120         1  0.1041851543    0.001055481      3.201756e-03            3.243642e-05
138 2013-08-17 13:32:30    180 371.2 174.6 174.2085 4.212709e-05 20.80428 0.1030853  0.1334424130  0.004818391   4.013249e-03      0.0001449120         1  0.1052035074    0.001058677      3.233052e-03            3.253464e-05
139 2013-08-17 13:32:45    181 372.1 174.7 174.3063 4.212709e-05 20.90203 0.1030853  0.1376690714  0.004818413   4.140365e-03      0.0001449126         1  0.1061200252    0.001061636      3.261218e-03            3.262557e-05
140 2013-08-17 13:33:00    182 373.1 174.7 174.3040 4.212709e-05 20.89978 0.1030853  0.1375717825  0.004818412   4.137439e-03      0.0001449126         1  0.1071383783    0.001065014      3.292513e-03            3.272937e-05
141 2013-08-17 13:33:15    183 374.0 174.6 174.2018 4.212709e-05 20.79753 0.1030853  0.1331505466  0.004818390   4.004471e-03      0.0001449119         1  0.1080548961    0.001068134      3.320679e-03            3.282526e-05
142 2013-08-17 13:33:30    184 375.0 174.6 174.1995 4.212709e-05 20.79528 0.1030853  0.1330532578  0.004818389   4.001545e-03      0.0001449119         1  0.1090732492    0.001071690      3.351974e-03            3.293453e-05
143 2013-08-17 13:33:45    185 376.2 174.5 174.0973 4.212709e-05 20.69303 0.1030853  0.1286320219  0.004818367   3.868578e-03      0.0001449113         1  0.1102952729    0.001076078      3.389529e-03            3.306940e-05
144 2013-08-17 13:34:00    186 377.3 174.6 174.1950 4.212709e-05 20.79078 0.1030853  0.1328586802  0.004818389   3.995694e-03      0.0001449119         1  0.1114154613    0.001080217      3.423954e-03            3.319658e-05
145 2013-08-17 13:34:15    187 378.4 174.6 174.1927 4.212709e-05 20.78853 0.1030853  0.1327613914  0.004818388   3.992768e-03      0.0001449119         1  0.1125356497    0.001084464      3.458379e-03            3.332712e-05
146 2013-08-17 13:34:30    188 379.5 174.7 174.2905 4.212709e-05 20.88628 0.1030853  0.1369880497  0.004818409   4.119883e-03      0.0001449125         1  0.1136558381    0.001088820      3.492804e-03            3.346097e-05
147 2013-08-17 13:34:45    189 380.7 174.6 174.1883 4.212709e-05 20.78403 0.1030853  0.1325668138  0.004818387   3.986916e-03      0.0001449119         1  0.1148778618    0.001093693      3.530358e-03            3.361072e-05
148 2013-08-17 13:35:00    190 381.8 174.8 174.3860 4.212709e-05 20.98178 0.1030853  0.1411174192  0.004818430   4.244073e-03      0.0001449132         1  0.1159980503    0.001098270      3.564783e-03            3.375137e-05
149 2013-08-17 13:35:15    191 382.8 174.9 174.4838 4.212709e-05 21.07953 0.1030853  0.1453440775  0.004818452   4.371189e-03      0.0001449138         1  0.1170164034    0.001102521      3.596079e-03            3.388201e-05
150 2013-08-17 13:35:30    192 384.0 174.9 174.4815 4.212709e-05 21.07728 0.1030853  0.1452467887  0.004818451   4.368263e-03      0.0001449138         1  0.1182384271    0.001107734      3.633633e-03            3.404221e-05
151 2013-08-17 13:35:45    193 385.3 174.8 174.3793 4.212709e-05 20.97503 0.1030853  0.1408255528  0.004818429   4.235295e-03      0.0001449131         1  0.1195622861    0.001113517      3.674317e-03            3.421994e-05
152 2013-08-17 13:36:00    194 386.6 174.8 174.3770 4.212709e-05 20.97278 0.1030853  0.1407282639  0.004818428   4.232369e-03      0.0001449131         1  0.1208861451    0.001119439      3.715001e-03            3.440195e-05
153 2013-08-17 13:36:15    195 388.0 175.0 174.5747 4.212709e-05 21.17053 0.1030853  0.1492788694  0.004818472   4.489527e-03      0.0001449144         1  0.1223118395    0.001125971      3.758815e-03            3.460266e-05
154 2013-08-17 13:36:30    196 389.2 175.0 174.5725 4.212709e-05 21.16828 0.1030853  0.1491815806  0.004818471   4.486601e-03      0.0001449144         1  0.1235338632    0.001131693      3.796369e-03            3.477852e-05
155 2013-08-17 13:36:45    197 390.7 175.1 174.6703 4.212709e-05 21.26603 0.1030853  0.1534082389  0.004818493   4.613717e-03      0.0001449150         1  0.1250613928    0.001139005      3.843313e-03            3.500323e-05
156 2013-08-17 13:37:00    198 392.2 175.1 174.6680 4.212709e-05 21.26378 0.1030853  0.1533109501  0.004818492   4.610791e-03      0.0001449150         1  0.1265889225    0.001146490      3.890256e-03            3.523325e-05
157 2013-08-17 13:37:15    199 393.7 175.1 174.6658 4.212709e-05 21.26153 0.1030853  0.1532136613  0.004818492   4.607865e-03      0.0001449150         1  0.1281164521    0.001154145      3.937199e-03            3.546849e-05
158 2013-08-17 13:37:30    200 395.3 175.2 174.7635 4.212709e-05 21.35928 0.1030853  0.1574403196  0.004818514   4.734981e-03      0.0001449157         1  0.1297458171    0.001162493      3.987272e-03            3.572505e-05
159 2013-08-17 13:37:45    201 396.5 175.3 174.8613 4.212709e-05 21.45703 0.1030853  0.1616669779  0.004818535   4.862096e-03      0.0001449163         1  0.1309678408    0.001168876      4.024826e-03            3.592121e-05
160 2013-08-17 13:38:00    202 397.7 175.2 174.7590 4.212709e-05 21.35478 0.1030853  0.1572457419  0.004818513   4.729129e-03      0.0001449156         1  0.1321898645    0.001175362      4.062381e-03            3.612052e-05
161 2013-08-17 13:38:15    203 399.4 175.0 174.5567 4.212709e-05 21.15253 0.1030853  0.1485005589  0.004818468   4.466119e-03      0.0001449143         1  0.1339210648    0.001184722      4.115583e-03            3.640818e-05
162 2013-08-17 13:38:30    204 400.9 175.2 174.7545 4.212709e-05 21.35028 0.1030853  0.1570511643  0.004818512   4.723277e-03      0.0001449156         1  0.1354485944    0.001193145      4.162526e-03            3.666703e-05
163 2013-08-17 13:38:45    205 402.6 175.1 174.6523 4.212709e-05 21.24803 0.1030853  0.1526299284  0.004818489   4.590309e-03      0.0001449149         1  0.1371797947    0.001202874      4.215728e-03            3.696600e-05
164 2013-08-17 13:39:00    206 403.9 175.0 174.5500 4.212709e-05 21.14578 0.1030853  0.1482086925  0.004818466   4.457342e-03      0.0001449142         1  0.1385036537    0.001210441      4.256412e-03            3.719854e-05
165 2013-08-17 13:39:15    207 405.3 175.2 174.7477 4.212709e-05 21.34353 0.1030853  0.1567592979  0.004818510   4.714499e-03      0.0001449156         1  0.1399293481    0.001218711      4.300226e-03            3.745269e-05
166 2013-08-17 13:39:30    208 406.5 175.3 174.8455 4.212709e-05 21.44128 0.1030853  0.1609859562  0.004818532   4.841615e-03      0.0001449162         1  0.1411513718    0.001225897      4.337780e-03            3.767355e-05
167 2013-08-17 13:39:45    209 408.0 175.3 174.8433 4.212709e-05 21.43903 0.1030853  0.1608886674  0.004818531   4.838689e-03      0.0001449162         1  0.1426789014    0.001235006      4.384723e-03            3.795346e-05
168 2013-08-17 13:40:00    210 409.4 175.3 174.8410 4.212709e-05 21.43678 0.1030853  0.1607913786  0.004818531   4.835763e-03      0.0001449162         1  0.1441045958    0.001243629      4.428537e-03            3.821848e-05
169 2013-08-17 13:40:15    211 410.7 175.4 174.9387 4.212709e-05 21.53453 0.1030853  0.1650180369  0.004818553   4.962879e-03      0.0001449168         1  0.1454284548    0.001251741      4.469221e-03            3.846775e-05
170 2013-08-17 13:40:30    212 411.9 175.4 174.9365 4.212709e-05 21.53228 0.1030853  0.1649207481  0.004818552   4.959953e-03      0.0001449168         1  0.1466504785    0.001259315      4.506776e-03            3.870053e-05
171 2013-08-17 13:40:45    213 413.1 175.4 174.9343 4.212709e-05 21.53003 0.1030853  0.1648234593  0.004818552   4.957027e-03      0.0001449168         1  0.1478725022    0.001266972      4.544330e-03            3.893583e-05
172 2013-08-17 13:41:00    214 414.3 175.5 175.0320 4.212709e-05 21.62778 0.1030853  0.1690501176  0.004818574   5.084142e-03      0.0001449175         1  0.1490945259    0.001274709      4.581885e-03            3.917359e-05
173 2013-08-17 13:41:15    215 415.6 175.4 174.9298 4.212709e-05 21.52553 0.1030853  0.1646288816  0.004818551   4.951175e-03      0.0001449168         1  0.1504183850    0.001283180      4.622569e-03            3.943392e-05
174 2013-08-17 13:41:30    216 416.9 175.6 175.1275 4.212709e-05 21.72328 0.1030853  0.1731794871  0.004818595   5.208332e-03      0.0001449181         1  0.1517422440    0.001291742      4.663253e-03            3.969704e-05
175 2013-08-17 13:41:45    217 418.6 175.6 175.1252 4.212709e-05 21.72103 0.1030853  0.1730821983  0.004818595   5.205406e-03      0.0001449181         1  0.1534734443    0.001303072      4.716455e-03            4.004524e-05
176 2013-08-17 13:42:00    218 420.1 175.5 175.0230 4.212709e-05 21.61878 0.1030853  0.1686609623  0.004818572   5.072439e-03      0.0001449174         1  0.1550009739    0.001313193      4.763398e-03            4.035627e-05
177 2013-08-17 13:42:15    219 421.6 175.5 175.0208 4.212709e-05 21.61653 0.1030853  0.1685636735  0.004818571   5.069513e-03      0.0001449174         1  0.1565285036    0.001323427      4.810341e-03            4.067078e-05
178 2013-08-17 13:42:30    220 422.9 175.6 175.1185 4.212709e-05 21.71428 0.1030853  0.1727903318  0.004818593   5.196629e-03      0.0001449181         1  0.1578523626    0.001332386      4.851025e-03            4.094610e-05
179 2013-08-17 13:42:45    221 424.2 175.7 175.2163 4.212709e-05 21.81203 0.1030853  0.1770169901  0.004818616   5.323744e-03      0.0001449187         1  0.1591762216    0.001341426      4.891709e-03            4.122391e-05
180 2013-08-17 13:43:00    222 425.5 175.5 175.0140 4.212709e-05 21.60978 0.1030853  0.1682718071  0.004818570   5.060735e-03      0.0001449174         1  0.1605000806    0.001350546      4.932393e-03            4.150417e-05
181 2013-08-17 13:43:15    223 426.7 175.6 175.1118 4.212709e-05 21.70753 0.1030853  0.1724984654  0.004818592   5.187851e-03      0.0001449180         1  0.1617221044    0.001359033      4.969948e-03            4.176500e-05
182 2013-08-17 13:43:30    224 428.0 177.0 176.5095 4.212709e-05 23.10528 0.1030853  0.2329364363  0.004818919   7.005508e-03      0.0001449278         0  0.1630459634    0.001368301      5.010632e-03            4.204983e-05

$dryleafvolt
            timestamp record LWSmV  SEmV    CSEmV     CSEmV.sd   loadmV loadmV.sd
1 2013-08-17 12:57:00     38 264.4 171.1 171.0280 4.212709e-05 17.62378 0.1030853
2 2013-08-17 12:57:15     39 264.4 171.2 171.1257 4.212709e-05 17.72153 0.1030853
3 2013-08-17 12:57:30     40 264.4 171.2 171.1235 4.212709e-05 17.71928 0.1030853
4 2013-08-17 12:57:45     41 264.4 171.2 171.1213 4.212709e-05 17.71703 0.1030853
5 2013-08-17 12:58:00     42 264.4 171.2 171.1190 4.212709e-05 17.71478 0.1030853
6 2013-08-17 12:58:15     43 264.4 171.3 171.2168 4.212709e-05 17.81253 0.1030853

$runtime
Time difference of 45.25 mins

$startcalibvolt
             timestamp record LWSmV  SEmV    CSEmV     CSEmV.sd   loadmV loadmV.sd
1  2013-08-17 12:49:30      8 264.4 276.0 275.9955 4.212709e-05 122.5913 0.1030853
2  2013-08-17 12:49:45      9 264.4 276.1 276.0933 4.212709e-05 122.6890 0.1030853
3  2013-08-17 12:50:00     10 264.4 276.1 276.0910 4.212709e-05 122.6868 0.1030853
4  2013-08-17 12:50:15     11 264.4 276.1 276.0888 4.212709e-05 122.6845 0.1030853
5  2013-08-17 12:50:30     12 264.4 276.4 276.3865 4.212709e-05 122.9823 0.1030853
6  2013-08-17 12:50:45     13 264.4 276.3 276.2842 4.212709e-05 122.8800 0.1030853
7  2013-08-17 12:51:00     14 264.4 276.4 276.3820 4.212709e-05 122.9778 0.1030853
8  2013-08-17 12:51:15     15 264.4 276.4 276.3798 4.212709e-05 122.9755 0.1030853
9  2013-08-17 12:51:30     16 264.4 276.5 276.4775 4.212709e-05 123.0733 0.1030853
10 2013-08-17 12:51:45     17 264.4 276.6 276.5753 4.212709e-05 123.1710 0.1030853
11 2013-08-17 12:52:00     18 264.4 276.7 276.6730 4.212709e-05 123.2688 0.1030853
12 2013-08-17 12:52:15     19 264.4 276.7 276.6707 4.212709e-05 123.2665 0.1030853
13 2013-08-17 12:52:30     20 264.4 276.6 276.5685 4.212709e-05 123.1643 0.1030853
14 2013-08-17 12:52:45     21 264.4 276.8 276.7663 4.212709e-05 123.3620 0.1030853
15 2013-08-17 12:53:00     22 264.3 276.8 276.7640 4.212709e-05 123.3598 0.1030853
16 2013-08-17 12:53:15     23 264.3 276.8 276.7618 4.212709e-05 123.3575 0.1030853
17 2013-08-17 12:53:30     24 264.3 277.0 276.9595 4.212709e-05 123.5553 0.1030853
18 2013-08-17 12:53:45     25 264.4 276.9 276.8572 4.212709e-05 123.4530 0.1030853
19 2013-08-17 12:54:00     26 264.4 276.9 276.8550 4.212709e-05 123.4508 0.1030853
20 2013-08-17 12:54:15     27 264.3 277.1 277.0528 4.212709e-05 123.6485 0.1030853
21 2013-08-17 12:54:30     28 264.3 277.1 277.0505 4.212709e-05 123.6463 0.1030853
22 2013-08-17 12:54:45     29 264.4 277.2 277.1482 4.212709e-05 123.7440 0.1030853
23 2013-08-17 12:55:00     30 264.4 277.1 277.0460 4.212709e-05 123.6418 0.1030853
24 2013-08-17 12:55:15     31 264.3 277.1 277.0438 4.212709e-05 123.6395 0.1030853
25 2013-08-17 12:55:30     32 264.4 277.3 277.2415 4.212709e-05 123.8373 0.1030853
26 2013-08-17 12:55:45     33 264.2 277.3 277.2393 4.212709e-05 123.8350 0.1030853

$endcalibvolt
[1] NA

$lastLWSvolt
[1] 424

$maxLWSvolt
[1] 428.6

$species
[1] "coastliveoak"

$trial
[1] "4"

$replicate
[1] "1"

$isvertical
[1] FALSE

$conversionfactor
         avg       stdev
1 0.04323947 7.09159e-06

$LWSwatermass
        avg      stdev
1 0.1535163 0.00299019

$dryleafmass
        avg      stdev
1 0.7661237 0.00182404

$lwsmodel

Call:
lm(formula = LWSsurfacedensity ~ record, data = rd[rd$runfilter == 
    1, ])

Coefficients:
(Intercept)       record  
 -1.746e-03    2.837e-05  


$leafmodel

Call:
lm(formula = surfacedensity ~ record, data = rd[rd$runfilter == 
    1, ])

Coefficients:
(Intercept)       record  
 -1.525e-03    3.047e-05  


