$name
[1] "coastliveoak6"

$leafarea
[1] 33.58836

$startbasevolt
            timestamp record LWSmV  SEmV CSEmV CSEmV.sd     loadmV loadmV.sd
1 2013-08-17 15:47:00      3 265.7 150.4 150.4        0 -0.1180794 0.1191137
2 2013-08-17 15:47:15      4 265.7 150.4 150.4        0 -0.1180794 0.1191137
3 2013-08-17 15:47:30      5 265.7 150.8 150.8        0  0.2819206 0.1191137
4 2013-08-17 15:47:45      6 265.7 150.5 150.5        0 -0.0180794 0.1191137

$endbasevolt
            timestamp record LWSmV  SEmV    CSEmV     CSEmV.sd        loadmV loadmV.sd
1 2013-08-17 16:44:00    231 266.4 150.0 150.5190 5.919195e-05  0.0009656652 0.1191137
2 2013-08-17 16:44:15    232 266.0 149.9 150.4214 5.919195e-05 -0.0967274678 0.1191137
3 2013-08-17 16:44:30    233 265.8 150.0 150.5237 5.919195e-05  0.0055793991 0.1191137
4 2013-08-17 16:44:45    234 265.7 150.0 150.5260 5.919195e-05  0.0078862661 0.1191137
5 2013-08-17 16:45:00    235 265.7 150.1 150.6283 5.919195e-05  0.1101931330 0.1191137
6 2013-08-17 16:45:15    236 265.7 150.1 150.6306 5.919195e-05  0.1125000000 0.1191137
7 2013-08-17 16:45:30    237 265.7 149.9 150.4329 5.919195e-05 -0.0851931330 0.1191137
8 2013-08-17 16:45:45    238 265.7 149.9 150.4352 5.919195e-05 -0.0828862661 0.1191137

$dryragvolt
            timestamp record LWSmV  SEmV    CSEmV     CSEmV.sd   loadmV loadmV.sd
1 2013-08-17 16:37:00    203 389.3 204.9 205.3545 5.919195e-05 54.83637 0.1191137
2 2013-08-17 16:37:15    204 388.6 204.8 205.2568 5.919195e-05 54.73868 0.1191137
3 2013-08-17 16:37:30    205 387.8 204.8 205.2591 5.919195e-05 54.74099 0.1191137
4 2013-08-17 16:37:45    206 387.2 204.7 205.1614 5.919195e-05 54.64329 0.1191137
5 2013-08-17 16:38:00    207 386.5 204.7 205.1637 5.919195e-05 54.64560 0.1191137

$wetragvolt
            timestamp record LWSmV  SEmV    CSEmV     CSEmV.sd   loadmV loadmV.sd
1 2013-08-17 16:39:00    211 267.1 208.0 208.4729 5.919195e-05 57.95483 0.1191137
2 2013-08-17 16:39:15    212 266.8 208.0 208.4752 5.919195e-05 57.95714 0.1191137
3 2013-08-17 16:39:30    213 266.5 208.1 208.5775 5.919195e-05 58.05944 0.1191137
4 2013-08-17 16:39:45    214 266.5 207.8 208.2798 5.919195e-05 57.76175 0.1191137
5 2013-08-17 16:40:00    215 266.4 207.9 208.3821 5.919195e-05 57.86406 0.1191137
6 2013-08-17 16:40:15    216 266.4 207.7 208.1844 5.919195e-05 57.66636 0.1191137

$rundata
              timestamp record LWSmV  SEmV    CSEmV     CSEmV.sd   loadmV loadmV.sd    watermass watermass.sd surfacedensity surfacedensity.sd runfilter      LWSwater LWSwater.stdev LWSsurfacedensity LWSsurfacedensity.stdev
1   2013-08-17 15:51:15     20 265.7 167.0 167.0323 5.919195e-05 16.51422 0.1191137 -0.007615209  0.005694218  -2.267216e-04      0.0001695295         0 -0.0022327444    0.001281556     -6.861538e-05            3.938403e-05
2   2013-08-17 15:51:30     21 265.8 167.0 167.0346 5.919195e-05 16.51652 0.1191137 -0.007515045  0.005694222  -2.237395e-04      0.0001695296         0 -0.0021309091    0.001280903     -6.548584e-05            3.936394e-05
3   2013-08-17 15:51:45     22 266.4 167.0 167.0369 5.919195e-05 16.51883 0.1191137 -0.007414882  0.005694226  -2.207575e-04      0.0001695297         0 -0.0015198973    0.001276993     -4.670858e-05            3.924379e-05
4   2013-08-17 15:52:00     23 266.4 167.1 167.1392 5.919195e-05 16.62114 0.1191137 -0.002972755  0.005694402  -8.850549e-05      0.0001695350         0 -0.0015198973    0.001276993     -4.670858e-05            3.924379e-05
5   2013-08-17 15:52:15     24 266.9 167.2 167.2415 5.919195e-05 16.72344 0.1191137  0.001469373  0.005694580   4.374648e-05      0.0001695402         0 -0.0010107207    0.001273750     -3.106087e-05            3.914413e-05
6   2013-08-17 15:52:30     25 267.1 167.1 167.1438 5.919195e-05 16.62575 0.1191137 -0.002772428  0.005694410  -8.254132e-05      0.0001695352         0 -0.0008070501    0.001272456     -2.480179e-05            3.910438e-05
7   2013-08-17 15:52:45     26 267.7 167.2 167.2461 5.919195e-05 16.72806 0.1191137  0.001669699  0.005694588   4.971065e-05      0.0001695405         0 -0.0001960382    0.001268590     -6.024531e-06            3.898554e-05
8   2013-08-17 15:53:00     27 268.0 167.2 167.2484 5.919195e-05 16.73036 0.1191137  0.001769863  0.005694592   5.269274e-05      0.0001695406         0  0.0001094677    0.001266664      3.364097e-06            3.892635e-05
9   2013-08-17 15:53:15     28 268.4 167.0 167.0508 5.919195e-05 16.53267 0.1191137 -0.006813902  0.005694250  -2.028650e-04      0.0001695304         0  0.0005168089    0.001264103      1.588227e-05            3.884768e-05
10  2013-08-17 15:53:30     29 269.0 167.2 167.2531 5.919195e-05 16.73498 0.1191137  0.001970189  0.005694600   5.865690e-05      0.0001695408         0  0.0011278208    0.001260280      3.465952e-05            3.873018e-05
11  2013-08-17 15:53:45     30 269.4 167.4 167.4554 5.919195e-05 16.93729 0.1191137  0.010754281  0.005694954   3.201788e-04      0.0001695514         0  0.0015351620    0.001257743      4.717769e-05            3.865220e-05
12  2013-08-17 15:54:00     31 269.9 167.4 167.4577 5.919195e-05 16.93959 0.1191137  0.010854444  0.005694958   3.231608e-04      0.0001695515         0  0.0020443386    0.001254584      6.282540e-05            3.855512e-05
13  2013-08-17 15:54:15     32 270.5 167.4 167.4600 5.919195e-05 16.94190 0.1191137  0.010954608  0.005694962   3.261429e-04      0.0001695516         0  0.0026553504    0.001250812      8.160266e-05            3.843921e-05
14  2013-08-17 15:54:30     33 271.1 167.5 167.5623 5.919195e-05 17.04421 0.1191137  0.015396735  0.005695142   4.583949e-04      0.0001695570         0  0.0032663623    0.001247061      1.003799e-04            3.832394e-05
15  2013-08-17 15:54:45     34 271.6 167.4 167.4646 5.919195e-05 16.94651 0.1191137  0.011154934  0.005694970   3.321071e-04      0.0001695519         0  0.0037755389    0.001243951      1.160276e-04            3.822838e-05
16  2013-08-17 15:55:00     35 272.2 167.5 167.5669 5.919195e-05 17.04882 0.1191137  0.015597062  0.005695150   4.643591e-04      0.0001695572         0  0.0043865507    0.001240239      1.348049e-04            3.811430e-05
17  2013-08-17 15:55:15     36 272.7 167.5 167.5692 5.919195e-05 17.05113 0.1191137  0.015697225  0.005695155   4.673412e-04      0.0001695574         0  0.0048957273    0.001237162      1.504526e-04            3.801974e-05
18  2013-08-17 15:55:30     37 273.3 167.7 167.7715 5.919195e-05 17.25343 0.1191137  0.024481316  0.005695515   7.288630e-04      0.0001695681         0  0.0055067391    0.001233490      1.692298e-04            3.790688e-05
19  2013-08-17 15:55:45     38 274.0 167.7 167.7738 5.919195e-05 17.25574 0.1191137  0.024581480  0.005695519   7.318451e-04      0.0001695682         1  0.0062195863    0.001229233      1.911366e-04            3.777606e-05
20  2013-08-17 15:56:00     39 274.6 167.6 167.6761 5.919195e-05 17.15805 0.1191137  0.020339679  0.005695345   6.055573e-04      0.0001695630         1  0.0068305982    0.001225608      2.099139e-04            3.766465e-05
21  2013-08-17 15:56:15     40 275.2 167.6 167.6784 5.919195e-05 17.16035 0.1191137  0.020439842  0.005695349   6.085394e-04      0.0001695631         1  0.0074416100    0.001222005      2.286911e-04            3.755393e-05
22  2013-08-17 15:56:30     41 275.8 167.6 167.6807 5.919195e-05 17.16266 0.1191137  0.020540006  0.005695353   6.115215e-04      0.0001695633         1  0.0080526219    0.001218425      2.474684e-04            3.744391e-05
23  2013-08-17 15:56:45     42 276.4 167.6 167.6830 5.919195e-05 17.16497 0.1191137  0.020640169  0.005695357   6.145035e-04      0.0001695634         1  0.0086636337    0.001214867      2.662457e-04            3.733457e-05
24  2013-08-17 15:57:00     43 277.0 167.6 167.6854 5.919195e-05 17.16727 0.1191137  0.020740332  0.005695361   6.174856e-04      0.0001695635         1  0.0092746456    0.001211332      2.850229e-04            3.722594e-05
25  2013-08-17 15:57:15     44 277.6 167.5 167.5877 5.919195e-05 17.06958 0.1191137  0.016498532  0.005695187   4.911978e-04      0.0001695583         1  0.0098856574    0.001207820      3.038002e-04            3.711801e-05
26  2013-08-17 15:57:30     45 278.2 167.7 167.7900 5.919195e-05 17.27189 0.1191137  0.025282623  0.005695548   7.527197e-04      0.0001695691         1  0.0104966693    0.001204332      3.225774e-04            3.701080e-05
27  2013-08-17 15:57:45     46 278.8 167.7 167.7923 5.919195e-05 17.27420 0.1191137  0.025382786  0.005695552   7.557018e-04      0.0001695692         1  0.0111076812    0.001200866      3.413547e-04            3.690431e-05
28  2013-08-17 15:58:00     47 279.4 167.8 167.8946 5.919195e-05 17.37650 0.1191137  0.029824914  0.005695736   8.879537e-04      0.0001695747         1  0.0117186930    0.001197425      3.601319e-04            3.679855e-05
29  2013-08-17 15:58:15     48 280.0 167.7 167.7969 5.919195e-05 17.27881 0.1191137  0.025583113  0.005695561   7.616659e-04      0.0001695695         1  0.0123297049    0.001194007      3.789092e-04            3.669352e-05
30  2013-08-17 15:58:30     49 280.7 167.8 167.8992 5.919195e-05 17.38112 0.1191137  0.030025240  0.005695745   8.939179e-04      0.0001695749         1  0.0130425520    0.001190050      4.008160e-04            3.657191e-05
31  2013-08-17 15:58:45     50 281.3 167.8 167.9015 5.919195e-05 17.38342 0.1191137  0.030125404  0.005695749   8.969000e-04      0.0001695751         1  0.0136535639    0.001186685      4.195932e-04            3.646849e-05
32  2013-08-17 15:59:00     51 281.9 167.8 167.9038 5.919195e-05 17.38573 0.1191137  0.030225567  0.005695753   8.998821e-04      0.0001695752         1  0.0142645758    0.001183344      4.383705e-04            3.636582e-05
33  2013-08-17 15:59:15     52 282.6 167.8 167.9061 5.919195e-05 17.38804 0.1191137  0.030325730  0.005695757   9.028642e-04      0.0001695753         1  0.0149774229    0.001179477      4.602773e-04            3.624700e-05
34  2013-08-17 15:59:30     53 283.2 168.0 168.1084 5.919195e-05 17.59034 0.1191137  0.039109822  0.005696125   1.164386e-03      0.0001695863         1  0.0155884348    0.001176190      4.790545e-04            3.614598e-05
35  2013-08-17 15:59:45     54 283.8 167.9 168.0107 5.919195e-05 17.49265 0.1191137  0.034868021  0.005695947   1.038098e-03      0.0001695810         1  0.0161994467    0.001172928      4.978318e-04            3.604574e-05
36  2013-08-17 16:00:00     55 284.4 167.9 168.0130 5.919195e-05 17.49496 0.1191137  0.034968184  0.005695951   1.041080e-03      0.0001695811         1  0.0168104585    0.001169692      5.166091e-04            3.594627e-05
37  2013-08-17 16:00:15     56 285.0 167.9 168.0153 5.919195e-05 17.49726 0.1191137  0.035068348  0.005695955   1.044062e-03      0.0001695812         1  0.0174214704    0.001166481      5.353863e-04            3.584760e-05
38  2013-08-17 16:00:30     57 285.6 168.0 168.1177 5.919195e-05 17.59957 0.1191137  0.039510475  0.005696142   1.176314e-03      0.0001695868         1  0.0180324822    0.001163296      5.541636e-04            3.574971e-05
39  2013-08-17 16:00:45     58 286.3 167.8 167.9200 5.919195e-05 17.40188 0.1191137  0.030926710  0.005695782   9.207567e-04      0.0001695761         1  0.0187453294    0.001159612      5.760704e-04            3.563652e-05
40  2013-08-17 16:01:00     59 286.8 167.8 167.9223 5.919195e-05 17.40418 0.1191137  0.031026874  0.005695786   9.237388e-04      0.0001695762         1  0.0192545059    0.001157003      5.917181e-04            3.555634e-05
41  2013-08-17 16:01:15     60 287.5 168.0 168.1246 5.919195e-05 17.60649 0.1191137  0.039810965  0.005696154   1.185261e-03      0.0001695871         1  0.0199673531    0.001153382      6.136249e-04            3.544504e-05
42  2013-08-17 16:01:30     61 288.1 167.9 168.0269 5.919195e-05 17.50880 0.1191137  0.035569164  0.005695976   1.058973e-03      0.0001695818         1  0.0205783650    0.001150306      6.324021e-04            3.535053e-05
43  2013-08-17 16:01:45     62 288.7 168.0 168.1292 5.919195e-05 17.61111 0.1191137  0.040011292  0.005696163   1.191225e-03      0.0001695874         1  0.0211893768    0.001147258      6.511794e-04            3.525684e-05
44  2013-08-17 16:02:00     63 289.3 168.1 168.2315 5.919195e-05 17.71341 0.1191137  0.044453419  0.005696350   1.323477e-03      0.0001695930         1  0.0218003887    0.001144236      6.699566e-04            3.516399e-05
45  2013-08-17 16:02:15     64 289.8 168.0 168.1338 5.919195e-05 17.61572 0.1191137  0.040211618  0.005696171   1.197189e-03      0.0001695876         1  0.0223095652    0.001141739      6.856043e-04            3.508725e-05
46  2013-08-17 16:02:30     65 290.4 168.0 168.1361 5.919195e-05 17.61803 0.1191137  0.040311782  0.005696175   1.200171e-03      0.0001695878         1  0.0229205771    0.001138768      7.043816e-04            3.499594e-05
47  2013-08-17 16:02:45     66 291.0 167.8 167.9384 5.919195e-05 17.42033 0.1191137  0.031728017  0.005695816   9.446133e-04      0.0001695770         1  0.0235315890    0.001135825      7.231588e-04            3.490549e-05
48  2013-08-17 16:03:00     67 291.6 168.0 168.1407 5.919195e-05 17.62264 0.1191137  0.040512108  0.005696184   1.206135e-03      0.0001695880         1  0.0241426008    0.001132909      7.419361e-04            3.481589e-05
49  2013-08-17 16:03:15     68 292.2 168.1 168.2430 5.919195e-05 17.72495 0.1191137  0.044954236  0.005696372   1.338387e-03      0.0001695936         1  0.0247536127    0.001130022      7.607134e-04            3.472716e-05
50  2013-08-17 16:03:30     69 292.8 168.1 168.2453 5.919195e-05 17.72725 0.1191137  0.045054399  0.005696376   1.341369e-03      0.0001695937         1  0.0253646245    0.001127163      7.794906e-04            3.463929e-05
51  2013-08-17 16:03:45     70 293.4 168.1 168.2476 5.919195e-05 17.72956 0.1191137  0.045154562  0.005696380   1.344351e-03      0.0001695939         1  0.0259756364    0.001124332      7.982679e-04            3.455231e-05
52  2013-08-17 16:04:00     71 294.0 168.2 168.3499 5.919195e-05 17.83187 0.1191137  0.049596690  0.005696569   1.476603e-03      0.0001695995         1  0.0265866483    0.001121531      8.170451e-04            3.446621e-05
53  2013-08-17 16:04:15     72 294.6 168.2 168.3523 5.919195e-05 17.83417 0.1191137  0.049696853  0.005696573   1.479585e-03      0.0001695996         1  0.0271976601    0.001118758      8.358224e-04            3.438101e-05
54  2013-08-17 16:04:30     73 295.2 168.2 168.3546 5.919195e-05 17.83648 0.1191137  0.049797016  0.005696578   1.482567e-03      0.0001695997         1  0.0278086720    0.001116015      8.545996e-04            3.429670e-05
55  2013-08-17 16:04:45     74 295.8 168.4 168.5569 5.919195e-05 18.03879 0.1191137  0.058581108  0.005696955   1.744089e-03      0.0001696110         1  0.0284196838    0.001113301      8.733769e-04            3.421330e-05
56  2013-08-17 16:05:00     75 296.4 168.1 168.2592 5.919195e-05 17.74109 0.1191137  0.045655379  0.005696401   1.359262e-03      0.0001695945         1  0.0290306957    0.001110616      8.921541e-04            3.413080e-05
57  2013-08-17 16:05:15     76 297.1 168.4 168.5615 5.919195e-05 18.04340 0.1191137  0.058781435  0.005696963   1.750054e-03      0.0001696112         1  0.0297435429    0.001107523      9.140609e-04            3.403573e-05
58  2013-08-17 16:05:30     77 297.7 168.3 168.4638 5.919195e-05 17.94571 0.1191137  0.054539634  0.005696781   1.623766e-03      0.0001696058         1  0.0303545547    0.001104903      9.328382e-04            3.395523e-05
59  2013-08-17 16:05:45     78 298.3 168.1 168.2661 5.919195e-05 17.74802 0.1191137  0.045955869  0.005696414   1.368208e-03      0.0001695949         1  0.0309655666    0.001102314      9.516154e-04            3.387567e-05
60  2013-08-17 16:06:00     79 299.0 168.2 168.3684 5.919195e-05 17.85032 0.1191137  0.050397996  0.005696603   1.500460e-03      0.0001696005         1  0.0316784137    0.001099333      9.735222e-04            3.378404e-05
61  2013-08-17 16:06:15     80 299.6 168.3 168.4707 5.919195e-05 17.95263 0.1191137  0.054840124  0.005696794   1.632712e-03      0.0001696062         1  0.0322894256    0.001096810      9.922995e-04            3.370652e-05
62  2013-08-17 16:06:30     81 300.2 168.2 168.3730 5.919195e-05 17.85494 0.1191137  0.050598323  0.005696612   1.506424e-03      0.0001696008         1  0.0329004375    0.001094319      1.011077e-03            3.362996e-05
63  2013-08-17 16:06:45     82 300.8 168.2 168.3753 5.919195e-05 17.85724 0.1191137  0.050698486  0.005696616   1.509406e-03      0.0001696009         1  0.0335114493    0.001091859      1.029854e-03            3.355435e-05
64  2013-08-17 16:07:00     83 301.5 168.1 168.2776 5.919195e-05 17.75955 0.1191137  0.046456686  0.005696435   1.383118e-03      0.0001695955         1  0.0342242965    0.001089028      1.051761e-03            3.346737e-05
65  2013-08-17 16:07:15     84 302.1 168.3 168.4799 5.919195e-05 17.96186 0.1191137  0.055240777  0.005696811   1.644640e-03      0.0001696067         1  0.0348353083    0.001086636      1.070538e-03            3.339387e-05
66  2013-08-17 16:07:30     85 302.8 168.5 168.6822 5.919195e-05 18.16416 0.1191137  0.064024869  0.005697190   1.906162e-03      0.0001696180         1  0.0355481555    0.001083886      1.092445e-03            3.330935e-05
67  2013-08-17 16:07:45     86 303.3 168.4 168.5845 5.919195e-05 18.06647 0.1191137  0.059783068  0.005697006   1.779874e-03      0.0001696125         1  0.0360573321    0.001081949      1.108093e-03            3.324981e-05
68  2013-08-17 16:08:00     87 303.9 168.4 168.5869 5.919195e-05 18.06878 0.1191137  0.059883231  0.005697011   1.782856e-03      0.0001696126         1  0.0366683439    0.001079653      1.126870e-03            3.317927e-05
69  2013-08-17 16:08:15     88 304.6 168.4 168.5892 5.919195e-05 18.07108 0.1191137  0.059983395  0.005697015   1.785839e-03      0.0001696128         1  0.0373811911    0.001077017      1.148777e-03            3.309823e-05
70  2013-08-17 16:08:30     89 305.2 168.4 168.5915 5.919195e-05 18.07339 0.1191137  0.060083558  0.005697019   1.788821e-03      0.0001696129         1  0.0379922029    0.001074792      1.167554e-03            3.302987e-05
71  2013-08-17 16:08:45     90 305.9 168.6 168.7938 5.919195e-05 18.27570 0.1191137  0.068867649  0.005697401   2.050342e-03      0.0001696243         1  0.0387050501    0.001072238      1.189461e-03            3.295138e-05
72  2013-08-17 16:09:00     91 306.6 168.5 168.6961 5.919195e-05 18.17800 0.1191137  0.064625849  0.005697216   1.924055e-03      0.0001696188         1  0.0394178973    0.001069729      1.211367e-03            3.287429e-05
73  2013-08-17 16:09:15     92 307.2 168.6 168.7984 5.919195e-05 18.28031 0.1191137  0.069067976  0.005697410   2.056307e-03      0.0001696245         1  0.0400289091    0.001067615      1.230145e-03            3.280933e-05
74  2013-08-17 16:09:30     93 308.1 168.6 168.8007 5.919195e-05 18.28262 0.1191137  0.069168139  0.005697414   2.059289e-03      0.0001696246         1  0.0409454269    0.001064508      1.258311e-03            3.271382e-05
75  2013-08-17 16:09:45     94 308.5 168.7 168.9030 5.919195e-05 18.38492 0.1191137  0.073610267  0.005697609   2.191541e-03      0.0001696304         1  0.0413527682    0.001063151      1.270829e-03            3.267212e-05
76  2013-08-17 16:10:00     95 309.1 168.6 168.8053 5.919195e-05 18.28723 0.1191137  0.069368466  0.005697423   2.065253e-03      0.0001696249         1  0.0419637800    0.001061144      1.289606e-03            3.261045e-05
77  2013-08-17 16:10:15     96 309.9 168.7 168.9076 5.919195e-05 18.38954 0.1191137  0.073810593  0.005697618   2.197505e-03      0.0001696307         1  0.0427784625    0.001058522      1.314642e-03            3.252986e-05
78  2013-08-17 16:10:30     97 310.5 168.7 168.9099 5.919195e-05 18.39185 0.1191137  0.073910757  0.005697622   2.200487e-03      0.0001696308         1  0.0433894744    0.001056595      1.333420e-03            3.247065e-05
79  2013-08-17 16:10:45     98 311.2 168.7 168.9122 5.919195e-05 18.39415 0.1191137  0.074010920  0.005697627   2.203469e-03      0.0001696310         1  0.0441023215    0.001054391      1.355326e-03            3.240292e-05
80  2013-08-17 16:11:00     99 311.8 168.6 168.8145 5.919195e-05 18.29646 0.1191137  0.069769119  0.005697441   2.077181e-03      0.0001696254         1  0.0447133334    0.001052540      1.374104e-03            3.234603e-05
81  2013-08-17 16:11:15    100 312.5 168.8 169.0168 5.919195e-05 18.49877 0.1191137  0.078553211  0.005697827   2.338703e-03      0.0001696369         1  0.0454261806    0.001050425      1.396010e-03            3.228103e-05
82  2013-08-17 16:11:30    101 313.0 168.6 168.8192 5.919195e-05 18.30107 0.1191137  0.069969446  0.005697449   2.083145e-03      0.0001696257         1  0.0459353571    0.001048943      1.411658e-03            3.223550e-05
83  2013-08-17 16:11:45    102 313.7 168.8 169.0215 5.919195e-05 18.50338 0.1191137  0.078753537  0.005697836   2.344667e-03      0.0001696372         1  0.0466482043    0.001046910      1.433565e-03            3.217303e-05
84  2013-08-17 16:12:00    103 314.4 168.9 169.1238 5.919195e-05 18.60569 0.1191137  0.083195665  0.005698033   2.476919e-03      0.0001696431         1  0.0473610515    0.001044926      1.455472e-03            3.211205e-05
85  2013-08-17 16:12:15    104 315.1 168.9 169.1261 5.919195e-05 18.60799 0.1191137  0.083295828  0.005698038   2.479901e-03      0.0001696432         1  0.0480738986    0.001042991      1.477379e-03            3.205258e-05
86  2013-08-17 16:12:30    105 315.7 168.9 169.1284 5.919195e-05 18.61030 0.1191137  0.083395991  0.005698042   2.482883e-03      0.0001696433         1  0.0486849105    0.001041371      1.496156e-03            3.200280e-05
87  2013-08-17 16:12:45    106 316.5 168.9 169.1307 5.919195e-05 18.61261 0.1191137  0.083496155  0.005698047   2.485865e-03      0.0001696435         1  0.0494995930    0.001039268      1.521192e-03            3.193816e-05
88  2013-08-17 16:13:00    107 317.2 168.8 169.0330 5.919195e-05 18.51491 0.1191137  0.079254354  0.005697858   2.359578e-03      0.0001696379         1  0.0502124401    0.001037481      1.543099e-03            3.188324e-05
89  2013-08-17 16:13:15    108 317.8 168.9 169.1353 5.919195e-05 18.61722 0.1191137  0.083696481  0.005698056   2.491830e-03      0.0001696437         1  0.0508234520    0.001035988      1.561876e-03            3.183738e-05
90  2013-08-17 16:13:30    109 318.4 169.0 169.2376 5.919195e-05 18.71953 0.1191137  0.088138609  0.005698254   2.624082e-03      0.0001696496         1  0.0514344638    0.001034533      1.580653e-03            3.179266e-05
91  2013-08-17 16:13:45    110 319.0 169.0 169.2399 5.919195e-05 18.72183 0.1191137  0.088238772  0.005698258   2.627064e-03      0.0001696498         1  0.0520454757    0.001033115      1.599431e-03            3.174907e-05
92  2013-08-17 16:14:00    111 319.5 169.0 169.2422 5.919195e-05 18.72414 0.1191137  0.088338935  0.005698263   2.630046e-03      0.0001696499         1  0.0525546523    0.001031961      1.615078e-03            3.171361e-05
93  2013-08-17 16:14:15    112 320.1 169.1 169.3445 5.919195e-05 18.82645 0.1191137  0.092781063  0.005698462   2.762298e-03      0.0001696558         1  0.0531656641    0.001030611      1.633856e-03            3.167212e-05
94  2013-08-17 16:14:30    113 320.8 169.1 169.3468 5.919195e-05 18.82876 0.1191137  0.092881226  0.005698467   2.765280e-03      0.0001696560         1  0.0538785113    0.001029083      1.655762e-03            3.162516e-05
95  2013-08-17 16:14:45    114 321.3 168.9 169.1491 5.919195e-05 18.63106 0.1191137  0.084297461  0.005698082   2.509722e-03      0.0001696445         1  0.0543876878    0.001028023      1.671410e-03            3.159258e-05
96  2013-08-17 16:15:00    115 321.9 168.9 169.1514 5.919195e-05 18.63337 0.1191137  0.084397625  0.005698087   2.512704e-03      0.0001696447         1  0.0549986997    0.001026785      1.690187e-03            3.155455e-05
97  2013-08-17 16:15:15    116 322.5 169.1 169.3538 5.919195e-05 18.83568 0.1191137  0.093181716  0.005698480   2.774226e-03      0.0001696564         1  0.0556097115    0.001025585      1.708965e-03            3.151767e-05
98  2013-08-17 16:15:30    117 323.2 169.0 169.2561 5.919195e-05 18.73798 0.1191137  0.088939915  0.005698290   2.647938e-03      0.0001696507         1  0.0563225587    0.001024233      1.730872e-03            3.147613e-05
99  2013-08-17 16:15:45    118 323.8 169.1 169.3584 5.919195e-05 18.84029 0.1191137  0.093382043  0.005698489   2.780190e-03      0.0001696566         1  0.0569335706    0.001023116      1.749649e-03            3.144179e-05
100 2013-08-17 16:16:00    119 324.5 169.1 169.3607 5.919195e-05 18.84260 0.1191137  0.093482206  0.005698494   2.783172e-03      0.0001696568         1  0.0576464177    0.001021860      1.771556e-03            3.140321e-05
101 2013-08-17 16:16:15    120 325.1 169.2 169.4630 5.919195e-05 18.94490 0.1191137  0.097924333  0.005698695   2.915424e-03      0.0001696628         1  0.0582574296    0.001020826      1.790333e-03            3.137142e-05
102 2013-08-17 16:16:30    121 325.7 169.2 169.4653 5.919195e-05 18.94721 0.1191137  0.098024497  0.005698699   2.918406e-03      0.0001696629         1  0.0588684415    0.001019830      1.809110e-03            3.134081e-05
103 2013-08-17 16:16:45    122 326.3 169.3 169.5676 5.919195e-05 19.04952 0.1191137  0.102466624  0.005698901   3.050658e-03      0.0001696689         1  0.0594794533    0.001018873      1.827887e-03            3.131139e-05
104 2013-08-17 16:17:00    123 327.0 169.2 169.4699 5.919195e-05 18.95182 0.1191137  0.098224823  0.005698708   2.924371e-03      0.0001696632         1  0.0601923005    0.001017804      1.849794e-03            3.127856e-05
105 2013-08-17 16:17:15    124 327.7 169.2 169.4722 5.919195e-05 18.95413 0.1191137  0.098324987  0.005698713   2.927353e-03      0.0001696633         1  0.0609051477    0.001016789      1.871701e-03            3.124736e-05
106 2013-08-17 16:17:30    125 328.3 169.1 169.3745 5.919195e-05 18.85644 0.1191137  0.094083186  0.005698521   2.801065e-03      0.0001696576         1  0.0615161595    0.001015961      1.890478e-03            3.122192e-05
107 2013-08-17 16:17:45    126 328.9 169.3 169.5768 5.919195e-05 19.05874 0.1191137  0.102867278  0.005698919   3.062587e-03      0.0001696694         1  0.0621271714    0.001015172      1.909255e-03            3.119767e-05
108 2013-08-17 16:18:00    127 329.7 169.1 169.3791 5.919195e-05 18.86105 0.1191137  0.094283513  0.005698530   2.807029e-03      0.0001696579         1  0.0629418539    0.001014181      1.934292e-03            3.116722e-05
109 2013-08-17 16:18:15    128 330.3 169.1 169.3814 5.919195e-05 18.86336 0.1191137  0.094383676  0.005698534   2.810011e-03      0.0001696580         1  0.0635528657    0.001013484      1.953069e-03            3.114578e-05
110 2013-08-17 16:18:30    129 330.8 169.2 169.4837 5.919195e-05 18.96567 0.1191137  0.098825803  0.005698735   2.942263e-03      0.0001696640         1  0.0640620423    0.001012932      1.968717e-03            3.112884e-05
111 2013-08-17 16:18:45    130 331.4 169.3 169.5861 5.919195e-05 19.06797 0.1191137  0.103267931  0.005698937   3.074515e-03      0.0001696700         1  0.0646730541    0.001012307      1.987494e-03            3.110962e-05
112 2013-08-17 16:19:00    131 332.1 169.2 169.4884 5.919195e-05 18.97028 0.1191137  0.099026130  0.005698744   2.948227e-03      0.0001696642         1  0.0653859013    0.001011627      2.009401e-03            3.108873e-05
113 2013-08-17 16:19:15    132 332.9 169.2 169.4907 5.919195e-05 18.97259 0.1191137  0.099126293  0.005698749   2.951209e-03      0.0001696644         1  0.0662005838    0.001010916      2.034437e-03            3.106688e-05
114 2013-08-17 16:19:30    133 333.6 169.4 169.6930 5.919195e-05 19.17489 0.1191137  0.107910385  0.005699150   3.212731e-03      0.0001696763         1  0.0669134309    0.001010352      2.056344e-03            3.104954e-05
115 2013-08-17 16:19:45    134 334.3 169.5 169.7953 5.919195e-05 19.27720 0.1191137  0.112352512  0.005699354   3.344983e-03      0.0001696824         1  0.0676262781    0.001009842      2.078251e-03            3.103386e-05
116 2013-08-17 16:20:00    135 335.1 169.5 169.7976 5.919195e-05 19.27951 0.1191137  0.112452676  0.005699358   3.347965e-03      0.0001696825         1  0.0684409606    0.001009325      2.103287e-03            3.101797e-05
117 2013-08-17 16:20:15    136 335.8 169.4 169.6999 5.919195e-05 19.18181 0.1191137  0.108210875  0.005699163   3.221677e-03      0.0001696767         1  0.0691538077    0.001008930      2.125194e-03            3.100585e-05
118 2013-08-17 16:20:30    137 336.5 169.5 169.8022 5.919195e-05 19.28412 0.1191137  0.112653002  0.005699368   3.353929e-03      0.0001696828         1  0.0698666549    0.001008590      2.147101e-03            3.099540e-05
119 2013-08-17 16:20:45    138 337.2 169.6 169.9045 5.919195e-05 19.38643 0.1191137  0.117095130  0.005699573   3.486181e-03      0.0001696889         1  0.0705795021    0.001008305      2.169007e-03            3.098662e-05
120 2013-08-17 16:21:00    139 338.0 169.7 170.0068 5.919195e-05 19.48873 0.1191137  0.121537257  0.005699780   3.618433e-03      0.0001696951         1  0.0713941846    0.001008045      2.194044e-03            3.097863e-05
121 2013-08-17 16:21:15    140 338.7 169.7 170.0091 5.919195e-05 19.49104 0.1191137  0.121637420  0.005699784   3.621415e-03      0.0001696952         1  0.0721070317    0.001007875      2.215951e-03            3.097343e-05
122 2013-08-17 16:21:30    141 339.5 169.7 170.0114 5.919195e-05 19.49335 0.1191137  0.121737584  0.005699789   3.624398e-03      0.0001696953         1  0.0729217142    0.001007749      2.240987e-03            3.096954e-05
123 2013-08-17 16:21:45    142 340.2 169.6 169.9137 5.919195e-05 19.39565 0.1191137  0.117495783  0.005699592   3.498110e-03      0.0001696895         1  0.0736345614    0.001007696      2.262894e-03            3.096792e-05
124 2013-08-17 16:22:00    143 341.2 169.7 170.0160 5.919195e-05 19.49796 0.1191137  0.121937910  0.005699798   3.630362e-03      0.0001696956         1  0.0746529145    0.001007716      2.294189e-03            3.096852e-05
125 2013-08-17 16:22:15    144 341.9 169.8 170.1183 5.919195e-05 19.60027 0.1191137  0.126380038  0.005700006   3.762614e-03      0.0001697018         1  0.0753657616    0.001007795      2.316096e-03            3.097096e-05
126 2013-08-17 16:22:30    145 342.6 169.9 170.2207 5.919195e-05 19.70258 0.1191137  0.130822165  0.005700214   3.894866e-03      0.0001697080         1  0.0760786088    0.001007929      2.338003e-03            3.097508e-05
127 2013-08-17 16:22:45    146 343.4 169.9 170.2230 5.919195e-05 19.70488 0.1191137  0.130922328  0.005700219   3.897848e-03      0.0001697082         1  0.0768932913    0.001008149      2.363039e-03            3.098184e-05
128 2013-08-17 16:23:00    147 344.1 169.9 170.2253 5.919195e-05 19.70719 0.1191137  0.131022492  0.005700224   3.900830e-03      0.0001697083         1  0.0776061385    0.001008400      2.384946e-03            3.098954e-05
129 2013-08-17 16:23:15    148 344.8 170.0 170.3276 5.919195e-05 19.80950 0.1191137  0.135464619  0.005700434   4.033082e-03      0.0001697145         1  0.0783189856    0.001008705      2.406853e-03            3.099892e-05
130 2013-08-17 16:23:30    149 345.6 170.0 170.3299 5.919195e-05 19.81180 0.1191137  0.135564782  0.005700438   4.036064e-03      0.0001697147         1  0.0791336681    0.001009120      2.431889e-03            3.101167e-05
131 2013-08-17 16:23:45    150 346.5 170.0 170.3322 5.919195e-05 19.81411 0.1191137  0.135664946  0.005700443   4.039046e-03      0.0001697148         1  0.0800501859    0.001009671      2.460055e-03            3.102862e-05
132 2013-08-17 16:24:00    151 347.1 169.9 170.2345 5.919195e-05 19.71642 0.1191137  0.131423145  0.005700243   3.912758e-03      0.0001697089         1  0.0806611978    0.001010089      2.478832e-03            3.104145e-05
133 2013-08-17 16:24:15    152 347.9 170.0 170.3368 5.919195e-05 19.81872 0.1191137  0.135865272  0.005700453   4.045010e-03      0.0001697151         1  0.0814758802    0.001010707      2.503868e-03            3.106045e-05
134 2013-08-17 16:24:30    153 348.7 170.0 170.3391 5.919195e-05 19.82103 0.1191137  0.135965436  0.005700457   4.047992e-03      0.0001697152         1  0.0822905627    0.001011396      2.528905e-03            3.108161e-05
135 2013-08-17 16:24:45    154 349.6 169.9 170.2414 5.919195e-05 19.72334 0.1191137  0.131723635  0.005700257   3.921704e-03      0.0001697093         1  0.0832070805    0.001012255      2.557071e-03            3.110801e-05
136 2013-08-17 16:25:00    155 350.3 170.1 170.4437 5.919195e-05 19.92564 0.1191137  0.140507726  0.005700673   4.183226e-03      0.0001697217         1  0.0839199277    0.001012984      2.578977e-03            3.113043e-05
137 2013-08-17 16:25:15    156 351.1 170.1 170.4460 5.919195e-05 19.92795 0.1191137  0.140607890  0.005700678   4.186208e-03      0.0001697218         1  0.0847346101    0.001013883      2.604014e-03            3.115807e-05
138 2013-08-17 16:25:30    157 352.0 170.2 170.5483 5.919195e-05 20.03026 0.1191137  0.145050017  0.005700890   4.318460e-03      0.0001697281         1  0.0856511279    0.001014979      2.632180e-03            3.119172e-05
139 2013-08-17 16:25:45    158 352.6 170.1 170.4506 5.919195e-05 19.93256 0.1191137  0.140808216  0.005700688   4.192172e-03      0.0001697221         1  0.0862621398    0.001015758      2.650957e-03            3.121567e-05
140 2013-08-17 16:26:00    159 353.5 170.0 170.3530 5.919195e-05 19.83487 0.1191137  0.136566416  0.005700486   4.065885e-03      0.0001697161         1  0.0871786576    0.001017000      2.679123e-03            3.125383e-05
141 2013-08-17 16:26:15    160 354.4 170.0 170.3553 5.919195e-05 19.83718 0.1191137  0.136666579  0.005700491   4.068867e-03      0.0001697162         1  0.0880951754    0.001018329      2.707289e-03            3.129468e-05
142 2013-08-17 16:26:30    161 355.2 170.1 170.4576 5.919195e-05 19.93948 0.1191137  0.141108706  0.005700702   4.201119e-03      0.0001697225         1  0.0889098579    0.001019584      2.732325e-03            3.133325e-05
143 2013-08-17 16:26:45    162 356.0 170.1 170.4599 5.919195e-05 19.94179 0.1191137  0.141208870  0.005700707   4.204101e-03      0.0001697227         1  0.0897245403    0.001020907      2.757361e-03            3.137392e-05
144 2013-08-17 16:27:00    163 356.9 170.2 170.5622 5.919195e-05 20.04410 0.1191137  0.145650997  0.005700919   4.336353e-03      0.0001697290         1  0.0906410581    0.001022478      2.785527e-03            3.142219e-05
145 2013-08-17 16:27:15    164 357.7 170.3 170.6645 5.919195e-05 20.14641 0.1191137  0.150093124  0.005701132   4.468605e-03      0.0001697353         1  0.0914557406    0.001023947      2.810564e-03            3.146732e-05
146 2013-08-17 16:27:30    165 358.6 170.4 170.7668 5.919195e-05 20.24871 0.1191137  0.154535252  0.005701347   4.600857e-03      0.0001697417         1  0.0923722584    0.001025680      2.838730e-03            3.152058e-05
147 2013-08-17 16:27:45    166 359.6 170.4 170.7691 5.919195e-05 20.25102 0.1191137  0.154635415  0.005701352   4.603839e-03      0.0001697419         1  0.0933906115    0.001027706      2.870025e-03            3.158284e-05
148 2013-08-17 16:28:00    167 360.5 170.5 170.8714 5.919195e-05 20.35333 0.1191137  0.159077543  0.005701567   4.736091e-03      0.0001697483         1  0.0943071293    0.001029618      2.898191e-03            3.164162e-05
149 2013-08-17 16:28:15    168 361.2 170.5 170.8737 5.919195e-05 20.35563 0.1191137  0.159177706  0.005701572   4.739073e-03      0.0001697484         1  0.0950199764    0.001031164      2.920098e-03            3.168913e-05
150 2013-08-17 16:28:30    169 361.9 170.6 170.9760 5.919195e-05 20.45794 0.1191137  0.163619833  0.005701789   4.871325e-03      0.0001697549         1  0.0957328236    0.001032761      2.942004e-03            3.173821e-05
151 2013-08-17 16:28:45    170 362.8 170.4 170.7783 5.919195e-05 20.26025 0.1191137  0.155036069  0.005701371   4.615767e-03      0.0001697424         1  0.0966493414    0.001034889      2.970170e-03            3.180359e-05
152 2013-08-17 16:29:00    171 363.7 170.4 170.7806 5.919195e-05 20.26255 0.1191137  0.155136232  0.005701376   4.618749e-03      0.0001697426         1  0.0975658592    0.001037099      2.998336e-03            3.187152e-05
153 2013-08-17 16:29:15    172 364.6 170.4 170.7829 5.919195e-05 20.26486 0.1191137  0.155236395  0.005701381   4.621731e-03      0.0001697427         1  0.0984823770    0.001039392      3.026502e-03            3.194199e-05
154 2013-08-17 16:29:30    173 365.4 170.4 170.7852 5.919195e-05 20.26717 0.1191137  0.155336559  0.005701386   4.624713e-03      0.0001697429         1  0.0992970594    0.001041500      3.051538e-03            3.200675e-05
155 2013-08-17 16:29:45    174 366.3 170.3 170.6876 5.919195e-05 20.16947 0.1191137  0.151094758  0.005701181   4.498426e-03      0.0001697368         1  0.1002135772    0.001043947      3.079704e-03            3.208196e-05
156 2013-08-17 16:30:00    175 367.1 170.4 170.7899 5.919195e-05 20.27178 0.1191137  0.155536885  0.005701395   4.630678e-03      0.0001697432         1  0.1010282597    0.001046191      3.104741e-03            3.215091e-05
157 2013-08-17 16:30:15    176 368.1 170.6 170.9922 5.919195e-05 20.47409 0.1191137  0.164320977  0.005701823   4.892199e-03      0.0001697559         1  0.1020466128    0.001049084      3.136036e-03            3.223984e-05
158 2013-08-17 16:30:30    177 369.0 170.5 170.8945 5.919195e-05 20.37639 0.1191137  0.160079176  0.005701616   4.765912e-03      0.0001697497         1  0.1029631306    0.001051773      3.164202e-03            3.232247e-05
159 2013-08-17 16:30:45    178 369.8 170.6 170.9968 5.919195e-05 20.47870 0.1191137  0.164521303  0.005701833   4.898164e-03      0.0001697562         1  0.1037778131    0.001054229      3.189238e-03            3.239796e-05
160 2013-08-17 16:31:00    179 370.7 170.7 171.0991 5.919195e-05 20.58101 0.1191137  0.168963431  0.005702051   5.030416e-03      0.0001697627         1  0.1046943309    0.001057067      3.217404e-03            3.248516e-05
161 2013-08-17 16:31:15    180 371.6 170.8 171.2014 5.919195e-05 20.68332 0.1191137  0.173405558  0.005702270   5.162668e-03      0.0001697692         1  0.1056108487    0.001059983      3.245570e-03            3.257476e-05
162 2013-08-17 16:31:30    181 372.6 170.7 171.1037 5.919195e-05 20.58562 0.1191137  0.169163757  0.005702061   5.036380e-03      0.0001697630         1  0.1066292018    0.001063313      3.276865e-03            3.267710e-05
163 2013-08-17 16:31:45    182 373.5 170.8 171.2060 5.919195e-05 20.68793 0.1191137  0.173605885  0.005702280   5.168632e-03      0.0001697695         1  0.1075457195    0.001066391      3.305031e-03            3.277170e-05
164 2013-08-17 16:32:00    183 374.3 170.9 171.3083 5.919195e-05 20.79024 0.1191137  0.178048012  0.005702500   5.300884e-03      0.0001697761         1  0.1083604020    0.001069191      3.330068e-03            3.285774e-05
165 2013-08-17 16:32:15    184 375.3 170.9 171.3106 5.919195e-05 20.79254 0.1191137  0.178148175  0.005702505   5.303866e-03      0.0001697762         1  0.1093787551    0.001072774      3.361363e-03            3.296787e-05
166 2013-08-17 16:32:30    185 376.2 170.9 171.3129 5.919195e-05 20.79485 0.1191137  0.178248339  0.005702510   5.306848e-03      0.0001697763         1  0.1102952729    0.001076078      3.389529e-03            3.306940e-05
167 2013-08-17 16:32:45    186 377.2 170.9 171.3152 5.919195e-05 20.79716 0.1191137  0.178348502  0.005702515   5.309830e-03      0.0001697765         1  0.1113136260    0.001079836      3.420824e-03            3.318488e-05
168 2013-08-17 16:33:00    187 378.1 171.1 171.5175 5.919195e-05 20.99946 0.1191137  0.187132593  0.005702953   5.571352e-03      0.0001697896         1  0.1122301438    0.001083295      3.448990e-03            3.329119e-05
169 2013-08-17 16:33:15    188 378.9 171.1 171.5198 5.919195e-05 21.00177 0.1191137  0.187232757  0.005702958   5.574334e-03      0.0001697897         1  0.1130448263    0.001086431      3.474027e-03            3.338755e-05
170 2013-08-17 16:33:30    189 379.8 171.0 171.4222 5.919195e-05 20.90408 0.1191137  0.182990956  0.005702746   5.448046e-03      0.0001697834         1  0.1139613441    0.001090026      3.502193e-03            3.349804e-05
171 2013-08-17 16:33:45    190 380.7 171.0 171.4245 5.919195e-05 20.90638 0.1191137  0.183091119  0.005702751   5.451028e-03      0.0001697835         1  0.1148778618    0.001093693      3.530358e-03            3.361072e-05
172 2013-08-17 16:34:00    191 381.7 171.0 171.4268 5.919195e-05 20.90869 0.1191137  0.183191283  0.005702756   5.454010e-03      0.0001697837         1  0.1158962149    0.001097849      3.561654e-03            3.373845e-05
173 2013-08-17 16:34:15    192 382.7 171.0 171.4291 5.919195e-05 20.91100 0.1191137  0.183291446  0.005702761   5.456992e-03      0.0001697838         1  0.1169145680    0.001102092      3.592949e-03            3.386883e-05
174 2013-08-17 16:34:30    193 383.7 171.0 171.4314 5.919195e-05 20.91330 0.1191137  0.183391609  0.005702766   5.459974e-03      0.0001697840         1  0.1179329211    0.001106419      3.624245e-03            3.400181e-05
175 2013-08-17 16:34:45    194 384.8 171.0 171.4337 5.919195e-05 20.91561 0.1191137  0.183491773  0.005702771   5.462957e-03      0.0001697841         1  0.1190531096    0.001111276      3.658670e-03            3.415108e-05
176 2013-08-17 16:35:00    195 385.7 171.3 171.7360 5.919195e-05 21.21792 0.1191137  0.196617828  0.005703432   5.853748e-03      0.0001698038         1  0.1199696273    0.001115325      3.686836e-03            3.427549e-05
177 2013-08-17 16:35:15    196 386.8 171.3 171.7383 5.919195e-05 21.22023 0.1191137  0.196717991  0.005703437   5.856730e-03      0.0001698040         1  0.1210898157    0.001120363      3.721260e-03            3.443033e-05
178 2013-08-17 16:35:30    197 387.8 171.3 171.7406 5.919195e-05 21.22253 0.1191137  0.196818155  0.005703442   5.859712e-03      0.0001698041         1  0.1221081688    0.001125028      3.752556e-03            3.457369e-05
179 2013-08-17 16:35:45    198 388.9 171.3 171.7429 5.919195e-05 21.22484 0.1191137  0.196918318  0.005703447   5.862695e-03      0.0001698043         1  0.1232283573    0.001130252      3.786981e-03            3.473423e-05
180 2013-08-17 16:36:00    199 389.9 171.3 171.7452 5.919195e-05 21.22715 0.1191137  0.197018481  0.005703452   5.865677e-03      0.0001698044         1  0.1242467104    0.001135084      3.818276e-03            3.488272e-05

$dryleafvolt
            timestamp record LWSmV  SEmV    CSEmV     CSEmV.sd   loadmV loadmV.sd
1 2013-08-17 15:50:15     16 265.7 167.3 167.3231 5.919195e-05 16.80499 0.1191137
2 2013-08-17 15:50:30     17 265.7 167.3 167.3254 5.919195e-05 16.80730 0.1191137
3 2013-08-17 15:50:45     18 265.7 167.2 167.2277 5.919195e-05 16.70960 0.1191137
4 2013-08-17 15:51:00     19 265.7 167.1 167.1300 5.919195e-05 16.61191 0.1191137
5 2013-08-17 15:51:15     20 265.7 167.0 167.0323 5.919195e-05 16.51422 0.1191137

$runtime
Time difference of 44.75 mins

$startcalibvolt
            timestamp record LWSmV  SEmV    CSEmV     CSEmV.sd   loadmV loadmV.sd
1 2013-08-17 15:48:15      8 265.7 273.3 273.3046 5.919195e-05 122.7865 0.1191137
2 2013-08-17 15:48:30      9 265.6 273.2 273.2069 5.919195e-05 122.6888 0.1191137
3 2013-08-17 15:48:45     10 265.3 273.3 273.3092 5.919195e-05 122.7911 0.1191137

$endcalibvolt
             timestamp record LWSmV  SEmV
1  2013-08-17 16:40:45    218 266.4 272.9
2  2013-08-17 16:41:00    219 266.4 273.0
3  2013-08-17 16:41:15    220 266.4 273.0
4  2013-08-17 16:41:30    221 266.4 272.9
5  2013-08-17 16:41:45    222 266.4 273.1
6  2013-08-17 16:42:00    223 266.4 273.1
7  2013-08-17 16:42:15    224 266.4 273.0
8  2013-08-17 16:42:30    225 266.4 272.9
9  2013-08-17 16:42:45    226 266.4 272.8
10 2013-08-17 16:43:00    227 266.4 272.8
11 2013-08-17 16:43:15    228 266.4 272.9
12 2013-08-17 16:43:30    229 266.4 273.1

$lastLWSvolt
[1] 386.5

$maxLWSvolt
[1] 391

$species
[1] "coastliveoak"

$trial
[1] "6"

$replicate
[1] "1"

$isvertical
[1] FALSE

$conversionfactor
         avg        stdev
1 0.04341964 2.432464e-05

$LWSwatermass
        avg       stdev
1 0.1370443 0.003132667

$dryleafmass
        avg      stdev
1 0.7246566 0.00234829

$lwsmodel

Call:
lm(formula = LWSsurfacedensity ~ record, data = rd[rd$runfilter == 
    1, ])

Coefficients:
(Intercept)       record  
 -7.537e-04    2.189e-05  


$leafmodel

Call:
lm(formula = surfacedensity ~ record, data = rd[rd$runfilter == 
    1, ])

Coefficients:
(Intercept)       record  
  -9.45e-04     3.28e-05  


