$name
[1] "coastliveoak13"

$leafarea
[1] 22.37547

$startbasevolt
            timestamp record LWSmV  SEmV CSEmV CSEmV.sd      loadmV  loadmV.sd
1 2013-10-21 13:03:00      3 264.4 149.6 149.6        0  0.02424718 0.08321189
2 2013-10-21 13:03:15      4 264.4 149.7 149.7        0  0.12424718 0.08321189
3 2013-10-21 13:03:30      5 264.4 149.6 149.6        0  0.02424718 0.08321189
4 2013-10-21 13:03:45      6 264.4 149.5 149.5        0 -0.07575282 0.08321189
5 2013-10-21 13:04:00      7 264.4 149.5 149.5        0 -0.07575282 0.08321189

$endbasevolt
            timestamp record LWSmV  SEmV    CSEmV     CSEmV.sd      loadmV  loadmV.sd
1 2013-10-21 14:12:00    279 265.1 148.6 149.6397 3.071213e-05  0.06395733 0.08321189
2 2013-10-21 14:12:15    280 265.1 148.5 149.5435 3.071213e-05 -0.03222021 0.08321189
3 2013-10-21 14:12:30    281 265.1 148.4 149.4474 3.071213e-05 -0.12839775 0.08321189
4 2013-10-21 14:12:45    282 265.1 148.6 149.6512 3.071213e-05  0.07542472 0.08321189

$dryragvolt
            timestamp record LWSmV  SEmV    CSEmV     CSEmV.sd   loadmV  loadmV.sd
1 2013-10-21 14:08:00    263 572.7 275.1 276.0786 3.071213e-05 126.5028 0.08321189
2 2013-10-21 14:08:15    264 572.7 274.8 275.7824 3.071213e-05 126.2066 0.08321189
3 2013-10-21 14:08:30    265 572.4 274.6 275.5862 3.071213e-05 126.0104 0.08321189
4 2013-10-21 14:08:45    266 572.3 274.7 275.6900 3.071213e-05 126.1143 0.08321189

$wetragvolt
            timestamp record LWSmV  SEmV    CSEmV     CSEmV.sd   loadmV  loadmV.sd
1 2013-10-21 14:09:30    269 266.5 282.9 283.9015 3.071213e-05 134.3257 0.08321189
2 2013-10-21 14:09:45    270 265.9 282.9 283.9053 3.071213e-05 134.3296 0.08321189
3 2013-10-21 14:10:00    271 265.8 282.5 283.5091 3.071213e-05 133.9334 0.08321189
4 2013-10-21 14:10:15    272 265.2 282.2 283.2130 3.071213e-05 133.6372 0.08321189

$rundata
              timestamp record LWSmV  SEmV    CSEmV     CSEmV.sd   loadmV  loadmV.sd     watermass watermass.sd surfacedensity surfacedensity.sd runfilter      LWSwater LWSwater.stdev LWSsurfacedensity LWSsurfacedensity.stdev
1   2013-10-21 13:08:00     23 264.4 163.2 163.2612 3.071213e-05 13.68541 0.08321189  0.0003319884  0.003968687   1.483716e-05      0.0001773677         0 -0.0035566034    0.001290101     -1.092994e-04            3.964662e-05
2   2013-10-21 13:08:15     24 264.5 163.2 163.2650 3.071213e-05 13.68923 0.08321189  0.0004979825  0.003968690   2.225573e-05      0.0001773679         0 -0.0034547681    0.001289440     -1.061699e-04            3.962632e-05
3   2013-10-21 13:08:30     25 264.7 163.3 163.3688 3.071213e-05 13.79305 0.08321189  0.0050065734  0.003968768   2.237527e-04      0.0001773713         0 -0.0032510975    0.001288121     -9.991080e-05            3.958577e-05
4   2013-10-21 13:08:45     26 265.1 163.2 163.2726 3.071213e-05 13.69687 0.08321189  0.0008299709  0.003968696   3.709289e-05      0.0001773681         0 -0.0028437563    0.001285489     -8.739263e-05            3.950488e-05
5   2013-10-21 13:09:00     27 265.1 163.2 163.2764 3.071213e-05 13.70070 0.08321189  0.0009959651  0.003968698   4.451147e-05      0.0001773682         0 -0.0028437563    0.001285489     -8.739263e-05            3.950488e-05
6   2013-10-21 13:09:15     28 265.6 163.3 163.3803 3.071213e-05 13.80452 0.08321189  0.0055045559  0.003968776   2.460085e-04      0.0001773717         0 -0.0023345797    0.001282210     -7.174492e-05            3.940413e-05
7   2013-10-21 13:09:30     29 266.2 163.1 163.1841 3.071213e-05 13.60834 0.08321189 -0.0030146432  0.003968630  -1.347298e-04      0.0001773652         0 -0.0017235679    0.001278294     -5.296767e-05            3.928377e-05
8   2013-10-21 13:09:45     30 266.9 163.2 163.2879 3.071213e-05 13.71216 0.08321189  0.0014939476  0.003968707   6.676720e-05      0.0001773686         0 -0.0010107207    0.001273750     -3.106087e-05            3.914413e-05
9   2013-10-21 13:10:00     31 267.6 163.3 163.3917 3.071213e-05 13.81599 0.08321189  0.0060025385  0.003968785   2.682642e-04      0.0001773721         0 -0.0002978735    0.001269233     -9.154073e-06            3.900530e-05
10  2013-10-21 13:10:15     32 268.6 163.2 163.2956 3.071213e-05 13.71981 0.08321189  0.0018259360  0.003968713   8.160435e-05      0.0001773689         0  0.0007204796    0.001262827      2.214135e-05            3.880844e-05
11  2013-10-21 13:10:30     33 269.5 163.4 163.4994 3.071213e-05 13.92363 0.08321189  0.0106771234  0.003968867   4.771798e-04      0.0001773758         0  0.0016369974    0.001257110      5.030723e-05            3.863275e-05
12  2013-10-21 13:10:45     34 270.5 163.4 163.5032 3.071213e-05 13.92745 0.08321189  0.0108431176  0.003968869   4.845984e-04      0.0001773759         0  0.0026553504    0.001250812      8.160266e-05            3.843921e-05
13  2013-10-21 13:11:00     35 271.6 163.3 163.4070 3.071213e-05 13.83128 0.08321189  0.0066665152  0.003968797   2.979385e-04      0.0001773726         0  0.0037755389    0.001243951      1.160276e-04            3.822838e-05
14  2013-10-21 13:11:15     36 272.7 163.3 163.4109 3.071213e-05 13.83510 0.08321189  0.0068325094  0.003968799   3.053571e-04      0.0001773728         0  0.0048957273    0.001237162      1.504526e-04            3.801974e-05
15  2013-10-21 13:11:30     37 273.9 163.3 163.4147 3.071213e-05 13.83892 0.08321189  0.0069985036  0.003968802   3.127757e-04      0.0001773729         0  0.0061177510    0.001229839      1.880071e-04            3.779469e-05
16  2013-10-21 13:11:45     38 275.0 163.3 163.4185 3.071213e-05 13.84274 0.08321189  0.0071644977  0.003968805   3.201942e-04      0.0001773730         0  0.0072379394    0.001223203      2.224321e-04            3.759077e-05
17  2013-10-21 13:12:00     39 276.2 163.0 163.1223 3.071213e-05 13.54657 0.08321189 -0.0056972980  0.003968584  -2.546225e-04      0.0001773631         0  0.0084599631    0.001216050      2.599866e-04            3.737094e-05
18  2013-10-21 13:12:15     40 277.4 163.2 163.3261 3.071213e-05 13.75039 0.08321189  0.0031538895  0.003968736   1.409530e-04      0.0001773699         0  0.0096819868    0.001208988      2.975411e-04            3.715391e-05
19  2013-10-21 13:12:30     41 278.5 163.3 163.4300 3.071213e-05 13.85421 0.08321189  0.0076624803  0.003968814   3.424500e-04      0.0001773734         0  0.0108021752    0.001202596      3.319660e-04            3.695747e-05
20  2013-10-21 13:12:45     42 279.7 163.3 163.4338 3.071213e-05 13.85803 0.08321189  0.0078284745  0.003968817   3.498686e-04      0.0001773735         0  0.0120241990    0.001195713      3.695206e-04            3.674594e-05
21  2013-10-21 13:13:00     43 281.0 163.3 163.4376 3.071213e-05 13.86186 0.08321189  0.0079944686  0.003968820   3.572871e-04      0.0001773737         0  0.0133480580    0.001188364      4.102046e-04            3.652011e-05
22  2013-10-21 13:13:15     44 282.1 163.3 163.4414 3.071213e-05 13.86568 0.08321189  0.0081604628  0.003968823   3.647057e-04      0.0001773738         0  0.0144682464    0.001182236      4.446296e-04            3.633177e-05
23  2013-10-21 13:13:30     45 283.2 163.5 163.6453 3.071213e-05 14.06950 0.08321189  0.0170116503  0.003968978   7.602811e-04      0.0001773807         1  0.0155884348    0.001176190      4.790545e-04            3.614598e-05
24  2013-10-21 13:13:45     46 284.4 163.6 163.7491 3.071213e-05 14.17332 0.08321189  0.0215202411  0.003969058   9.617781e-04      0.0001773843         1  0.0168104585    0.001169692      5.166091e-04            3.594627e-05
25  2013-10-21 13:14:00     47 285.7 163.8 163.9529 3.071213e-05 14.37715 0.08321189  0.0303714285  0.003969217   1.357354e-03      0.0001773914         1  0.0181343175    0.001162767      5.572931e-04            3.573347e-05
26  2013-10-21 13:14:15     48 286.9 163.6 163.7567 3.071213e-05 14.18097 0.08321189  0.0218522294  0.003969064   9.766153e-04      0.0001773846         1  0.0193563413    0.001156484      5.948476e-04            3.554037e-05
27  2013-10-21 13:14:30     49 288.0 163.4 163.5605 3.071213e-05 13.98479 0.08321189  0.0133330304  0.003968913   5.958770e-04      0.0001773778         1  0.0204765297    0.001150817      6.292726e-04            3.536622e-05
28  2013-10-21 13:14:45     50 289.2 163.6 163.7644 3.071213e-05 14.18861 0.08321189  0.0221842178  0.003969070   9.914525e-04      0.0001773848         1  0.0216985534    0.001144738      6.668271e-04            3.517941e-05
29  2013-10-21 13:15:00     51 290.4 163.4 163.5682 3.071213e-05 13.99244 0.08321189  0.0136650187  0.003968919   6.107142e-04      0.0001773781         1  0.0229205771    0.001138768      7.043816e-04            3.499594e-05
30  2013-10-21 13:15:15     52 291.5 163.4 163.5720 3.071213e-05 13.99626 0.08321189  0.0138310129  0.003968922   6.181328e-04      0.0001773782         1  0.0240407655    0.001133393      7.388066e-04            3.483076e-05
31  2013-10-21 13:15:30     53 292.7 163.4 163.5758 3.071213e-05 14.00008 0.08321189  0.0139970071  0.003968925   6.255513e-04      0.0001773784         1  0.0252627892    0.001127637      7.763611e-04            3.465388e-05
32  2013-10-21 13:15:45     54 294.0 163.5 163.6797 3.071213e-05 14.10390 0.08321189  0.0185055979  0.003969005   8.270483e-04      0.0001773819         1  0.0265866483    0.001121531      8.170451e-04            3.446621e-05
33  2013-10-21 13:16:00     55 295.3 163.7 163.8835 3.071213e-05 14.30773 0.08321189  0.0273567854  0.003969163   1.222624e-03      0.0001773890         1  0.0279105073    0.001115560      8.577292e-04            3.428274e-05
34  2013-10-21 13:16:15     56 296.5 163.6 163.7873 3.071213e-05 14.21155 0.08321189  0.0231801829  0.003969088   1.035964e-03      0.0001773856         1  0.0291325310    0.001110172      8.952837e-04            3.411715e-05
35  2013-10-21 13:16:30     57 297.8 163.8 163.9911 3.071213e-05 14.41537 0.08321189  0.0320313703  0.003969247   1.431539e-03      0.0001773928         1  0.0304563900    0.001104470      9.359677e-04            3.394191e-05
36  2013-10-21 13:16:45     58 299.0 163.9 164.0949 3.071213e-05 14.51919 0.08321189  0.0365399612  0.003969329   1.633036e-03      0.0001773964         1  0.0316784137    0.001099333      9.735222e-04            3.378404e-05
37  2013-10-21 13:17:00     59 300.3 163.7 163.8988 3.071213e-05 14.32302 0.08321189  0.0280207621  0.003969175   1.252298e-03      0.0001773895         1  0.0330022728    0.001093907      1.014206e-03            3.361729e-05
38  2013-10-21 13:17:15     60 301.6 163.8 164.0026 3.071213e-05 14.42684 0.08321189  0.0325293529  0.003969256   1.453795e-03      0.0001773932         1  0.0343261318    0.001088627      1.054890e-03            3.345505e-05
39  2013-10-21 13:17:30     61 302.9 164.0 164.2064 3.071213e-05 14.63066 0.08321189  0.0413805403  0.003969418   1.849371e-03      0.0001774004         1  0.0356499908    0.001083497      1.095574e-03            3.329739e-05
40  2013-10-21 13:17:45     62 304.2 163.9 164.1102 3.071213e-05 14.53448 0.08321189  0.0372039379  0.003969341   1.662711e-03      0.0001773970         1  0.0369738499    0.001078518      1.136258e-03            3.314437e-05
41  2013-10-21 13:18:00     63 305.5 164.2 164.4141 3.071213e-05 14.83831 0.08321189  0.0503977220  0.003969585   2.252365e-03      0.0001774079         1  0.0382977089    0.001073692      1.176942e-03            3.299606e-05
42  2013-10-21 13:18:15     64 306.8 164.2 164.4179 3.071213e-05 14.84213 0.08321189  0.0505637161  0.003969588   2.259783e-03      0.0001774080         1  0.0396215679    0.001069021      1.217627e-03            3.285252e-05
43  2013-10-21 13:18:30     65 308.1 164.1 164.3217 3.071213e-05 14.74595 0.08321189  0.0463871137  0.003969510   2.073123e-03      0.0001774045         1  0.0409454269    0.001064508      1.258311e-03            3.271382e-05
44  2013-10-21 13:18:45     66 309.4 163.9 164.1255 3.071213e-05 14.54977 0.08321189  0.0378679146  0.003969353   1.692385e-03      0.0001773975         1  0.0422692860    0.001060153      1.298995e-03            3.258001e-05
45  2013-10-21 13:19:00     67 310.7 164.0 164.2293 3.071213e-05 14.65360 0.08321189  0.0423765054  0.003969436   1.893882e-03      0.0001774012         1  0.0435931450    0.001055960      1.339679e-03            3.245115e-05
46  2013-10-21 13:19:15     68 312.1 164.0 164.2332 3.071213e-05 14.65742 0.08321189  0.0425424996  0.003969439   1.901301e-03      0.0001774013         1  0.0450188393    0.001051628      1.383492e-03            3.231799e-05
47  2013-10-21 13:19:30     69 313.3 164.0 164.2370 3.071213e-05 14.66124 0.08321189  0.0427084938  0.003969442   1.908719e-03      0.0001774015         1  0.0462408630    0.001048066      1.421047e-03            3.220854e-05
48  2013-10-21 13:19:45     70 314.5 164.0 164.2408 3.071213e-05 14.66506 0.08321189  0.0428744880  0.003969445   1.916138e-03      0.0001774016         1  0.0474628868    0.001044647      1.458601e-03            3.210347e-05
49  2013-10-21 13:20:00     71 315.8 164.1 164.3446 3.071213e-05 14.76888 0.08321189  0.0473830788  0.003969529   2.117635e-03      0.0001774053         1  0.0487867458    0.001041105      1.499285e-03            3.199461e-05
50  2013-10-21 13:20:15     72 317.1 164.1 164.3485 3.071213e-05 14.77271 0.08321189  0.0475490730  0.003969532   2.125053e-03      0.0001774055         1  0.0501106048    0.001037733      1.539969e-03            3.189099e-05
51  2013-10-21 13:20:30     73 318.3 164.2 164.4523 3.071213e-05 14.87653 0.08321189  0.0520576638  0.003969616   2.326550e-03      0.0001774092         1  0.0513326285    0.001034773      1.577524e-03            3.180003e-05
52  2013-10-21 13:20:45     74 319.6 163.9 164.1561 3.071213e-05 14.58035 0.08321189  0.0391958681  0.003969378   1.751734e-03      0.0001773986         1  0.0526564876    0.001031733      1.618208e-03            3.170662e-05
53  2013-10-21 13:21:00     75 321.0 164.1 164.3599 3.071213e-05 14.78417 0.08321189  0.0480470555  0.003969541   2.147309e-03      0.0001774059         1  0.0540821819    0.001028655      1.662022e-03            3.161203e-05
54  2013-10-21 13:21:15     76 322.4 164.4 164.6637 3.071213e-05 15.08800 0.08321189  0.0612408396  0.003969789   2.736963e-03      0.0001774170         1  0.0555078762    0.001025782      1.705835e-03            3.152374e-05
55  2013-10-21 13:21:30     77 323.7 164.3 164.5676 3.071213e-05 14.99182 0.08321189  0.0570642371  0.003969710   2.550303e-03      0.0001774134         1  0.0568317353    0.001023299      1.746519e-03            3.144743e-05
56  2013-10-21 13:21:45     78 324.9 164.2 164.4714 3.071213e-05 14.89564 0.08321189  0.0528876347  0.003969631   2.363643e-03      0.0001774099         1  0.0580537590    0.001021166      1.784074e-03            3.138188e-05
57  2013-10-21 13:22:00     79 326.2 164.1 164.3752 3.071213e-05 14.79946 0.08321189  0.0487110323  0.003969553   2.176983e-03      0.0001774065         1  0.0593776180    0.001019029      1.824758e-03            3.131621e-05
58  2013-10-21 13:22:15     80 327.4 164.2 164.4790 3.071213e-05 14.90329 0.08321189  0.0532196231  0.003969637   2.378480e-03      0.0001774102         1  0.0605996417    0.001017218      1.862312e-03            3.126054e-05
59  2013-10-21 13:22:30     81 328.8 164.3 164.5829 3.071213e-05 15.00711 0.08321189  0.0577282139  0.003969722   2.579977e-03      0.0001774140         1  0.0620253361    0.001015301      1.906126e-03            3.120163e-05
60  2013-10-21 13:22:45     82 330.1 164.3 164.5867 3.071213e-05 15.01093 0.08321189  0.0578942081  0.003969725   2.587396e-03      0.0001774141         1  0.0633491951    0.001013712      1.946810e-03            3.115279e-05
61  2013-10-21 13:23:00     83 331.4 164.4 164.6905 3.071213e-05 15.11475 0.08321189  0.0624027989  0.003969811   2.788893e-03      0.0001774180         1  0.0646730541    0.001012307      1.987494e-03            3.110962e-05
62  2013-10-21 13:23:15     84 332.7 164.2 164.4943 3.071213e-05 14.91858 0.08321189  0.0538835998  0.003969650   2.408155e-03      0.0001774108         1  0.0659969131    0.001011087      2.028178e-03            3.107214e-05
63  2013-10-21 13:23:30     85 334.0 164.1 164.3982 3.071213e-05 14.82240 0.08321189  0.0497069973  0.003969572   2.221495e-03      0.0001774073         1  0.0673207722    0.001010054      2.068862e-03            3.104037e-05
64  2013-10-21 13:23:45     86 335.3 164.4 164.7020 3.071213e-05 15.12622 0.08321189  0.0629007814  0.003969820   2.811149e-03      0.0001774184         1  0.0686446312    0.001009207      2.109546e-03            3.101434e-05
65  2013-10-21 13:24:00     87 336.5 164.6 164.9058 3.071213e-05 15.33004 0.08321189  0.0717519689  0.003969990   3.206724e-03      0.0001774260         1  0.0698666549    0.001008590      2.147101e-03            3.099540e-05
66  2013-10-21 13:24:15     88 337.7 164.6 164.9096 3.071213e-05 15.33387 0.08321189  0.0719179630  0.003969993   3.214143e-03      0.0001774261         1  0.0710886786    0.001008134      2.184655e-03            3.098137e-05
67  2013-10-21 13:24:30     89 338.9 164.7 165.0134 3.071213e-05 15.43769 0.08321189  0.0764265539  0.003970080   3.415640e-03      0.0001774300         1  0.0723107024    0.001007837      2.222210e-03            3.097225e-05
68  2013-10-21 13:24:45     90 340.3 164.4 164.7173 3.071213e-05 15.14151 0.08321189  0.0635647581  0.003969833   2.840823e-03      0.0001774189         1  0.0737363967    0.001007693      2.266023e-03            3.096783e-05
69  2013-10-21 13:25:00     91 341.7 164.6 164.9211 3.071213e-05 15.34533 0.08321189  0.0724159456  0.003970002   3.236398e-03      0.0001774265         1  0.0751620910    0.001007767      2.309837e-03            3.097009e-05
70  2013-10-21 13:25:15     92 343.1 164.7 165.0249 3.071213e-05 15.44916 0.08321189  0.0769245364  0.003970090   3.437895e-03      0.0001774304         1  0.0765877854    0.001008058      2.353650e-03            3.097905e-05
71  2013-10-21 13:25:30     93 344.5 164.7 165.0287 3.071213e-05 15.45298 0.08321189  0.0770905306  0.003970093   3.445314e-03      0.0001774306         1  0.0780134797    0.001008567      2.397464e-03            3.099469e-05
72  2013-10-21 13:25:45     94 345.9 164.5 164.8326 3.071213e-05 15.25680 0.08321189  0.0685713315  0.003969928   3.064576e-03      0.0001774232         1  0.0794391740    0.001009294      2.441278e-03            3.101701e-05
73  2013-10-21 13:26:00     95 347.3 164.3 164.6364 3.071213e-05 15.06062 0.08321189  0.0600521324  0.003969766   2.683837e-03      0.0001774160         1  0.0808648684    0.001010237      2.485091e-03            3.104599e-05
74  2013-10-21 13:26:15     96 348.7 164.5 164.8402 3.071213e-05 15.26445 0.08321189  0.0689033199  0.003969935   3.079413e-03      0.0001774235         1  0.0822905627    0.001011396      2.528905e-03            3.108161e-05
75  2013-10-21 13:26:30     97 350.1 164.8 165.1440 3.071213e-05 15.56827 0.08321189  0.0820971039  0.003970190   3.669067e-03      0.0001774349         1  0.0837162571    0.001012770      2.572718e-03            3.112386e-05
76  2013-10-21 13:26:45     98 351.5 164.8 165.1478 3.071213e-05 15.57209 0.08321189  0.0822630981  0.003970194   3.676485e-03      0.0001774351         1  0.0851419514    0.001014359      2.616532e-03            3.117269e-05
77  2013-10-21 13:27:00     99 352.9 164.6 164.9517 3.071213e-05 15.37591 0.08321189  0.0737438990  0.003970028   3.295747e-03      0.0001774277         1  0.0865676457    0.001016162      2.660346e-03            3.122809e-05
78  2013-10-21 13:27:15    100 354.5 164.9 165.2555 3.071213e-05 15.67974 0.08321189  0.0869376831  0.003970286   3.885401e-03      0.0001774392         1  0.0881970107    0.001018482      2.710418e-03            3.129939e-05
79  2013-10-21 13:27:30    101 356.1 164.7 165.0593 3.071213e-05 15.48356 0.08321189  0.0784184840  0.003970119   3.504663e-03      0.0001774317         1  0.0898263756    0.001021078      2.760491e-03            3.137915e-05
80  2013-10-21 13:27:45    102 357.6 164.9 165.2631 3.071213e-05 15.68738 0.08321189  0.0872696715  0.003970292   3.900238e-03      0.0001774395         1  0.0913539053    0.001023759      2.807434e-03            3.146157e-05
81  2013-10-21 13:28:00    103 359.3 165.0 165.3670 3.071213e-05 15.79120 0.08321189  0.0917782623  0.003970381   4.101735e-03      0.0001774435         1  0.0930851056    0.001027087      2.860636e-03            3.156382e-05
82  2013-10-21 13:28:15    104 360.8 164.9 165.2708 3.071213e-05 15.69503 0.08321189  0.0876016598  0.003970299   3.915075e-03      0.0001774398         1  0.0946126352    0.001030275      2.907579e-03            3.166179e-05
83  2013-10-21 13:28:30    105 362.3 165.0 165.3746 3.071213e-05 15.79885 0.08321189  0.0921102507  0.003970388   4.116572e-03      0.0001774438         1  0.0961401648    0.001033697      2.954523e-03            3.176695e-05
84  2013-10-21 13:28:45    106 363.8 165.0 165.3784 3.071213e-05 15.80267 0.08321189  0.0922762448  0.003970391   4.123991e-03      0.0001774439         1  0.0976676945    0.001037350      3.001466e-03            3.187923e-05
85  2013-10-21 13:29:00    107 365.3 164.9 165.2822 3.071213e-05 15.70649 0.08321189  0.0880996424  0.003970308   3.937331e-03      0.0001774402         1  0.0991952241    0.001041233      3.048409e-03            3.199854e-05
86  2013-10-21 13:29:15    108 367.0 164.9 165.2861 3.071213e-05 15.71032 0.08321189  0.0882656366  0.003970312   3.944750e-03      0.0001774403         1  0.1009264244    0.001045907      3.101611e-03            3.214219e-05
87  2013-10-21 13:29:30    109 368.7 165.2 165.5899 3.071213e-05 16.01414 0.08321189  0.1014594206  0.003970575   4.534403e-03      0.0001774521         1  0.1026576247    0.001050868      3.154813e-03            3.229466e-05
88  2013-10-21 13:29:45    110 370.4 164.9 165.2937 3.071213e-05 15.71796 0.08321189  0.0885976249  0.003970318   3.959587e-03      0.0001774406         1  0.1043888249    0.001056113      3.208016e-03            3.245583e-05
89  2013-10-21 13:30:00    111 372.0 165.3 165.6975 3.071213e-05 16.12178 0.08321189  0.1061340056  0.003970669   4.743319e-03      0.0001774563         1  0.1060181899    0.001061303      3.258088e-03            3.261535e-05
90  2013-10-21 13:30:15    112 373.8 165.6 166.0014 3.071213e-05 16.42561 0.08321189  0.1193277897  0.003970939   5.332973e-03      0.0001774684         1  0.1078512255    0.001067434      3.314420e-03            3.280375e-05
91  2013-10-21 13:30:30    113 375.3 165.1 165.5052 3.071213e-05 15.92943 0.08321189  0.0977808007  0.003970501   4.369999e-03      0.0001774488         1  0.1093787551    0.001072774      3.361363e-03            3.296787e-05
92  2013-10-21 13:30:45    114 377.1 165.4 165.8090 3.071213e-05 16.23325 0.08321189  0.1109745848  0.003970768   4.959653e-03      0.0001774607         1  0.1112117907    0.001079456      3.417695e-03            3.317321e-05
93  2013-10-21 13:31:00    115 378.8 165.4 165.8128 3.071213e-05 16.23707 0.08321189  0.1111405790  0.003970771   4.967072e-03      0.0001774609         1  0.1129429910    0.001086036      3.470897e-03            3.337541e-05
94  2013-10-21 13:31:15    116 380.7 165.5 165.9166 3.071213e-05 16.34090 0.08321189  0.1156491698  0.003970863   5.168569e-03      0.0001774650         1  0.1148778618    0.001093693      3.530358e-03            3.361072e-05
95  2013-10-21 13:31:30    117 382.5 165.3 165.7205 3.071213e-05 16.14472 0.08321189  0.1071299707  0.003970689   4.787830e-03      0.0001774572         1  0.1167108974    0.001101236      3.586690e-03            3.384254e-05
96  2013-10-21 13:31:45    118 384.5 165.4 165.8243 3.071213e-05 16.24854 0.08321189  0.1116385615  0.003970781   4.989327e-03      0.0001774613         1  0.1187476036    0.001109941      3.649281e-03            3.411006e-05
97  2013-10-21 13:32:00    119 386.3 165.8 166.2281 3.071213e-05 16.65236 0.08321189  0.1291749422  0.003971144   5.773060e-03      0.0001774775         1  0.1205806392    0.001118060      3.705613e-03            3.435957e-05
98  2013-10-21 13:32:15    120 388.4 165.7 166.1319 3.071213e-05 16.55619 0.08321189  0.1249983398  0.003971056   5.586400e-03      0.0001774736         1  0.1227191807    0.001127865      3.771333e-03            3.466089e-05
99  2013-10-21 13:32:30    121 390.3 165.9 166.3358 3.071213e-05 16.76001 0.08321189  0.1338495272  0.003971242   5.981975e-03      0.0001774819         1  0.1246540516    0.001137038      3.830794e-03            3.494278e-05
100 2013-10-21 13:32:45    122 392.3 166.0 166.4396 3.071213e-05 16.86383 0.08321189  0.1383581180  0.003971337   6.183472e-03      0.0001774862         1  0.1266907578    0.001146995      3.893385e-03            3.524877e-05
101 2013-10-21 13:33:00    123 394.3 165.8 166.2434 3.071213e-05 16.66765 0.08321189  0.1298389190  0.003971158   5.802734e-03      0.0001774781         1  0.1287274640    0.001157253      3.955976e-03            3.556403e-05
102 2013-10-21 13:33:15    124 396.4 165.9 166.3472 3.071213e-05 16.77148 0.08321189  0.1343475098  0.003971252   6.004231e-03      0.0001774824         1  0.1308660055    0.001168340      4.021697e-03            3.590474e-05
103 2013-10-21 13:33:30    125 398.7 166.1 166.5511 3.071213e-05 16.97530 0.08321189  0.1431986972  0.003971440   6.399806e-03      0.0001774908         1  0.1332082176    0.001180844      4.093676e-03            3.628899e-05
104 2013-10-21 13:33:45    126 400.7 165.9 166.3549 3.071213e-05 16.77912 0.08321189  0.1346794982  0.003971259   6.019068e-03      0.0001774827         1  0.1352449238    0.001192013      4.156267e-03            3.663225e-05
105 2013-10-21 13:34:00    127 403.1 165.8 166.2587 3.071213e-05 16.68294 0.08321189  0.1305028957  0.003971171   5.832408e-03      0.0001774788         1  0.1376889712    0.001205771      4.231376e-03            3.705504e-05
106 2013-10-21 13:34:15    128 405.2 166.1 166.5625 3.071213e-05 16.98677 0.08321189  0.1436966798  0.003971451   6.422062e-03      0.0001774912         1  0.1398275128    0.001218116      4.297096e-03            3.743441e-05
107 2013-10-21 13:34:30    129 407.2 165.9 166.3663 3.071213e-05 16.79059 0.08321189  0.1351774807  0.003971270   6.041324e-03      0.0001774832         1  0.1418642189    0.001230131      4.359687e-03            3.780365e-05
108 2013-10-21 13:34:45    130 409.4 166.1 166.5702 3.071213e-05 16.99441 0.08321189  0.1440286681  0.003971458   6.436899e-03      0.0001774916         1  0.1441045958    0.001243629      4.428537e-03            3.821848e-05
109 2013-10-21 13:35:00    131 411.8 166.0 166.4740 3.071213e-05 16.89823 0.08321189  0.1398520657  0.003971369   6.250239e-03      0.0001774876         1  0.1465486432    0.001258681      4.503646e-03            3.868104e-05
110 2013-10-21 13:35:15    132 413.6 166.1 166.5778 3.071213e-05 17.00206 0.08321189  0.1443606565  0.003971465   6.451736e-03      0.0001774919         1  0.1483816788    0.001270186      4.559978e-03            3.903460e-05
111 2013-10-21 13:35:30    133 415.2 166.2 166.6816 3.071213e-05 17.10588 0.08321189  0.1488692473  0.003971561   6.653233e-03      0.0001774962         1  0.1500110437    0.001280563      4.610051e-03            3.935352e-05
112 2013-10-21 13:35:45    134 417.0 166.3 166.7855 3.071213e-05 17.20970 0.08321189  0.1533778381  0.003971659   6.854731e-03      0.0001775005         1  0.1518440793    0.001292404      4.666382e-03            3.971739e-05
113 2013-10-21 13:36:00    135 418.6 166.3 166.7893 3.071213e-05 17.21352 0.08321189  0.1535438323  0.003971662   6.862149e-03      0.0001775007         1  0.1534734443    0.001303072      4.716455e-03            4.004524e-05
114 2013-10-21 13:36:15    136 420.4 166.1 166.5931 3.071213e-05 17.01735 0.08321189  0.1450246332  0.003971479   6.481411e-03      0.0001774925         1  0.1553064798    0.001315231      4.772787e-03            4.041890e-05
115 2013-10-21 13:36:30    137 422.2 166.1 166.5969 3.071213e-05 17.02117 0.08321189  0.1451906274  0.003971482   6.488829e-03      0.0001774927         1  0.1571395154    0.001327552      4.829118e-03            4.079753e-05
116 2013-10-21 13:36:45    138 423.9 166.3 166.8007 3.071213e-05 17.22499 0.08321189  0.1540418149  0.003971673   6.884405e-03      0.0001775012         1  0.1588707157    0.001339333      4.882321e-03            4.115958e-05
117 2013-10-21 13:37:00    139 425.7 166.4 166.9046 3.071213e-05 17.32881 0.08321189  0.1585504057  0.003971771   7.085902e-03      0.0001775056         1  0.1607037513    0.001351956      4.938652e-03            4.154750e-05
118 2013-10-21 13:37:15    140 427.2 166.3 166.8084 3.071213e-05 17.23263 0.08321189  0.1543738032  0.003971680   6.899242e-03      0.0001775015         1  0.1622312809    0.001362589      4.985596e-03            4.187428e-05
119 2013-10-21 13:37:30    141 428.7 166.4 166.9122 3.071213e-05 17.33646 0.08321189  0.1588823940  0.003971778   7.100739e-03      0.0001775059         1  0.1637588106    0.001373323      5.032539e-03            4.220416e-05
120 2013-10-21 13:37:45    142 430.1 166.4 166.9160 3.071213e-05 17.34028 0.08321189  0.1590483882  0.003971782   7.108158e-03      0.0001775060         1  0.1651845049    0.001383431      5.076352e-03            4.251479e-05
121 2013-10-21 13:38:00    143 431.5 166.6 167.1199 3.071213e-05 17.54410 0.08321189  0.1678995757  0.003971976   7.503733e-03      0.0001775147         1  0.1666101992    0.001393623      5.120166e-03            4.282800e-05
122 2013-10-21 13:38:15    144 433.0 166.5 167.0237 3.071213e-05 17.44792 0.08321189  0.1637229732  0.003971884   7.317073e-03      0.0001775106         1  0.1681377289    0.001404635      5.167109e-03            4.316640e-05
123 2013-10-21 13:38:30    145 434.6 166.6 167.1275 3.071213e-05 17.55175 0.08321189  0.1682315640  0.003971983   7.518570e-03      0.0001775150         1  0.1697670938    0.001416482      5.217182e-03            4.353048e-05
124 2013-10-21 13:38:45    146 436.0 166.6 167.1313 3.071213e-05 17.55557 0.08321189  0.1683975582  0.003971987   7.525989e-03      0.0001775152         1  0.1711927882    0.001426932      5.260995e-03            4.385164e-05
125 2013-10-21 13:39:00    147 437.3 166.7 167.2351 3.071213e-05 17.65939 0.08321189  0.1729061490  0.003972086   7.727486e-03      0.0001775197         1  0.1725166472    0.001436705      5.301679e-03            4.415196e-05
126 2013-10-21 13:39:15    148 438.6 166.7 167.2390 3.071213e-05 17.66321 0.08321189  0.1730721432  0.003972090   7.734904e-03      0.0001775198         1  0.1738405062    0.001446542      5.342363e-03            4.445428e-05
127 2013-10-21 13:39:30    149 440.0 166.5 167.0428 3.071213e-05 17.46704 0.08321189  0.1645529441  0.003971902   7.354166e-03      0.0001775114         1  0.1752662006    0.001457208      5.386177e-03            4.478204e-05
128 2013-10-21 13:39:45    150 441.2 166.6 167.1466 3.071213e-05 17.57086 0.08321189  0.1690615349  0.003972001   7.555663e-03      0.0001775159         1  0.1764882243    0.001466407      5.423732e-03            4.506474e-05
129 2013-10-21 13:40:00    151 442.6 166.7 167.2504 3.071213e-05 17.67468 0.08321189  0.1735701257  0.003972101   7.757160e-03      0.0001775203         1  0.1779139186    0.001477204      5.467545e-03            4.539656e-05
130 2013-10-21 13:40:15    152 443.6 166.6 167.1543 3.071213e-05 17.57850 0.08321189  0.1693935233  0.003972009   7.570500e-03      0.0001775162         1  0.1789322717    0.001484959      5.498841e-03            4.563489e-05
131 2013-10-21 13:40:30    153 444.8 166.8 167.3581 3.071213e-05 17.78233 0.08321189  0.1782447107  0.003972205   7.966076e-03      0.0001775250         1  0.1801542954    0.001494311      5.536395e-03            4.592228e-05
132 2013-10-21 13:40:45    154 446.2 166.9 167.4619 3.071213e-05 17.88615 0.08321189  0.1827533016  0.003972306   8.167573e-03      0.0001775295         1  0.1815799898    0.001505284      5.580209e-03            4.625948e-05
133 2013-10-21 13:41:00    155 447.6 166.9 167.4657 3.071213e-05 17.88997 0.08321189  0.1829192957  0.003972310   8.174991e-03      0.0001775296         1  0.1830056841    0.001516321      5.624022e-03            4.659869e-05
134 2013-10-21 13:41:15    156 449.4 166.9 167.4695 3.071213e-05 17.89379 0.08321189  0.1830852899  0.003972314   8.182410e-03      0.0001775298         1  0.1848387197    0.001530606      5.680354e-03            4.703769e-05
135 2013-10-21 13:41:30    157 450.7 166.8 167.3734 3.071213e-05 17.79762 0.08321189  0.1789086875  0.003972220   7.995750e-03      0.0001775256         1  0.1861625787    0.001540988      5.721038e-03            4.735672e-05
136 2013-10-21 13:41:45    158 452.2 167.0 167.5772 3.071213e-05 18.00144 0.08321189  0.1877598749  0.003972419   8.391325e-03      0.0001775345         1  0.1876901084    0.001553031      5.767981e-03            4.772683e-05
137 2013-10-21 13:42:00    159 453.4 167.1 167.6810 3.071213e-05 18.10526 0.08321189  0.1922684657  0.003972521   8.592822e-03      0.0001775391         1  0.1889121321    0.001562715      5.805536e-03            4.802443e-05
138 2013-10-21 13:42:15    160 454.9 167.1 167.6848 3.071213e-05 18.10908 0.08321189  0.1924344599  0.003972525   8.600241e-03      0.0001775393         1  0.1904396617    0.001574880      5.852479e-03            4.839829e-05
139 2013-10-21 13:42:30    161 456.4 167.2 167.7887 3.071213e-05 18.21291 0.08321189  0.1969430507  0.003972628   8.801738e-03      0.0001775439         1  0.1919671914    0.001587111      5.899422e-03            4.877415e-05
140 2013-10-21 13:42:45    162 458.0 167.3 167.8925 3.071213e-05 18.31673 0.08321189  0.2014516415  0.003972731   9.003235e-03      0.0001775485         1  0.1935965563    0.001600228      5.949495e-03            4.917725e-05
141 2013-10-21 13:43:00    163 459.3 167.3 167.8963 3.071213e-05 18.32055 0.08321189  0.2016176357  0.003972735   9.010654e-03      0.0001775487         1  0.1949204154    0.001610937      5.990179e-03            4.950637e-05
142 2013-10-21 13:43:15    164 460.5 167.3 167.9001 3.071213e-05 18.32437 0.08321189  0.2017836299  0.003972739   9.018072e-03      0.0001775488         1  0.1961424391    0.001620864      6.027733e-03            4.981143e-05
143 2013-10-21 13:43:30    165 461.9 167.3 167.9039 3.071213e-05 18.32820 0.08321189  0.2019496241  0.003972743   9.025491e-03      0.0001775490         1  0.1975681334    0.001632494      6.071547e-03            5.016882e-05
144 2013-10-21 13:43:45    166 463.1 167.5 168.1078 3.071213e-05 18.53202 0.08321189  0.2108008115  0.003972948   9.421066e-03      0.0001775582         1  0.1987901571    0.001642503      6.109101e-03            5.047642e-05
145 2013-10-21 13:44:00    167 464.5 167.4 168.0116 3.071213e-05 18.43584 0.08321189  0.2066242091  0.003972851   9.234406e-03      0.0001775538         1  0.2002158515    0.001654227      6.152915e-03            5.083671e-05
146 2013-10-21 13:44:15    168 465.5 167.6 168.2154 3.071213e-05 18.63966 0.08321189  0.2154753965  0.003973057   9.629982e-03      0.0001775630         1  0.2012342046    0.001662631      6.184210e-03            5.109499e-05
147 2013-10-21 13:44:30    169 466.5 167.5 168.1192 3.071213e-05 18.54349 0.08321189  0.2112987941  0.003972959   9.443322e-03      0.0001775587         1  0.2022525577    0.001671060      6.215506e-03            5.135403e-05
148 2013-10-21 13:44:45    170 467.9 167.3 167.9231 3.071213e-05 18.34731 0.08321189  0.2027795950  0.003972762   9.062584e-03      0.0001775498         1  0.2036782520    0.001682902      6.259319e-03            5.171794e-05
149 2013-10-21 13:45:00    171 469.5 167.4 168.0269 3.071213e-05 18.45113 0.08321189  0.2072881858  0.003972866   9.264081e-03      0.0001775545         1  0.2053076170    0.001696492      6.309392e-03            5.213560e-05
150 2013-10-21 13:45:15    172 470.8 167.4 168.0307 3.071213e-05 18.45495 0.08321189  0.2074541800  0.003972870   9.271499e-03      0.0001775547         1  0.2066314760    0.001707579      6.350076e-03            5.247629e-05
151 2013-10-21 13:45:30    173 472.3 167.4 168.0345 3.071213e-05 18.45878 0.08321189  0.2076201742  0.003972874   9.278918e-03      0.0001775548         1  0.2081590056    0.001720418      6.397019e-03            5.287088e-05
152 2013-10-21 13:45:45    174 473.4 167.5 168.1384 3.071213e-05 18.56260 0.08321189  0.2121287650  0.003972979   9.480415e-03      0.0001775595         1  0.2092791940    0.001729866      6.431444e-03            5.316122e-05
153 2013-10-21 13:46:00    175 474.7 167.5 168.1422 3.071213e-05 18.56642 0.08321189  0.2122947592  0.003972982   9.487833e-03      0.0001775597         1  0.2106030531    0.001741066      6.472128e-03            5.350541e-05
154 2013-10-21 13:46:15    176 476.1 167.3 167.9460 3.071213e-05 18.37024 0.08321189  0.2037755601  0.003972785   9.107095e-03      0.0001775509         1  0.2120287474    0.001753168      6.515942e-03            5.387733e-05
155 2013-10-21 13:46:30    177 477.4 167.3 167.9498 3.071213e-05 18.37407 0.08321189  0.2039415543  0.003972789   9.114514e-03      0.0001775510         1  0.2133526064    0.001764443      6.556626e-03            5.422381e-05
156 2013-10-21 13:46:45    178 478.8 167.5 168.1536 3.071213e-05 18.57789 0.08321189  0.2127927417  0.003972994   9.510089e-03      0.0001775602         1  0.2147783008    0.001776624      6.600439e-03            5.459816e-05
157 2013-10-21 13:47:00    179 480.2 167.4 168.0575 3.071213e-05 18.48171 0.08321189  0.2086161393  0.003972897   9.323429e-03      0.0001775559         1  0.2162039951    0.001788845      6.644253e-03            5.497372e-05
158 2013-10-21 13:47:15    180 481.4 167.4 168.0613 3.071213e-05 18.48553 0.08321189  0.2087821334  0.003972901   9.330848e-03      0.0001775561         1  0.2174260188    0.001799351      6.681808e-03            5.529658e-05
159 2013-10-21 13:47:30    181 482.7 167.2 167.8651 3.071213e-05 18.28936 0.08321189  0.2002629344  0.003972704   8.950109e-03      0.0001775473         1  0.2187498778    0.001810764      6.722492e-03            5.564733e-05
160 2013-10-21 13:47:45    182 483.7 167.3 167.9689 3.071213e-05 18.39318 0.08321189  0.2047715252  0.003972808   9.151606e-03      0.0001775519         1  0.2197682309    0.001819566      6.753787e-03            5.591781e-05
161 2013-10-21 13:48:00    183 484.8 167.4 168.0728 3.071213e-05 18.49700 0.08321189  0.2092801160  0.003972912   9.353104e-03      0.0001775566         1  0.2208884194    0.001829269      6.788212e-03            5.621601e-05
162 2013-10-21 13:48:15    184 485.7 167.3 167.9766 3.071213e-05 18.40082 0.08321189  0.2051035135  0.003972816   9.166444e-03      0.0001775522         1  0.2218049371    0.001837225      6.816378e-03            5.646050e-05
163 2013-10-21 13:48:30    185 486.7 167.5 168.1804 3.071213e-05 18.60465 0.08321189  0.2139547010  0.003973021   9.562019e-03      0.0001775614         1  0.2228232902    0.001846082      6.847673e-03            5.673270e-05
164 2013-10-21 13:48:45    186 488.1 167.5 168.1842 3.071213e-05 18.60847 0.08321189  0.2141206952  0.003973025   9.569438e-03      0.0001775616         1  0.2242489846    0.001858513      6.891487e-03            5.711471e-05
165 2013-10-21 13:49:00    187 489.4 167.4 168.0880 3.071213e-05 18.51229 0.08321189  0.2099440927  0.003972928   9.382778e-03      0.0001775573         1  0.2255728436    0.001870086      6.932171e-03            5.747038e-05
166 2013-10-21 13:49:15    188 490.5 167.4 168.0919 3.071213e-05 18.51611 0.08321189  0.2101100869  0.003972932   9.390196e-03      0.0001775574         1  0.2266930320    0.001879902      6.966596e-03            5.777205e-05
167 2013-10-21 13:49:30    189 491.6 167.8 168.4957 3.071213e-05 18.91994 0.08321189  0.2276464676  0.003973344   1.017393e-02      0.0001775759         1  0.2278132204    0.001889739      7.001021e-03            5.807434e-05
168 2013-10-21 13:49:45    190 492.7 167.8 168.4995 3.071213e-05 18.92376 0.08321189  0.2278124618  0.003973348   1.018135e-02      0.0001775760         1  0.2289334088    0.001899596      7.035446e-03            5.837727e-05
169 2013-10-21 13:50:00    191 493.9 167.8 168.5033 3.071213e-05 18.92758 0.08321189  0.2279784560  0.003973352   1.018877e-02      0.0001775762         1  0.2301554325    0.001910373      7.073000e-03            5.870844e-05
170 2013-10-21 13:50:15    192 495.0 167.7 168.4072 3.071213e-05 18.83140 0.08321189  0.2238018535  0.003973253   1.000211e-02      0.0001775718         1  0.2312756210    0.001920271      7.107425e-03            5.901264e-05
171 2013-10-21 13:50:30    193 496.0 167.6 168.3110 3.071213e-05 18.73523 0.08321189  0.2196252511  0.003973154   9.815446e-03      0.0001775674         1  0.2322939740    0.001929287      7.138721e-03            5.928971e-05
172 2013-10-21 13:50:45    194 497.0 167.5 168.2148 3.071213e-05 18.63905 0.08321189  0.2154486486  0.003973056   9.628786e-03      0.0001775630         1  0.2333123271    0.001938319      7.170016e-03            5.956727e-05
173 2013-10-21 13:51:00    195 498.2 167.5 168.2186 3.071213e-05 18.64287 0.08321189  0.2156146428  0.003973060   9.636205e-03      0.0001775632         1  0.2345343509    0.001949177      7.207571e-03            5.990096e-05
174 2013-10-21 13:51:15    196 499.2 167.6 168.3224 3.071213e-05 18.74669 0.08321189  0.2201232336  0.003973166   9.837702e-03      0.0001775679         1  0.2355527040    0.001958243      7.238866e-03            6.017956e-05
175 2013-10-21 13:51:30    197 500.5 167.6 168.3263 3.071213e-05 18.75052 0.08321189  0.2202892278  0.003973170   9.845120e-03      0.0001775681         1  0.2368765630    0.001970051      7.279550e-03            6.054244e-05
176 2013-10-21 13:51:45    198 501.7 167.7 168.4301 3.071213e-05 18.85434 0.08321189  0.2247978186  0.003973276   1.004662e-02      0.0001775728         1  0.2380985867    0.001980973      7.317105e-03            6.087809e-05
177 2013-10-21 13:52:00    199 502.8 167.6 168.3339 3.071213e-05 18.75816 0.08321189  0.2206212162  0.003973178   9.859958e-03      0.0001775684         1  0.2392187751    0.001991003      7.351530e-03            6.118634e-05
178 2013-10-21 13:52:15    200 504.0 167.7 168.4377 3.071213e-05 18.86198 0.08321189  0.2251298070  0.003973284   1.006145e-02      0.0001775732         1  0.2404407988    0.002001966      7.389084e-03            6.152322e-05
179 2013-10-21 13:52:30    201 505.3 167.7 168.4416 3.071213e-05 18.86581 0.08321189  0.2252958012  0.003973288   1.006887e-02      0.0001775734         1  0.2417646579    0.002013864      7.429768e-03            6.188888e-05
180 2013-10-21 13:52:45    202 506.6 167.6 168.3454 3.071213e-05 18.76963 0.08321189  0.2211191987  0.003973189   9.882213e-03      0.0001775690         1  0.2430885169    0.002025786      7.470452e-03            6.225526e-05
181 2013-10-21 13:53:00    203 508.1 167.6 168.3492 3.071213e-05 18.77345 0.08321189  0.2212851929  0.003973193   9.889632e-03      0.0001775691         1  0.2446160465    0.002039571      7.517395e-03            6.267890e-05
182 2013-10-21 13:53:15    204 509.3 167.4 168.1530 3.071213e-05 18.57727 0.08321189  0.2127659938  0.003972993   9.508894e-03      0.0001775602         1  0.2458380703    0.002050621      7.554950e-03            6.301847e-05
183 2013-10-21 13:53:30    205 510.5 167.5 168.2568 3.071213e-05 18.68110 0.08321189  0.2172745846  0.003973099   9.710391e-03      0.0001775649         1  0.2470600940    0.002061690      7.592504e-03            6.335863e-05
184 2013-10-21 13:53:45    206 511.8 167.5 168.2607 3.071213e-05 18.68492 0.08321189  0.2174405788  0.003973103   9.717809e-03      0.0001775651         1  0.2483839530    0.002073702      7.633188e-03            6.372778e-05
185 2013-10-21 13:54:00    207 512.8 167.5 168.2645 3.071213e-05 18.68874 0.08321189  0.2176065730  0.003973107   9.725228e-03      0.0001775653         1  0.2494023061    0.002082957      7.664484e-03            6.401219e-05
186 2013-10-21 13:54:15    208 514.1 167.4 168.1683 3.071213e-05 18.59256 0.08321189  0.2134299706  0.003973009   9.538568e-03      0.0001775609         1  0.2507261651    0.002095007      7.705168e-03            6.438251e-05
187 2013-10-21 13:54:30    209 515.4 167.2 167.9721 3.071213e-05 18.39638 0.08321189  0.2049107715  0.003972811   9.157830e-03      0.0001775520         1  0.2520500242    0.002107078      7.745852e-03            6.475347e-05
188 2013-10-21 13:54:45    210 516.3 167.5 168.2760 3.071213e-05 18.70021 0.08321189  0.2181045556  0.003973118   9.747484e-03      0.0001775658         1  0.2529665419    0.002115447      7.774018e-03            6.501066e-05
189 2013-10-21 13:55:00    211 517.8 167.5 168.2798 3.071213e-05 18.70403 0.08321189  0.2182705497  0.003973122   9.754902e-03      0.0001775660         1  0.2544940716    0.002129416      7.820961e-03            6.543996e-05
190 2013-10-21 13:55:15    212 519.1 167.5 168.2836 3.071213e-05 18.70785 0.08321189  0.2184365439  0.003973126   9.762321e-03      0.0001775661         1  0.2558179306    0.002141545      7.861645e-03            6.581269e-05
191 2013-10-21 13:55:30    213 520.7 167.7 168.4874 3.071213e-05 18.91167 0.08321189  0.2272877314  0.003973335   1.015790e-02      0.0001775755         1  0.2574472956    0.002156499      7.911718e-03            6.627226e-05
192 2013-10-21 13:55:45    214 522.1 167.5 168.2912 3.071213e-05 18.71550 0.08321189  0.2187685323  0.003973134   9.777158e-03      0.0001775665         1  0.2588729899    0.002169608      7.955531e-03            6.667511e-05
193 2013-10-21 13:56:00    215 523.2 167.5 168.2951 3.071213e-05 18.71932 0.08321189  0.2189345265  0.003973138   9.784576e-03      0.0001775667         1  0.2599931783    0.002179923      7.989956e-03            6.699211e-05
194 2013-10-21 13:56:15    216 524.6 167.5 168.2989 3.071213e-05 18.72314 0.08321189  0.2191005207  0.003973142   9.791995e-03      0.0001775668         1  0.2614188727    0.002193071      8.033770e-03            6.739615e-05
195 2013-10-21 13:56:30    217 525.9 167.6 168.4027 3.071213e-05 18.82696 0.08321189  0.2236091115  0.003973248   9.993492e-03      0.0001775716         1  0.2627427317    0.002205298      8.074454e-03            6.777191e-05
196 2013-10-21 13:56:45    218 527.1 167.7 168.5065 3.071213e-05 18.93079 0.08321189  0.2281177023  0.003973355   1.019499e-02      0.0001775764         1  0.2639647554    0.002216601      8.112008e-03            6.811926e-05
197 2013-10-21 13:57:00    219 528.4 167.5 168.3104 3.071213e-05 18.73461 0.08321189  0.2195985032  0.003973154   9.814251e-03      0.0001775674         1  0.2652886144    0.002228862      8.152693e-03            6.849607e-05
198 2013-10-21 13:57:15    220 529.7 167.5 168.3142 3.071213e-05 18.73843 0.08321189  0.2197644974  0.003973157   9.821669e-03      0.0001775675         1  0.2666124735    0.002241141      8.193377e-03            6.887342e-05
199 2013-10-21 13:57:30    221 531.2 167.4 168.2180 3.071213e-05 18.64225 0.08321189  0.2155878949  0.003973059   9.635009e-03      0.0001775631         1  0.2681400031    0.002255330      8.240320e-03            6.930947e-05
200 2013-10-21 13:57:45    222 532.4 167.4 168.2218 3.071213e-05 18.64608 0.08321189  0.2157538891  0.003973063   9.642428e-03      0.0001775633         1  0.2693620268    0.002266697      8.277874e-03            6.965880e-05
201 2013-10-21 13:58:00    223 533.8 167.7 168.5257 3.071213e-05 18.94990 0.08321189  0.2289476732  0.003973375   1.023208e-02      0.0001775772         1  0.2707877212    0.002279977      8.321688e-03            7.006691e-05
202 2013-10-21 13:58:15    224 535.2 167.7 168.5295 3.071213e-05 18.95372 0.08321189  0.2291136674  0.003973379   1.023950e-02      0.0001775774         1  0.2722134155    0.002293276      8.365501e-03            7.047559e-05
203 2013-10-21 13:58:30    225 536.9 167.6 168.4333 3.071213e-05 18.85754 0.08321189  0.2249370649  0.003973280   1.005284e-02      0.0001775730         1  0.2739446158    0.002309449      8.418704e-03            7.097261e-05
204 2013-10-21 13:58:45    226 538.3 167.6 168.4371 3.071213e-05 18.86137 0.08321189  0.2251030591  0.003973283   1.006026e-02      0.0001775732         1  0.2753703101    0.002322788      8.462517e-03            7.138253e-05
205 2013-10-21 13:59:00    227 539.5 167.6 168.4409 3.071213e-05 18.86519 0.08321189  0.2252690533  0.003973287   1.006768e-02      0.0001775733         1  0.2765923338    0.002334235      8.500072e-03            7.173433e-05
206 2013-10-21 13:59:15    228 540.7 167.7 168.5448 3.071213e-05 18.96901 0.08321189  0.2297776441  0.003973395   1.026917e-02      0.0001775781         1  0.2778143575    0.002345696      8.537626e-03            7.208653e-05
207 2013-10-21 13:59:30    229 541.8 168.0 168.8486 3.071213e-05 19.27283 0.08321189  0.2429714282  0.003973711   1.085883e-02      0.0001775923         1  0.2789345459    0.002356212      8.572051e-03            7.240972e-05
208 2013-10-21 13:59:45    230 543.2 167.9 168.7524 3.071213e-05 19.17666 0.08321189  0.2387948257  0.003973611   1.067217e-02      0.0001775878         1  0.2803602403    0.002369612      8.615865e-03            7.282151e-05
209 2013-10-21 14:00:00    231 544.4 168.1 168.9562 3.071213e-05 19.38048 0.08321189  0.2476460132  0.003973825   1.106774e-02      0.0001775974         1  0.2815822640    0.002381111      8.653419e-03            7.317489e-05
210 2013-10-21 14:00:15    232 545.4 168.1 168.9601 3.071213e-05 19.38430 0.08321189  0.2478120073  0.003973829   1.107516e-02      0.0001775975         1  0.2826006171    0.002390703      8.684715e-03            7.346966e-05
211 2013-10-21 14:00:30    233 546.4 168.0 168.8639 3.071213e-05 19.28812 0.08321189  0.2436354049  0.003973727   1.088850e-02      0.0001775930         1  0.2836189702    0.002400303      8.716010e-03            7.376469e-05
212 2013-10-21 14:00:45    234 547.7 168.1 168.9677 3.071213e-05 19.39195 0.08321189  0.2481439957  0.003973837   1.109000e-02      0.0001775979         1  0.2849428292    0.002412795      8.756694e-03            7.414859e-05
213 2013-10-21 14:01:00    235 548.8 168.4 169.2715 3.071213e-05 19.69577 0.08321189  0.2613377798  0.003974161   1.167965e-02      0.0001776124         1  0.2860630176    0.002423376      8.791119e-03            7.447377e-05
214 2013-10-21 14:01:15    236 549.8 168.3 169.1753 3.071213e-05 19.59959 0.08321189  0.2571611773  0.003974058   1.149299e-02      0.0001776078         1  0.2870813707    0.002433004      8.822415e-03            7.476964e-05
215 2013-10-21 14:01:30    237 550.8 168.2 169.0792 3.071213e-05 19.50341 0.08321189  0.2529845749  0.003973955   1.130633e-02      0.0001776032         1  0.2880997238    0.002442640      8.853710e-03            7.506575e-05
216 2013-10-21 14:01:45    238 551.8 168.2 169.0830 3.071213e-05 19.50724 0.08321189  0.2531505691  0.003973959   1.131375e-02      0.0001776034         1  0.2891180769    0.002452283      8.885005e-03            7.536211e-05
217 2013-10-21 14:02:00    239 552.5 168.2 169.0868 3.071213e-05 19.51106 0.08321189  0.2533165633  0.003973963   1.132117e-02      0.0001776035         1  0.2898309241    0.002459038      8.906912e-03            7.556969e-05
218 2013-10-21 14:02:15    240 553.2 168.4 169.2906 3.071213e-05 19.71488 0.08321189  0.2621677507  0.003974181   1.171675e-02      0.0001776133         1  0.2905437713    0.002465797      8.928819e-03            7.577740e-05
219 2013-10-21 14:02:30    241 554.4 168.5 169.3945 3.071213e-05 19.81870 0.08321189  0.2666763415  0.003974293   1.191824e-02      0.0001776183         1  0.2917657950    0.002477391      8.966374e-03            7.613373e-05
220 2013-10-21 14:02:45    242 555.5 168.3 169.1983 3.071213e-05 19.62253 0.08321189  0.2581571424  0.003974082   1.153751e-02      0.0001776089         1  0.2928859834    0.002488030      9.000799e-03            7.646065e-05
221 2013-10-21 14:03:00    243 556.3 168.1 169.0021 3.071213e-05 19.42635 0.08321189  0.2496379434  0.003973873   1.115677e-02      0.0001775995         1  0.2937006659    0.002495772      9.025835e-03            7.669859e-05
222 2013-10-21 14:03:15    244 557.4 168.0 168.9059 3.071213e-05 19.33017 0.08321189  0.2454613409  0.003973772   1.097011e-02      0.0001775950         1  0.2948208543    0.002506426      9.060260e-03            7.702599e-05
223 2013-10-21 14:03:30    245 558.3 168.3 169.2097 3.071213e-05 19.63399 0.08321189  0.2586551250  0.003974094   1.155976e-02      0.0001776094         1  0.2957373721    0.002515149      9.088426e-03            7.729406e-05
224 2013-10-21 14:03:45    246 559.0 168.2 169.1136 3.071213e-05 19.53782 0.08321189  0.2544785225  0.003973992   1.137310e-02      0.0001776048         1  0.2964502192    0.002521937      9.110332e-03            7.750268e-05
225 2013-10-21 14:04:00    247 559.7 168.1 169.0174 3.071213e-05 19.44164 0.08321189  0.2503019201  0.003973890   1.118644e-02      0.0001776002         1  0.2971630664    0.002528729      9.132239e-03            7.771141e-05
226 2013-10-21 14:04:15    248 560.4 168.4 169.3212 3.071213e-05 19.74546 0.08321189  0.2634957042  0.003974214   1.177610e-02      0.0001776148         1  0.2978759136    0.002535525      9.154146e-03            7.792024e-05
227 2013-10-21 14:04:30    249 561.6 168.5 169.4250 3.071213e-05 19.84928 0.08321189  0.2680042950  0.003974326   1.197759e-02      0.0001776198         1  0.2990979373    0.002547182      9.191701e-03            7.827849e-05
228 2013-10-21 14:04:45    250 562.4 168.5 169.4289 3.071213e-05 19.85311 0.08321189  0.2681702891  0.003974330   1.198501e-02      0.0001776199         1  0.2999126198    0.002554959      9.216737e-03            7.851749e-05
229 2013-10-21 14:05:00    251 563.2 168.5 169.4327 3.071213e-05 19.85693 0.08321189  0.2683362833  0.003974334   1.199243e-02      0.0001776201         1  0.3007273022    0.002562741      9.241773e-03            7.875662e-05
230 2013-10-21 14:05:15    252 564.1 168.5 169.4365 3.071213e-05 19.86075 0.08321189  0.2685022775  0.003974339   1.199985e-02      0.0001776203         1  0.3016438200    0.002571500      9.269939e-03            7.902581e-05
231 2013-10-21 14:05:30    253 564.8 168.5 169.4403 3.071213e-05 19.86457 0.08321189  0.2686682717  0.003974343   1.200727e-02      0.0001776205         1  0.3023566672    0.002578316      9.291846e-03            7.923529e-05
232 2013-10-21 14:05:45    254 565.7 168.6 169.5441 3.071213e-05 19.96840 0.08321189  0.2731768625  0.003974456   1.220876e-02      0.0001776255         1  0.3032731850    0.002587085      9.320012e-03            7.950477e-05
233 2013-10-21 14:06:00    255 566.7 168.4 169.3480 3.071213e-05 19.77222 0.08321189  0.2646576634  0.003974243   1.182803e-02      0.0001776160         1  0.3042915381    0.002596835      9.351307e-03            7.980438e-05
234 2013-10-21 14:06:15    256 568.0 168.5 169.4518 3.071213e-05 19.87604 0.08321189  0.2691662542  0.003974355   1.202952e-02      0.0001776211         1  0.3056153971    0.002609519      9.391991e-03            8.019418e-05
235 2013-10-21 14:06:30    257 568.8 168.5 169.4556 3.071213e-05 19.87986 0.08321189  0.2693322484  0.003974359   1.203694e-02      0.0001776212         1  0.3064300796    0.002617329      9.417028e-03            8.043422e-05
236 2013-10-21 14:06:45    258 569.6 168.7 169.6594 3.071213e-05 20.08369 0.08321189  0.2781834359  0.003974581   1.243252e-02      0.0001776312         1  0.3072447621    0.002625144      9.442064e-03            8.067438e-05
237 2013-10-21 14:07:00    259 570.5 168.7 169.6633 3.071213e-05 20.08751 0.08321189  0.2783494300  0.003974586   1.243993e-02      0.0001776314         1  0.3081612799    0.002633941      9.470230e-03            8.094472e-05
238 2013-10-21 14:07:15    260 571.2 168.7 169.6671 3.071213e-05 20.09133 0.08321189  0.2785154242  0.003974590   1.244735e-02      0.0001776315         1  0.3088741270    0.002640786      9.492137e-03            8.115508e-05

$dryleafvolt
            timestamp record LWSmV  SEmV    CSEmV     CSEmV.sd   loadmV  loadmV.sd
1 2013-10-21 13:07:00     19 264.4 163.3 163.3459 3.071213e-05 13.77012 0.08321189
2 2013-10-21 13:07:15     20 264.4 163.0 163.0497 3.071213e-05 13.47394 0.08321189
3 2013-10-21 13:07:30     21 264.4 163.3 163.3535 3.071213e-05 13.77776 0.08321189
4 2013-10-21 13:07:45     22 264.4 163.2 163.2573 3.071213e-05 13.68158 0.08321189
5 2013-10-21 13:08:00     23 264.4 163.2 163.2612 3.071213e-05 13.68541 0.08321189

$runtime
Time difference of 59.25 mins

$startcalibvolt
            timestamp record LWSmV  SEmV    CSEmV     CSEmV.sd   loadmV  loadmV.sd
1 2013-10-21 13:04:30      9 264.4 272.3 272.3076 3.071213e-05 122.7319 0.08321189
2 2013-10-21 13:04:45     10 264.4 272.3 272.3115 3.071213e-05 122.7357 0.08321189
3 2013-10-21 13:05:00     11 264.4 272.4 272.4153 3.071213e-05 122.8395 0.08321189
4 2013-10-21 13:05:15     12 264.4 272.2 272.2191 3.071213e-05 122.6434 0.08321189

$endcalibvolt
            timestamp record LWSmV  SEmV
1 2013-10-21 14:10:45    274 265.1 271.4
2 2013-10-21 14:11:00    275 265.1 271.4
3 2013-10-21 14:11:15    276 265.1 271.5
4 2013-10-21 14:11:30    277 265.1 271.4

$lastLWSvolt
[1] 572.3

$maxLWSvolt
[1] 572.7

$species
[1] "coastliveoak"

$trial
[1] "13"

$replicate
[1] "1"

$isvertical
[1] FALSE

$conversionfactor
         avg        stdev
1 0.04342597 1.472066e-05

$LWSwatermass
        avg       stdev
1 0.3408042 0.002557781

$dryleafmass
      avg       stdev
1 0.59397 0.001628527

$lwsmodel

Call:
lm(formula = LWSsurfacedensity ~ record, data = rd[rd$runfilter == 
    1, ])

Coefficients:
(Intercept)       record  
 -0.0015079    0.0000442  


$leafmodel

Call:
lm(formula = surfacedensity ~ record, data = rd[rd$runfilter == 
    1, ])

Coefficients:
(Intercept)       record  
 -1.411e-03    5.542e-05  


