$name
[1] "coastliveoak7"

$leafarea
[1] 29.34176

$startbasevolt
            timestamp record LWSmV  SEmV CSEmV CSEmV.sd      loadmV loadmV.sd
1 2013-08-20 11:17:30      2 263.1 149.7 149.7        0 0.106887755 0.1165219
2 2013-08-20 11:17:45      3 263.2 149.7 149.7        0 0.106887755 0.1165219
3 2013-08-20 11:18:00      4 263.2 149.7 149.7        0 0.106887755 0.1165219
4 2013-08-20 11:18:15      5 263.1 149.6 149.6        0 0.006887755 0.1165219

$endbasevolt
             timestamp record LWSmV  SEmV    CSEmV     CSEmV.sd        loadmV loadmV.sd
1  2013-08-20 12:17:00    240 265.1 148.7 149.7907 3.892598e-05  0.1976193919 0.1165219
2  2013-08-20 12:17:15    241 265.1 148.6 149.6954 3.892598e-05  0.1022608031 0.1165219
3  2013-08-20 12:17:30    242 265.1 148.7 149.8000 3.892598e-05  0.2069022143 0.1165219
4  2013-08-20 12:17:45    243 265.1 148.6 149.7047 3.892598e-05  0.1115436255 0.1165219
5  2013-08-20 12:18:00    244 265.1 148.7 149.8093 3.892598e-05  0.2161850368 0.1165219
6  2013-08-20 12:18:15    245 265.1 148.4 149.5139 3.892598e-05 -0.0791735520 0.1165219
7  2013-08-20 12:18:30    246 265.1 148.3 149.4186 3.892598e-05 -0.1745321408 0.1165219
8  2013-08-20 12:18:45    247 265.1 148.5 149.6232 3.892598e-05  0.0301092704 0.1165219
9  2013-08-20 12:19:00    248 265.1 148.4 149.5279 3.892598e-05 -0.0652493184 0.1165219
10 2013-08-20 12:19:15    249 265.0 148.4 149.5325 3.892598e-05 -0.0606079071 0.1165219
11 2013-08-20 12:19:30    250 264.9 148.5 149.6371 3.892598e-05  0.0440335041 0.1165219
12 2013-08-20 12:19:45    251 264.8 148.4 149.5418 3.892598e-05 -0.0513250847 0.1165219
13 2013-08-20 12:20:00    252 264.6 148.4 149.5464 3.892598e-05 -0.0466836735 0.1165219
14 2013-08-20 12:20:15    253 264.5 148.4 149.5511 3.892598e-05 -0.0420422622 0.1165219
15 2013-08-20 12:20:30    254 264.4 148.5 149.6557 3.892598e-05  0.0625991490 0.1165219
16 2013-08-20 12:20:45    255 264.4 148.5 149.6604 3.892598e-05  0.0672405602 0.1165219
17 2013-08-20 12:21:00    256 264.4 148.5 149.6650 3.892598e-05  0.0718819714 0.1165219
18 2013-08-20 12:21:15    257 264.4 148.3 149.4696 3.892598e-05 -0.1234766174 0.1165219
19 2013-08-20 12:21:30    258 264.4 148.4 149.5743 3.892598e-05 -0.0188352061 0.1165219
20 2013-08-20 12:21:45    259 264.4 148.4 149.5789 3.892598e-05 -0.0141937949 0.1165219
21 2013-08-20 12:22:00    260 264.4 148.4 149.5836 3.892598e-05 -0.0095523837 0.1165219
22 2013-08-20 12:22:15    261 264.4 148.5 149.6882 3.892598e-05  0.0950890275 0.1165219
23 2013-08-20 12:22:30    262 264.4 148.4 149.5928 3.892598e-05 -0.0002695613 0.1165219
24 2013-08-20 12:22:45    263 264.4 148.5 149.6975 3.892598e-05  0.1043718500 0.1165219
25 2013-08-20 12:23:00    264 264.4 148.5 149.7021 3.892598e-05  0.1090132612 0.1165219
26 2013-08-20 12:23:15    265 264.4 148.5 149.7068 3.892598e-05  0.1136546724 0.1165219
27 2013-08-20 12:23:30    266 264.4 148.5 149.7114 3.892598e-05  0.1182960836 0.1165219
28 2013-08-20 12:23:45    267 264.4 148.3 149.5160 3.892598e-05 -0.0770625052 0.1165219
29 2013-08-20 12:24:00    268 264.4 148.3 149.5207 3.892598e-05 -0.0724210939 0.1165219
30 2013-08-20 12:24:15    269 264.4 148.3 149.5253 3.892598e-05 -0.0677796827 0.1165219
31 2013-08-20 12:24:30    270 264.4 148.3 149.5300 3.892598e-05 -0.0631382715 0.1165219
32 2013-08-20 12:24:45    271 264.4 148.1 149.3346 3.892598e-05 -0.2584968603 0.1165219
33 2013-08-20 12:25:00    272 264.4 148.1 149.3393 3.892598e-05 -0.2538554491 0.1165219
34 2013-08-20 12:25:15    273 264.4 148.3 149.5439 3.892598e-05 -0.0492140378 0.1165219
35 2013-08-20 12:25:30    274 264.4 148.3 149.5485 3.892598e-05 -0.0445726266 0.1165219
36 2013-08-20 12:25:45    275 264.4 148.3 149.5532 3.892598e-05 -0.0399312154 0.1165219
37 2013-08-20 12:26:00    276 264.4 148.2 149.4578 3.892598e-05 -0.1352898042 0.1165219
38 2013-08-20 12:26:15    277 264.4 148.1 149.3625 3.892598e-05 -0.2306483930 0.1165219

$dryragvolt
            timestamp record LWSmV  SEmV    CSEmV     CSEmV.sd   loadmV loadmV.sd
1 2013-08-20 12:09:30    210 402.4 241.9 242.8515 3.892598e-05 93.25838 0.1165219
2 2013-08-20 12:09:45    211 401.6 241.8 242.7561 3.892598e-05 93.16302 0.1165219
3 2013-08-20 12:10:00    212 401.0 241.5 242.4608 3.892598e-05 92.86766 0.1165219

$wetragvolt
            timestamp record LWSmV  SEmV    CSEmV     CSEmV.sd   loadmV loadmV.sd
1 2013-08-20 12:10:45    215 266.4 245.9 246.8747 3.892598e-05 97.28158 0.1165219
2 2013-08-20 12:11:00    216 265.8 245.7 246.6793 3.892598e-05 97.08623 0.1165219
3 2013-08-20 12:11:15    217 265.4 245.0 245.9840 3.892598e-05 96.39087 0.1165219
4 2013-08-20 12:11:30    218 265.1 245.4 246.3886 3.892598e-05 96.79551 0.1165219
5 2013-08-20 12:11:45    219 265.1 245.2 246.1933 3.892598e-05 96.60015 0.1165219
6 2013-08-20 12:12:00    220 265.1 245.2 246.1979 3.892598e-05 96.60479 0.1165219
7 2013-08-20 12:12:15    221 265.1 245.0 246.0025 3.892598e-05 96.40943 0.1165219
8 2013-08-20 12:12:30    222 265.1 244.9 245.9072 3.892598e-05 96.31407 0.1165219

$rundata
              timestamp record LWSmV  SEmV    CSEmV     CSEmV.sd   loadmV loadmV.sd    watermass watermass.sd surfacedensity surfacedensity.sd runfilter      LWSwater LWSwater.stdev LWSsurfacedensity LWSsurfacedensity.stdev
1   2013-08-20 11:22:00     20 263.4 163.8 163.8696 3.892598e-05 14.27651 0.1165219 -0.007402811  0.005543987  -2.522961e-04      0.0001889453         0 -0.0045749565    0.001296735     -1.405949e-04            3.985048e-05
2   2013-08-20 11:22:15     21 263.6 164.0 164.0743 3.892598e-05 14.48115 0.1165219  0.001471057  0.005544116   5.013527e-05      0.0001889496         0 -0.0043712859    0.001295404     -1.343358e-04            3.980958e-05
3   2013-08-20 11:22:30     22 263.6 164.1 164.1789 3.892598e-05 14.58579 0.1165219  0.006008624  0.005544182   2.047806e-04      0.0001889519         0 -0.0043712859    0.001295404     -1.343358e-04            3.980958e-05
4   2013-08-20 11:22:45     23 263.7 163.9 163.9835 3.892598e-05 14.39043 0.1165219 -0.002462713  0.005544059  -8.393202e-05      0.0001889477         0 -0.0042694506    0.001294739     -1.312062e-04            3.978915e-05
5   2013-08-20 11:23:00     24 263.7 163.9 163.9882 3.892598e-05 14.39507 0.1165219 -0.002261448  0.005544061  -7.707266e-05      0.0001889478         0 -0.0042694506    0.001294739     -1.312062e-04            3.978915e-05
6   2013-08-20 11:23:15     25 263.7 163.9 163.9928 3.892598e-05 14.39972 0.1165219 -0.002060182  0.005544064  -7.021330e-05      0.0001889479         0 -0.0042694506    0.001294739     -1.312062e-04            3.978915e-05
7   2013-08-20 11:23:30     26 264.0 163.9 163.9975 3.892598e-05 14.40436 0.1165219 -0.001858916  0.005544067  -6.335395e-05      0.0001889480         0 -0.0039639447    0.001292748     -1.218176e-04            3.972797e-05
8   2013-08-20 11:23:45     27 264.5 164.0 164.1021 3.892598e-05 14.50900 0.1165219  0.002678651  0.005544133   9.129140e-05      0.0001889502         0 -0.0034547681    0.001289440     -1.061699e-04            3.962632e-05
9   2013-08-20 11:24:00     28 265.1 163.9 164.0068 3.892598e-05 14.41364 0.1165219 -0.001456385  0.005544073  -4.963524e-05      0.0001889482         0 -0.0028437563    0.001285489     -8.739263e-05            3.950488e-05
10  2013-08-20 11:24:15     29 265.1 164.0 164.1114 3.892598e-05 14.51828 0.1165219  0.003081182  0.005544139   1.050101e-04      0.0001889504         0 -0.0028437563    0.001285489     -8.739263e-05            3.950488e-05
11  2013-08-20 11:24:30     30 265.8 164.0 164.1160 3.892598e-05 14.52292 0.1165219  0.003282447  0.005544142   1.118695e-04      0.0001889505         0 -0.0021309091    0.001280903     -6.548584e-05            3.936394e-05
12  2013-08-20 11:24:45     31 266.3 164.0 164.1207 3.892598e-05 14.52756 0.1165219  0.003483713  0.005544145   1.187288e-04      0.0001889506         0 -0.0016217326    0.001277643     -4.983812e-05            3.926377e-05
13  2013-08-20 11:25:00     32 266.8 164.0 164.1253 3.892598e-05 14.53221 0.1165219  0.003684978  0.005544148   1.255882e-04      0.0001889507         0 -0.0011125560    0.001274397     -3.419041e-05            3.916402e-05
14  2013-08-20 11:25:15     33 267.4 164.2 164.3300 3.892598e-05 14.73685 0.1165219  0.012558847  0.005544278   4.280195e-04      0.0001889552         0 -0.0005015442    0.001270520     -1.541316e-05            3.904488e-05
15  2013-08-20 11:25:30     34 268.0 164.0 164.1346 3.892598e-05 14.54149 0.1165219  0.004087510  0.005544154   1.393069e-04      0.0001889509         0  0.0001094677    0.001266664      3.364097e-06            3.892635e-05
16  2013-08-20 11:25:45     35 268.6 164.2 164.3392 3.892598e-05 14.74613 0.1165219  0.012961378  0.005544284   4.417382e-04      0.0001889554         0  0.0007204796    0.001262827      2.214135e-05            3.880844e-05
17  2013-08-20 11:26:00     36 269.2 164.1 164.2439 3.892598e-05 14.65077 0.1165219  0.008826342  0.005544223   3.008116e-04      0.0001889533         0  0.0013314914    0.001259010      4.091861e-05            3.869116e-05
18  2013-08-20 11:26:15     37 269.9 164.3 164.4485 3.892598e-05 14.85541 0.1165219  0.017700211  0.005544355   6.032429e-04      0.0001889578         0  0.0020443386    0.001254584      6.282540e-05            3.855512e-05
19  2013-08-20 11:26:30     38 270.6 164.1 164.2532 3.892598e-05 14.66005 0.1165219  0.009228873  0.005544229   3.145303e-04      0.0001889535         0  0.0027571858    0.001250185      8.473220e-05            3.841995e-05
20  2013-08-20 11:26:45     39 271.3 164.2 164.3578 3.892598e-05 14.76470 0.1165219  0.013766440  0.005544296   4.691756e-04      0.0001889558         0  0.0034700329    0.001245815      1.066390e-04            3.828566e-05
21  2013-08-20 11:27:00     40 271.9 164.2 164.3624 3.892598e-05 14.76934 0.1165219  0.013967706  0.005544299   4.760350e-04      0.0001889559         0  0.0040810448    0.001242093      1.254163e-04            3.817126e-05
22  2013-08-20 11:27:15     41 272.6 164.2 164.3671 3.892598e-05 14.77398 0.1165219  0.014168972  0.005544302   4.828944e-04      0.0001889560         0  0.0047938920    0.001237777      1.473230e-04            3.803862e-05
23  2013-08-20 11:27:30     42 273.3 164.3 164.4717 3.892598e-05 14.87862 0.1165219  0.018706539  0.005544370   6.375397e-04      0.0001889583         0  0.0055067391    0.001233490      1.692298e-04            3.790688e-05
24  2013-08-20 11:27:45     43 274.0 164.3 164.4764 3.892598e-05 14.88326 0.1165219  0.018907804  0.005544373   6.443991e-04      0.0001889584         1  0.0062195863    0.001229233      1.911366e-04            3.777606e-05
25  2013-08-20 11:28:00     44 274.7 164.3 164.4810 3.892598e-05 14.88790 0.1165219  0.019109070  0.005544376   6.512584e-04      0.0001889585         1  0.0069324335    0.001225006      2.130434e-04            3.764615e-05
26  2013-08-20 11:28:15     45 275.4 164.5 164.6857 3.892598e-05 15.09254 0.1165219  0.027982938  0.005544509   9.536898e-04      0.0001889631         1  0.0076452806    0.001220809      2.349502e-04            3.751718e-05
27  2013-08-20 11:28:30     46 276.1 164.5 164.6903 3.892598e-05 15.09719 0.1165219  0.028184204  0.005544512   9.605491e-04      0.0001889632         1  0.0083581278    0.001216643      2.568570e-04            3.738915e-05
28  2013-08-20 11:28:45     47 276.8 164.4 164.5949 3.892598e-05 15.00183 0.1165219  0.024049168  0.005544450   8.196225e-04      0.0001889610         1  0.0090709750    0.001212508      2.787638e-04            3.726207e-05
29  2013-08-20 11:29:00     48 277.5 164.4 164.5996 3.892598e-05 15.00647 0.1165219  0.024250433  0.005544453   8.264818e-04      0.0001889611         1  0.0097838221    0.001208404      3.006706e-04            3.713595e-05
30  2013-08-20 11:29:15     49 278.2 164.6 164.8042 3.892598e-05 15.21111 0.1165219  0.033124302  0.005544587   1.128913e-03      0.0001889657         1  0.0104966693    0.001204332      3.225774e-04            3.701080e-05
31  2013-08-20 11:29:30     50 278.9 164.7 164.9089 3.892598e-05 15.31575 0.1165219  0.037661869  0.005544657   1.283559e-03      0.0001889681         1  0.0112095165    0.001200291      3.444842e-04            3.688663e-05
32  2013-08-20 11:29:45     51 279.6 164.8 165.0135 3.892598e-05 15.42039 0.1165219  0.042199436  0.005544727   1.438204e-03      0.0001889705         1  0.0119223636    0.001196283      3.663910e-04            3.676345e-05
33  2013-08-20 11:30:00     52 280.2 164.8 165.0181 3.892598e-05 15.42503 0.1165219  0.042400702  0.005544730   1.445063e-03      0.0001889706         1  0.0125333755    0.001192873      3.851683e-04            3.665867e-05
34  2013-08-20 11:30:15     53 280.9 164.7 164.9228 3.892598e-05 15.32968 0.1165219  0.038265666  0.005544666   1.304137e-03      0.0001889684         1  0.0132462227    0.001188926      4.070751e-04            3.653736e-05
35  2013-08-20 11:30:30     54 281.6 164.6 164.8274 3.892598e-05 15.23432 0.1165219  0.034130630  0.005544603   1.163210e-03      0.0001889663         1  0.0139590698    0.001185011      4.289819e-04            3.641706e-05
36  2013-08-20 11:30:45     55 282.3 164.6 164.8321 3.892598e-05 15.23896 0.1165219  0.034331895  0.005544606   1.170069e-03      0.0001889664         1  0.0146719170    0.001181130      4.508887e-04            3.629779e-05
37  2013-08-20 11:31:00     56 283.0 164.7 164.9367 3.892598e-05 15.34360 0.1165219  0.038869462  0.005544676   1.324715e-03      0.0001889687         1  0.0153847642    0.001177283      4.727955e-04            3.617957e-05
38  2013-08-20 11:31:15     57 283.7 164.6 164.8414 3.892598e-05 15.24824 0.1165219  0.034734427  0.005544612   1.183788e-03      0.0001889666         1  0.0160976113    0.001173470      4.947023e-04            3.606239e-05
39  2013-08-20 11:31:30     58 284.3 164.7 164.9460 3.892598e-05 15.35288 0.1165219  0.039271994  0.005544682   1.338433e-03      0.0001889689         1  0.0167086232    0.001170229      5.134795e-04            3.596280e-05
40  2013-08-20 11:31:45     59 285.1 164.7 164.9506 3.892598e-05 15.35752 0.1165219  0.039473259  0.005544685   1.345293e-03      0.0001889690         1  0.0175233057    0.001165948      5.385158e-04            3.583123e-05
41  2013-08-20 11:32:00     60 285.7 164.7 164.9553 3.892598e-05 15.36217 0.1165219  0.039674525  0.005544688   1.352152e-03      0.0001889692         1  0.0181343175    0.001162767      5.572931e-04            3.573347e-05
42  2013-08-20 11:32:15     61 286.5 164.9 165.1599 3.892598e-05 15.56681 0.1165219  0.048548393  0.005544826   1.654583e-03      0.0001889738         1  0.0189490000    0.001158567      5.823294e-04            3.560438e-05
43  2013-08-20 11:32:30     62 287.1 164.7 164.9646 3.892598e-05 15.37145 0.1165219  0.040077056  0.005544694   1.365871e-03      0.0001889694         1  0.0195600119    0.001155447      6.011067e-04            3.550851e-05
44  2013-08-20 11:32:45     63 287.8 164.8 165.0692 3.892598e-05 15.47609 0.1165219  0.044614623  0.005544764   1.520516e-03      0.0001889718         1  0.0202728590    0.001151841      6.230135e-04            3.539768e-05
45  2013-08-20 11:33:00     64 288.5 164.9 165.1738 3.892598e-05 15.58073 0.1165219  0.049152190  0.005544835   1.675161e-03      0.0001889742         1  0.0209857062    0.001148271      6.449203e-04            3.528798e-05
46  2013-08-20 11:33:15     65 289.2 165.0 165.2785 3.892598e-05 15.68537 0.1165219  0.053689757  0.005544906   1.829807e-03      0.0001889766         1  0.0216985534    0.001144738      6.668271e-04            3.517941e-05
47  2013-08-20 11:33:30     66 289.8 164.9 165.1831 3.892598e-05 15.59001 0.1165219  0.049554721  0.005544842   1.688880e-03      0.0001889744         1  0.0223095652    0.001141739      6.856043e-04            3.508725e-05
48  2013-08-20 11:33:45     67 290.5 164.8 165.0878 3.892598e-05 15.49466 0.1165219  0.045419685  0.005544777   1.547954e-03      0.0001889722         1  0.0230224124    0.001138276      7.075111e-04            3.498081e-05
49  2013-08-20 11:34:00     68 291.2 164.9 165.1924 3.892598e-05 15.59930 0.1165219  0.049957252  0.005544848   1.702599e-03      0.0001889746         1  0.0237352596    0.001134850      7.294179e-04            3.487553e-05
50  2013-08-20 11:34:15     69 291.8 164.8 165.0971 3.892598e-05 15.50394 0.1165219  0.045822216  0.005544783   1.561672e-03      0.0001889724         1  0.0243462714    0.001131943      7.481952e-04            3.478621e-05
51  2013-08-20 11:34:30     70 292.5 164.9 165.2017 3.892598e-05 15.60858 0.1165219  0.050359783  0.005544854   1.716318e-03      0.0001889748         1  0.0250591186    0.001128589      7.701020e-04            3.468312e-05
52  2013-08-20 11:34:45     71 293.2 165.1 165.4063 3.892598e-05 15.81322 0.1165219  0.059233652  0.005544994   2.018749e-03      0.0001889796         1  0.0257719658    0.001125272      7.920088e-04            3.458121e-05
53  2013-08-20 11:35:00     72 293.9 165.1 165.4110 3.892598e-05 15.81786 0.1165219  0.059434918  0.005544997   2.025608e-03      0.0001889797         1  0.0264848129    0.001121996      8.139156e-04            3.448050e-05
54  2013-08-20 11:35:15     73 294.6 164.9 165.2156 3.892598e-05 15.62250 0.1165219  0.050963580  0.005544864   1.736896e-03      0.0001889751         1  0.0271976601    0.001118758      8.358224e-04            3.438101e-05
55  2013-08-20 11:35:30     74 295.3 164.9 165.2203 3.892598e-05 15.62715 0.1165219  0.051164846  0.005544867   1.743755e-03      0.0001889752         1  0.0279105073    0.001115560      8.577292e-04            3.428274e-05
56  2013-08-20 11:35:45     75 296.0 165.1 165.4249 3.892598e-05 15.83179 0.1165219  0.060038714  0.005545007   2.046186e-03      0.0001889800         1  0.0286233544    0.001112403      8.796360e-04            3.418570e-05
57  2013-08-20 11:36:00     76 296.6 165.2 165.5295 3.892598e-05 15.93643 0.1165219  0.064576281  0.005545079   2.200832e-03      0.0001889825         1  0.0292343663    0.001109728      8.984132e-04            3.410351e-05
58  2013-08-20 11:36:15     77 297.4 165.2 165.5342 3.892598e-05 15.94107 0.1165219  0.064777547  0.005545082   2.207691e-03      0.0001889826         1  0.0300490488    0.001106209      9.234496e-04            3.399536e-05
59  2013-08-20 11:36:30     78 298.0 165.1 165.4388 3.892598e-05 15.84571 0.1165219  0.060642511  0.005545016   2.066764e-03      0.0001889803         1  0.0306600606    0.001103605      9.422268e-04            3.391534e-05
60  2013-08-20 11:36:45     79 298.7 165.0 165.3435 3.892598e-05 15.75035 0.1165219  0.056507475  0.005544951   1.925838e-03      0.0001889781         1  0.0313729078    0.001100605      9.641336e-04            3.382315e-05
61  2013-08-20 11:37:00     80 299.4 165.0 165.3481 3.892598e-05 15.75499 0.1165219  0.056708741  0.005544954   1.932697e-03      0.0001889782         1  0.0320857550    0.001097648      9.860404e-04            3.373225e-05
62  2013-08-20 11:37:15     81 300.1 165.0 165.3527 3.892598e-05 15.75964 0.1165219  0.056910006  0.005544957   1.939557e-03      0.0001889783         1  0.0327986021    0.001094732      1.007947e-03            3.364265e-05
63  2013-08-20 11:37:30     82 300.7 165.0 165.3574 3.892598e-05 15.76428 0.1165219  0.057111272  0.005544960   1.946416e-03      0.0001889784         1  0.0334096140    0.001092266      1.026724e-03            3.356689e-05
64  2013-08-20 11:37:45     83 301.4 165.2 165.5620 3.892598e-05 15.96892 0.1165219  0.065985140  0.005545102   2.248847e-03      0.0001889833         1  0.0341224612    0.001089430      1.048631e-03            3.347971e-05
65  2013-08-20 11:38:00     84 302.1 165.1 165.4667 3.892598e-05 15.87356 0.1165219  0.061850105  0.005545036   2.107921e-03      0.0001889810         1  0.0348353083    0.001086636      1.070538e-03            3.339387e-05
66  2013-08-20 11:38:15     85 302.8 165.0 165.3713 3.892598e-05 15.77820 0.1165219  0.057715069  0.005544970   1.966994e-03      0.0001889788         1  0.0355481555    0.001083886      1.092445e-03            3.330935e-05
67  2013-08-20 11:38:30     86 303.5 165.1 165.4760 3.892598e-05 15.88284 0.1165219  0.062252636  0.005545042   2.121639e-03      0.0001889812         1  0.0362610027    0.001081180      1.114352e-03            3.322619e-05
68  2013-08-20 11:38:45     87 304.2 164.9 165.2806 3.892598e-05 15.68748 0.1165219  0.053781298  0.005544908   1.832927e-03      0.0001889766         1  0.0369738499    0.001078518      1.136258e-03            3.314437e-05
69  2013-08-20 11:39:00     88 304.9 165.1 165.4852 3.892598e-05 15.89212 0.1165219  0.062655167  0.005545049   2.135358e-03      0.0001889814         1  0.0376866970    0.001075900      1.158165e-03            3.306392e-05
70  2013-08-20 11:39:15     89 305.6 165.0 165.3899 3.892598e-05 15.79677 0.1165219  0.058520131  0.005544983   1.994431e-03      0.0001889792         1  0.0383995442    0.001073327      1.180072e-03            3.298485e-05
71  2013-08-20 11:39:30     90 306.2 165.1 165.4945 3.892598e-05 15.90141 0.1165219  0.063057698  0.005545055   2.149077e-03      0.0001889817         1  0.0390105560    0.001071157      1.198849e-03            3.291817e-05
72  2013-08-20 11:39:45     91 306.9 165.2 165.5992 3.892598e-05 16.00605 0.1165219  0.067595265  0.005545128   2.303722e-03      0.0001889841         1  0.0397234032    0.001068668      1.220756e-03            3.284168e-05
73  2013-08-20 11:40:00     92 307.6 165.2 165.6038 3.892598e-05 16.01069 0.1165219  0.067796531  0.005545131   2.310581e-03      0.0001889842         1  0.0404362504    0.001066225      1.242663e-03            3.276659e-05
74  2013-08-20 11:40:15     93 308.5 165.1 165.5084 3.892598e-05 15.91533 0.1165219  0.063661495  0.005545065   2.169655e-03      0.0001889820         1  0.0413527682    0.001063151      1.270829e-03            3.267212e-05
75  2013-08-20 11:40:30     94 308.9 165.3 165.7131 3.892598e-05 16.11997 0.1165219  0.072535363  0.005545207   2.472086e-03      0.0001889869         1  0.0417601094    0.001061809      1.283347e-03            3.263089e-05
76  2013-08-20 11:40:45     95 309.7 165.3 165.7177 3.892598e-05 16.12461 0.1165219  0.072736629  0.005545211   2.478945e-03      0.0001889870         1  0.0425747919    0.001059171      1.308383e-03            3.254983e-05
77  2013-08-20 11:41:00     96 310.3 165.3 165.7224 3.892598e-05 16.12926 0.1165219  0.072937894  0.005545214   2.485805e-03      0.0001889871         1  0.0431858037    0.001057233      1.327161e-03            3.249027e-05
78  2013-08-20 11:41:15     97 311.1 165.2 165.6270 3.892598e-05 16.03390 0.1165219  0.068802859  0.005545147   2.344878e-03      0.0001889848         1  0.0440004862    0.001054703      1.352197e-03            3.241251e-05
79  2013-08-20 11:41:30     98 311.7 165.3 165.7317 3.892598e-05 16.13854 0.1165219  0.073340426  0.005545220   2.499524e-03      0.0001889873         1  0.0446114981    0.001052846      1.370974e-03            3.235544e-05
80  2013-08-20 11:41:45     99 312.4 165.3 165.7363 3.892598e-05 16.14318 0.1165219  0.073541691  0.005545224   2.506383e-03      0.0001889874         1  0.0453243453    0.001050724      1.392881e-03            3.229022e-05
81  2013-08-20 11:42:00    100 313.1 165.3 165.7409 3.892598e-05 16.14782 0.1165219  0.073742957  0.005545227   2.513242e-03      0.0001889875         1  0.0460371924    0.001048650      1.414788e-03            3.222648e-05
82  2013-08-20 11:42:15    101 313.8 165.3 165.7456 3.892598e-05 16.15246 0.1165219  0.073944222  0.005545230   2.520102e-03      0.0001889876         1  0.0467500396    0.001046624      1.436695e-03            3.216423e-05
83  2013-08-20 11:42:30    102 314.4 165.2 165.6502 3.892598e-05 16.05710 0.1165219  0.069809186  0.005545163   2.379175e-03      0.0001889854         1  0.0473610515    0.001044926      1.455472e-03            3.211205e-05
84  2013-08-20 11:42:45    103 315.2 165.1 165.5549 3.892598e-05 15.96175 0.1165219  0.065674151  0.005545097   2.238248e-03      0.0001889831         1  0.0481757339    0.001042718      1.480508e-03            3.204421e-05
85  2013-08-20 11:43:00    104 315.9 165.4 165.8595 3.892598e-05 16.26639 0.1165219  0.078884320  0.005545311   2.688466e-03      0.0001889904         1  0.0488885811    0.001040839      1.502415e-03            3.198646e-05
86  2013-08-20 11:43:15    105 316.6 165.3 165.7641 3.892598e-05 16.17103 0.1165219  0.074749285  0.005545243   2.547539e-03      0.0001889881         1  0.0496014283    0.001039009      1.524322e-03            3.193022e-05
87  2013-08-20 11:43:30    106 317.3 165.3 165.7688 3.892598e-05 16.17567 0.1165219  0.074950550  0.005545246   2.554398e-03      0.0001889882         1  0.0503142754    0.001037229      1.546229e-03            3.187552e-05
88  2013-08-20 11:43:45    107 318.0 165.4 165.8734 3.892598e-05 16.28031 0.1165219  0.079488117  0.005545320   2.709044e-03      0.0001889907         1  0.0510271226    0.001035499      1.568135e-03            3.182235e-05
89  2013-08-20 11:44:00    108 318.7 165.4 165.8781 3.892598e-05 16.28495 0.1165219  0.079689383  0.005545324   2.715903e-03      0.0001889908         1  0.0517399698    0.001033819      1.590042e-03            3.177072e-05
90  2013-08-20 11:44:15    109 319.4 165.5 165.9827 3.892598e-05 16.38959 0.1165219  0.084226950  0.005545398   2.870548e-03      0.0001889934         1  0.0524528169    0.001032190      1.611949e-03            3.172064e-05
91  2013-08-20 11:44:30    110 320.0 165.7 166.1873 3.892598e-05 16.59424 0.1165219  0.093100818  0.005545545   3.172980e-03      0.0001889984         1  0.0530638288    0.001030833      1.630726e-03            3.167895e-05
92  2013-08-20 11:44:45    111 320.7 165.6 166.0920 3.892598e-05 16.49888 0.1165219  0.088965782  0.005545476   3.032053e-03      0.0001889960         1  0.0537766760    0.001029298      1.652633e-03            3.163177e-05
93  2013-08-20 11:45:00    112 321.4 165.6 166.0966 3.892598e-05 16.50352 0.1165219  0.089167048  0.005545480   3.038912e-03      0.0001889961         1  0.0544895231    0.001027814      1.674540e-03            3.158616e-05
94  2013-08-20 11:45:15    113 322.1 165.6 166.1013 3.892598e-05 16.50816 0.1165219  0.089368314  0.005545483   3.045772e-03      0.0001889962         1  0.0552023703    0.001026381      1.696447e-03            3.154212e-05
95  2013-08-20 11:45:30    114 322.7 165.5 166.0059 3.892598e-05 16.41280 0.1165219  0.085233278  0.005545415   2.904845e-03      0.0001889939         1  0.0558133822    0.001025194      1.715224e-03            3.150564e-05
96  2013-08-20 11:45:45    115 323.4 165.5 166.0106 3.892598e-05 16.41744 0.1165219  0.085434543  0.005545418   2.911705e-03      0.0001889940         1  0.0565262293    0.001023857      1.737131e-03            3.146455e-05
97  2013-08-20 11:46:00    116 324.1 165.6 166.1152 3.892598e-05 16.52208 0.1165219  0.089972110  0.005545493   3.066350e-03      0.0001889966         1  0.0572390765    0.001022571      1.759037e-03            3.142506e-05
98  2013-08-20 11:46:15    117 324.9 165.6 166.1198 3.892598e-05 16.52673 0.1165219  0.090173376  0.005545496   3.073209e-03      0.0001889967         1  0.0580537590    0.001021166      1.784074e-03            3.138188e-05
99  2013-08-20 11:46:30    118 325.5 165.5 166.0245 3.892598e-05 16.43137 0.1165219  0.086038340  0.005545428   2.932283e-03      0.0001889944         1  0.0586647708    0.001020158      1.802851e-03            3.135088e-05
100 2013-08-20 11:46:45    119 326.2 165.7 166.2291 3.892598e-05 16.63601 0.1165219  0.094912209  0.005545575   3.234714e-03      0.0001889994         1  0.0593776180    0.001019029      1.824758e-03            3.131621e-05
101 2013-08-20 11:47:00    120 326.9 165.7 166.2338 3.892598e-05 16.64065 0.1165219  0.095113474  0.005545579   3.241573e-03      0.0001889995         1  0.0600904652    0.001017954      1.846665e-03            3.128315e-05
102 2013-08-20 11:47:15    121 327.6 165.6 166.1384 3.892598e-05 16.54529 0.1165219  0.090978438  0.005545510   3.100647e-03      0.0001889972         1  0.0608033123    0.001016931      1.868571e-03            3.125172e-05
103 2013-08-20 11:47:30    122 328.3 165.6 166.1430 3.892598e-05 16.54993 0.1165219  0.091179704  0.005545513   3.107506e-03      0.0001889973         1  0.0615161595    0.001015961      1.890478e-03            3.122192e-05
104 2013-08-20 11:47:45    123 329.0 165.7 166.2477 3.892598e-05 16.65457 0.1165219  0.095717271  0.005545589   3.262151e-03      0.0001889998         1  0.0622290067    0.001015045      1.912385e-03            3.119375e-05
105 2013-08-20 11:48:00    124 330.0 165.7 166.2523 3.892598e-05 16.65922 0.1165219  0.095918536  0.005545592   3.269011e-03      0.0001890000         1  0.0632473598    0.001013827      1.943680e-03            3.115635e-05
106 2013-08-20 11:48:15    125 330.5 165.8 166.3570 3.892598e-05 16.76386 0.1165219  0.100456103  0.005545668   3.423656e-03      0.0001890026         1  0.0637565363    0.001013260      1.959328e-03            3.113890e-05
107 2013-08-20 11:48:30    126 331.3 165.8 166.3616 3.892598e-05 16.76850 0.1165219  0.100657369  0.005545672   3.430515e-03      0.0001890027         1  0.0645712188    0.001012408      1.984364e-03            3.111274e-05
108 2013-08-20 11:48:45    127 331.9 165.8 166.3663 3.892598e-05 16.77314 0.1165219  0.100858635  0.005545675   3.437375e-03      0.0001890028         1  0.0651822307    0.001011816      2.003142e-03            3.109453e-05
109 2013-08-20 11:49:00    128 332.7 165.7 166.2709 3.892598e-05 16.67778 0.1165219  0.096723599  0.005545606   3.296448e-03      0.0001890004         1  0.0659969131    0.001011087      2.028178e-03            3.107214e-05
110 2013-08-20 11:49:15    129 333.4 165.7 166.2755 3.892598e-05 16.68242 0.1165219  0.096924864  0.005545609   3.303308e-03      0.0001890005         1  0.0667097603    0.001010508      2.050085e-03            3.105432e-05
111 2013-08-20 11:49:30    130 334.2 165.8 166.3802 3.892598e-05 16.78706 0.1165219  0.101462431  0.005545685   3.457953e-03      0.0001890031         1  0.0675244428    0.001009911      2.075121e-03            3.103599e-05
112 2013-08-20 11:49:45    131 334.9 165.9 166.4848 3.892598e-05 16.89171 0.1165219  0.105999998  0.005545762   3.612598e-03      0.0001890058         1  0.0682372900    0.001009447      2.097028e-03            3.102174e-05
113 2013-08-20 11:50:00    132 335.6 165.9 166.4895 3.892598e-05 16.89635 0.1165219  0.106201264  0.005545765   3.619458e-03      0.0001890059         1  0.0689501371    0.001009038      2.118935e-03            3.100914e-05
114 2013-08-20 11:50:15    133 336.3 165.8 166.3941 3.892598e-05 16.80099 0.1165219  0.102066228  0.005545695   3.478531e-03      0.0001890035         1  0.0696629843    0.001008682      2.140842e-03            3.099822e-05
115 2013-08-20 11:50:30    134 337.1 165.9 166.4987 3.892598e-05 16.90563 0.1165219  0.106603795  0.005545772   3.633176e-03      0.0001890061         1  0.0704776668    0.001008342      2.165878e-03            3.098777e-05
116 2013-08-20 11:50:45    135 337.9 165.9 166.5034 3.892598e-05 16.91027 0.1165219  0.106805061  0.005545775   3.640036e-03      0.0001890062         1  0.0712923493    0.001008073      2.190914e-03            3.097951e-05
117 2013-08-20 11:51:00    136 338.5 166.0 166.6080 3.892598e-05 17.01491 0.1165219  0.111342628  0.005545853   3.794681e-03      0.0001890088         1  0.0719033611    0.001007918      2.209691e-03            3.097475e-05
118 2013-08-20 11:51:15    137 339.2 166.0 166.6127 3.892598e-05 17.01955 0.1165219  0.111543893  0.005545856   3.801540e-03      0.0001890090         1  0.0726162083    0.001007788      2.231598e-03            3.097074e-05
119 2013-08-20 11:51:30    138 339.9 166.0 166.6173 3.892598e-05 17.02420 0.1165219  0.111745159  0.005545860   3.808400e-03      0.0001890091         1  0.0733290555    0.001007712      2.253505e-03            3.096841e-05
120 2013-08-20 11:51:45    139 340.7 166.0 166.6219 3.892598e-05 17.02884 0.1165219  0.111946424  0.005545863   3.815259e-03      0.0001890092         1  0.0741437379    0.001007692      2.278541e-03            3.096779e-05
121 2013-08-20 11:52:00    140 341.4 166.2 166.8266 3.892598e-05 17.23348 0.1165219  0.120820293  0.005546016   4.117690e-03      0.0001890144         1  0.0748565851    0.001007733      2.300448e-03            3.096904e-05
122 2013-08-20 11:52:15    141 342.2 166.1 166.7312 3.892598e-05 17.13812 0.1165219  0.116685257  0.005545944   3.976764e-03      0.0001890120         1  0.0756712676    0.001007846      2.325485e-03            3.097252e-05
123 2013-08-20 11:52:30    142 343.0 166.2 166.8359 3.892598e-05 17.24276 0.1165219  0.121222824  0.005546023   4.131409e-03      0.0001890146         1  0.0764859501    0.001008030      2.350521e-03            3.097819e-05
124 2013-08-20 11:52:45    143 343.8 166.2 166.8405 3.892598e-05 17.24740 0.1165219  0.121424090  0.005546026   4.138268e-03      0.0001890148         1  0.0773006325    0.001008286      2.375557e-03            3.098604e-05
125 2013-08-20 11:53:00    144 344.5 166.0 166.6452 3.892598e-05 17.05204 0.1165219  0.112952752  0.005545880   3.849556e-03      0.0001890098         1  0.0780134797    0.001008567      2.397464e-03            3.099469e-05
126 2013-08-20 11:53:15    145 345.2 166.0 166.6498 3.892598e-05 17.05669 0.1165219  0.113154018  0.005545884   3.856415e-03      0.0001890099         1  0.0787263269    0.001008903      2.419371e-03            3.100502e-05
127 2013-08-20 11:53:30    146 346.1 166.1 166.7544 3.892598e-05 17.16133 0.1165219  0.117691585  0.005545962   4.011061e-03      0.0001890126         1  0.0796428447    0.001009415      2.447537e-03            3.102075e-05
128 2013-08-20 11:53:45    147 346.8 166.2 166.8591 3.892598e-05 17.26597 0.1165219  0.122229152  0.005546040   4.165706e-03      0.0001890152         1  0.0803556918    0.001009875      2.469444e-03            3.103488e-05
129 2013-08-20 11:54:00    148 347.6 166.2 166.8637 3.892598e-05 17.27061 0.1165219  0.122430418  0.005546044   4.172565e-03      0.0001890154         1  0.0811703743    0.001010467      2.494480e-03            3.105307e-05
130 2013-08-20 11:54:15    149 348.3 166.1 166.7684 3.892598e-05 17.17525 0.1165219  0.118295382  0.005545972   4.031639e-03      0.0001890129         1  0.0818832215    0.001011043      2.516387e-03            3.107076e-05
131 2013-08-20 11:54:30    150 349.0 166.3 166.9730 3.892598e-05 17.37989 0.1165219  0.127169250  0.005546126   4.334070e-03      0.0001890182         1  0.0825960686    0.001011672      2.538293e-03            3.109011e-05
132 2013-08-20 11:54:45    151 349.8 166.3 166.9776 3.892598e-05 17.38453 0.1165219  0.127370516  0.005546129   4.340929e-03      0.0001890183         1  0.0834107511    0.001012458      2.563330e-03            3.111425e-05
133 2013-08-20 11:55:00    152 350.8 166.2 166.8823 3.892598e-05 17.28918 0.1165219  0.123235480  0.005546057   4.200003e-03      0.0001890158         1  0.0844291042    0.001013538      2.594625e-03            3.114745e-05
134 2013-08-20 11:55:15    153 351.6 166.3 166.9869 3.892598e-05 17.39382 0.1165219  0.127773047  0.005546136   4.354648e-03      0.0001890185         1  0.0852437867    0.001014481      2.619662e-03            3.117643e-05
135 2013-08-20 11:55:30    154 352.3 166.3 166.9916 3.892598e-05 17.39846 0.1165219  0.127974313  0.005546140   4.361507e-03      0.0001890186         1  0.0859566339    0.001015363      2.641568e-03            3.120354e-05
136 2013-08-20 11:55:45    155 353.1 166.2 166.8962 3.892598e-05 17.30310 0.1165219  0.123839277  0.005546068   4.220581e-03      0.0001890162         1  0.0867713163    0.001016437      2.666605e-03            3.123653e-05
137 2013-08-20 11:56:00    156 353.9 166.2 166.9009 3.892598e-05 17.30774 0.1165219  0.124040542  0.005546071   4.227440e-03      0.0001890163         1  0.0875859988    0.001017580      2.691641e-03            3.127165e-05
138 2013-08-20 11:56:15    157 354.7 166.3 167.0055 3.892598e-05 17.41238 0.1165219  0.128578109  0.005546151   4.382085e-03      0.0001890190         1  0.0884006813    0.001018791      2.716677e-03            3.130890e-05
139 2013-08-20 11:56:30    158 355.5 166.3 167.0101 3.892598e-05 17.41702 0.1165219  0.128779375  0.005546154   4.388945e-03      0.0001890191         1  0.0892153638    0.001020072      2.741714e-03            3.134825e-05
140 2013-08-20 11:56:45    159 356.4 166.4 167.1148 3.892598e-05 17.52167 0.1165219  0.133316942  0.005546234   4.543590e-03      0.0001890218         1  0.0901318816    0.001021595      2.769880e-03            3.139505e-05
141 2013-08-20 11:57:00    160 357.3 166.4 167.1194 3.892598e-05 17.52631 0.1165219  0.133518207  0.005546237   4.550449e-03      0.0001890220         1  0.0910483994    0.001023204      2.798045e-03            3.144450e-05
142 2013-08-20 11:57:15    161 358.3 166.6 167.3241 3.892598e-05 17.73095 0.1165219  0.142392076  0.005546394   4.852881e-03      0.0001890273         1  0.0920667525    0.001025093      2.829341e-03            3.150254e-05
143 2013-08-20 11:57:30    162 359.3 166.5 167.2287 3.892598e-05 17.63559 0.1165219  0.138257040  0.005546321   4.711954e-03      0.0001890248         1  0.0930851056    0.001027087      2.860636e-03            3.156382e-05
144 2013-08-20 11:57:45    163 360.0 166.7 167.4333 3.892598e-05 17.84023 0.1165219  0.147130909  0.005546479   5.014386e-03      0.0001890302         1  0.0937979527    0.001028545      2.882543e-03            3.160864e-05
145 2013-08-20 11:58:00    164 360.9 166.6 167.3380 3.892598e-05 17.74487 0.1165219  0.142995873  0.005546405   4.873459e-03      0.0001890277         1  0.0947144705    0.001030496      2.910709e-03            3.166858e-05
146 2013-08-20 11:58:15    165 361.9 166.7 167.4426 3.892598e-05 17.84951 0.1165219  0.147533440  0.005546486   5.028104e-03      0.0001890304         1  0.0957328236    0.001032761      2.942004e-03            3.173821e-05
147 2013-08-20 11:58:30    166 362.7 166.6 167.3473 3.892598e-05 17.75415 0.1165219  0.143398404  0.005546412   4.887178e-03      0.0001890279         1  0.0965475061    0.001034648      2.967041e-03            3.179620e-05
148 2013-08-20 11:58:45    167 363.5 166.5 167.2519 3.892598e-05 17.65880 0.1165219  0.139263368  0.005546339   4.746251e-03      0.0001890254         1  0.0973621886    0.001036601      2.992077e-03            3.185620e-05
149 2013-08-20 11:59:00    168 364.5 166.6 167.3566 3.892598e-05 17.76344 0.1165219  0.143800935  0.005546419   4.900896e-03      0.0001890282         1  0.0983805417    0.001039134      3.023373e-03            3.193404e-05
150 2013-08-20 11:59:15    169 365.4 166.5 167.2612 3.892598e-05 17.66808 0.1165219  0.139665899  0.005546346   4.759970e-03      0.0001890257         1  0.0992970594    0.001041500      3.051538e-03            3.200675e-05
151 2013-08-20 11:59:30    170 366.3 166.7 167.4658 3.892598e-05 17.87272 0.1165219  0.148539768  0.005546504   5.062401e-03      0.0001890310         1  0.1002135772    0.001043947      3.079704e-03            3.208196e-05
152 2013-08-20 11:59:45    171 367.3 166.6 167.3705 3.892598e-05 17.77736 0.1165219  0.144404732  0.005546430   4.921474e-03      0.0001890285         1  0.1012319303    0.001046762      3.111000e-03            3.216845e-05
153 2013-08-20 12:00:00    172 368.3 166.6 167.3751 3.892598e-05 17.78200 0.1165219  0.144605997  0.005546434   4.928334e-03      0.0001890286         1  0.1022502834    0.001049675      3.142295e-03            3.225799e-05
154 2013-08-20 12:00:15    173 369.3 166.7 167.4798 3.892598e-05 17.88664 0.1165219  0.149143564  0.005546515   5.082979e-03      0.0001890314         1  0.1032686365    0.001052687      3.173591e-03            3.235055e-05
155 2013-08-20 12:00:30    174 370.2 166.8 167.5844 3.892598e-05 17.99129 0.1165219  0.153681131  0.005546597   5.237624e-03      0.0001890342         1  0.1041851543    0.001055481      3.201756e-03            3.243642e-05
156 2013-08-20 12:00:45    175 371.0 166.7 167.4890 3.892598e-05 17.89593 0.1165219  0.149546095  0.005546522   5.096698e-03      0.0001890317         1  0.1049998368    0.001058030      3.226793e-03            3.251476e-05
157 2013-08-20 12:01:00    176 372.1 166.6 167.3937 3.892598e-05 17.80057 0.1165219  0.145411060  0.005546448   4.955771e-03      0.0001890291         1  0.1061200252    0.001061636      3.261218e-03            3.262557e-05
158 2013-08-20 12:01:15    177 372.9 166.7 167.4983 3.892598e-05 17.90521 0.1165219  0.149948627  0.005546529   5.110417e-03      0.0001890319         1  0.1069347077    0.001064331      3.286254e-03            3.270838e-05
159 2013-08-20 12:01:30    178 373.9 166.7 167.5030 3.892598e-05 17.90985 0.1165219  0.150149892  0.005546533   5.117276e-03      0.0001890320         1  0.1079530608    0.001067784      3.317550e-03            3.281449e-05
160 2013-08-20 12:01:45    179 374.8 166.7 167.5076 3.892598e-05 17.91449 0.1165219  0.150351158  0.005546537   5.124135e-03      0.0001890322         1  0.1088695786    0.001070971      3.345715e-03            3.291245e-05
161 2013-08-20 12:02:00    180 375.9 166.8 167.6122 3.892598e-05 18.01913 0.1165219  0.154888725  0.005546618   5.278781e-03      0.0001890349         1  0.1099897670    0.001074969      3.380140e-03            3.303531e-05
162 2013-08-20 12:02:15    181 376.9 166.9 167.7169 3.892598e-05 18.12378 0.1165219  0.159426292  0.005546701   5.433426e-03      0.0001890377         1  0.1110081201    0.001078699      3.411436e-03            3.314995e-05
163 2013-08-20 12:02:30    182 378.1 166.8 167.6215 3.892598e-05 18.02842 0.1165219  0.155291256  0.005546626   5.292499e-03      0.0001890352         1  0.1122301438    0.001083295      3.448990e-03            3.329119e-05
164 2013-08-20 12:02:45    183 379.1 166.7 167.5262 3.892598e-05 17.93306 0.1165219  0.151156220  0.005546551   5.151573e-03      0.0001890326         1  0.1132484969    0.001087224      3.480286e-03            3.341191e-05
165 2013-08-20 12:03:00    184 380.1 166.8 167.6308 3.892598e-05 18.03770 0.1165219  0.155693787  0.005546633   5.306218e-03      0.0001890354         1  0.1142668500    0.001091241      3.511581e-03            3.353536e-05
166 2013-08-20 12:03:15    185 380.9 167.0 167.8355 3.892598e-05 18.24234 0.1165219  0.164567656  0.005546795   5.608649e-03      0.0001890409         1  0.1150815325    0.001094517      3.536617e-03            3.363605e-05
167 2013-08-20 12:03:30    186 382.1 167.0 167.8401 3.892598e-05 18.24698 0.1165219  0.164768921  0.005546798   5.615509e-03      0.0001890411         1  0.1163035562    0.001099536      3.574172e-03            3.379029e-05
168 2013-08-20 12:03:45    187 383.1 166.9 167.7447 3.892598e-05 18.15162 0.1165219  0.160633885  0.005546723   5.474582e-03      0.0001890385         1  0.1173219093    0.001103812      3.605467e-03            3.392171e-05
169 2013-08-20 12:04:00    188 384.2 166.8 167.6494 3.892598e-05 18.05627 0.1165219  0.156498849  0.005546648   5.333655e-03      0.0001890359         1  0.1184420977    0.001108614      3.639892e-03            3.406928e-05
170 2013-08-20 12:04:15    189 385.3 166.8 167.6540 3.892598e-05 18.06091 0.1165219  0.156700115  0.005546651   5.340515e-03      0.0001890361         1  0.1195622861    0.001113517      3.674317e-03            3.421994e-05
171 2013-08-20 12:04:30    190 386.4 167.0 167.8587 3.892598e-05 18.26555 0.1165219  0.165573984  0.005546813   5.642946e-03      0.0001890416         1  0.1206824745    0.001118519      3.708742e-03            3.437367e-05
172 2013-08-20 12:04:45    191 387.5 166.9 167.7633 3.892598e-05 18.17019 0.1165219  0.161438948  0.005546737   5.502019e-03      0.0001890390         1  0.1218026629    0.001123620      3.743167e-03            3.453042e-05
173 2013-08-20 12:05:00    192 388.6 166.9 167.7679 3.892598e-05 18.17483 0.1165219  0.161640213  0.005546741   5.508879e-03      0.0001890391         1  0.1229228513    0.001128818      3.777592e-03            3.469016e-05
174 2013-08-20 12:05:15    193 389.6 167.0 167.8726 3.892598e-05 18.27947 0.1165219  0.166177780  0.005546824   5.663524e-03      0.0001890420         1  0.1239412044    0.001133626      3.808888e-03            3.483792e-05
175 2013-08-20 12:05:30    194 390.6 166.9 167.7772 3.892598e-05 18.18411 0.1165219  0.162042744  0.005546748   5.522598e-03      0.0001890394         1  0.1249595575    0.001138512      3.840183e-03            3.498808e-05
176 2013-08-20 12:05:45    195 391.8 167.1 167.9819 3.892598e-05 18.38876 0.1165219  0.170916613  0.005546911   5.825029e-03      0.0001890449         1  0.1261815812    0.001144477      3.877738e-03            3.517140e-05
177 2013-08-20 12:06:00    196 392.9 167.0 167.8865 3.892598e-05 18.29340 0.1165219  0.166781577  0.005546835   5.684102e-03      0.0001890423         1  0.1273017696    0.001150041      3.912163e-03            3.534239e-05
178 2013-08-20 12:06:15    197 394.0 167.1 167.9912 3.892598e-05 18.39804 0.1165219  0.171319144  0.005546919   5.838748e-03      0.0001890452         1  0.1284219581    0.001155696      3.946588e-03            3.551616e-05
179 2013-08-20 12:06:30    198 395.2 167.1 167.9958 3.892598e-05 18.40268 0.1165219  0.171520410  0.005546922   5.845607e-03      0.0001890453         1  0.1296439818    0.001161966      3.984142e-03            3.570885e-05
180 2013-08-20 12:06:45    199 396.6 167.1 168.0004 3.892598e-05 18.40732 0.1165219  0.171721675  0.005546926   5.852466e-03      0.0001890454         1  0.1310696761    0.001169413      4.027956e-03            3.593770e-05
181 2013-08-20 12:07:00    200 397.8 167.0 167.9051 3.892598e-05 18.31196 0.1165219  0.167586639  0.005546850   5.711540e-03      0.0001890428         1  0.1322916998    0.001175907      4.065510e-03            3.613727e-05
182 2013-08-20 12:07:15    201 398.9 167.1 168.0097 3.892598e-05 18.41660 0.1165219  0.172124206  0.005546934   5.866185e-03      0.0001890457         1  0.1334118882    0.001181948      4.099935e-03            3.632294e-05
183 2013-08-20 12:07:30    202 400.1 167.2 168.1144 3.892598e-05 18.52125 0.1165219  0.176661773  0.005547018   6.020830e-03      0.0001890486         1  0.1346339120    0.001188634      4.137490e-03            3.652839e-05
184 2013-08-20 12:07:45    203 401.3 167.2 168.1190 3.892598e-05 18.52589 0.1165219  0.176863039  0.005547021   6.027690e-03      0.0001890487         1  0.1358559357    0.001195417      4.175044e-03            3.673685e-05
185 2013-08-20 12:08:00    204 402.6 167.2 168.1236 3.892598e-05 18.53053 0.1165219  0.177064305  0.005547025   6.034549e-03      0.0001890488         1  0.1371797947    0.001202874      4.215728e-03            3.696600e-05
186 2013-08-20 12:08:15    205 404.2 168.4 169.3283 3.892598e-05 19.73517 0.1165219  0.229301187  0.005548028   7.814840e-03      0.0001890830         0  0.1388091597    0.001212202      4.265801e-03            3.725268e-05

$dryleafvolt
            timestamp record LWSmV  SEmV    CSEmV     CSEmV.sd   loadmV loadmV.sd
1 2013-08-20 11:21:00     16 263.6 164.2 164.2511 3.892598e-05 14.65794 0.1165219
2 2013-08-20 11:21:15     17 263.5 164.3 164.3557 3.892598e-05 14.76258 0.1165219
3 2013-08-20 11:21:30     18 263.5 163.7 163.7603 3.892598e-05 14.16723 0.1165219
4 2013-08-20 11:21:45     19 263.4 163.9 163.9650 3.892598e-05 14.37187 0.1165219
5 2013-08-20 11:22:00     20 263.4 163.8 163.8696 3.892598e-05 14.27651 0.1165219

$runtime
Time difference of 46.25 mins

$startcalibvolt
            timestamp record LWSmV  SEmV    CSEmV     CSEmV.sd   loadmV loadmV.sd
1 2013-08-20 11:18:45      7 263.4 272.4 272.4093 3.892598e-05 122.8162 0.1165219
2 2013-08-20 11:19:00      8 263.3 272.4 272.4139 3.892598e-05 122.8208 0.1165219
3 2013-08-20 11:19:15      9 263.3 272.5 272.5186 3.892598e-05 122.9255 0.1165219
4 2013-08-20 11:19:30     10 263.2 272.5 272.5232 3.892598e-05 122.9301 0.1165219
5 2013-08-20 11:19:45     11 263.1 272.4 272.4278 3.892598e-05 122.8347 0.1165219
6 2013-08-20 11:20:00     12 263.2 272.6 272.6325 3.892598e-05 123.0394 0.1165219
7 2013-08-20 11:20:15     13 263.2 272.6 272.6371 3.892598e-05 123.0440 0.1165219

$endcalibvolt
             timestamp record LWSmV  SEmV
1  2013-08-20 12:13:00    224 265.1 271.8
2  2013-08-20 12:13:15    225 265.1 271.5
3  2013-08-20 12:13:30    226 265.1 271.6
4  2013-08-20 12:13:45    227 265.1 271.7
5  2013-08-20 12:14:00    228 265.1 271.7
6  2013-08-20 12:14:15    229 265.1 271.7
7  2013-08-20 12:14:30    230 265.1 271.7
8  2013-08-20 12:14:45    231 265.1 271.6
9  2013-08-20 12:15:00    232 265.1 271.5
10 2013-08-20 12:15:15    233 265.1 271.5
11 2013-08-20 12:15:30    234 265.1 271.5
12 2013-08-20 12:15:45    235 265.1 271.5
13 2013-08-20 12:16:00    236 265.1 271.6
14 2013-08-20 12:16:15    237 265.1 271.6
15 2013-08-20 12:16:30    238 265.1 271.7

$lastLWSvolt
[1] 401

$maxLWSvolt
[1] 405.1

$species
[1] "coastliveoak"

$trial
[1] "7"

$replicate
[1] "1"

$isvertical
[1] FALSE

$conversionfactor
         avg        stdev
1 0.04336301 1.553711e-05

$LWSwatermass
        avg       stdev
1 0.1556289 0.003421175

$dryleafmass
        avg       stdev
1 0.6264753 0.002270775

$lwsmodel

Call:
lm(formula = LWSsurfacedensity ~ record, data = rd[rd$runfilter == 
    1, ])

Coefficients:
(Intercept)       record  
 -9.471e-04    2.394e-05  


$leafmodel

Call:
lm(formula = surfacedensity ~ record, data = rd[rd$runfilter == 
    1, ])

Coefficients:
(Intercept)       record  
 -5.842e-04    3.209e-05  


