$name
[1] "coastliveoak6rep2"

$leafarea
[1] 33.58836

$startbasevolt
            timestamp record LWSmV  SEmV CSEmV CSEmV.sd     loadmV loadmV.sd
1 2013-08-20 13:35:15      2 264.4 151.4 151.4        0 -0.0451584  0.113506
2 2013-08-20 13:35:30      3 264.4 151.5 151.5        0  0.0548416  0.113506
3 2013-08-20 13:35:45      4 264.4 151.5 151.5        0  0.0548416  0.113506
4 2013-08-20 13:36:00      5 264.4 151.4 151.4        0 -0.0451584  0.113506
5 2013-08-20 13:36:15      6 264.4 151.5 151.5        0  0.0548416  0.113506
6 2013-08-20 13:36:30      7 264.4 151.4 151.4        0 -0.0451584  0.113506

$endbasevolt
            timestamp record LWSmV  SEmV    CSEmV     CSEmV.sd       loadmV loadmV.sd
1 2013-08-20 14:34:15    238 265.1 151.2 151.6349 4.485399e-05  0.189778840  0.113506
2 2013-08-20 14:34:30    239 265.1 151.0 151.4368 4.485399e-05 -0.008338314  0.113506
3 2013-08-20 14:34:45    240 265.1 151.1 151.5387 4.485399e-05  0.093544531  0.113506
4 2013-08-20 14:35:00    241 265.1 151.1 151.5406 4.485399e-05  0.095427376  0.113506
5 2013-08-20 14:35:15    242 265.1 151.1 151.5425 4.485399e-05  0.097310221  0.113506
6 2013-08-20 14:35:30    243 265.1 150.8 151.2444 4.485399e-05 -0.200806934  0.113506
7 2013-08-20 14:35:45    244 265.1 150.9 151.3462 4.485399e-05 -0.098924088  0.113506
8 2013-08-20 14:36:00    245 265.1 150.8 151.2481 4.485399e-05 -0.197041243  0.113506

$dryragvolt
            timestamp record LWSmV  SEmV    CSEmV     CSEmV.sd   loadmV loadmV.sd
1 2013-08-20 14:31:00    225 411.9 267.8 268.2105 4.485399e-05 116.7653  0.113506
2 2013-08-20 14:31:15    226 411.2 267.8 268.2123 4.485399e-05 116.7672  0.113506
3 2013-08-20 14:31:30    227 410.6 267.7 268.1142 4.485399e-05 116.6691  0.113506

$wetragvolt
            timestamp record LWSmV  SEmV    CSEmV     CSEmV.sd   loadmV loadmV.sd
1 2013-08-20 14:32:15    230 266.7 271.4 271.8199 4.485399e-05 120.3747  0.113506
2 2013-08-20 14:32:30    231 265.9 271.5 271.9218 4.485399e-05 120.4766  0.113506
3 2013-08-20 14:32:45    232 265.3 271.3 271.7236 4.485399e-05 120.2785  0.113506
4 2013-08-20 14:33:00    233 265.1 271.1 271.5255 4.485399e-05 120.0804  0.113506
5 2013-08-20 14:33:15    234 265.1 271.1 271.5274 4.485399e-05 120.0822  0.113506
6 2013-08-20 14:33:30    235 265.1 271.0 271.4293 4.485399e-05 119.9841  0.113506
7 2013-08-20 14:33:45    236 265.1 270.9 271.3312 4.485399e-05 119.8860  0.113506

$rundata
              timestamp record LWSmV  SEmV    CSEmV     CSEmV.sd   loadmV loadmV.sd     watermass watermass.sd surfacedensity surfacedensity.sd runfilter      LWSwater LWSwater.stdev LWSsurfacedensity LWSsurfacedensity.stdev
1   2013-08-20 13:40:00     21 264.4 167.8 167.8264 4.485399e-05 16.38120  0.113506  0.0045452002  0.005342062   1.353207e-04      0.0001590450         0 -3.556603e-03    0.001290101     -1.092994e-04            3.964662e-05
2   2013-08-20 13:40:15     22 264.5 167.6 167.6282 4.485399e-05 16.18308  0.113506 -0.0040548090  0.005341818  -1.207206e-04      0.0001590378         0 -3.454768e-03    0.001289440     -1.061699e-04            3.962632e-05
3   2013-08-20 13:40:30     23 264.9 167.6 167.6301 4.485399e-05 16.18497  0.113506 -0.0039730771  0.005341821  -1.182873e-04      0.0001590378         0 -3.047427e-03    0.001286804     -9.365172e-05            3.954529e-05
4   2013-08-20 13:40:45     24 265.1 167.7 167.7320 4.485399e-05 16.28685  0.113506  0.0004495253  0.005341945   1.338336e-05      0.0001590415         0 -2.843756e-03    0.001285489     -8.739263e-05            3.950488e-05
5   2013-08-20 13:41:00     25 265.1 167.6 167.6339 4.485399e-05 16.18873  0.113506 -0.0038096133  0.005341825  -1.134206e-04      0.0001590380         0 -2.843756e-03    0.001285489     -8.739263e-05            3.950488e-05
6   2013-08-20 13:41:15     26 265.1 167.7 167.7358 4.485399e-05 16.29062  0.113506  0.0006129890  0.005341950   1.825004e-05      0.0001590417         0 -2.843756e-03    0.001285489     -8.739263e-05            3.950488e-05
7   2013-08-20 13:41:30     27 265.3 167.6 167.6377 4.485399e-05 16.19250  0.113506 -0.0036461496  0.005341830  -1.085539e-04      0.0001590381         0 -2.640086e-03    0.001284176     -8.113355e-05            3.946453e-05
8   2013-08-20 13:41:45     28 265.7 167.8 167.8395 4.485399e-05 16.39438  0.113506  0.0051173233  0.005342078   1.523540e-04      0.0001590455         0 -2.232744e-03    0.001281556     -6.861538e-05            3.938403e-05
9   2013-08-20 13:42:00     29 266.1 167.6 167.6414 4.485399e-05 16.19626  0.113506 -0.0034826859  0.005341835  -1.036873e-04      0.0001590382         0 -1.825403e-03    0.001278945     -5.609721e-05            3.930379e-05
10  2013-08-20 13:42:15     30 266.4 167.7 167.7433 4.485399e-05 16.29815  0.113506  0.0009399165  0.005341959   2.798340e-05      0.0001590420         0 -1.519897e-03    0.001276993     -4.670858e-05            3.924379e-05
11  2013-08-20 13:42:30     31 267.0 167.7 167.7452 4.485399e-05 16.30003  0.113506  0.0010216484  0.005341962   3.041674e-05      0.0001590420         0 -9.088854e-04    0.001273103     -2.793133e-05            3.912424e-05
12  2013-08-20 13:42:45     32 267.4 167.6 167.6471 4.485399e-05 16.20191  0.113506 -0.0032374902  0.005341841  -9.638726e-05      0.0001590385         0 -5.015442e-04    0.001270520     -1.541316e-05            3.904488e-05
13  2013-08-20 13:43:00     33 267.8 167.5 167.5490 4.485399e-05 16.10380  0.113506 -0.0074966289  0.005341722  -2.231912e-04      0.0001590349         0 -9.420292e-05    0.001267947     -2.894988e-06            3.896579e-05
14  2013-08-20 13:43:15     34 268.4 167.6 167.6508 4.485399e-05 16.20568  0.113506 -0.0030740265  0.005341846  -9.152058e-05      0.0001590386         0  5.168089e-04    0.001264103      1.588227e-05            3.884768e-05
15  2013-08-20 13:43:30     35 268.9 167.5 167.5527 4.485399e-05 16.10756  0.113506 -0.0073331651  0.005341727  -2.183246e-04      0.0001590350         0  1.025985e-03    0.001260916      3.152998e-05            3.874972e-05
16  2013-08-20 13:43:45     36 269.4 167.5 167.5546 4.485399e-05 16.10944  0.113506 -0.0072514333  0.005341729  -2.158912e-04      0.0001590351         0  1.535162e-03    0.001257743      4.717769e-05            3.865220e-05
17  2013-08-20 13:44:00     37 269.9 167.7 167.7565 4.485399e-05 16.31133  0.113506  0.0015120396  0.005341975   4.501677e-05      0.0001590424         0  2.044339e-03    0.001254584      6.282540e-05            3.855512e-05
18  2013-08-20 13:44:15     38 270.5 167.7 167.7584 4.485399e-05 16.31321  0.113506  0.0015937715  0.005341978   4.745011e-05      0.0001590425         0  2.655350e-03    0.001250812      8.160266e-05            3.843921e-05
19  2013-08-20 13:44:30     39 271.2 167.7 167.7603 4.485399e-05 16.31509  0.113506  0.0016755034  0.005341980   4.988345e-05      0.0001590426         0  3.368198e-03    0.001246438      1.035095e-04            3.830479e-05
20  2013-08-20 13:44:45     40 271.8 167.5 167.5621 4.485399e-05 16.11698  0.113506 -0.0069245058  0.005341738  -2.061579e-04      0.0001590354         0  3.979209e-03    0.001242712      1.222867e-04            3.819028e-05
21  2013-08-20 13:45:00     41 272.4 167.7 167.7640 4.485399e-05 16.31886  0.113506  0.0018389671  0.005341985   5.475012e-05      0.0001590427         0  4.590221e-03    0.001239007      1.410640e-04            3.807642e-05
22  2013-08-20 13:45:15     42 273.0 167.8 167.8659 4.485399e-05 16.42074  0.113506  0.0062615695  0.005342110   1.864208e-04      0.0001590465         0  5.201233e-03    0.001235323      1.598412e-04            3.796323e-05
23  2013-08-20 13:45:30     43 273.6 167.9 167.9678 4.485399e-05 16.52262  0.113506  0.0106841719  0.005342237   3.180915e-04      0.0001590502         0  5.812245e-03    0.001231662      1.786185e-04            3.785070e-05
24  2013-08-20 13:45:45     44 274.2 167.8 167.8697 4.485399e-05 16.42451  0.113506  0.0064250332  0.005342115   1.912875e-04      0.0001590466         0  6.423257e-03    0.001228022      1.973957e-04            3.773885e-05
25  2013-08-20 13:46:00     45 274.8 167.9 167.9715 4.485399e-05 16.52639  0.113506  0.0108476356  0.005342242   3.229581e-04      0.0001590504         0  7.034269e-03    0.001224404      2.161730e-04            3.762767e-05
26  2013-08-20 13:46:15     46 275.4 167.9 167.9734 4.485399e-05 16.52827  0.113506  0.0109293675  0.005342244   3.253915e-04      0.0001590504         0  7.645281e-03    0.001220809      2.349502e-04            3.751718e-05
27  2013-08-20 13:46:30     47 276.0 167.9 167.9753 4.485399e-05 16.53016  0.113506  0.0110110994  0.005342246   3.278248e-04      0.0001590505         0  8.256292e-03    0.001217236      2.537275e-04            3.740738e-05
28  2013-08-20 13:46:45     48 276.6 167.8 167.8772 4.485399e-05 16.43204  0.113506  0.0067519607  0.005342124   2.010208e-04      0.0001590469         0  8.867304e-03    0.001213686      2.725047e-04            3.729828e-05
29  2013-08-20 13:47:00     49 277.3 168.0 168.0791 4.485399e-05 16.63392  0.113506  0.0155154336  0.005342376   4.619288e-04      0.0001590544         1  9.580152e-03    0.001209573      2.944115e-04            3.717189e-05
30  2013-08-20 13:47:15     50 277.9 168.0 168.0810 4.485399e-05 16.63580  0.113506  0.0155971655  0.005342378   4.643622e-04      0.0001590544         1  1.019116e-02    0.001206073      3.131888e-04            3.706432e-05
31  2013-08-20 13:47:30     51 278.6 168.1 168.1828 4.485399e-05 16.73769  0.113506  0.0200197679  0.005342506   5.960328e-04      0.0001590582         1  1.090401e-02    0.001202019      3.350956e-04            3.693973e-05
32  2013-08-20 13:47:45     52 279.2 167.9 167.9847 4.485399e-05 16.53957  0.113506  0.0114197587  0.005342258   3.399915e-04      0.0001590509         0  1.151502e-02    0.001198569      3.538728e-04            3.683372e-05
33  2013-08-20 13:48:00     53 279.8 168.1 168.1866 4.485399e-05 16.74145  0.113506  0.0201832316  0.005342511   6.008995e-04      0.0001590584         1  1.212603e-02    0.001195144      3.726501e-04            3.672844e-05
34  2013-08-20 13:48:15     54 280.4 168.1 168.1885 4.485399e-05 16.74334  0.113506  0.0202649635  0.005342513   6.033329e-04      0.0001590585         1  1.273705e-02    0.001191742      3.914274e-04            3.662390e-05
35  2013-08-20 13:48:30     55 281.1 168.2 168.2904 4.485399e-05 16.84522  0.113506  0.0246875659  0.005342642   7.350035e-04      0.0001590623         1  1.344989e-02    0.001187804      4.133342e-04            3.650288e-05
36  2013-08-20 13:48:45     56 281.7 168.2 168.2923 4.485399e-05 16.84710  0.113506  0.0247692977  0.005342645   7.374369e-04      0.0001590624         1  1.406091e-02    0.001184455      4.321114e-04            3.639996e-05
37  2013-08-20 13:49:00     57 282.4 168.3 168.3941 4.485399e-05 16.94898  0.113506  0.0291919001  0.005342775   8.691075e-04      0.0001590662         1  1.477375e-02    0.001180579      4.540182e-04            3.628084e-05
38  2013-08-20 13:49:15     58 283.0 168.2 168.2960 4.485399e-05 16.85087  0.113506  0.0249327615  0.005342650   7.423035e-04      0.0001590625         1  1.538476e-02    0.001177283      4.727955e-04            3.617957e-05
39  2013-08-20 13:49:30     59 283.7 168.3 168.3979 4.485399e-05 16.95275  0.113506  0.0293553639  0.005342779   8.739742e-04      0.0001590664         1  1.609761e-02    0.001173470      4.947023e-04            3.606239e-05
40  2013-08-20 13:49:45     60 284.2 168.2 168.2998 4.485399e-05 16.85463  0.113506  0.0250962252  0.005342654   7.471702e-04      0.0001590627         1  1.660679e-02    0.001170768      5.103500e-04            3.597934e-05
41  2013-08-20 13:50:00     61 284.9 168.2 168.3017 4.485399e-05 16.85652  0.113506  0.0251779571  0.005342657   7.496036e-04      0.0001590627         1  1.731964e-02    0.001167014      5.322568e-04            3.586399e-05
42  2013-08-20 13:50:15     62 285.5 168.4 168.5036 4.485399e-05 17.05840  0.113506  0.0339414300  0.005342915   1.010512e-03      0.0001590704         1  1.793065e-02    0.001163825      5.510340e-04            3.576597e-05
43  2013-08-20 13:50:30     63 286.3 168.4 168.5054 4.485399e-05 17.06028  0.113506  0.0340231619  0.005342917   1.012945e-03      0.0001590705         1  1.874533e-02    0.001159612      5.760704e-04            3.563652e-05
44  2013-08-20 13:50:45     64 286.9 168.5 168.6073 4.485399e-05 17.16216  0.113506  0.0384457642  0.005343048   1.144616e-03      0.0001590744         1  1.935634e-02    0.001156484      5.948476e-04            3.554037e-05
45  2013-08-20 13:51:00     65 287.6 168.3 168.4092 4.485399e-05 16.96405  0.113506  0.0298457551  0.005342794   8.885742e-04      0.0001590668         1  2.006919e-02    0.001152867      6.167544e-04            3.542923e-05
46  2013-08-20 13:51:15     66 288.3 168.4 168.5111 4.485399e-05 17.06593  0.113506  0.0342683575  0.005342924   1.020245e-03      0.0001590707         1  2.078204e-02    0.001149287      6.386612e-04            3.531921e-05
47  2013-08-20 13:51:30     67 288.9 168.5 168.6130 4.485399e-05 17.16781  0.113506  0.0386909599  0.005343056   1.151916e-03      0.0001590746         1  2.139305e-02    0.001146247      6.574385e-04            3.522580e-05
48  2013-08-20 13:51:45     68 289.6 168.4 168.5149 4.485399e-05 17.06970  0.113506  0.0344318212  0.005342929   1.025112e-03      0.0001590708         1  2.210589e-02    0.001142736      6.793453e-04            3.511788e-05
49  2013-08-20 13:52:00     69 290.3 168.5 168.6167 4.485399e-05 17.17158  0.113506  0.0388544236  0.005343061   1.156782e-03      0.0001590748         1  2.281874e-02    0.001139261      7.012521e-04            3.501110e-05
50  2013-08-20 13:52:15     70 290.9 168.4 168.5186 4.485399e-05 17.07346  0.113506  0.0345952850  0.005342934   1.029978e-03      0.0001590710         1  2.342975e-02    0.001136313      7.200293e-04            3.492050e-05
51  2013-08-20 13:52:30     71 291.6 168.5 168.6205 4.485399e-05 17.17534  0.113506  0.0390178874  0.005343066   1.161649e-03      0.0001590749         1  2.414260e-02    0.001132909      7.419361e-04            3.481589e-05
52  2013-08-20 13:52:45     72 292.3 168.4 168.5224 4.485399e-05 17.07723  0.113506  0.0347587487  0.005342939   1.034845e-03      0.0001590711         1  2.485545e-02    0.001129543      7.638429e-04            3.471245e-05
53  2013-08-20 13:53:00     73 293.0 168.5 168.6243 4.485399e-05 17.17911  0.113506  0.0391813511  0.005343070   1.166516e-03      0.0001590750         1  2.556830e-02    0.001126216      7.857497e-04            3.461020e-05
54  2013-08-20 13:53:15     74 293.6 168.6 168.7262 4.485399e-05 17.28099  0.113506  0.0436039535  0.005343203   1.298186e-03      0.0001590790         1  2.617931e-02    0.001123395      8.045270e-04            3.452351e-05
55  2013-08-20 13:53:30     75 294.3 168.5 168.6280 4.485399e-05 17.18288  0.113506  0.0393448148  0.005343075   1.171382e-03      0.0001590752         1  2.689215e-02    0.001120141      8.264337e-04            3.442350e-05
56  2013-08-20 13:53:45     76 295.0 168.7 168.8299 4.485399e-05 17.38476  0.113506  0.0481082877  0.005343338   1.432290e-03      0.0001590830         1  2.760500e-02    0.001116926      8.483405e-04            3.432470e-05
57  2013-08-20 13:54:00     77 295.7 168.5 168.6318 4.485399e-05 17.18664  0.113506  0.0395082786  0.005343080   1.176249e-03      0.0001590753         1  2.831785e-02    0.001113751      8.702473e-04            3.422713e-05
58  2013-08-20 13:54:15     78 296.3 168.6 168.7337 4.485399e-05 17.28852  0.113506  0.0439308810  0.005343212   1.307920e-03      0.0001590793         1  2.892886e-02    0.001111062      8.890246e-04            3.414449e-05
59  2013-08-20 13:54:30     79 297.0 168.6 168.7356 4.485399e-05 17.29041  0.113506  0.0440126128  0.005343215   1.310353e-03      0.0001590793         1  2.964171e-02    0.001107962      9.109314e-04            3.404923e-05
60  2013-08-20 13:54:45     80 297.7 168.8 168.9374 4.485399e-05 17.49229  0.113506  0.0527760857  0.005343479   1.571261e-03      0.0001590872         1  3.035455e-02    0.001104903      9.328382e-04            3.395523e-05
61  2013-08-20 13:55:00     81 298.3 168.7 168.8393 4.485399e-05 17.39417  0.113506  0.0485169471  0.005343350   1.444457e-03      0.0001590834         1  3.096557e-02    0.001102314      9.516154e-04            3.387567e-05
62  2013-08-20 13:55:15     82 299.0 168.8 168.9412 4.485399e-05 17.49605  0.113506  0.0529395495  0.005343484   1.576128e-03      0.0001590874         1  3.167841e-02    0.001099333      9.735222e-04            3.378404e-05
63  2013-08-20 13:55:30     83 299.6 168.7 168.8431 4.485399e-05 17.39794  0.113506  0.0486804108  0.005343355   1.449324e-03      0.0001590835         1  3.228943e-02    0.001096810      9.922995e-04            3.370652e-05
64  2013-08-20 13:55:45     84 300.3 168.6 168.7450 4.485399e-05 17.29982  0.113506  0.0444212722  0.005343227   1.322520e-03      0.0001590797         1  3.300227e-02    0.001093907      1.014206e-03            3.361729e-05
65  2013-08-20 13:56:00     85 300.9 168.6 168.7469 4.485399e-05 17.30170  0.113506  0.0445030041  0.005343230   1.324953e-03      0.0001590798         1  3.361328e-02    0.001091452      1.032984e-03            3.354185e-05
66  2013-08-20 13:56:15     86 301.6 168.7 168.8487 4.485399e-05 17.40359  0.113506  0.0489256064  0.005343363   1.456624e-03      0.0001590837         1  3.432613e-02    0.001088627      1.054890e-03            3.345505e-05
67  2013-08-20 13:56:30     87 302.3 168.8 168.9506 4.485399e-05 17.50547  0.113506  0.0533482088  0.005343497   1.588294e-03      0.0001590877         1  3.503898e-02    0.001085846      1.076797e-03            3.336958e-05
68  2013-08-20 13:56:45     88 303.1 169.0 169.1525 4.485399e-05 17.70735  0.113506  0.0621116817  0.005343765   1.849202e-03      0.0001590957         1  3.585366e-02    0.001082721      1.101833e-03            3.327355e-05
69  2013-08-20 13:57:00     89 303.7 168.9 169.0544 4.485399e-05 17.60923  0.113506  0.0578525431  0.005343634   1.722398e-03      0.0001590918         1  3.646467e-02    0.001080415      1.120611e-03            3.320267e-05
70  2013-08-20 13:57:15     90 304.5 169.2 169.3563 4.485399e-05 17.91112  0.113506  0.0709568865  0.005344038   2.112544e-03      0.0001591038         1  3.727936e-02    0.001077391      1.145647e-03            3.310973e-05
71  2013-08-20 13:57:30     91 305.1 169.1 169.2582 4.485399e-05 17.81300  0.113506  0.0666977479  0.005343906   1.985740e-03      0.0001590999         1  3.789037e-02    0.001075160      1.164424e-03            3.304119e-05
72  2013-08-20 13:57:45     92 305.8 169.0 169.1600 4.485399e-05 17.71488  0.113506  0.0624386092  0.005343775   1.858936e-03      0.0001590960         1  3.860321e-02    0.001072600      1.186331e-03            3.296251e-05
73  2013-08-20 13:58:00     93 306.4 169.2 169.3619 4.485399e-05 17.91677  0.113506  0.0712020821  0.005344046   2.119844e-03      0.0001591041         1  3.921423e-02    0.001070442      1.205108e-03            3.289618e-05
74  2013-08-20 13:58:15     94 307.1 169.2 169.3638 4.485399e-05 17.91865  0.113506  0.0712838140  0.005344048   2.122277e-03      0.0001591041         1  3.992707e-02    0.001067965      1.227015e-03            3.282008e-05
75  2013-08-20 13:58:30     95 307.7 169.0 169.1657 4.485399e-05 17.72053  0.113506  0.0626838048  0.005343782   1.866236e-03      0.0001590962         1  4.053809e-02    0.001065879      1.245792e-03            3.275598e-05
76  2013-08-20 13:58:45     96 308.6 169.2 169.3676 4.485399e-05 17.92241  0.113506  0.0714472777  0.005344053   2.127144e-03      0.0001591043         1  4.145460e-02    0.001062814      1.273958e-03            3.266177e-05
77  2013-08-20 13:59:00     97 309.0 169.2 169.3695 4.485399e-05 17.92430  0.113506  0.0715290096  0.005344056   2.129577e-03      0.0001591044         1  4.186194e-02    0.001061476      1.286476e-03            3.262065e-05
78  2013-08-20 13:59:15     98 309.7 169.2 169.3713 4.485399e-05 17.92618  0.113506  0.0716107415  0.005344058   2.132010e-03      0.0001591045         1  4.257479e-02    0.001059171      1.308383e-03            3.254983e-05
79  2013-08-20 13:59:30     99 310.3 169.2 169.3732 4.485399e-05 17.92806  0.113506  0.0716924733  0.005344061   2.134444e-03      0.0001591045         1  4.318580e-02    0.001057233      1.327161e-03            3.249027e-05
80  2013-08-20 13:59:45    100 311.0 169.2 169.3751 4.485399e-05 17.92995  0.113506  0.0717742052  0.005344063   2.136877e-03      0.0001591046         1  4.389865e-02    0.001055016      1.349067e-03            3.242212e-05
81  2013-08-20 14:00:00    101 311.7 169.4 169.5770 4.485399e-05 18.13183  0.113506  0.0805376781  0.005344338   2.397785e-03      0.0001591128         1  4.461150e-02    0.001052846      1.370974e-03            3.235544e-05
82  2013-08-20 14:00:15    102 312.4 169.4 169.5789 4.485399e-05 18.13371  0.113506  0.0806194100  0.005344340   2.400218e-03      0.0001591128         1  4.532435e-02    0.001050724      1.392881e-03            3.229022e-05
83  2013-08-20 14:00:30    103 313.0 169.3 169.4808 4.485399e-05 18.03559  0.113506  0.0763602713  0.005344206   2.273414e-03      0.0001591089         1  4.593536e-02    0.001048943      1.411658e-03            3.223550e-05
84  2013-08-20 14:00:45    104 313.6 169.4 169.5826 4.485399e-05 18.13748  0.113506  0.0807828737  0.005344345   2.405085e-03      0.0001591130         1  4.654637e-02    0.001047198      1.430435e-03            3.218186e-05
85  2013-08-20 14:01:00    105 314.3 169.5 169.6845 4.485399e-05 18.23936  0.113506  0.0852054761  0.005344485   2.536756e-03      0.0001591172         1  4.725922e-02    0.001045207      1.452342e-03            3.212067e-05
86  2013-08-20 14:01:15    106 314.9 169.5 169.6864 4.485399e-05 18.24124  0.113506  0.0852872080  0.005344487   2.539189e-03      0.0001591172         1  4.787023e-02    0.001043539      1.471119e-03            3.206942e-05
87  2013-08-20 14:01:30    107 315.5 169.3 169.4883 4.485399e-05 18.04313  0.113506  0.0766871988  0.005344217   2.283148e-03      0.0001591092         1  4.848124e-02    0.001041907      1.489897e-03            3.201927e-05
88  2013-08-20 14:01:45    108 316.1 169.2 169.3902 4.485399e-05 17.94501  0.113506  0.0724280602  0.005344084   2.156344e-03      0.0001591052         1  4.909225e-02    0.001040311      1.508674e-03            3.197023e-05
89  2013-08-20 14:02:00    109 316.7 169.4 169.5921 4.485399e-05 18.14689  0.113506  0.0811915331  0.005344358   2.417252e-03      0.0001591134         1  4.970326e-02    0.001038752      1.527451e-03            3.192231e-05
90  2013-08-20 14:02:15    110 317.4 169.4 169.5939 4.485399e-05 18.14877  0.113506  0.0812732649  0.005344361   2.419685e-03      0.0001591135         1  5.041611e-02    0.001036979      1.549358e-03            3.186783e-05
91  2013-08-20 14:02:30    111 318.1 169.6 169.7958 4.485399e-05 18.35066  0.113506  0.0900367378  0.005344638   2.680593e-03      0.0001591217         1  5.112896e-02    0.001035256      1.571265e-03            3.181488e-05
92  2013-08-20 14:02:45    112 318.7 169.5 169.6977 4.485399e-05 18.25254  0.113506  0.0857775992  0.005344503   2.553789e-03      0.0001591177         1  5.173997e-02    0.001033819      1.590042e-03            3.177072e-05
93  2013-08-20 14:03:00    113 319.3 169.5 169.6996 4.485399e-05 18.25442  0.113506  0.0858593311  0.005344506   2.556222e-03      0.0001591178         1  5.235098e-02    0.001032419      1.608819e-03            3.172770e-05
94  2013-08-20 14:03:15    114 320.0 169.6 169.8015 4.485399e-05 18.35631  0.113506  0.0902819335  0.005344646   2.687893e-03      0.0001591220         1  5.306383e-02    0.001030833      1.630726e-03            3.167895e-05
95  2013-08-20 14:03:30    115 320.6 169.5 169.7033 4.485399e-05 18.25819  0.113506  0.0860227948  0.005344511   2.561089e-03      0.0001591179         1  5.367484e-02    0.001029514      1.649503e-03            3.163842e-05
96  2013-08-20 14:03:45    116 321.2 169.5 169.7052 4.485399e-05 18.26007  0.113506  0.0861045267  0.005344513   2.563522e-03      0.0001591180         1  5.428585e-02    0.001028232      1.668281e-03            3.159903e-05
97  2013-08-20 14:04:00    117 321.9 169.6 169.8071 4.485399e-05 18.36195  0.113506  0.0905271291  0.005344654   2.695193e-03      0.0001591222         1  5.499870e-02    0.001026785      1.690187e-03            3.155455e-05
98  2013-08-20 14:04:15    118 322.5 169.6 169.8090 4.485399e-05 18.36384  0.113506  0.0906088609  0.005344656   2.697626e-03      0.0001591223         1  5.560971e-02    0.001025585      1.708965e-03            3.151767e-05
99  2013-08-20 14:04:30    119 323.1 169.6 169.8109 4.485399e-05 18.36572  0.113506  0.0906905928  0.005344659   2.700060e-03      0.0001591223         1  5.622072e-02    0.001024423      1.727742e-03            3.148197e-05
100 2013-08-20 14:04:45    120 323.8 169.7 169.9128 4.485399e-05 18.46760  0.113506  0.0951131952  0.005344800   2.831730e-03      0.0001591265         1  5.693357e-02    0.001023116      1.749649e-03            3.144179e-05
101 2013-08-20 14:05:00    121 324.5 169.4 169.6146 4.485399e-05 18.16949  0.113506  0.0821723155  0.005344389   2.446452e-03      0.0001591143         1  5.764642e-02    0.001021860      1.771556e-03            3.140321e-05
102 2013-08-20 14:05:15    122 325.2 169.4 169.6165 4.485399e-05 18.17137  0.113506  0.0822540474  0.005344392   2.448885e-03      0.0001591144         1  5.835926e-02    0.001020657      1.793462e-03            3.136623e-05
103 2013-08-20 14:05:30    123 325.8 169.4 169.6184 4.485399e-05 18.17325  0.113506  0.0823357793  0.005344394   2.451319e-03      0.0001591145         1  5.897028e-02    0.001019668      1.812240e-03            3.133582e-05
104 2013-08-20 14:05:45    124 326.4 169.5 169.7203 4.485399e-05 18.27513  0.113506  0.0867583817  0.005344534   2.582989e-03      0.0001591186         1  5.958129e-02    0.001018717      1.831017e-03            3.130660e-05
105 2013-08-20 14:06:00    125 327.1 169.5 169.7222 4.485399e-05 18.27702  0.113506  0.0868401135  0.005344537   2.585423e-03      0.0001591187         1  6.029414e-02    0.001017656      1.852924e-03            3.127401e-05
106 2013-08-20 14:06:15    126 327.7 169.6 169.8241 4.485399e-05 18.37890  0.113506  0.0912627159  0.005344677   2.717093e-03      0.0001591229         1  6.090515e-02    0.001016789      1.871701e-03            3.124736e-05
107 2013-08-20 14:06:30    127 328.4 169.6 169.8259 4.485399e-05 18.38078  0.113506  0.0913444478  0.005344680   2.719527e-03      0.0001591230         1  6.161799e-02    0.001015827      1.893608e-03            3.121779e-05
108 2013-08-20 14:06:45    128 329.0 169.6 169.8278 4.485399e-05 18.38267  0.113506  0.0914261797  0.005344682   2.721960e-03      0.0001591230         1  6.222901e-02    0.001015045      1.912385e-03            3.119375e-05
109 2013-08-20 14:07:00    129 329.9 169.7 169.9297 4.485399e-05 18.48455  0.113506  0.0958487820  0.005344824   2.853631e-03      0.0001591272         1  6.314552e-02    0.001013944      1.940551e-03            3.115994e-05
110 2013-08-20 14:07:15    130 330.3 169.8 170.0316 4.485399e-05 18.58643  0.113506  0.1002713844  0.005344966   2.985301e-03      0.0001591315         1  6.355287e-02    0.001013484      1.953069e-03            3.114578e-05
111 2013-08-20 14:07:30    131 331.1 169.7 169.9335 4.485399e-05 18.48831  0.113506  0.0960122458  0.005344829   2.858497e-03      0.0001591274         1  6.436755e-02    0.001012615      1.978105e-03            3.111908e-05
112 2013-08-20 14:07:45    132 331.8 169.8 170.0354 4.485399e-05 18.59020  0.113506  0.1004348482  0.005344971   2.990168e-03      0.0001591316         1  6.508040e-02    0.001011912      2.000012e-03            3.109748e-05
113 2013-08-20 14:08:00    133 332.4 170.0 170.2372 4.485399e-05 18.79208  0.113506  0.1091983211  0.005345256   3.251076e-03      0.0001591401         1  6.569141e-02    0.001011352      2.018789e-03            3.108028e-05
114 2013-08-20 14:08:15    134 333.2 169.9 170.1391 4.485399e-05 18.69396  0.113506  0.1049391824  0.005345117   3.124272e-03      0.0001591360         1  6.650609e-02    0.001010668      2.043826e-03            3.105924e-05
115 2013-08-20 14:08:30    135 333.9 170.1 170.3410 4.485399e-05 18.89585  0.113506  0.1137026553  0.005345403   3.385180e-03      0.0001591445         1  6.721894e-02    0.001010127      2.065733e-03            3.104261e-05
116 2013-08-20 14:08:45    136 334.5 170.0 170.2429 4.485399e-05 18.79773  0.113506  0.1094435167  0.005345264   3.258376e-03      0.0001591403         1  6.782995e-02    0.001009706      2.084510e-03            3.102968e-05
117 2013-08-20 14:09:00    137 335.3 170.1 170.3448 4.485399e-05 18.89961  0.113506  0.1138661191  0.005345408   3.390047e-03      0.0001591446         1  6.864463e-02    0.001009207      2.109546e-03            3.101434e-05
118 2013-08-20 14:09:15    138 336.0 170.2 170.4467 4.485399e-05 19.00149  0.113506  0.1182887214  0.005345554   3.521717e-03      0.0001591490         1  6.935748e-02    0.001008828      2.131453e-03            3.100270e-05
119 2013-08-20 14:09:30    139 336.8 170.2 170.4485 4.485399e-05 19.00338  0.113506  0.1183704533  0.005345556   3.524151e-03      0.0001591491         1  7.017216e-02    0.001008461      2.156489e-03            3.099144e-05
120 2013-08-20 14:09:45    140 337.5 170.2 170.4504 4.485399e-05 19.00526  0.113506  0.1184521852  0.005345559   3.526584e-03      0.0001591491         1  7.088501e-02    0.001008199      2.178396e-03            3.098337e-05
121 2013-08-20 14:10:00    141 338.2 170.2 170.4523 4.485399e-05 19.00714  0.113506  0.1185339171  0.005345562   3.529017e-03      0.0001591492         1  7.159786e-02    0.001007991      2.200303e-03            3.097698e-05
122 2013-08-20 14:10:15    142 339.0 170.3 170.5542 4.485399e-05 19.10903  0.113506  0.1229565194  0.005345708   3.660688e-03      0.0001591536         1  7.241254e-02    0.001007820      2.225339e-03            3.097172e-05
123 2013-08-20 14:10:30    143 339.8 170.4 170.6561 4.485399e-05 19.21091  0.113506  0.1273791218  0.005345855   3.792359e-03      0.0001591579         1  7.322722e-02    0.001007720      2.250376e-03            3.096864e-05
124 2013-08-20 14:10:45    144 340.7 170.3 170.5579 4.485399e-05 19.11279  0.113506  0.1231199832  0.005345713   3.665555e-03      0.0001591537         1  7.414374e-02    0.001007692      2.278541e-03            3.096779e-05
125 2013-08-20 14:11:00    145 341.3 170.2 170.4598 4.485399e-05 19.01467  0.113506  0.1188608445  0.005345573   3.538751e-03      0.0001591495         1  7.475475e-02    0.001007724      2.297319e-03            3.096876e-05
126 2013-08-20 14:11:15    146 342.1 170.5 170.7617 4.485399e-05 19.31656  0.113506  0.1319651880  0.005346008   3.928896e-03      0.0001591625         1  7.556943e-02    0.001007828      2.322355e-03            3.097197e-05
127 2013-08-20 14:11:30    147 342.7 170.5 170.7636 4.485399e-05 19.31844  0.113506  0.1320469198  0.005346011   3.931329e-03      0.0001591626         1  7.618044e-02    0.001007953      2.341132e-03            3.097581e-05
128 2013-08-20 14:11:45    148 343.5 170.5 170.7655 4.485399e-05 19.32032  0.113506  0.1321286517  0.005346014   3.933763e-03      0.0001591627         1  7.699513e-02    0.001008182      2.366169e-03            3.098284e-05
129 2013-08-20 14:12:00    149 344.2 170.5 170.7674 4.485399e-05 19.32221  0.113506  0.1322103836  0.005346016   3.936196e-03      0.0001591628         1  7.770797e-02    0.001008440      2.388075e-03            3.099078e-05
130 2013-08-20 14:12:15    150 344.9 170.5 170.7692 4.485399e-05 19.32409  0.113506  0.1322921154  0.005346019   3.938629e-03      0.0001591628         1  7.842082e-02    0.001008753      2.409982e-03            3.100039e-05
131 2013-08-20 14:12:30    151 345.7 170.5 170.7711 4.485399e-05 19.32597  0.113506  0.1323738473  0.005346022   3.941063e-03      0.0001591629         1  7.923550e-02    0.001009177      2.435019e-03            3.101342e-05
132 2013-08-20 14:12:45    152 346.6 170.4 170.6730 4.485399e-05 19.22785  0.113506  0.1281147087  0.005345879   3.814259e-03      0.0001591587         1  8.015202e-02    0.001009738      2.463184e-03            3.103067e-05
133 2013-08-20 14:13:00    153 347.5 170.5 170.7749 4.485399e-05 19.32974  0.113506  0.1325373111  0.005346027   3.945929e-03      0.0001591631         1  8.106854e-02    0.001010389      2.491350e-03            3.105068e-05
134 2013-08-20 14:13:15    154 348.3 170.5 170.7768 4.485399e-05 19.33162  0.113506  0.1326190429  0.005346030   3.948363e-03      0.0001591632         1  8.188322e-02    0.001011043      2.516387e-03            3.107076e-05
135 2013-08-20 14:13:30    155 349.1 170.6 170.8787 4.485399e-05 19.43350  0.113506  0.1370416453  0.005346179   4.080033e-03      0.0001591676         1  8.269790e-02    0.001011767      2.541423e-03            3.109301e-05
136 2013-08-20 14:13:45    156 349.9 170.6 170.8805 4.485399e-05 19.43539  0.113506  0.1371233772  0.005346182   4.082467e-03      0.0001591677         1  8.351259e-02    0.001012561      2.566459e-03            3.111742e-05
137 2013-08-20 14:14:00    157 350.7 170.5 170.7824 4.485399e-05 19.33727  0.113506  0.1328642385  0.005346038   3.955663e-03      0.0001591634         1  8.432727e-02    0.001013425      2.591496e-03            3.114398e-05
138 2013-08-20 14:14:15    158 351.7 170.6 170.8843 4.485399e-05 19.43915  0.113506  0.1372868409  0.005346187   4.087333e-03      0.0001591678         1  8.534562e-02    0.001014604      2.622791e-03            3.118020e-05
139 2013-08-20 14:14:30    159 352.3 170.7 170.9862 4.485399e-05 19.54103  0.113506  0.1417094433  0.005346337   4.219004e-03      0.0001591723         1  8.595663e-02    0.001015363      2.641568e-03            3.120354e-05
140 2013-08-20 14:14:45    160 353.1 170.6 170.8881 4.485399e-05 19.44292  0.113506  0.1374503047  0.005346193   4.092200e-03      0.0001591680         1  8.677132e-02    0.001016437      2.666605e-03            3.123653e-05
141 2013-08-20 14:15:00    161 353.9 170.5 170.7900 4.485399e-05 19.34480  0.113506  0.1331911660  0.005346049   3.965396e-03      0.0001591637         1  8.758600e-02    0.001017580      2.691641e-03            3.127165e-05
142 2013-08-20 14:15:15    162 354.9 170.7 170.9918 4.485399e-05 19.54668  0.113506  0.1419546389  0.005346345   4.226304e-03      0.0001591725         1  8.860435e-02    0.001019105      2.722936e-03            3.131854e-05
143 2013-08-20 14:15:30    163 355.8 170.8 171.0937 4.485399e-05 19.64857  0.113506  0.1463772413  0.005346495   4.357975e-03      0.0001591770         1  8.952087e-02    0.001020570      2.751102e-03            3.136355e-05
144 2013-08-20 14:15:45    164 356.7 170.8 171.0956 4.485399e-05 19.65045  0.113506  0.1464589732  0.005346498   4.360408e-03      0.0001591771         1  9.043739e-02    0.001022122      2.779268e-03            3.141124e-05
145 2013-08-20 14:16:00    165 357.6 170.7 170.9975 4.485399e-05 19.55233  0.113506  0.1421998345  0.005346353   4.233604e-03      0.0001591728         1  9.135391e-02    0.001023759      2.807434e-03            3.146157e-05
146 2013-08-20 14:16:15    166 358.4 170.7 170.9994 4.485399e-05 19.55421  0.113506  0.1422815664  0.005346356   4.236037e-03      0.0001591729         1  9.216859e-02    0.001025287      2.832470e-03            3.150852e-05
147 2013-08-20 14:16:30    167 359.2 170.8 171.1013 4.485399e-05 19.65610  0.113506  0.1467041688  0.005346506   4.367708e-03      0.0001591773         1  9.298327e-02    0.001026883      2.857507e-03            3.155755e-05
148 2013-08-20 14:16:45    168 360.0 170.8 171.1031 4.485399e-05 19.65798  0.113506  0.1467859007  0.005346509   4.370141e-03      0.0001591774         1  9.379795e-02    0.001028545      2.882543e-03            3.160864e-05
149 2013-08-20 14:17:00    169 360.8 170.8 171.1050 4.485399e-05 19.65986  0.113506  0.1468676325  0.005346512   4.372575e-03      0.0001591775         1  9.461264e-02    0.001030275      2.907579e-03            3.166179e-05
150 2013-08-20 14:17:15    170 361.7 170.8 171.1069 4.485399e-05 19.66175  0.113506  0.1469493644  0.005346515   4.375008e-03      0.0001591776         1  9.552915e-02    0.001032300      2.935745e-03            3.172403e-05
151 2013-08-20 14:17:30    171 362.6 171.0 171.3088 4.485399e-05 19.86363  0.113506  0.1557128373  0.005346815   4.635916e-03      0.0001591865         1  9.644567e-02    0.001034409      2.963911e-03            3.178884e-05
152 2013-08-20 14:17:45    172 363.4 171.1 171.4107 4.485399e-05 19.96551  0.113506  0.1601354397  0.005346968   4.767587e-03      0.0001591911         1  9.726035e-02    0.001036353      2.988948e-03            3.184859e-05
153 2013-08-20 14:18:00    173 364.3 171.0 171.3126 4.485399e-05 19.86739  0.113506  0.1558763010  0.005346821   4.640783e-03      0.0001591867         1  9.817687e-02    0.001038619      3.017113e-03            3.191822e-05
154 2013-08-20 14:18:15    174 365.2 171.2 171.5144 4.485399e-05 20.06928  0.113506  0.1646397739  0.005347124   4.901691e-03      0.0001591957         1  9.909339e-02    0.001040967      3.045279e-03            3.199037e-05
155 2013-08-20 14:18:30    175 366.0 171.1 171.4163 4.485399e-05 19.97116  0.113506  0.1603806353  0.005346976   4.774887e-03      0.0001591913         1  9.990807e-02    0.001043122      3.070316e-03            3.205661e-05
156 2013-08-20 14:18:45    176 367.1 170.9 171.2182 4.485399e-05 19.77304  0.113506  0.1517806261  0.005346680   4.518845e-03      0.0001591825         1  1.010283e-01    0.001046191      3.104741e-03            3.215091e-05
157 2013-08-20 14:19:00    177 368.1 171.0 171.3201 4.485399e-05 19.87493  0.113506  0.1562032285  0.005346832   4.650516e-03      0.0001591870         1  1.020466e-01    0.001049084      3.136036e-03            3.223984e-05
158 2013-08-20 14:19:15    178 368.9 171.1 171.4220 4.485399e-05 19.97681  0.113506  0.1606258309  0.005346985   4.782187e-03      0.0001591916         1  1.028613e-01    0.001051470      3.161072e-03            3.231317e-05
159 2013-08-20 14:19:30    179 369.9 171.2 171.5238 4.485399e-05 20.07869  0.113506  0.1650484333  0.005347139   4.913857e-03      0.0001591962         1  1.038796e-01    0.001054541      3.192368e-03            3.240753e-05
160 2013-08-20 14:19:45    180 370.8 171.2 171.5257 4.485399e-05 20.08057  0.113506  0.1651301652  0.005347141   4.916291e-03      0.0001591962         1  1.047962e-01    0.001057387      3.220534e-03            3.249500e-05
161 2013-08-20 14:20:00    181 371.6 171.2 171.5276 4.485399e-05 20.08246  0.113506  0.1652118970  0.005347144   4.918724e-03      0.0001591963         1  1.056108e-01    0.001059983      3.245570e-03            3.257476e-05
162 2013-08-20 14:20:15    182 372.5 171.2 171.5295 4.485399e-05 20.08434  0.113506  0.1652936289  0.005347147   4.921157e-03      0.0001591964         1  1.065274e-01    0.001062976      3.273736e-03            3.266674e-05
163 2013-08-20 14:20:30    183 373.4 171.2 171.5314 4.485399e-05 20.08622  0.113506  0.1653753608  0.005347150   4.923591e-03      0.0001591965         1  1.074439e-01    0.001066045      3.301902e-03            3.276107e-05
164 2013-08-20 14:20:45    184 374.1 171.2 171.5333 4.485399e-05 20.08811  0.113506  0.1654570927  0.005347153   4.926024e-03      0.0001591966         1  1.081567e-01    0.001068485      3.323809e-03            3.283606e-05
165 2013-08-20 14:21:00    185 375.0 171.3 171.6351 4.485399e-05 20.18999  0.113506  0.1698796950  0.005347307   5.057695e-03      0.0001592012         1  1.090732e-01    0.001071690      3.351974e-03            3.293453e-05
166 2013-08-20 14:21:15    186 376.1 171.6 171.9370 4.485399e-05 20.49187  0.113506  0.1829840384  0.005347770   5.447840e-03      0.0001592149         1  1.101934e-01    0.001075708      3.386399e-03            3.305801e-05
167 2013-08-20 14:21:30    187 377.0 171.3 171.6389 4.485399e-05 20.19375  0.113506  0.1700431588  0.005347313   5.062561e-03      0.0001592014         1  1.111100e-01    0.001079077      3.414565e-03            3.316156e-05
168 2013-08-20 14:21:45    188 377.9 171.3 171.6408 4.485399e-05 20.19564  0.113506  0.1701248907  0.005347316   5.064995e-03      0.0001592014         1  1.120265e-01    0.001082520      3.442731e-03            3.326737e-05
169 2013-08-20 14:22:00    189 378.7 171.3 171.6427 4.485399e-05 20.19752  0.113506  0.1702066225  0.005347319   5.067428e-03      0.0001592015         1  1.128412e-01    0.001085642      3.467768e-03            3.336330e-05
170 2013-08-20 14:22:15    190 379.7 171.2 171.5446 4.485399e-05 20.09940  0.113506  0.1659474839  0.005347170   4.940624e-03      0.0001591971         1  1.138595e-01    0.001089623      3.499063e-03            3.348566e-05
171 2013-08-20 14:22:30    191 380.5 171.5 171.8464 4.485399e-05 20.40129  0.113506  0.1790518273  0.005347630   5.330770e-03      0.0001592108         1  1.146742e-01    0.001092872      3.524099e-03            3.358549e-05
172 2013-08-20 14:22:45    192 381.5 171.6 171.9483 4.485399e-05 20.50317  0.113506  0.1834744297  0.005347787   5.462440e-03      0.0001592155         1  1.156925e-01    0.001097011      3.555395e-03            3.371270e-05
173 2013-08-20 14:23:00    193 382.5 171.6 171.9502 4.485399e-05 20.50505  0.113506  0.1835561615  0.005347790   5.464874e-03      0.0001592155         1  1.167109e-01    0.001101236      3.586690e-03            3.384254e-05
174 2013-08-20 14:23:15    194 383.4 171.5 171.8521 4.485399e-05 20.40693  0.113506  0.1792970229  0.005347639   5.338070e-03      0.0001592111         1  1.176274e-01    0.001105112      3.614856e-03            3.396165e-05
175 2013-08-20 14:23:30    195 384.2 171.7 172.0540 4.485399e-05 20.60882  0.113506  0.1880604958  0.005347950   5.598978e-03      0.0001592203         1  1.184421e-01    0.001108614      3.639892e-03            3.406928e-05
176 2013-08-20 14:23:45    196 385.0 171.8 172.1559 4.485399e-05 20.71070  0.113506  0.1924830982  0.005348109   5.730648e-03      0.0001592250         1  1.192568e-01    0.001112170      3.664929e-03            3.417855e-05
177 2013-08-20 14:24:00    197 385.8 171.6 171.9577 4.485399e-05 20.51258  0.113506  0.1838830890  0.005347801   5.474607e-03      0.0001592159         1  1.200715e-01    0.001115778      3.689965e-03            3.428944e-05
178 2013-08-20 14:24:15    198 386.8 172.0 172.3596 4.485399e-05 20.91447  0.113506  0.2013283029  0.005348428   5.993990e-03      0.0001592346         1  1.210898e-01    0.001120363      3.721260e-03            3.443033e-05
179 2013-08-20 14:24:30    199 387.9 171.9 172.2615 4.485399e-05 20.81635  0.113506  0.1970691643  0.005348274   5.867186e-03      0.0001592300         1  1.222100e-01    0.001125499      3.755685e-03            3.458817e-05
180 2013-08-20 14:24:45    200 389.0 171.7 172.0634 4.485399e-05 20.61823  0.113506  0.1884691552  0.005347965   5.611144e-03      0.0001592208         1  1.233302e-01    0.001130732      3.790110e-03            3.474897e-05
181 2013-08-20 14:25:00    201 389.9 171.9 172.2653 4.485399e-05 20.82011  0.113506  0.1972326281  0.005348280   5.872052e-03      0.0001592301         1  1.242467e-01    0.001135084      3.818276e-03            3.488272e-05
182 2013-08-20 14:25:15    202 390.9 171.9 172.2672 4.485399e-05 20.82200  0.113506  0.1973143599  0.005348283   5.874486e-03      0.0001592302         1  1.252651e-01    0.001139993      3.849572e-03            3.503359e-05
183 2013-08-20 14:25:30    203 391.9 171.8 172.1690 4.485399e-05 20.72388  0.113506  0.1930552213  0.005348129   5.747682e-03      0.0001592257         1  1.262834e-01    0.001144979      3.880867e-03            3.518683e-05
184 2013-08-20 14:25:45    204 393.0 172.0 172.3709 4.485399e-05 20.92576  0.113506  0.2018186942  0.005348446   6.008590e-03      0.0001592351         1  1.274036e-01    0.001150552      3.915292e-03            3.535807e-05
185 2013-08-20 14:26:00    205 393.8 172.0 172.3728 4.485399e-05 20.92764  0.113506  0.2019004261  0.005348449   6.011023e-03      0.0001592352         1  1.282183e-01    0.001154661      3.940328e-03            3.548436e-05
186 2013-08-20 14:26:15    206 394.9 172.1 172.4747 4.485399e-05 21.02953  0.113506  0.2063230284  0.005348610   6.142694e-03      0.0001592400         1  1.293385e-01    0.001160388      3.974753e-03            3.566037e-05
187 2013-08-20 14:26:30    207 396.0 172.1 172.4766 4.485399e-05 21.03141  0.113506  0.2064047603  0.005348613   6.145127e-03      0.0001592400         1  1.304587e-01    0.001166204      4.009178e-03            3.583909e-05
188 2013-08-20 14:26:45    208 397.2 172.0 172.3785 4.485399e-05 20.93329  0.113506  0.2021456217  0.005348458   6.018323e-03      0.0001592354         1  1.316807e-01    0.001172647      4.046733e-03            3.603710e-05
189 2013-08-20 14:27:00    209 398.3 172.1 172.4803 4.485399e-05 21.03518  0.113506  0.2065682240  0.005348619   6.149994e-03      0.0001592402         1  1.328009e-01    0.001178643      4.081158e-03            3.622135e-05
190 2013-08-20 14:27:15    210 399.4 172.1 172.4822 4.485399e-05 21.03706  0.113506  0.2066499559  0.005348622   6.152427e-03      0.0001592403         1  1.339211e-01    0.001184722      4.115583e-03            3.640818e-05
191 2013-08-20 14:27:30    211 400.6 172.1 172.4841 4.485399e-05 21.03894  0.113506  0.2067316878  0.005348625   6.154860e-03      0.0001592404         1  1.351431e-01    0.001191448      4.153137e-03            3.661489e-05
192 2013-08-20 14:27:45    212 401.9 172.2 172.5860 4.485399e-05 21.14082  0.113506  0.2111542902  0.005348786   6.286531e-03      0.0001592452         1  1.364669e-01    0.001198845      4.193821e-03            3.684218e-05
193 2013-08-20 14:28:00    213 402.9 172.2 172.5879 4.485399e-05 21.14271  0.113506  0.2112360220  0.005348789   6.288964e-03      0.0001592453         1  1.374853e-01    0.001204610      4.225117e-03            3.701936e-05
194 2013-08-20 14:28:15    214 404.1 172.2 172.5897 4.485399e-05 21.14459  0.113506  0.2113177539  0.005348792   6.291398e-03      0.0001592454         1  1.387073e-01    0.001211614      4.262671e-03            3.723461e-05
195 2013-08-20 14:28:30    215 405.4 172.3 172.6916 4.485399e-05 21.24647  0.113506  0.2157403563  0.005348955   6.423068e-03      0.0001592502         1  1.400312e-01    0.001219306      4.303355e-03            3.747099e-05
196 2013-08-20 14:28:45    216 406.8 172.4 172.7935 4.485399e-05 21.34836  0.113506  0.2201629587  0.005349118   6.554739e-03      0.0001592551         1  1.414569e-01    0.001227708      4.347169e-03            3.772920e-05
197 2013-08-20 14:29:00    217 408.1 172.4 172.7954 4.485399e-05 21.35024  0.113506  0.2202446906  0.005349121   6.557172e-03      0.0001592552         1  1.427807e-01    0.001235618      4.387853e-03            3.797227e-05
198 2013-08-20 14:29:15    218 409.2 172.4 172.7973 4.485399e-05 21.35212  0.113506  0.2203264224  0.005349124   6.559606e-03      0.0001592553         1  1.439009e-01    0.001242390      4.422278e-03            3.818040e-05
199 2013-08-20 14:29:30    219 410.2 172.4 172.7992 4.485399e-05 21.35400  0.113506  0.2204081543  0.005349127   6.562039e-03      0.0001592554         1  1.449193e-01    0.001248609      4.453573e-03            3.837152e-05
200 2013-08-20 14:29:45    220 411.3 172.5 172.9010 4.485399e-05 21.45589  0.113506  0.2248307567  0.005349291   6.693710e-03      0.0001592603         1  1.460395e-01    0.001255518      4.487998e-03            3.858382e-05
201 2013-08-20 14:30:00    221 412.7 172.5 172.9029 4.485399e-05 21.45777  0.113506  0.2249124886  0.005349294   6.696143e-03      0.0001592603         1  1.474652e-01    0.001264411      4.531812e-03            3.885712e-05

$dryleafvolt
            timestamp record LWSmV  SEmV    CSEmV     CSEmV.sd   loadmV loadmV.sd
1 2013-08-20 13:38:45     16 264.4 168.1 168.1169 4.485399e-05 16.67179  0.113506
2 2013-08-20 13:39:00     17 264.4 167.3 167.3188 4.485399e-05 15.87367  0.113506
3 2013-08-20 13:39:15     18 264.4 167.6 167.6207 4.485399e-05 16.17555  0.113506
4 2013-08-20 13:39:30     19 264.4 167.7 167.7226 4.485399e-05 16.27744  0.113506
5 2013-08-20 13:39:45     20 264.4 167.7 167.7245 4.485399e-05 16.27932  0.113506
6 2013-08-20 13:40:00     21 264.4 167.8 167.8264 4.485399e-05 16.38120  0.113506

$runtime
Time difference of 50 mins

$startcalibvolt
            timestamp record LWSmV  SEmV    CSEmV     CSEmV.sd   loadmV loadmV.sd
1 2013-08-20 13:37:00      9 264.4 274.3 274.3038 4.485399e-05 122.8586  0.113506
2 2013-08-20 13:37:15     10 264.4 274.3 274.3056 4.485399e-05 122.8605  0.113506
3 2013-08-20 13:37:30     11 264.4 274.2 274.2075 4.485399e-05 122.7624  0.113506
4 2013-08-20 13:37:45     12 264.4 274.1 274.1094 4.485399e-05 122.6643  0.113506

$endcalibvolt
[1] NA

$lastLWSvolt
[1] 410.6

$maxLWSvolt
[1] 413.5

$species
[1] "coastliveoak"

$trial
[1] "6"

$replicate
[1] "2"

$isvertical
[1] FALSE

$conversionfactor
         avg        stdev
1 0.04340871 2.006391e-05

$LWSwatermass
        avg       stdev
1 0.1489886 0.003400754

$dryleafmass
        avg       stdev
1 0.7065415 0.002037838

$lwsmodel

Call:
lm(formula = LWSsurfacedensity ~ record, data = rd[rd$runfilter == 
    1, ])

Coefficients:
(Intercept)       record  
 -1.018e-03    2.374e-05  


$leafmodel

Call:
lm(formula = surfacedensity ~ record, data = rd[rd$runfilter == 
    1, ])

Coefficients:
(Intercept)       record  
 -1.412e-03    3.541e-05  


