$name
[1] "coastliveoak12"

$leafarea
[1] 15.05993

$startbasevolt
            timestamp record LWSmV  SEmV CSEmV CSEmV.sd      loadmV  loadmV.sd
1 2013-10-21 12:02:45      3 263.7 150.1 150.1        0 -0.05454545 0.09718868
2 2013-10-21 12:03:00      4 263.7 150.1 150.1        0 -0.05454545 0.09718868
3 2013-10-21 12:03:15      5 263.7 150.2 150.2        0  0.04545455 0.09718868
4 2013-10-21 12:03:30      6 263.7 150.3 150.3        0  0.14545455 0.09718868
5 2013-10-21 12:03:45      7 263.7 150.1 150.1        0 -0.05454545 0.09718868
6 2013-10-21 12:04:00      8 263.7 150.2 150.2        0  0.04545455 0.09718868
7 2013-10-21 12:04:15      9 263.7 150.1 150.1        0 -0.05454545 0.09718868

$endbasevolt
            timestamp record LWSmV  SEmV    CSEmV     CSEmV.sd       loadmV  loadmV.sd
1 2013-10-21 13:00:45    235 264.8 149.7 150.3457 4.690861e-05  0.191168831 0.09718869
2 2013-10-21 13:01:00    236 264.5 149.5 150.1486 4.690861e-05 -0.005974026 0.09718869
3 2013-10-21 13:01:15    237 264.5 149.4 150.0514 4.690861e-05 -0.103116883 0.09718869
4 2013-10-21 13:01:30    238 264.4 149.4 150.0543 4.690861e-05 -0.100259740 0.09718869

$dryragvolt
            timestamp record LWSmV  SEmV    CSEmV     CSEmV.sd   loadmV  loadmV.sd
1 2013-10-21 12:57:15    221 523.4 295.4 296.0057 4.690861e-05 145.8512 0.09718869
2 2013-10-21 12:57:30    222 522.8 295.5 296.1086 4.690861e-05 145.9540 0.09718869
3 2013-10-21 12:57:45    223 522.7 295.2 295.8114 4.690861e-05 145.6569 0.09718869

$wetragvolt
            timestamp record LWSmV  SEmV    CSEmV     CSEmV.sd   loadmV  loadmV.sd
1 2013-10-21 12:58:30    226 265.7 301.7 302.3200 4.690861e-05 152.1655 0.09718869
2 2013-10-21 12:58:45    227 265.1 301.4 302.0229 4.690861e-05 151.8683 0.09718869
3 2013-10-21 12:59:00    228 265.1 301.4 302.0257 4.690861e-05 151.8712 0.09718869

$rundata
              timestamp record LWSmV  SEmV    CSEmV     CSEmV.sd    loadmV  loadmV.sd     watermass watermass.sd surfacedensity surfacedensity.sd runfilter      LWSwater LWSwater.stdev LWSsurfacedensity LWSsurfacedensity.stdev
1   2013-10-21 12:07:00     20 263.8 159.4 159.4314 4.690861e-05  9.276883 0.09718869  0.0034404567  0.004720441   2.284510e-04      0.0003134437         0 -0.0041676153    0.001294075     -1.280767e-04            3.976874e-05
2   2013-10-21 12:07:15     21 264.0 159.3 159.3343 4.690861e-05  9.179740 0.09718869 -0.0007748776  0.004720385  -5.145293e-05      0.0003134400         0 -0.0039639447    0.001292748     -1.218176e-04            3.972797e-05
3   2013-10-21 12:07:30     22 264.4 159.3 159.3371 4.690861e-05  9.182597 0.09718869 -0.0006508972  0.004720387  -4.322046e-05      0.0003134401         0 -0.0035566034    0.001290101     -1.092994e-04            3.964662e-05
4   2013-10-21 12:07:45     23 264.8 159.4 159.4400 4.690861e-05  9.285455 0.09718869  0.0038123979  0.004720446   2.531484e-04      0.0003134441         0 -0.0031492622    0.001287462     -9.678126e-05            3.956552e-05
5   2013-10-21 12:08:00     24 265.1 159.3 159.3429 4.690861e-05  9.188312 0.09718869 -0.0004029364  0.004720390  -2.675553e-05      0.0003134404         0 -0.0028437563    0.001285489     -8.739263e-05            3.950488e-05
6   2013-10-21 12:08:15     25 265.7 159.4 159.4457 4.690861e-05  9.291169 0.09718869  0.0040603588  0.004720449   2.696134e-04      0.0003134443         0 -0.0022327444    0.001281556     -6.861538e-05            3.938403e-05
7   2013-10-21 12:08:30     26 266.4 159.5 159.5486 4.690861e-05  9.394026 0.09718869  0.0085236539  0.004720509   5.659823e-04      0.0003134483         0 -0.0015198973    0.001276993     -4.670858e-05            3.924379e-05
8   2013-10-21 12:08:45     27 267.1 159.5 159.5514 4.690861e-05  9.396883 0.09718869  0.0086476343  0.004720511   5.742147e-04      0.0003134484         0 -0.0008070501    0.001272456     -2.480179e-05            3.910438e-05
9   2013-10-21 12:09:00     28 268.0 159.4 159.4543 4.690861e-05  9.299740 0.09718869  0.0044323000  0.004720454   2.943108e-04      0.0003134446         0  0.0001094677    0.001266664      3.364097e-06            3.892635e-05
10  2013-10-21 12:09:15     29 268.9 159.5 159.5571 4.690861e-05  9.402597 0.09718869  0.0088955952  0.004720514   5.906797e-04      0.0003134486         0  0.0010259855    0.001260916      3.152998e-05            3.874972e-05
11  2013-10-21 12:09:30     30 270.0 159.5 159.5600 4.690861e-05  9.405455 0.09718869  0.0090195756  0.004720516   5.989122e-04      0.0003134487         0  0.0021461739    0.001253954      6.595494e-05            3.853576e-05
12  2013-10-21 12:09:45     31 271.0 159.6 159.6629 4.690861e-05  9.508312 0.09718869  0.0134828708  0.004720577   8.952811e-04      0.0003134528         0  0.0031645270    0.001247685      9.725037e-05            3.834311e-05
13  2013-10-21 12:10:00     32 272.2 159.6 159.6657 4.690861e-05  9.511169 0.09718869  0.0136068512  0.004720579   9.035135e-04      0.0003134529         0  0.0043865507    0.001240239      1.348049e-04            3.811430e-05
14  2013-10-21 12:10:15     33 273.3 159.7 159.7686 4.690861e-05  9.614026 0.09718869  0.0180701463  0.004720640   1.199882e-03      0.0003134569         0  0.0055067391    0.001233490      1.692298e-04            3.790688e-05
15  2013-10-21 12:10:30     34 274.4 159.5 159.5714 4.690861e-05  9.416883 0.09718869  0.0095154973  0.004720523   6.318420e-04      0.0003134492         0  0.0066269275    0.001226814      2.036548e-04            3.770171e-05
16  2013-10-21 12:10:45     35 275.6 159.6 159.6743 4.690861e-05  9.519740 0.09718869  0.0139787924  0.004720584   9.282109e-04      0.0003134532         1  0.0078489512    0.001219616      2.412093e-04            3.748050e-05
17  2013-10-21 12:11:00     36 276.9 159.6 159.6771 4.690861e-05  9.522597 0.09718869  0.0141027729  0.004720585   9.364434e-04      0.0003134533         1  0.0091728103    0.001211920      2.818934e-04            3.724399e-05
18  2013-10-21 12:11:15     37 278.1 159.4 159.4800 4.690861e-05  9.325455 0.09718869  0.0055481238  0.004720469   3.684030e-04      0.0003134456         0  0.0103948340    0.001204911      3.194479e-04            3.702862e-05
19  2013-10-21 12:11:30     38 279.3 159.4 159.4829 4.690861e-05  9.328312 0.09718869  0.0056721042  0.004720471   3.766355e-04      0.0003134457         0  0.0116168577    0.001197997      3.570024e-04            3.681612e-05
20  2013-10-21 12:11:45     39 280.5 159.4 159.4857 4.690861e-05  9.331169 0.09718869  0.0057960847  0.004720473   3.848679e-04      0.0003134458         0  0.0128388814    0.001191177      3.945569e-04            3.660655e-05
21  2013-10-21 12:12:00     40 281.7 159.6 159.6886 4.690861e-05  9.534026 0.09718869  0.0145986945  0.004720592   9.693733e-04      0.0003134538         1  0.0140609051    0.001184455      4.321114e-04            3.639996e-05
22  2013-10-21 12:12:15     41 282.9 159.4 159.4914 4.690861e-05  9.336883 0.09718869  0.0060440455  0.004720476   4.013329e-04      0.0003134461         0  0.0152829289    0.001177831      4.696659e-04            3.619639e-05
23  2013-10-21 12:12:30     42 284.2 159.3 159.3943 4.690861e-05  9.239740 0.09718869  0.0018287112  0.004720420   1.214289e-04      0.0003134423         0  0.0166067879    0.001170768      5.103500e-04            3.597934e-05
24  2013-10-21 12:12:45     43 285.4 159.4 159.4971 4.690861e-05  9.342597 0.09718869  0.0062920064  0.004720479   4.177978e-04      0.0003134463         0  0.0178288116    0.001164354      5.479045e-04            3.578225e-05
25  2013-10-21 12:13:00     44 286.7 159.5 159.6000 4.690861e-05  9.445455 0.09718869  0.0107553015  0.004720540   7.141667e-04      0.0003134503         0  0.0191526706    0.001157524      5.885885e-04            3.557233e-05
26  2013-10-21 12:13:15     45 287.9 159.5 159.6029 4.690861e-05  9.448312 0.09718869  0.0108792819  0.004720541   7.223992e-04      0.0003134504         0  0.0203746944    0.001151328      6.261430e-04            3.538194e-05
27  2013-10-21 12:13:30     46 289.1 159.5 159.6057 4.690861e-05  9.451169 0.09718869  0.0110032623  0.004720543   7.306317e-04      0.0003134505         0  0.0215967181    0.001145240      6.636975e-04            3.519485e-05
28  2013-10-21 12:13:45     47 290.3 159.8 159.9086 4.690861e-05  9.754026 0.09718869  0.0241451869  0.004720725   1.603273e-03      0.0003134626         1  0.0228187418    0.001139261      7.012521e-04            3.501110e-05
29  2013-10-21 12:14:00     48 291.4 159.7 159.8114 4.690861e-05  9.656883 0.09718869  0.0199298526  0.004720666   1.323369e-03      0.0003134587         1  0.0239389302    0.001133878      7.356770e-04            3.484566e-05
30  2013-10-21 12:14:15     49 292.7 159.7 159.8143 4.690861e-05  9.659740 0.09718869  0.0200538330  0.004720667   1.331602e-03      0.0003134588         1  0.0252627892    0.001127637      7.763611e-04            3.465388e-05
31  2013-10-21 12:14:30     50 294.0 159.6 159.7171 4.690861e-05  9.562597 0.09718869  0.0158384987  0.004720609   1.051698e-03      0.0003134549         1  0.0265866483    0.001121531      8.170451e-04            3.446621e-05
32  2013-10-21 12:14:45     51 295.3 159.6 159.7200 4.690861e-05  9.565455 0.09718869  0.0159624792  0.004720611   1.059930e-03      0.0003134550         1  0.0279105073    0.001115560      8.577292e-04            3.428274e-05
33  2013-10-21 12:15:00     52 296.5 159.9 160.0229 4.690861e-05  9.868312 0.09718869  0.0291044038  0.004720795   1.932572e-03      0.0003134672         1  0.0291325310    0.001110172      8.952837e-04            3.411715e-05
34  2013-10-21 12:15:15     53 297.8 159.8 159.9257 4.690861e-05  9.771169 0.09718869  0.0248890695  0.004720735   1.652668e-03      0.0003134633         1  0.0304563900    0.001104470      9.359677e-04            3.394191e-05
35  2013-10-21 12:15:30     54 299.0 159.8 159.9286 4.690861e-05  9.774026 0.09718869  0.0250130499  0.004720737   1.660901e-03      0.0003134634         1  0.0316784137    0.001099333      9.735222e-04            3.378404e-05
36  2013-10-21 12:15:45     55 300.2 159.9 160.0314 4.690861e-05  9.876883 0.09718869  0.0294763450  0.004720800   1.957270e-03      0.0003134676         1  0.0329004375    0.001094319      1.011077e-03            3.362996e-05
37  2013-10-21 12:16:00     56 301.5 159.9 160.0343 4.690861e-05  9.879740 0.09718869  0.0296003254  0.004720802   1.965502e-03      0.0003134677         1  0.0342242965    0.001089028      1.051761e-03            3.346737e-05
38  2013-10-21 12:16:15     57 302.8 159.9 160.0371 4.690861e-05  9.882597 0.09718869  0.0297243059  0.004720803   1.973735e-03      0.0003134678         1  0.0355481555    0.001083886      1.092445e-03            3.330935e-05
39  2013-10-21 12:16:30     58 304.1 160.0 160.1400 4.690861e-05  9.985455 0.09718869  0.0341876010  0.004720867   2.270103e-03      0.0003134720         1  0.0368720145    0.001078895      1.133129e-03            3.315598e-05
40  2013-10-21 12:16:45     59 305.4 160.2 160.3429 4.690861e-05 10.188312 0.09718869  0.0429902109  0.004720995   2.854609e-03      0.0003134805         1  0.0381958736    0.001074058      1.173813e-03            3.300730e-05
41  2013-10-21 12:17:00     60 306.6 160.2 160.3457 4.690861e-05 10.191169 0.09718869  0.0431141913  0.004720997   2.862841e-03      0.0003134806         1  0.0394178973    0.001069729      1.211367e-03            3.287429e-05
42  2013-10-21 12:17:15     61 307.9 160.0 160.1486 4.690861e-05  9.994026 0.09718869  0.0345595423  0.004720873   2.294801e-03      0.0003134724         1  0.0407417563    0.001065192      1.252052e-03            3.273484e-05
43  2013-10-21 12:17:30     62 309.0 159.9 160.0514 4.690861e-05  9.896883 0.09718869  0.0303442080  0.004720812   2.014897e-03      0.0003134684         1  0.0418619447    0.001061476      1.286476e-03            3.262065e-05
44  2013-10-21 12:17:45     63 310.2 160.0 160.1543 4.690861e-05  9.999740 0.09718869  0.0348075031  0.004720876   2.311266e-03      0.0003134726         1  0.0430839684    0.001057554      1.324031e-03            3.250012e-05
45  2013-10-21 12:18:00     64 311.4 160.1 160.2571 4.690861e-05 10.102597 0.09718869  0.0392707983  0.004720941   2.607635e-03      0.0003134769         1  0.0443059922    0.001053770      1.361585e-03            3.238384e-05
46  2013-10-21 12:18:15     65 312.6 160.0 160.1600 4.690861e-05 10.005455 0.09718869  0.0350554640  0.004720880   2.327731e-03      0.0003134729         1  0.0455280159    0.001050126      1.399140e-03            3.227186e-05
47  2013-10-21 12:18:30     66 313.8 160.3 160.4629 4.690861e-05 10.308312 0.09718869  0.0481973885  0.004721072   3.200372e-03      0.0003134856         1  0.0467500396    0.001046624      1.436695e-03            3.216423e-05
48  2013-10-21 12:18:45     67 315.0 160.2 160.3657 4.690861e-05 10.211169 0.09718869  0.0439820542  0.004721010   2.920469e-03      0.0003134815         1  0.0479720633    0.001043264      1.474249e-03            3.206098e-05
49  2013-10-21 12:19:00     68 316.2 160.2 160.3686 4.690861e-05 10.214026 0.09718869  0.0441060347  0.004721011   2.928701e-03      0.0003134816         1  0.0491940870    0.001040049      1.511804e-03            3.196217e-05
50  2013-10-21 12:19:15     69 317.4 160.3 160.4714 4.690861e-05 10.316883 0.09718869  0.0485693298  0.004721077   3.225070e-03      0.0003134860         1  0.0504161107    0.001036979      1.549358e-03            3.186783e-05
51  2013-10-21 12:19:30     70 318.6 160.5 160.6743 4.690861e-05 10.519740 0.09718869  0.0573719397  0.004721209   3.809575e-03      0.0003134947         1  0.0516381345    0.001034056      1.586913e-03            3.177800e-05
52  2013-10-21 12:19:45     71 319.9 160.5 160.6771 4.690861e-05 10.522597 0.09718869  0.0574959201  0.004721211   3.817808e-03      0.0003134949         1  0.0529619935    0.001031057      1.627597e-03            3.168582e-05
53  2013-10-21 12:20:00     72 321.1 160.4 160.5800 4.690861e-05 10.425455 0.09718869  0.0532805858  0.004721148   3.537904e-03      0.0003134907         1  0.0541840172    0.001028443      1.665151e-03            3.160552e-05
54  2013-10-21 12:20:15     73 322.3 160.6 160.7829 4.690861e-05 10.628312 0.09718869  0.0620831957  0.004721281   4.122409e-03      0.0003134995         1  0.0554060409    0.001025981      1.702706e-03            3.152983e-05
55  2013-10-21 12:20:30     74 323.6 160.6 160.7857 4.690861e-05 10.631169 0.09718869  0.0622071761  0.004721283   4.130642e-03      0.0003134996         1  0.0567299000    0.001023484      1.743390e-03            3.145310e-05
56  2013-10-21 12:20:45     75 324.8 160.4 160.5886 4.690861e-05 10.434026 0.09718869  0.0536525271  0.004721153   3.562601e-03      0.0003134910         1  0.0579519237    0.001021338      1.780944e-03            3.138717e-05
57  2013-10-21 12:21:00     76 326.0 160.3 160.4914 4.690861e-05 10.336883 0.09718869  0.0494371928  0.004721090   3.282697e-03      0.0003134868         1  0.0591739474    0.001019346      1.818499e-03            3.132595e-05
58  2013-10-21 12:21:15     77 327.3 160.5 160.6943 4.690861e-05 10.539740 0.09718869  0.0582398026  0.004721222   3.867203e-03      0.0003134956         1  0.0604978064    0.001017363      1.859183e-03            3.126499e-05
59  2013-10-21 12:21:30     78 328.5 160.7 160.8971 4.690861e-05 10.742597 0.09718869  0.0670424125  0.004721357   4.451708e-03      0.0003135046         1  0.0617198301    0.001015694      1.896737e-03            3.121370e-05
60  2013-10-21 12:21:45     79 329.9 160.8 161.0000 4.690861e-05 10.845455 0.09718869  0.0715057076  0.004721426   4.748077e-03      0.0003135092         1  0.0631455245    0.001013944      1.940551e-03            3.115994e-05
61  2013-10-21 12:22:00     80 331.0 160.6 160.8029 4.690861e-05 10.648312 0.09718869  0.0629510586  0.004721294   4.180036e-03      0.0003135004         1  0.0642657129    0.001012720      1.974976e-03            3.112230e-05
62  2013-10-21 12:22:15     81 332.3 160.4 160.6057 4.690861e-05 10.451169 0.09718869  0.0543964096  0.004721164   3.611996e-03      0.0003134918         1  0.0655895719    0.001011443      2.015660e-03            3.108306e-05
63  2013-10-21 12:22:30     82 333.6 160.6 160.8086 4.690861e-05 10.654026 0.09718869  0.0631990194  0.004721298   4.196501e-03      0.0003135006         1  0.0669134309    0.001010352      2.056344e-03            3.104954e-05
64  2013-10-21 12:22:45     83 334.9 160.6 160.8114 4.690861e-05 10.656883 0.09718869  0.0633229999  0.004721300   4.204734e-03      0.0003135008         1  0.0682372900    0.001009447      2.097028e-03            3.102174e-05
65  2013-10-21 12:23:00     84 336.2 160.5 160.7143 4.690861e-05 10.559740 0.09718869  0.0591076656  0.004721235   3.924830e-03      0.0003134965         1  0.0695611490    0.001008729      2.137712e-03            3.099968e-05
66  2013-10-21 12:23:15     85 337.4 160.6 160.8171 4.690861e-05 10.662597 0.09718869  0.0635709607  0.004721304   4.221199e-03      0.0003135010         1  0.0707831727    0.001008233      2.175267e-03            3.098442e-05
67  2013-10-21 12:23:30     86 338.8 160.7 160.9200 4.690861e-05 10.765455 0.09718869  0.0680342559  0.004721372   4.517568e-03      0.0003135056         1  0.0722088670    0.001007856      2.219080e-03            3.097283e-05
68  2013-10-21 12:23:45     87 340.1 160.6 160.8229 4.690861e-05 10.668312 0.09718869  0.0638189216  0.004721307   4.237664e-03      0.0003135013         1  0.0735327261    0.001007700      2.259764e-03            3.096805e-05
69  2013-10-21 12:24:00     88 341.5 160.6 160.8257 4.690861e-05 10.671169 0.09718869  0.0639429020  0.004721309   4.245896e-03      0.0003135014         1  0.0749584204    0.001007743      2.303578e-03            3.096936e-05
70  2013-10-21 12:24:15     89 342.8 160.6 160.8286 4.690861e-05 10.674026 0.09718869  0.0640668824  0.004721311   4.254129e-03      0.0003135015         1  0.0762822794    0.001007978      2.344262e-03            3.097657e-05
71  2013-10-21 12:24:30     90 344.2 160.8 161.0314 4.690861e-05 10.876883 0.09718869  0.0728694923  0.004721448   4.838634e-03      0.0003135106         1  0.0777079738    0.001008440      2.388075e-03            3.099078e-05
72  2013-10-21 12:24:45     91 345.5 160.8 161.0343 4.690861e-05 10.879740 0.09718869  0.0729934727  0.004721450   4.846866e-03      0.0003135107         1  0.0790318328    0.001009064      2.428759e-03            3.100996e-05
73  2013-10-21 12:25:00     92 346.9 160.7 160.9371 4.690861e-05 10.782597 0.09718869  0.0687781384  0.004721384   4.566962e-03      0.0003135063         1  0.0804575271    0.001009945      2.472573e-03            3.103703e-05
74  2013-10-21 12:25:15     93 348.3 160.8 161.0400 4.690861e-05 10.885455 0.09718869  0.0732414335  0.004721454   4.863331e-03      0.0003135110         1  0.0818832215    0.001011043      2.516387e-03            3.107076e-05
75  2013-10-21 12:25:30     94 349.6 160.8 161.0429 4.690861e-05 10.888312 0.09718869  0.0733654139  0.004721455   4.871564e-03      0.0003135111         1  0.0832070805    0.001012255      2.557071e-03            3.110801e-05
76  2013-10-21 12:25:45     95 351.3 160.7 160.9457 4.690861e-05 10.791169 0.09718869  0.0691500796  0.004721390   4.591660e-03      0.0003135067         1  0.0849382808    0.001014119      2.610273e-03            3.116531e-05
77  2013-10-21 12:26:00     96 352.7 160.8 161.0486 4.690861e-05 10.894026 0.09718869  0.0736133748  0.004721459   4.888029e-03      0.0003135114         1  0.0863639751    0.001015891      2.654087e-03            3.121977e-05
78  2013-10-21 12:26:15     97 354.1 160.8 161.0514 4.690861e-05 10.896883 0.09718869  0.0737373552  0.004721461   4.896261e-03      0.0003135115         1  0.0877896694    0.001017876      2.697900e-03            3.128077e-05
79  2013-10-21 12:26:30     98 355.7 160.6 160.8543 4.690861e-05 10.699740 0.09718869  0.0651827062  0.004721328   4.328221e-03      0.0003135027         1  0.0894190344    0.001020403      2.747973e-03            3.135842e-05
80  2013-10-21 12:26:45     99 357.2 160.8 161.0571 4.690861e-05 10.902597 0.09718869  0.0739853160  0.004721465   4.912726e-03      0.0003135117         1  0.0909465640    0.001023021      2.794916e-03            3.143887e-05
81  2013-10-21 12:27:00    100 358.8 160.7 160.9600 4.690861e-05 10.805455 0.09718869  0.0697699817  0.004721399   4.632822e-03      0.0003135074         1  0.0925759290    0.001026077      2.844989e-03            3.153278e-05
82  2013-10-21 12:27:15    101 360.4 160.8 161.0629 4.690861e-05 10.908312 0.09718869  0.0742332769  0.004721469   4.929191e-03      0.0003135120         1  0.0942052940    0.001029402      2.895061e-03            3.163496e-05
83  2013-10-21 12:27:30    102 362.0 160.8 161.0657 4.690861e-05 10.911169 0.09718869  0.0743572573  0.004721471   4.937424e-03      0.0003135121         1  0.0958346589    0.001032994      2.945134e-03            3.174535e-05
84  2013-10-21 12:27:45    103 363.5 160.8 161.0686 4.690861e-05 10.914026 0.09718869  0.0744812377  0.004721473   4.945656e-03      0.0003135123         1  0.0973621886    0.001036601      2.992077e-03            3.185620e-05
85  2013-10-21 12:28:00    104 364.8 160.8 161.0714 4.690861e-05 10.916883 0.09718869  0.0746052182  0.004721475   4.953888e-03      0.0003135124         1  0.0986860476    0.001039913      3.032761e-03            3.195799e-05
86  2013-10-21 12:28:15    105 366.4 160.8 161.0743 4.690861e-05 10.919740 0.09718869  0.0747291986  0.004721477   4.962121e-03      0.0003135125         1  0.1003154125    0.001044224      3.082834e-03            3.209048e-05
87  2013-10-21 12:28:30    106 368.2 160.8 161.0771 4.690861e-05 10.922597 0.09718869  0.0748531790  0.004721479   4.970353e-03      0.0003135126         1  0.1021484481    0.001049379      3.139166e-03            3.224890e-05
88  2013-10-21 12:28:45    107 370.0 161.0 161.2800 4.690861e-05 11.125455 0.09718869  0.0836557889  0.004721618   5.554859e-03      0.0003135219         1  0.1039814837    0.001054853      3.195497e-03            3.241713e-05
89  2013-10-21 12:29:00    108 371.8 161.1 161.3829 4.690861e-05 11.228312 0.09718869  0.0881190840  0.004721690   5.851228e-03      0.0003135267         1  0.1058145193    0.001060641      3.251829e-03            3.259500e-05
90  2013-10-21 12:29:15    109 373.4 161.1 161.3857 4.690861e-05 11.231169 0.09718869  0.0882430644  0.004721692   5.859460e-03      0.0003135268         1  0.1074438842    0.001066045      3.301902e-03            3.276107e-05
91  2013-10-21 12:29:30    110 375.1 161.1 161.3886 4.690861e-05 11.234026 0.09718869  0.0883670448  0.004721694   5.867693e-03      0.0003135269         1  0.1091750845    0.001072050      3.355104e-03            3.294562e-05
92  2013-10-21 12:29:45    111 377.0 161.1 161.3914 4.690861e-05 11.236883 0.09718869  0.0884910253  0.004721696   5.875925e-03      0.0003135271         1  0.1111099554    0.001079077      3.414565e-03            3.316156e-05
93  2013-10-21 12:30:00    112 378.6 161.0 161.2943 4.690861e-05 11.139740 0.09718869  0.0842756910  0.004721628   5.596021e-03      0.0003135226         1  0.1127393203    0.001085248      3.464638e-03            3.335121e-05
94  2013-10-21 12:30:15    113 380.1 161.1 161.3971 4.690861e-05 11.242597 0.09718869  0.0887389861  0.004721700   5.892390e-03      0.0003135273         1  0.1142668500    0.001091241      3.511581e-03            3.353536e-05
95  2013-10-21 12:30:30    114 382.0 161.2 161.5000 4.690861e-05 11.345455 0.09718869  0.0932022813  0.004721773   6.188759e-03      0.0003135322         1  0.1162017209    0.001099113      3.571042e-03            3.377729e-05
96  2013-10-21 12:30:45    115 383.8 161.2 161.5029 4.690861e-05 11.348312 0.09718869  0.0933262617  0.004721775   6.196991e-03      0.0003135323         1  0.1180347565    0.001106856      3.627374e-03            3.401525e-05
97  2013-10-21 12:31:00    116 385.5 161.2 161.5057 4.690861e-05 11.351169 0.09718869  0.0934502421  0.004721777   6.205224e-03      0.0003135324         1  0.1197659567    0.001114419      3.680576e-03            3.424767e-05
98  2013-10-21 12:31:15    117 387.3 161.3 161.6086 4.690861e-05 11.454026 0.09718869  0.0979135372  0.004721850   6.501593e-03      0.0003135373         1  0.1215989923    0.001122685      3.736908e-03            3.450170e-05
99  2013-10-21 12:31:30    118 388.9 161.2 161.5114 4.690861e-05 11.356883 0.09718869  0.0936982029  0.004721781   6.221689e-03      0.0003135327         1  0.1232283573    0.001130252      3.786981e-03            3.473423e-05
100 2013-10-21 12:31:45    119 390.8 161.6 161.9143 4.690861e-05 11.759740 0.09718869  0.1111794423  0.004722071   7.382467e-03      0.0003135520         1  0.1251632281    0.001139499      3.846442e-03            3.501840e-05
101 2013-10-21 12:32:00    120 392.7 161.6 161.9171 4.690861e-05 11.762597 0.09718869  0.1113034227  0.004722073   7.390699e-03      0.0003135521         1  0.1270980990    0.001149023      3.905903e-03            3.531109e-05
102 2013-10-21 12:32:15    121 394.4 161.4 161.7200 4.690861e-05 11.565455 0.09718869  0.1027487737  0.004721930   6.822659e-03      0.0003135426         1  0.1288292993    0.001157774      3.959106e-03            3.558003e-05
103 2013-10-21 12:32:30    122 396.3 161.2 161.5229 4.690861e-05 11.368312 0.09718869  0.0941941246  0.004721789   6.254619e-03      0.0003135332         1  0.1307641702    0.001167805      4.018567e-03            3.588830e-05
104 2013-10-21 12:32:45    123 398.1 161.4 161.7257 4.690861e-05 11.571169 0.09718869  0.1029967345  0.004721934   6.839124e-03      0.0003135429         1  0.1325972058    0.001177546      4.074899e-03            3.618765e-05
105 2013-10-21 12:33:00    124 400.3 161.5 161.8286 4.690861e-05 11.674026 0.09718869  0.1074600296  0.004722009   7.135493e-03      0.0003135478         1  0.1348375826    0.001189758      4.143749e-03            3.656293e-05
106 2013-10-21 12:33:15    125 402.3 161.6 161.9314 4.690861e-05 11.776883 0.09718869  0.1119233248  0.004722084   7.431862e-03      0.0003135528         1  0.1368742888    0.001201143      4.206340e-03            3.691281e-05
107 2013-10-21 12:33:30    126 404.5 161.5 161.8343 4.690861e-05 11.679740 0.09718869  0.1077079905  0.004722013   7.151958e-03      0.0003135481         1  0.1391146656    0.001213970      4.275189e-03            3.730699e-05
108 2013-10-21 12:33:45    127 406.8 161.4 161.7371 4.690861e-05 11.582597 0.09718869  0.1034926562  0.004721942   6.872054e-03      0.0003135434         1  0.1414568777    0.001227708      4.347169e-03            3.772920e-05
109 2013-10-21 12:34:00    128 409.0 161.6 161.9400 4.690861e-05 11.785455 0.09718869  0.1122952660  0.004722090   7.456559e-03      0.0003135533         1  0.1436972545    0.001241153      4.416019e-03            3.814239e-05
110 2013-10-21 12:34:15    129 411.4 161.6 161.9429 4.690861e-05 11.788312 0.09718869  0.1124192465  0.004722092   7.464792e-03      0.0003135534         1  0.1461413020    0.001256149      4.491128e-03            3.860323e-05
111 2013-10-21 12:34:30    130 413.8 161.5 161.8457 4.690861e-05 11.691169 0.09718869  0.1082039122  0.004722021   7.184888e-03      0.0003135487         1  0.1485853494    0.001271475      4.566237e-03            3.907423e-05
112 2013-10-21 12:34:45    131 415.7 161.6 161.9486 4.690861e-05 11.794026 0.09718869  0.1126672073  0.004722097   7.481257e-03      0.0003135537         1  0.1505202203    0.001283835      4.625698e-03            3.945406e-05
113 2013-10-21 12:35:00    132 417.5 161.7 162.0514 4.690861e-05 11.896883 0.09718869  0.1171305025  0.004722173   7.777626e-03      0.0003135587         1  0.1523532559    0.001295723      4.682030e-03            3.981940e-05
114 2013-10-21 12:35:15    133 419.2 161.5 161.8543 4.690861e-05 11.699740 0.09718869  0.1085758534  0.004722027   7.209585e-03      0.0003135491         1  0.1540844561    0.001307107      4.735232e-03            4.016923e-05
115 2013-10-21 12:35:30    134 420.7 161.7 162.0571 4.690861e-05 11.902597 0.09718869  0.1173784633  0.004722177   7.794090e-03      0.0003135590         1  0.1556119858    0.001317273      4.782175e-03            4.048166e-05
116 2013-10-21 12:35:45    135 422.4 161.8 162.1600 4.690861e-05 12.005455 0.09718869  0.1218417584  0.004722254   8.090459e-03      0.0003135641         1  0.1573431860    0.001328931      4.835378e-03            4.083991e-05
117 2013-10-21 12:36:00    136 424.1 161.3 161.6629 4.690861e-05 11.508312 0.09718869  0.1002691652  0.004721889   6.658010e-03      0.0003135399         1  0.1590743863    0.001340728      4.888580e-03            4.120245e-05
118 2013-10-21 12:36:15    137 425.5 161.6 161.9657 4.690861e-05 11.811169 0.09718869  0.1134110898  0.004722109   7.530651e-03      0.0003135545         1  0.1605000806    0.001350546      4.932393e-03            4.150417e-05
119 2013-10-21 12:36:30    138 426.9 162.1 162.4686 4.690861e-05 12.314026 0.09718869  0.1352316439  0.004722488   8.979566e-03      0.0003135796         1  0.1619257750    0.001360454      4.976207e-03            4.180867e-05
120 2013-10-21 12:36:45    139 428.4 161.7 162.0714 4.690861e-05 11.916883 0.09718869  0.1179983654  0.004722187   7.835253e-03      0.0003135597         1  0.1634533046    0.001371168      5.023150e-03            4.213794e-05
121 2013-10-21 12:37:00    140 429.6 161.6 161.9743 4.690861e-05 11.819740 0.09718869  0.1137830311  0.004722116   7.555349e-03      0.0003135549         1  0.1646753283    0.001379811      5.060705e-03            4.240355e-05
122 2013-10-21 12:37:15    141 431.2 161.4 161.7771 4.690861e-05 11.622597 0.09718869  0.1052283821  0.004721971   6.987308e-03      0.0003135454         1  0.1663046933    0.001391432      5.110777e-03            4.276067e-05
123 2013-10-21 12:37:30    142 432.3 161.3 161.6800 4.690861e-05 11.525455 0.09718869  0.1010130478  0.004721901   6.707404e-03      0.0003135407         1  0.1674248817    0.001399484      5.145202e-03            4.300812e-05
124 2013-10-21 12:37:45    143 433.6 161.5 161.8829 4.690861e-05 11.728312 0.09718869  0.1098156576  0.004722048   7.291910e-03      0.0003135505         1  0.1687487407    0.001409065      5.185886e-03            4.330256e-05
125 2013-10-21 12:38:00    144 435.1 161.8 162.1857 4.690861e-05 12.031169 0.09718869  0.1229575822  0.004722273   8.164552e-03      0.0003135654         1  0.1702762704    0.001420205      5.232829e-03            4.364491e-05
126 2013-10-21 12:38:15    145 436.2 161.4 161.7886 4.690861e-05 11.634026 0.09718869  0.1057243037  0.004721980   7.020238e-03      0.0003135459         1  0.1713964588    0.001428431      5.267254e-03            4.389771e-05
127 2013-10-21 12:38:30    146 437.6 161.8 162.1914 4.690861e-05 12.036883 0.09718869  0.1232055431  0.004722277   8.181017e-03      0.0003135657         1  0.1728221531    0.001438969      5.311068e-03            4.422156e-05
128 2013-10-21 12:38:45    147 439.0 161.8 162.1943 4.690861e-05 12.039740 0.09718869  0.1233295235  0.004722279   8.189249e-03      0.0003135658         1  0.1742478475    0.001449582      5.354882e-03            4.454770e-05
129 2013-10-21 12:39:00    148 440.4 161.4 161.7971 4.690861e-05 11.642597 0.09718869  0.1060962450  0.004721986   7.044936e-03      0.0003135463         1  0.1756735418    0.001460268      5.398695e-03            4.487609e-05
130 2013-10-21 12:39:15    149 441.5 161.4 161.8000 4.690861e-05 11.645455 0.09718869  0.1062202254  0.004721988   7.053168e-03      0.0003135465         1  0.1767937302    0.001468714      5.433120e-03            4.513566e-05
131 2013-10-21 12:39:30    150 442.8 162.1 162.5029 4.690861e-05 12.348312 0.09718869  0.1367194089  0.004722514   9.078356e-03      0.0003135814         1  0.1781175892    0.001478752      5.473804e-03            4.544414e-05
132 2013-10-21 12:39:45    151 444.0 162.3 162.7057 4.690861e-05 12.551169 0.09718869  0.1455220188  0.004722672   9.662861e-03      0.0003135919         1  0.1793396130    0.001488071      5.511359e-03            4.573052e-05
133 2013-10-21 12:40:00    152 445.4 162.2 162.6086 4.690861e-05 12.454026 0.09718869  0.1413066845  0.004722596   9.382957e-03      0.0003135868         1  0.1807653073    0.001499005      5.555172e-03            4.606655e-05
134 2013-10-21 12:40:15    153 446.5 161.5 161.9114 4.690861e-05 11.756883 0.09718869  0.1110554618  0.004722069   7.374235e-03      0.0003135519         1  0.1818854957    0.001507643      5.589597e-03            4.633200e-05
135 2013-10-21 12:40:30    154 447.7 161.8 162.2143 4.690861e-05 12.059740 0.09718869  0.1241973864  0.004722294   8.246876e-03      0.0003135668         1  0.1831075194    0.001517112      5.627152e-03            4.662299e-05
136 2013-10-21 12:40:45    155 448.9 161.8 162.2171 4.690861e-05 12.062597 0.09718869  0.1243213669  0.004722297   8.255109e-03      0.0003135669         1  0.1843295431    0.001526628      5.664706e-03            4.691543e-05
137 2013-10-21 12:41:00    156 450.2 161.6 162.0200 4.690861e-05 11.865455 0.09718869  0.1157667178  0.004722149   7.687068e-03      0.0003135572         1  0.1856534022    0.001536989      5.705390e-03            4.723382e-05
138 2013-10-21 12:41:15    157 451.5 162.0 162.4229 4.690861e-05 12.268312 0.09718869  0.1332479571  0.004722453   8.847847e-03      0.0003135773         1  0.1869772612    0.001547402      5.746074e-03            4.755385e-05
139 2013-10-21 12:41:30    158 452.6 162.0 162.4257 4.690861e-05 12.271169 0.09718869  0.1333719376  0.004722455   8.856079e-03      0.0003135775         1  0.1880974496    0.001556254      5.780499e-03            4.782588e-05
140 2013-10-21 12:41:45    159 453.8 161.9 162.3286 4.690861e-05 12.174026 0.09718869  0.1291566033  0.004722381   8.576175e-03      0.0003135725         1  0.1893194733    0.001565953      5.818054e-03            4.812393e-05
141 2013-10-21 12:42:00    160 455.0 161.8 162.2314 4.690861e-05 12.076883 0.09718869  0.1249412690  0.004722307   8.296271e-03      0.0003135677         1  0.1905414970    0.001575694      5.855608e-03            4.842328e-05
142 2013-10-21 12:42:15    161 456.4 161.8 162.2343 4.690861e-05 12.079740 0.09718869  0.1250652494  0.004722309   8.304504e-03      0.0003135678         1  0.1919671914    0.001587111      5.899422e-03            4.877415e-05
143 2013-10-21 12:42:30    162 457.5 162.0 162.4371 4.690861e-05 12.282597 0.09718869  0.1338678592  0.004722464   8.889009e-03      0.0003135780         1  0.1930873798    0.001596121      5.933847e-03            4.905104e-05
144 2013-10-21 12:42:45    163 458.8 162.1 162.5400 4.690861e-05 12.385455 0.09718869  0.1383311544  0.004722543   9.185378e-03      0.0003135833         1  0.1944112388    0.001606813      5.974531e-03            4.937962e-05
145 2013-10-21 12:43:00    164 460.2 162.0 162.4429 4.690861e-05 12.288312 0.09718869  0.1341158201  0.004722468   8.905474e-03      0.0003135783         1  0.1958369331    0.001618379      6.018345e-03            4.973505e-05
146 2013-10-21 12:43:15    165 461.3 161.8 162.2457 4.690861e-05 12.091169 0.09718869  0.1255611711  0.004722318   8.337433e-03      0.0003135684         1  0.1969571215    0.001627503      6.052770e-03            5.001546e-05
147 2013-10-21 12:43:30    166 462.6 161.8 162.2486 4.690861e-05 12.094026 0.09718869  0.1256851515  0.004722320   8.345666e-03      0.0003135685         1  0.1982809806    0.001638328      6.093454e-03            5.034811e-05
148 2013-10-21 12:43:45    167 464.2 162.1 162.5514 4.690861e-05 12.396883 0.09718869  0.1388270761  0.004722552   9.218308e-03      0.0003135839         1  0.1999103455    0.001651710      6.143526e-03            5.075938e-05
149 2013-10-21 12:44:00    168 465.6 162.1 162.5543 4.690861e-05 12.399740 0.09718869  0.1389510565  0.004722554   9.226540e-03      0.0003135840         1  0.2013360399    0.001663473      6.187340e-03            5.112086e-05
150 2013-10-21 12:44:15    169 466.7 162.2 162.6571 4.690861e-05 12.502597 0.09718869  0.1434143516  0.004722634   9.522909e-03      0.0003135893         1  0.2024562283    0.001672749      6.221765e-03            5.140593e-05
151 2013-10-21 12:44:30    170 467.8 162.1 162.5600 4.690861e-05 12.405455 0.09718869  0.1391990173  0.004722558   9.243005e-03      0.0003135843         1  0.2035764167    0.001682054      6.256190e-03            5.169190e-05
152 2013-10-21 12:44:45    171 469.0 162.0 162.4629 4.690861e-05 12.308312 0.09718869  0.1349836830  0.004722483   8.963101e-03      0.0003135794         1  0.2047984404    0.001692239      6.293744e-03            5.200488e-05
153 2013-10-21 12:45:00    172 470.2 162.1 162.5657 4.690861e-05 12.411169 0.09718869  0.1394469782  0.004722563   9.259470e-03      0.0003135846         1  0.2060204641    0.001702457      6.331299e-03            5.231890e-05
154 2013-10-21 12:45:15    173 471.3 162.1 162.5686 4.690861e-05 12.414026 0.09718869  0.1395709586  0.004722565   9.267702e-03      0.0003135848         1  0.2071406525    0.001711853      6.365724e-03            5.260765e-05
155 2013-10-21 12:45:30    174 472.2 162.0 162.4714 4.690861e-05 12.316883 0.09718869  0.1353556243  0.004722490   8.987799e-03      0.0003135798         1  0.2080571703    0.001719561      6.393890e-03            5.284452e-05
156 2013-10-21 12:45:45    175 473.4 161.9 162.3743 4.690861e-05 12.219740 0.09718869  0.1311402900  0.004722416   8.707895e-03      0.0003135749         1  0.2092791940    0.001729866      6.431444e-03            5.316122e-05
157 2013-10-21 12:46:00    176 474.6 162.0 162.4771 4.690861e-05 12.322597 0.09718869  0.1356035851  0.004722494   9.004263e-03      0.0003135801         1  0.2105012178    0.001740203      6.468999e-03            5.347890e-05
158 2013-10-21 12:46:15    177 476.1 161.9 162.3800 4.690861e-05 12.225455 0.09718869  0.1313882508  0.004722420   8.724359e-03      0.0003135751         1  0.2120287474    0.001753168      6.515942e-03            5.387733e-05
159 2013-10-21 12:46:30    178 477.2 162.1 162.5829 4.690861e-05 12.428312 0.09718869  0.1401908607  0.004722576   9.308865e-03      0.0003135855         1  0.2131489358    0.001762706      6.550367e-03            5.417044e-05
160 2013-10-21 12:46:45    179 478.4 162.2 162.6857 4.690861e-05 12.531169 0.09718869  0.1446541558  0.004722656   9.605234e-03      0.0003135908         1  0.2143709595    0.001773140      6.587921e-03            5.449107e-05
161 2013-10-21 12:47:00    180 479.5 162.4 162.8886 4.690861e-05 12.734026 0.09718869  0.1534567657  0.004722816   1.018974e-02      0.0003136014         1  0.2154911479    0.001782729      6.622346e-03            5.478579e-05
162 2013-10-21 12:47:15    181 480.6 162.2 162.6914 4.690861e-05 12.536883 0.09718869  0.1449021167  0.004722661   9.621699e-03      0.0003135911         1  0.2166113363    0.001792344      6.656771e-03            5.508124e-05
163 2013-10-21 12:47:30    182 481.7 162.1 162.5943 4.690861e-05 12.439740 0.09718869  0.1406867824  0.004722585   9.341795e-03      0.0003135861         1  0.2177315247    0.001801982      6.691196e-03            5.537744e-05
164 2013-10-21 12:47:45    183 482.8 162.2 162.6971 4.690861e-05 12.542597 0.09718869  0.1451500775  0.004722665   9.638164e-03      0.0003135914         1  0.2188517132    0.001811643      6.725621e-03            5.567435e-05
165 2013-10-21 12:48:00    184 483.7 162.1 162.6000 4.690861e-05 12.445455 0.09718869  0.1409347432  0.004722589   9.358260e-03      0.0003135864         1  0.2197682309    0.001819566      6.753787e-03            5.591781e-05
166 2013-10-21 12:48:15    185 484.5 162.3 162.8029 4.690861e-05 12.648312 0.09718869  0.1497373531  0.004722748   9.942765e-03      0.0003135969         1  0.2205829134    0.001826620      6.778823e-03            5.613461e-05
167 2013-10-21 12:48:30    186 485.9 162.4 162.9057 4.690861e-05 12.751169 0.09718869  0.1542006482  0.004722830   1.023913e-02      0.0003136023         1  0.2220086078    0.001838995      6.822637e-03            5.651490e-05
168 2013-10-21 12:48:45    187 487.2 162.3 162.8086 4.690861e-05 12.654026 0.09718869  0.1499853139  0.004722753   9.959230e-03      0.0003135972         1  0.2233324668    0.001850518      6.863321e-03            5.686901e-05
169 2013-10-21 12:49:00    188 488.3 162.6 163.1114 4.690861e-05 12.956883 0.09718869  0.1631272385  0.004722995   1.083187e-02      0.0003136133         1  0.2244526552    0.001860291      6.897746e-03            5.716937e-05
170 2013-10-21 12:49:15    189 489.1 162.5 163.0143 4.690861e-05 12.859740 0.09718869  0.1589119042  0.004722916   1.055197e-02      0.0003136081         1  0.2252673377    0.001867413      6.922782e-03            5.738822e-05
171 2013-10-21 12:49:30    190 490.1 162.5 163.0171 4.690861e-05 12.862597 0.09718869  0.1590358846  0.004722919   1.056020e-02      0.0003136083         1  0.2262856908    0.001876330      6.954078e-03            5.766228e-05
172 2013-10-21 12:49:45    191 491.3 162.6 163.1200 4.690861e-05 12.965455 0.09718869  0.1634991798  0.004723002   1.085657e-02      0.0003136138         1  0.2275077145    0.001887054      6.991632e-03            5.799184e-05
173 2013-10-21 12:50:00    192 492.6 162.4 162.9229 4.690861e-05 12.768312 0.09718869  0.1549445308  0.004722843   1.028853e-02      0.0003136033         1  0.2288315735    0.001898699      7.032316e-03            5.834971e-05
174 2013-10-21 12:50:15    193 493.6 162.2 162.7257 4.690861e-05 12.571169 0.09718869  0.1463898817  0.004722687   9.720488e-03      0.0003135929         1  0.2298499266    0.001907676      7.063612e-03            5.862558e-05
175 2013-10-21 12:50:30    194 494.4 162.4 162.9286 4.690861e-05 12.774026 0.09718869  0.1551924916  0.004722848   1.030499e-02      0.0003136036         1  0.2306646091    0.001914870      7.088648e-03            5.884664e-05
176 2013-10-21 12:50:45    195 495.3 162.5 163.0314 4.690861e-05 12.876883 0.09718869  0.1596557867  0.004722930   1.060136e-02      0.0003136090         1  0.2315811269    0.001922974      7.116814e-03            5.909571e-05
177 2013-10-21 12:51:00    196 496.4 162.4 162.9343 4.690861e-05 12.779740 0.09718869  0.1554404524  0.004722852   1.032146e-02      0.0003136039         1  0.2327013153    0.001932898      7.151239e-03            5.940067e-05
178 2013-10-21 12:51:15    197 497.4 162.4 162.9371 4.690861e-05 12.782597 0.09718869  0.1555644329  0.004722855   1.032969e-02      0.0003136040         1  0.2337196684    0.001941936      7.182534e-03            5.967842e-05
179 2013-10-21 12:51:30    198 498.4 162.4 162.9400 4.690861e-05 12.785455 0.09718869  0.1556884133  0.004722857   1.033792e-02      0.0003136042         1  0.2347380215    0.001950989      7.213830e-03            5.995665e-05
180 2013-10-21 12:51:45    199 499.2 162.3 162.8429 4.690861e-05 12.688312 0.09718869  0.1514730790  0.004722780   1.005802e-02      0.0003135990         1  0.2355527040    0.001958243      7.238866e-03            6.017956e-05
181 2013-10-21 12:52:00    200 500.2 162.4 162.9457 4.690861e-05 12.791169 0.09718869  0.1559363741  0.004722862   1.035439e-02      0.0003136045         1  0.2365710571    0.001967324      7.270162e-03            6.045863e-05
182 2013-10-21 12:52:15    201 501.3 162.5 163.0486 4.690861e-05 12.894026 0.09718869  0.1603996693  0.004722944   1.065076e-02      0.0003136099         1  0.2376912455    0.001977330      7.304587e-03            6.076614e-05
183 2013-10-21 12:52:30    202 502.4 162.6 163.1514 4.690861e-05 12.996883 0.09718869  0.1648629644  0.004723027   1.094713e-02      0.0003136155         1  0.2388114339    0.001987354      7.339011e-03            6.107419e-05
184 2013-10-21 12:52:45    203 503.8 162.4 162.9543 4.690861e-05 12.799740 0.09718869  0.1563083154  0.004722868   1.037909e-02      0.0003136049         1  0.2402371282    0.002000137      7.382825e-03            6.146703e-05
185 2013-10-21 12:53:00    204 505.3 162.6 163.1571 4.690861e-05 13.002597 0.09718869  0.1651109253  0.004723032   1.096359e-02      0.0003136158         1  0.2417646579    0.002013864      7.429768e-03            6.188888e-05
186 2013-10-21 12:53:15    205 506.4 162.6 163.1600 4.690861e-05 13.005455 0.09718869  0.1652349057  0.004723034   1.097182e-02      0.0003136159         1  0.2428848463    0.002023951      7.464193e-03            6.219885e-05
187 2013-10-21 12:53:30    206 507.3 162.6 163.1629 4.690861e-05 13.008312 0.09718869  0.1653588861  0.004723036   1.098006e-02      0.0003136161         1  0.2438013641    0.002032215      7.492359e-03            6.245284e-05
188 2013-10-21 12:53:45    207 508.6 162.6 163.1657 4.690861e-05 13.011169 0.09718869  0.1654828665  0.004723039   1.098829e-02      0.0003136162         1  0.2451252231    0.002044173      7.533043e-03            6.282031e-05
189 2013-10-21 12:54:00    208 509.8 162.7 163.2686 4.690861e-05 13.114026 0.09718869  0.1699461617  0.004723122   1.128466e-02      0.0003136218         1  0.2463472468    0.002055231      7.570598e-03            6.316013e-05
190 2013-10-21 12:54:15    209 510.8 162.6 163.1714 4.690861e-05 13.016883 0.09718869  0.1657308274  0.004723043   1.100475e-02      0.0003136165         1  0.2473655999    0.002064460      7.601893e-03            6.344376e-05
191 2013-10-21 12:54:30    210 512.0 162.9 163.4743 4.690861e-05 13.319740 0.09718869  0.1788727520  0.004723292   1.187740e-02      0.0003136331         1  0.2485876236    0.002075552      7.639448e-03            6.378463e-05
192 2013-10-21 12:54:45    211 513.0 162.8 163.3771 4.690861e-05 13.222597 0.09718869  0.1746574177  0.004723212   1.159749e-02      0.0003136277         1  0.2496059767    0.002084809      7.670743e-03            6.406912e-05
193 2013-10-21 12:55:00    212 514.2 162.7 163.2800 4.690861e-05 13.125455 0.09718869  0.1704420833  0.004723132   1.131759e-02      0.0003136224         1  0.2508280004    0.002095935      7.708297e-03            6.441102e-05
194 2013-10-21 12:55:15    213 515.7 162.6 163.1829 4.690861e-05 13.028312 0.09718869  0.1662267490  0.004723053   1.103768e-02      0.0003136171         1  0.2523555301    0.002109866      7.755241e-03            6.483916e-05
195 2013-10-21 12:55:30    214 517.1 162.8 163.3857 4.690861e-05 13.231169 0.09718869  0.1750293589  0.004723219   1.162219e-02      0.0003136282         1  0.2537812244    0.002122894      7.799054e-03            6.523952e-05
196 2013-10-21 12:55:45    215 518.3 162.6 163.1886 4.690861e-05 13.034026 0.09718869  0.1664747099  0.004723057   1.105415e-02      0.0003136175         1  0.2550032481    0.002134079      7.836609e-03            6.558325e-05
197 2013-10-21 12:56:00    216 520.0 162.8 163.3914 4.690861e-05 13.236883 0.09718869  0.1752773198  0.004723223   1.163865e-02      0.0003136285         1  0.2567344484    0.002149953      7.889811e-03            6.607109e-05
198 2013-10-21 12:56:15    217 521.1 162.9 163.4943 4.690861e-05 13.339740 0.09718869  0.1797406149  0.004723309   1.193502e-02      0.0003136342         1  0.2578546368    0.002160242      7.924236e-03            6.638729e-05
199 2013-10-21 12:56:30    218 522.3 162.4 162.9971 4.690861e-05 12.842597 0.09718869  0.1581680217  0.004722903   1.050257e-02      0.0003136072         1  0.2590766605    0.002171482      7.961790e-03            6.673271e-05

$dryleafvolt
            timestamp record LWSmV  SEmV    CSEmV     CSEmV.sd   loadmV  loadmV.sd
1 2013-10-21 12:06:15     17 263.7 159.4 159.4229 4.690861e-05 9.268312 0.09718869
2 2013-10-21 12:06:30     18 263.7 159.3 159.3257 4.690861e-05 9.171169 0.09718869
3 2013-10-21 12:06:45     19 263.8 159.2 159.2286 4.690861e-05 9.074026 0.09718869
4 2013-10-21 12:07:00     20 263.8 159.4 159.4314 4.690861e-05 9.276883 0.09718869

$runtime
Time difference of 49.5 mins

$startcalibvolt
            timestamp record LWSmV  SEmV    CSEmV     CSEmV.sd   loadmV  loadmV.sd
1 2013-10-21 12:04:45     11 263.7 273.0 273.0057 4.690861e-05 122.8512 0.09718869
2 2013-10-21 12:05:00     12 263.7 273.0 273.0086 4.690861e-05 122.8540 0.09718869
3 2013-10-21 12:05:15     13 263.7 273.0 273.0114 4.690861e-05 122.8569 0.09718869
4 2013-10-21 12:05:30     14 263.7 272.9 272.9143 4.690861e-05 122.7597 0.09718869

$endcalibvolt
            timestamp record LWSmV  SEmV
1 2013-10-21 12:59:30    230 265.1 272.3
2 2013-10-21 12:59:45    231 264.9 272.4
3 2013-10-21 13:00:00    232 264.8 272.5
4 2013-10-21 13:00:15    233 264.7 272.3

$lastLWSvolt
[1] 522.7

$maxLWSvolt
[1] 523.4

$species
[1] "coastliveoak"

$trial
[1] "12"

$replicate
[1] "1"

$isvertical
[1] FALSE

$conversionfactor
         avg        stdev
1 0.04339315 1.716725e-05

$LWSwatermass
        avg       stdev
1 0.2667645 0.003445047

$dryleafmass
        avg       stdev
1 0.3991127 0.002114565

$lwsmodel

Call:
lm(formula = LWSsurfacedensity ~ record, data = rd[rd$runfilter == 
    1, ])

Coefficients:
(Intercept)       record  
 -1.441e-03    4.443e-05  


$leafmodel

Call:
lm(formula = surfacedensity ~ record, data = rd[rd$runfilter == 
    1, ])

Coefficients:
(Intercept)       record  
 -0.0007996    0.0000583  


