$name
[1] "coastliveoak1"

$leafarea
[1] 30.52496

$startbasevolt
            timestamp record LWSmV  SEmV CSEmV CSEmV.sd      loadmV loadmV.sd
1 2013-08-17 10:42:00      2 263.8 149.0 149.0        0 -0.25306522  0.182848
2 2013-08-17 10:42:15      3 263.8 149.1 149.1        0 -0.15306522  0.182848
3 2013-08-17 10:42:30      4 263.8 149.3 149.3        0  0.04693478  0.182848
4 2013-08-17 10:42:45      5 263.8 149.3 149.3        0  0.04693478  0.182848
5 2013-08-17 10:43:00      6 263.8 149.3 149.3        0  0.04693478  0.182848
6 2013-08-17 10:43:15      7 263.8 149.5 149.5        0  0.24693478  0.182848
7 2013-08-17 10:43:30      8 263.8 149.3 149.3        0  0.04693478  0.182848
8 2013-08-17 10:43:45      9 263.8 149.3 149.3        0  0.04693478  0.182848

$endbasevolt
            timestamp record LWSmV  SEmV    CSEmV     CSEmV.sd      loadmV loadmV.sd
1 2013-08-17 11:39:30    232 265.1 147.9 149.0271 7.814192e-05 -0.22594565  0.182848
2 2013-08-17 11:39:45    233 265.1 148.0 149.1322 7.814192e-05 -0.12089130  0.182848
3 2013-08-17 11:40:00    234 265.1 148.3 149.4372 7.814192e-05  0.18416304  0.182848
4 2013-08-17 11:40:15    235 265.1 148.1 149.2423 7.814192e-05 -0.01078261  0.182848
5 2013-08-17 11:40:30    236 265.1 148.0 149.1473 7.814192e-05 -0.10572826  0.182848
6 2013-08-17 11:40:45    237 265.1 148.5 149.6524 7.814192e-05  0.39932609  0.182848
7 2013-08-17 11:41:00    238 265.1 147.9 149.0574 7.814192e-05 -0.19561957  0.182848

$dryragvolt
            timestamp record LWSmV  SEmV    CSEmV     CSEmV.sd   loadmV loadmV.sd
1 2013-08-17 11:34:30    212 458.2 246.9 247.9260 7.814192e-05 98.67297  0.182848
2 2013-08-17 11:34:45    213 458.2 245.6 246.6311 7.814192e-05 97.37802  0.182848
3 2013-08-17 11:35:00    214 457.6 246.1 247.1361 7.814192e-05 97.88308  0.182848
4 2013-08-17 11:35:15    215 457.5 245.9 246.9412 7.814192e-05 97.68813  0.182848
5 2013-08-17 11:35:30    216 457.0 245.8 246.8463 7.814192e-05 97.59318  0.182848

$wetragvolt
            timestamp record LWSmV  SEmV    CSEmV     CSEmV.sd   loadmV loadmV.sd
1 2013-08-17 11:36:15    219 266.5 250.5 251.5614 7.814192e-05 102.3083  0.182848
2 2013-08-17 11:36:30    220 265.9 250.3 251.3665 7.814192e-05 102.1134  0.182848
3 2013-08-17 11:36:45    221 265.6 250.2 251.2715 7.814192e-05 102.0185  0.182848
4 2013-08-17 11:37:00    222 265.1 250.0 251.0766 7.814192e-05 101.8235  0.182848
5 2013-08-17 11:37:15    223 265.1 250.0 251.0816 7.814192e-05 101.8286  0.182848

$rundata
              timestamp record LWSmV  SEmV    CSEmV     CSEmV.sd   loadmV loadmV.sd     watermass watermass.sd surfacedensity surfacedensity.sd runfilter      LWSwater LWSwater.stdev LWSsurfacedensity LWSsurfacedensity.stdev
1   2013-08-17 10:48:00     26 263.8 163.5 163.5859 7.814192e-05 14.33286  0.182848 -0.0057452342  0.008441937  -1.882143e-04      0.0002765585         0 -0.0041676153    0.001294075     -1.280767e-04            3.976874e-05
2   2013-08-17 10:48:15     27 264.0 163.5 163.5910 7.814192e-05 14.33791  0.182848 -0.0055257613  0.008441944  -1.810244e-04      0.0002765587         0 -0.0039639447    0.001292748     -1.218176e-04            3.972797e-05
3   2013-08-17 10:48:30     28 264.4 163.6 163.6960 7.814192e-05 14.44297  0.182848 -0.0009640288  0.008442094  -3.158166e-05      0.0002765636         0 -0.0035566034    0.001290101     -1.092994e-04            3.964662e-05
4   2013-08-17 10:48:45     29 264.6 163.6 163.7011 7.814192e-05 14.44802  0.182848 -0.0007445559  0.008442101  -2.439171e-05      0.0002765639         0 -0.0033529328    0.001288780     -1.030403e-04            3.960604e-05
5   2013-08-17 10:49:00     30 265.1 163.7 163.8061 7.814192e-05 14.55308  0.182848  0.0038171766  0.008442252   1.250510e-04      0.0002765688         0 -0.0028437563    0.001285489     -8.739263e-05            3.950488e-05
6   2013-08-17 10:49:15     31 265.3 163.8 163.9112 7.814192e-05 14.65813  0.182848  0.0083789091  0.008442405   2.744937e-04      0.0002765738         0 -0.0026400857    0.001284176     -8.113355e-05            3.946453e-05
7   2013-08-17 10:49:30     32 265.8 163.8 163.9163 7.814192e-05 14.66318  0.182848  0.0085983820  0.008442412   2.816836e-04      0.0002765740         0 -0.0021309091    0.001280903     -6.548584e-05            3.936394e-05
8   2013-08-17 10:49:45     33 266.4 163.7 163.8213 7.814192e-05 14.56824  0.182848  0.0044755953  0.008442274   1.466208e-04      0.0002765695         0 -0.0015198973    0.001276993     -4.670858e-05            3.924379e-05
9   2013-08-17 10:50:00     34 266.9 163.7 163.8264 7.814192e-05 14.57329  0.182848  0.0046950682  0.008442282   1.538108e-04      0.0002765698         0 -0.0010107207    0.001273750     -3.106087e-05            3.914413e-05
10  2013-08-17 10:50:15     35 267.5 163.8 163.9314 7.814192e-05 14.67835  0.182848  0.0092568007  0.008442434   3.032535e-04      0.0002765748         0 -0.0003997088    0.001269876     -1.228362e-05            3.902509e-05
11  2013-08-17 10:50:30     36 268.1 163.8 163.9365 7.814192e-05 14.68340  0.182848  0.0094762736  0.008442441   3.104434e-04      0.0002765750         0  0.0002113030    0.001266023      6.493639e-06            3.890666e-05
12  2013-08-17 10:50:45     37 268.8 164.0 164.1415 7.814192e-05 14.88846  0.182848  0.0183802657  0.008442742   6.021389e-04      0.0002765848         0  0.0009241502    0.001261552      2.840044e-05            3.876928e-05
13  2013-08-17 10:51:00     38 269.5 163.8 163.9466 7.814192e-05 14.69351  0.182848  0.0099152194  0.008442456   3.248233e-04      0.0002765755         0  0.0016369974    0.001257110      5.030723e-05            3.863275e-05
14  2013-08-17 10:51:15     39 270.2 163.9 164.0516 7.814192e-05 14.79857  0.182848  0.0144769519  0.008442610   4.742660e-04      0.0002765805         0  0.0023498445    0.001252695      7.221403e-05            3.849709e-05
15  2013-08-17 10:51:30     40 270.9 163.9 164.0567 7.814192e-05 14.80362  0.182848  0.0146964248  0.008442617   4.814560e-04      0.0002765808         0  0.0030626917    0.001248309      9.412083e-05            3.836229e-05
16  2013-08-17 10:51:45     41 271.7 164.0 164.1617 7.814192e-05 14.90867  0.182848  0.0192581573  0.008442772   6.308987e-04      0.0002765858         0  0.0038773742    0.001243331      1.191572e-04            3.820932e-05
17  2013-08-17 10:52:00     42 272.4 164.1 164.2668 7.814192e-05 15.01373  0.182848  0.0238198898  0.008442927   7.803414e-04      0.0002765909         0  0.0045902213    0.001239007      1.410640e-04            3.807642e-05
18  2013-08-17 10:52:15     43 273.1 164.1 164.2718 7.814192e-05 15.01878  0.182848  0.0240393627  0.008442935   7.875313e-04      0.0002765912         0  0.0053030685    0.001234712      1.629708e-04            3.794443e-05
19  2013-08-17 10:52:30     44 273.9 164.1 164.2769 7.814192e-05 15.02384  0.182848  0.0242588356  0.008442943   7.947213e-04      0.0002765914         0  0.0061177510    0.001229839      1.880071e-04            3.779469e-05
20  2013-08-17 10:52:45     45 274.7 164.1 164.2820 7.814192e-05 15.02889  0.182848  0.0244783085  0.008442950   8.019112e-04      0.0002765917         1  0.0069324335    0.001225006      2.130434e-04            3.764615e-05
21  2013-08-17 10:53:00     46 275.5 164.2 164.3870 7.814192e-05 15.13395  0.182848  0.0290400410  0.008443107   9.513539e-04      0.0002765968         1  0.0077471159    0.001220212      2.380798e-04            3.749883e-05
22  2013-08-17 10:53:15     47 276.3 164.4 164.5921 7.814192e-05 15.33900  0.182848  0.0379440331  0.008443417   1.243049e-03      0.0002766070         1  0.0085617984    0.001215458      2.631161e-04            3.735274e-05
23  2013-08-17 10:53:30     48 277.1 164.2 164.3971 7.814192e-05 15.14405  0.182848  0.0294789868  0.008443122   9.657338e-04      0.0002765973         1  0.0093764809    0.001210745      2.881525e-04            3.720790e-05
24  2013-08-17 10:53:45     49 277.8 164.3 164.5022 7.814192e-05 15.24911  0.182848  0.0340407194  0.008443280   1.115176e-03      0.0002766025         1  0.0100893281    0.001206655      3.100593e-04            3.708220e-05
25  2013-08-17 10:54:00     50 278.7 164.3 164.5072 7.814192e-05 15.25416  0.182848  0.0342601923  0.008443288   1.122366e-03      0.0002766027         1  0.0110058459    0.001201442      3.382251e-04            3.692201e-05
26  2013-08-17 10:54:15     51 279.5 164.2 164.4123 7.814192e-05 15.15922  0.182848  0.0301374056  0.008443145   9.873036e-04      0.0002765981         1  0.0118205283    0.001196853      3.632615e-04            3.678099e-05
27  2013-08-17 10:54:30     52 280.3 164.5 164.7173 7.814192e-05 15.46427  0.182848  0.0433836573  0.008443608   1.421252e-03      0.0002766132         1  0.0126352108    0.001192307      3.882978e-04            3.664128e-05
28  2013-08-17 10:54:45     53 281.1 164.4 164.6224 7.814192e-05 15.36933  0.182848  0.0392608706  0.008443463   1.286189e-03      0.0002766085         1  0.0134498933    0.001187804      4.133342e-04            3.650288e-05
29  2013-08-17 10:55:00     54 281.9 164.7 164.9274 7.814192e-05 15.67438  0.182848  0.0525071223  0.008443932   1.720137e-03      0.0002766238         1  0.0142645758    0.001183344      4.383705e-04            3.636582e-05
30  2013-08-17 10:55:15     55 282.7 164.7 164.9325 7.814192e-05 15.67943  0.182848  0.0527265952  0.008443940   1.727327e-03      0.0002766241         1  0.0150792582    0.001178928      4.634068e-04            3.623011e-05
31  2013-08-17 10:55:30     56 283.5 164.7 164.9376 7.814192e-05 15.68449  0.182848  0.0529460681  0.008443948   1.734517e-03      0.0002766244         1  0.0158939407    0.001174556      4.884432e-04            3.609576e-05
32  2013-08-17 10:55:45     57 284.3 164.6 164.8426 7.814192e-05 15.58954  0.182848  0.0488232814  0.008443801   1.599454e-03      0.0002766195         1  0.0167086232    0.001170229      5.134795e-04            3.596280e-05
33  2013-08-17 10:56:00     58 285.1 164.8 165.0477 7.814192e-05 15.79460  0.182848  0.0577272735  0.008444120   1.891150e-03      0.0002766300         1  0.0175233057    0.001165948      5.385158e-04            3.583123e-05
34  2013-08-17 10:56:15     59 285.9 164.8 165.0527 7.814192e-05 15.79965  0.182848  0.0579467464  0.008444127   1.898340e-03      0.0002766302         1  0.0183379882    0.001161713      5.635522e-04            3.570107e-05
35  2013-08-17 10:56:30     60 286.7 164.7 164.9578 7.814192e-05 15.70471  0.182848  0.0538239597  0.008443979   1.763277e-03      0.0002766254         1  0.0191526706    0.001157524      5.885885e-04            3.557233e-05
36  2013-08-17 10:56:45     61 287.5 164.7 164.9628 7.814192e-05 15.70976  0.182848  0.0540434326  0.008443987   1.770467e-03      0.0002766256         1  0.0199673531    0.001153382      6.136249e-04            3.544504e-05
37  2013-08-17 10:57:00     62 288.3 164.8 165.0679 7.814192e-05 15.81482  0.182848  0.0586051651  0.008444151   1.919910e-03      0.0002766310         1  0.0207820356    0.001149287      6.386612e-04            3.531921e-05
38  2013-08-17 10:57:15     63 289.1 164.9 165.1729 7.814192e-05 15.91987  0.182848  0.0631668976  0.008444316   2.069352e-03      0.0002766364         1  0.0215967181    0.001145240      6.636975e-04            3.519485e-05
39  2013-08-17 10:57:30     64 289.9 164.8 165.0780 7.814192e-05 15.82492  0.182848  0.0590441109  0.008444167   1.934289e-03      0.0002766315         1  0.0224114006    0.001141242      6.887339e-04            3.507198e-05
40  2013-08-17 10:57:45     65 290.8 164.8 165.0830 7.814192e-05 15.82998  0.182848  0.0592635838  0.008444175   1.941479e-03      0.0002766318         1  0.0233279183    0.001136803      7.168998e-04            3.493554e-05
41  2013-08-17 10:58:00     66 291.7 164.7 164.9881 7.814192e-05 15.73503  0.182848  0.0551407971  0.008444026   1.806417e-03      0.0002766269         1  0.0242444361    0.001132426      7.450656e-04            3.480104e-05
42  2013-08-17 10:58:15     67 292.6 164.9 165.1932 7.814192e-05 15.94009  0.182848  0.0640447892  0.008444348   2.098112e-03      0.0002766375         1  0.0251609539    0.001128112      7.732315e-04            3.466848e-05
43  2013-08-17 10:58:30     68 293.4 164.8 165.0982 7.814192e-05 15.84514  0.182848  0.0599220025  0.008444199   1.963049e-03      0.0002766326         1  0.0259756364    0.001124332      7.982679e-04            3.455231e-05
44  2013-08-17 10:58:45     69 294.4 164.9 165.2033 7.814192e-05 15.95020  0.182848  0.0644837350  0.008444364   2.112492e-03      0.0002766380         1  0.0269939895    0.001119679      8.295633e-04            3.440931e-05
45  2013-08-17 10:59:00     70 295.3 164.8 165.1083 7.814192e-05 15.85525  0.182848  0.0603609483  0.008444215   1.977429e-03      0.0002766331         1  0.0279105073    0.001115560      8.577292e-04            3.428274e-05
46  2013-08-17 10:59:15     71 296.1 164.8 165.1134 7.814192e-05 15.86030  0.182848  0.0605804212  0.008444223   1.984619e-03      0.0002766334         1  0.0287251898    0.001111955      8.827655e-04            3.417194e-05
47  2013-08-17 10:59:30     72 297.1 165.0 165.3184 7.814192e-05 16.06536  0.182848  0.0694844133  0.008444547   2.276315e-03      0.0002766440         1  0.0297435429    0.001107523      9.140609e-04            3.403573e-05
48  2013-08-17 10:59:45     73 298.0 165.0 165.3235 7.814192e-05 16.07041  0.182848  0.0697038862  0.008444555   2.283504e-03      0.0002766442         1  0.0306600606    0.001103605      9.422268e-04            3.391534e-05
49  2013-08-17 11:00:00     74 298.9 164.8 165.1285 7.814192e-05 15.87547  0.182848  0.0612388400  0.008444246   2.006189e-03      0.0002766341         1  0.0315765784    0.001099756      9.703927e-04            3.379705e-05
50  2013-08-17 11:00:15     75 299.8 165.0 165.3336 7.814192e-05 16.08052  0.182848  0.0701428321  0.008444571   2.297884e-03      0.0002766448         1  0.0324930962    0.001095976      9.985586e-04            3.368089e-05
51  2013-08-17 11:00:30     76 300.7 165.1 165.4386 7.814192e-05 16.18558  0.182848  0.0747045646  0.008444739   2.447327e-03      0.0002766503         1  0.0334096140    0.001092266      1.026724e-03            3.356689e-05
52  2013-08-17 11:00:45     77 301.5 165.0 165.3437 7.814192e-05 16.09063  0.182848  0.0705817779  0.008444587   2.312264e-03      0.0002766453         1  0.0342242965    0.001089028      1.051761e-03            3.346737e-05
53  2013-08-17 11:01:00     78 302.4 165.2 165.5487 7.814192e-05 16.29568  0.182848  0.0794857700  0.008444916   2.603960e-03      0.0002766561         1  0.0351408143    0.001085453      1.079927e-03            3.335748e-05
54  2013-08-17 11:01:15     79 303.4 165.1 165.4538 7.814192e-05 16.20074  0.182848  0.0753629833  0.008444763   2.468897e-03      0.0002766511         1  0.0361591674    0.001081564      1.111222e-03            3.323798e-05
55  2013-08-17 11:01:30     80 304.3 165.1 165.4589 7.814192e-05 16.20579  0.182848  0.0755824562  0.008444772   2.476087e-03      0.0002766513         1  0.0370756852    0.001078141      1.139388e-03            3.313280e-05
56  2013-08-17 11:01:45     81 305.2 165.3 165.6639 7.814192e-05 16.41085  0.182848  0.0844864483  0.008445103   2.767782e-03      0.0002766622         1  0.0379922029    0.001074792      1.167554e-03            3.302987e-05
57  2013-08-17 11:02:00     82 306.1 165.2 165.5690 7.814192e-05 16.31590  0.182848  0.0803636616  0.008444949   2.632720e-03      0.0002766572         1  0.0389087207    0.001071517      1.195720e-03            3.292922e-05
58  2013-08-17 11:02:15     83 307.0 165.2 165.5740 7.814192e-05 16.32096  0.182848  0.0805831345  0.008444957   2.639909e-03      0.0002766574         1  0.0398252385    0.001068316      1.223886e-03            3.283087e-05
59  2013-08-17 11:02:30     84 308.1 165.2 165.5791 7.814192e-05 16.32601  0.182848  0.0808026074  0.008444965   2.647099e-03      0.0002766577         1  0.0409454269    0.001064508      1.258311e-03            3.271382e-05
60  2013-08-17 11:02:45     85 308.9 165.2 165.5841 7.814192e-05 16.33107  0.182848  0.0810220803  0.008444973   2.654289e-03      0.0002766580         1  0.0417601094    0.001061809      1.283347e-03            3.263089e-05
61  2013-08-17 11:03:00     86 309.8 165.2 165.5892 7.814192e-05 16.33612  0.182848  0.0812415532  0.008444982   2.661479e-03      0.0002766582         1  0.0426766272    0.001058846      1.311513e-03            3.253983e-05
62  2013-08-17 11:03:15     87 310.8 165.3 165.6942 7.814192e-05 16.44117  0.182848  0.0858032857  0.008445152   2.810922e-03      0.0002766638         1  0.0436949803    0.001055645      1.342808e-03            3.244145e-05
63  2013-08-17 11:03:30     88 311.7 165.2 165.5993 7.814192e-05 16.34623  0.182848  0.0816804990  0.008444998   2.675859e-03      0.0002766588         1  0.0446114981    0.001052846      1.370974e-03            3.235544e-05
64  2013-08-17 11:03:45     89 312.7 165.3 165.7043 7.814192e-05 16.45128  0.182848  0.0862422315  0.008445169   2.825302e-03      0.0002766644         1  0.0456298512    0.001049829      1.402270e-03            3.226273e-05
65  2013-08-17 11:04:00     90 313.6 165.3 165.7094 7.814192e-05 16.45634  0.182848  0.0864617044  0.008445177   2.832492e-03      0.0002766646         1  0.0465463690    0.001047198      1.430435e-03            3.218186e-05
66  2013-08-17 11:04:15     91 314.5 165.4 165.8145 7.814192e-05 16.56139  0.182848  0.0910234369  0.008445349   2.981935e-03      0.0002766703         1  0.0474628868    0.001044647      1.458601e-03            3.210347e-05
67  2013-08-17 11:04:30     92 315.5 165.5 165.9195 7.814192e-05 16.66645  0.182848  0.0955851694  0.008445522   3.131377e-03      0.0002766759         1  0.0484812399    0.001041907      1.489897e-03            3.201927e-05
68  2013-08-17 11:04:45     93 316.4 165.6 166.0246 7.814192e-05 16.77150  0.182848  0.1001469019  0.008445696   3.280820e-03      0.0002766816         1  0.0493977576    0.001039527      1.518063e-03            3.194613e-05
69  2013-08-17 11:05:00     94 317.3 165.4 165.8296 7.814192e-05 16.57655  0.182848  0.0916818556  0.008445374   3.003504e-03      0.0002766711         1  0.0503142754    0.001037229      1.546229e-03            3.187552e-05
70  2013-08-17 11:05:15     95 318.4 165.4 165.8347 7.814192e-05 16.58161  0.182848  0.0919013285  0.008445382   3.010694e-03      0.0002766713         1  0.0514344638    0.001034533      1.580653e-03            3.179266e-05
71  2013-08-17 11:05:30     96 319.3 165.5 165.9397 7.814192e-05 16.68666  0.182848  0.0964630610  0.008445555   3.160137e-03      0.0002766770         1  0.0523509816    0.001032419      1.608819e-03            3.172770e-05
72  2013-08-17 11:05:45     97 320.4 165.6 166.0448 7.814192e-05 16.79172  0.182848  0.1010247935  0.008445729   3.309580e-03      0.0002766827         1  0.0534711700    0.001029950      1.643244e-03            3.165180e-05
73  2013-08-17 11:06:00     98 321.2 165.7 166.1498 7.814192e-05 16.89677  0.182848  0.1055865260  0.008445905   3.459022e-03      0.0002766885         1  0.0542858525    0.001028232      1.668281e-03            3.159903e-05
74  2013-08-17 11:06:15     99 322.3 165.6 166.0549 7.814192e-05 16.80183  0.182848  0.1014637394  0.008445746   3.323960e-03      0.0002766833         1  0.0554060409    0.001025981      1.702706e-03            3.152983e-05
75  2013-08-17 11:06:30    100 323.3 165.7 166.1599 7.814192e-05 16.90688  0.182848  0.1060254719  0.008445922   3.473402e-03      0.0002766890         1  0.0564243940    0.001024044      1.734001e-03            3.147032e-05
76  2013-08-17 11:06:45    101 324.3 165.8 166.2650 7.814192e-05 17.01193  0.182848  0.1105872044  0.008446098   3.622845e-03      0.0002766948         1  0.0574427471    0.001022214      1.765296e-03            3.141407e-05
77  2013-08-17 11:07:00    102 325.3 165.7 166.1701 7.814192e-05 16.91699  0.182848  0.1064644177  0.008445939   3.487782e-03      0.0002766896         1  0.0584611002    0.001020490      1.796592e-03            3.136108e-05
78  2013-08-17 11:07:15    103 326.3 165.8 166.2751 7.814192e-05 17.02204  0.182848  0.1110261502  0.008446115   3.637225e-03      0.0002766954         1  0.0594794533    0.001018873      1.827887e-03            3.131139e-05
79  2013-08-17 11:07:30    104 327.3 165.7 166.1802 7.814192e-05 16.92710  0.182848  0.1069033635  0.008445956   3.502162e-03      0.0002766901         1  0.0604978064    0.001017363      1.859183e-03            3.126499e-05
80  2013-08-17 11:07:45    105 328.2 165.8 166.2852 7.814192e-05 17.03215  0.182848  0.1114650960  0.008446132   3.651605e-03      0.0002766959         1  0.0614143242    0.001016097      1.887349e-03            3.122608e-05
81  2013-08-17 11:08:00    106 329.3 165.8 166.2903 7.814192e-05 17.03721  0.182848  0.1116845689  0.008446141   3.658795e-03      0.0002766962         1  0.0625345126    0.001014668      1.921774e-03            3.118218e-05
82  2013-08-17 11:08:15    107 330.4 165.8 166.2953 7.814192e-05 17.04226  0.182848  0.1119040418  0.008446149   3.665985e-03      0.0002766965         1  0.0636547010    0.001013371      1.956199e-03            3.114232e-05
83  2013-08-17 11:08:30    108 331.4 165.8 166.3004 7.814192e-05 17.04732  0.182848  0.1121235147  0.008446158   3.673175e-03      0.0002766968         1  0.0646730541    0.001012307      1.987494e-03            3.110962e-05
84  2013-08-17 11:08:45    109 332.5 165.8 166.3054 7.814192e-05 17.05237  0.182848  0.1123429876  0.008446166   3.680365e-03      0.0002766970         1  0.0657932425    0.001011263      2.021919e-03            3.107753e-05
85  2013-08-17 11:09:00    110 333.4 165.8 166.3105 7.814192e-05 17.05742  0.182848  0.1125624605  0.008446175   3.687555e-03      0.0002766973         1  0.0667097603    0.001010508      2.050085e-03            3.105432e-05
86  2013-08-17 11:09:15    111 334.5 165.8 166.3155 7.814192e-05 17.06248  0.182848  0.1127819334  0.008446183   3.694744e-03      0.0002766976         1  0.0678299487    0.001009706      2.084510e-03            3.102968e-05
87  2013-08-17 11:09:30    112 335.4 165.8 166.3206 7.814192e-05 17.06753  0.182848  0.1130014063  0.008446192   3.701934e-03      0.0002766979         1  0.0687464665    0.001009149      2.112676e-03            3.101257e-05
88  2013-08-17 11:09:45    113 336.5 166.0 166.5257 7.814192e-05 17.27259  0.182848  0.1219053984  0.008446541   3.993630e-03      0.0002767093         1  0.0698666549    0.001008590      2.147101e-03            3.099540e-05
89  2013-08-17 11:10:00    114 337.5 165.9 166.4307 7.814192e-05 17.17764  0.182848  0.1177826117  0.008446379   3.858567e-03      0.0002767040         1  0.0708850080    0.001008199      2.178396e-03            3.098337e-05
90  2013-08-17 11:10:15    115 338.5 165.9 166.4358 7.814192e-05 17.18270  0.182848  0.1180020846  0.008446387   3.865757e-03      0.0002767043         1  0.0719033611    0.001007918      2.209691e-03            3.097475e-05
91  2013-08-17 11:10:30    116 339.6 165.9 166.4408 7.814192e-05 17.18775  0.182848  0.1182215575  0.008446396   3.872947e-03      0.0002767046         1  0.0730235495    0.001007738      2.244116e-03            3.096920e-05
92  2013-08-17 11:10:45    117 340.7 165.8 166.3459 7.814192e-05 17.09280  0.182848  0.1140987708  0.008446235   3.737884e-03      0.0002766993         1  0.0741437379    0.001007692      2.278541e-03            3.096779e-05
93  2013-08-17 11:11:00    118 341.7 166.1 166.6509 7.814192e-05 17.39786  0.182848  0.1273450225  0.008446756   4.171832e-03      0.0002767164         1  0.0751620910    0.001007767      2.309837e-03            3.097009e-05
94  2013-08-17 11:11:15    119 342.9 166.2 166.7560 7.814192e-05 17.50291  0.182848  0.1319067550  0.008446938   4.321275e-03      0.0002767223         1  0.0763841147    0.001008003      2.347391e-03            3.097736e-05
95  2013-08-17 11:11:30    120 344.2 166.1 166.6610 7.814192e-05 17.40797  0.182848  0.1277839683  0.008446773   4.186212e-03      0.0002767169         1  0.0777079738    0.001008440      2.388075e-03            3.099078e-05
96  2013-08-17 11:11:45    121 345.3 166.1 166.6661 7.814192e-05 17.41302  0.182848  0.1280034412  0.008446782   4.193402e-03      0.0002767172         1  0.0788281622    0.001008956      2.422500e-03            3.100663e-05
97  2013-08-17 11:12:00    122 346.5 166.0 166.5711 7.814192e-05 17.31808  0.182848  0.1238806545  0.008446619   4.058339e-03      0.0002767119         1  0.0800501859    0.001009671      2.460055e-03            3.102862e-05
98  2013-08-17 11:12:15    123 347.6 166.2 166.7762 7.814192e-05 17.52313  0.182848  0.1327846466  0.008446973   4.350035e-03      0.0002767234         1  0.0811703743    0.001010467      2.494480e-03            3.105307e-05
99  2013-08-17 11:12:30    124 348.7 166.1 166.6813 7.814192e-05 17.42818  0.182848  0.1286618599  0.008446808   4.214972e-03      0.0002767181         1  0.0822905627    0.001011396      2.528905e-03            3.108161e-05
100 2013-08-17 11:12:45    125 349.8 166.1 166.6863 7.814192e-05 17.43324  0.182848  0.1288813329  0.008446817   4.222162e-03      0.0002767184         1  0.0834107511    0.001012458      2.563330e-03            3.111425e-05
101 2013-08-17 11:13:00    126 351.1 166.2 166.7914 7.814192e-05 17.53829  0.182848  0.1334430654  0.008446999   4.371605e-03      0.0002767243         1  0.0847346101    0.001013883      2.604014e-03            3.115807e-05
102 2013-08-17 11:13:15    127 352.5 166.3 166.8964 7.814192e-05 17.64335  0.182848  0.1380047979  0.008447182   4.521047e-03      0.0002767303         1  0.0861603045    0.001015625      2.647827e-03            3.121159e-05
103 2013-08-17 11:13:30    128 353.6 166.4 167.0015 7.814192e-05 17.74840  0.182848  0.1425665304  0.008447366   4.670490e-03      0.0002767363         1  0.0872804929    0.001017143      2.682252e-03            3.125823e-05
104 2013-08-17 11:13:45    129 354.8 166.3 166.9065 7.814192e-05 17.65346  0.182848  0.1384437437  0.008447200   4.535427e-03      0.0002767309         1  0.0885025166    0.001018948      2.719807e-03            3.131370e-05
105 2013-08-17 11:14:00    130 356.0 166.5 167.1116 7.814192e-05 17.85851  0.182848  0.1473477358  0.008447560   4.827123e-03      0.0002767427         1  0.0897245403    0.001020907      2.757361e-03            3.137392e-05
106 2013-08-17 11:14:15    131 357.3 166.4 167.0166 7.814192e-05 17.76357  0.182848  0.1432249491  0.008447393   4.692060e-03      0.0002767372         1  0.0910483994    0.001023204      2.798045e-03            3.144450e-05
107 2013-08-17 11:14:30    132 358.5 166.4 167.0217 7.814192e-05 17.76862  0.182848  0.1434444220  0.008447402   4.699250e-03      0.0002767375         1  0.0922704231    0.001025483      2.835600e-03            3.151454e-05
108 2013-08-17 11:14:45    133 359.7 166.3 166.9267 7.814192e-05 17.67367  0.182848  0.1393216353  0.008447235   4.564187e-03      0.0002767320         1  0.0934924468    0.001027914      2.873154e-03            3.158924e-05
109 2013-08-17 11:15:00    134 360.9 166.5 167.1318 7.814192e-05 17.87873  0.182848  0.1482256274  0.008447596   4.855883e-03      0.0002767439         1  0.0947144705    0.001030496      2.910709e-03            3.166858e-05
110 2013-08-17 11:15:15    135 362.2 166.4 167.0368 7.814192e-05 17.78378  0.182848  0.1441028407  0.008447428   4.720820e-03      0.0002767384         1  0.0960383295    0.001033461      2.951393e-03            3.175972e-05
111 2013-08-17 11:15:30    136 363.4 166.5 167.1419 7.814192e-05 17.88884  0.182848  0.1486645732  0.008447614   4.870262e-03      0.0002767445         1  0.0972603533    0.001036353      2.988948e-03            3.184859e-05
112 2013-08-17 11:15:45    137 364.7 166.5 167.1470 7.814192e-05 17.89389  0.182848  0.1488840461  0.008447623   4.877452e-03      0.0002767448         1  0.0985842123    0.001039652      3.029632e-03            3.194998e-05
113 2013-08-17 11:16:00    138 365.9 166.5 167.1520 7.814192e-05 17.89895  0.182848  0.1491035190  0.008447632   4.884642e-03      0.0002767451         1  0.0998062360    0.001042849      3.067186e-03            3.204823e-05
114 2013-08-17 11:16:15    139 367.2 166.5 167.1571 7.814192e-05 17.90400  0.182848  0.1493229919  0.008447641   4.891832e-03      0.0002767453         1  0.1011300950    0.001046476      3.107870e-03            3.215967e-05
115 2013-08-17 11:16:30    140 368.5 166.6 167.2621 7.814192e-05 18.00905  0.182848  0.1538847244  0.008447828   5.041275e-03      0.0002767515         1  0.1024539541    0.001050270      3.148554e-03            3.227626e-05
116 2013-08-17 11:16:45    141 369.8 166.7 167.3672 7.814192e-05 18.11411  0.182848  0.1584464569  0.008448016   5.190718e-03      0.0002767576         1  0.1037778131    0.001054229      3.189238e-03            3.239796e-05
117 2013-08-17 11:17:00    142 371.2 166.5 167.1722 7.814192e-05 17.91916  0.182848  0.1499814106  0.008447668   4.913402e-03      0.0002767462         1  0.1052035074    0.001058677      3.233052e-03            3.253464e-05
118 2013-08-17 11:17:15    143 372.4 166.5 167.1773 7.814192e-05 17.92422  0.182848  0.1502008835  0.008447677   4.920592e-03      0.0002767465         1  0.1064255311    0.001062639      3.270606e-03            3.265640e-05
119 2013-08-17 11:17:30    144 373.7 166.6 167.2823 7.814192e-05 18.02927  0.182848  0.1547626160  0.008447864   5.070035e-03      0.0002767526         1  0.1077493902    0.001067085      3.311290e-03            3.279304e-05
120 2013-08-17 11:17:45    145 375.1 166.5 167.1874 7.814192e-05 17.93433  0.182848  0.1506398293  0.008447695   4.934972e-03      0.0002767471         1  0.1091750845    0.001072050      3.355104e-03            3.294562e-05
121 2013-08-17 11:18:00    146 376.5 166.7 167.3924 7.814192e-05 18.13938  0.182848  0.1595438214  0.008448061   5.226667e-03      0.0002767591         1  0.1106007788    0.001077196      3.398918e-03            3.310375e-05
122 2013-08-17 11:18:15    147 378.0 166.6 167.2975 7.814192e-05 18.04443  0.182848  0.1554210347  0.008447891   5.091605e-03      0.0002767535         1  0.1121283085    0.001082907      3.445861e-03            3.327927e-05
123 2013-08-17 11:18:30    148 379.5 166.7 167.4026 7.814192e-05 18.14949  0.182848  0.1599827672  0.008448079   5.241047e-03      0.0002767597         1  0.1136558381    0.001088820      3.492804e-03            3.346097e-05
124 2013-08-17 11:18:45    149 380.9 166.6 167.3076 7.814192e-05 18.05454  0.182848  0.1558599805  0.008447909   5.105985e-03      0.0002767541         1  0.1150815325    0.001094517      3.536617e-03            3.363605e-05
125 2013-08-17 11:19:00    150 382.4 166.7 167.4127 7.814192e-05 18.15960  0.182848  0.1604217131  0.008448097   5.255427e-03      0.0002767603         1  0.1166090621    0.001100810      3.583561e-03            3.382944e-05
126 2013-08-17 11:19:15    151 383.8 166.6 167.3177 7.814192e-05 18.06465  0.182848  0.1562989264  0.008447927   5.120364e-03      0.0002767547         1  0.1180347565    0.001106856      3.627374e-03            3.401525e-05
127 2013-08-17 11:19:30    152 385.1 166.7 167.4228 7.814192e-05 18.16971  0.182848  0.1608606589  0.008448116   5.269807e-03      0.0002767609         1  0.1193586155    0.001112618      3.668058e-03            3.419232e-05
128 2013-08-17 11:19:45    153 386.6 166.8 167.5278 7.814192e-05 18.27476  0.182848  0.1654223914  0.008448305   5.419250e-03      0.0002767671         1  0.1208861451    0.001119439      3.715001e-03            3.440195e-05
129 2013-08-17 11:20:00    154 388.1 166.8 167.5329 7.814192e-05 18.27982  0.182848  0.1656418643  0.008448314   5.426440e-03      0.0002767674         1  0.1224136748    0.001126443      3.761945e-03            3.461718e-05
130 2013-08-17 11:20:15    155 389.6 166.9 167.6379 7.814192e-05 18.38487  0.182848  0.1702035968  0.008448505   5.575882e-03      0.0002767737         1  0.1239412044    0.001133626      3.808888e-03            3.483792e-05
131 2013-08-17 11:20:30    156 391.1 167.0 167.7430 7.814192e-05 18.48992  0.182848  0.1747653293  0.008448697   5.725325e-03      0.0002767799         0  0.1254687341    0.001140984      3.855831e-03            3.506405e-05
132 2013-08-17 11:20:45    157 392.6 167.2 167.9480 7.814192e-05 18.69498  0.182848  0.1836693214  0.008449075   6.017021e-03      0.0002767923         0  0.1269962637    0.001148515      3.902774e-03            3.529548e-05
133 2013-08-17 11:21:00    158 394.1 167.1 167.8531 7.814192e-05 18.60003  0.182848  0.1795465347  0.008448899   5.881958e-03      0.0002767866         0  0.1285237934    0.001156214      3.949717e-03            3.553209e-05
134 2013-08-17 11:21:15    159 395.9 166.8 167.5582 7.814192e-05 18.30509  0.182848  0.1667392288  0.008448360   5.462389e-03      0.0002767689         0  0.1303568289    0.001165672      4.006049e-03            3.582273e-05
135 2013-08-17 11:21:30    160 397.4 166.3 167.0632 7.814192e-05 17.81014  0.182848  0.1452474037  0.008447475   4.758316e-03      0.0002767399         0  0.1318843586    0.001173731      4.052992e-03            3.607040e-05
136 2013-08-17 11:21:45    161 399.1 166.3 167.0683 7.814192e-05 17.81520  0.182848  0.1454668766  0.008447484   4.765506e-03      0.0002767402         0  0.1336155589    0.001183056      4.106194e-03            3.635697e-05
137 2013-08-17 11:22:00    162 400.6 166.5 167.2733 7.814192e-05 18.02025  0.182848  0.1543708687  0.008447848   5.057201e-03      0.0002767521         0  0.1351430885    0.001191448      4.153137e-03            3.661489e-05
138 2013-08-17 11:22:15    163 402.4 166.5 167.2784 7.814192e-05 18.02530  0.182848  0.1545903416  0.008447857   5.064391e-03      0.0002767524         0  0.1369761241    0.001201719      4.209469e-03            3.693052e-05
139 2013-08-17 11:22:30    164 403.9 166.4 167.1834 7.814192e-05 17.93036  0.182848  0.1504675549  0.008447688   4.929328e-03      0.0002767469         0  0.1385036537    0.001210441      4.256412e-03            3.719854e-05
140 2013-08-17 11:22:45    165 405.6 166.5 167.2885 7.814192e-05 18.03541  0.182848  0.1550292874  0.008447875   5.078771e-03      0.0002767530         0  0.1402348540    0.001220499      4.309614e-03            3.750765e-05
141 2013-08-17 11:23:00    166 407.3 166.5 167.2935 7.814192e-05 18.04047  0.182848  0.1552487603  0.008447884   5.085961e-03      0.0002767533         0  0.1419660543    0.001230738      4.362817e-03            3.782231e-05
142 2013-08-17 11:23:15    167 409.0 166.4 167.1986 7.814192e-05 17.94552  0.182848  0.1511259736  0.008447715   4.950898e-03      0.0002767478         0  0.1436972545    0.001241153      4.416019e-03            3.814239e-05
143 2013-08-17 11:23:30    168 410.8 166.7 167.5036 7.814192e-05 18.25058  0.182848  0.1643722253  0.008448262   5.384846e-03      0.0002767657         0  0.1455302901    0.001252369      4.472351e-03            3.848706e-05
144 2013-08-17 11:23:45    169 412.5 166.6 167.4087 7.814192e-05 18.15563  0.182848  0.1602494386  0.008448090   5.249783e-03      0.0002767601         0  0.1472614904    0.001263133      4.525553e-03            3.881787e-05
145 2013-08-17 11:24:00    170 414.2 166.6 167.4138 7.814192e-05 18.16068  0.182848  0.1604689115  0.008448099   5.256973e-03      0.0002767604         0  0.1489926906    0.001274061      4.578755e-03            3.915369e-05
146 2013-08-17 11:24:15    171 415.9 166.6 167.4188 7.814192e-05 18.16574  0.182848  0.1606883844  0.008448109   5.264163e-03      0.0002767607         0  0.1507238909    0.001285148      4.631957e-03            3.949439e-05
147 2013-08-17 11:24:30    172 417.3 166.5 167.3239 7.814192e-05 18.07079  0.182848  0.1565655977  0.008447938   5.129101e-03      0.0002767551         0  0.1521495852    0.001294394      4.675771e-03            3.977855e-05
148 2013-08-17 11:24:45    173 418.5 166.6 167.4289 7.814192e-05 18.17585  0.182848  0.1611273302  0.008448127   5.278543e-03      0.0002767613         0  0.1533716090    0.001302401      4.713325e-03            4.002463e-05
149 2013-08-17 11:25:00    174 419.7 166.7 167.5340 7.814192e-05 18.28090  0.182848  0.1656890627  0.008448316   5.427986e-03      0.0002767675         0  0.1545936327    0.001310483      4.750880e-03            4.027299e-05
150 2013-08-17 11:25:15    175 421.0 166.6 167.4390 7.814192e-05 18.18596  0.182848  0.1615662760  0.008448145   5.292923e-03      0.0002767619         0  0.1559174917    0.001319320      4.791564e-03            4.054456e-05
151 2013-08-17 11:25:30    176 422.8 166.7 167.5441 7.814192e-05 18.29101  0.182848  0.1661280085  0.008448335   5.442366e-03      0.0002767681         0  0.1577505273    0.001331694      4.847896e-03            4.092483e-05
152 2013-08-17 11:25:45    177 424.0 166.9 167.7491 7.814192e-05 18.49607  0.182848  0.1750320007  0.008448708   5.734061e-03      0.0002767803         0  0.1589725510    0.001340030      4.885450e-03            4.118101e-05
153 2013-08-17 11:26:00    178 425.2 166.8 167.6542 7.814192e-05 18.40112  0.182848  0.1709092140  0.008448535   5.598999e-03      0.0002767746         0  0.1601945747    0.001348434      4.923005e-03            4.143928e-05
154 2013-08-17 11:26:15    179 426.5 166.7 167.5592 7.814192e-05 18.30617  0.182848  0.1667864273  0.008448362   5.463936e-03      0.0002767690         0  0.1615184337    0.001357614      4.963689e-03            4.172139e-05
155 2013-08-17 11:26:30    180 427.7 167.0 167.8643 7.814192e-05 18.61123  0.182848  0.1800326790  0.008448920   5.897884e-03      0.0002767872         0  0.1627404575    0.001366156      5.001243e-03            4.198389e-05
156 2013-08-17 11:26:45    181 429.0 166.9 167.7693 7.814192e-05 18.51628  0.182848  0.1759098923  0.008448745   5.762821e-03      0.0002767815         0  0.1640643165    0.001375482      5.041927e-03            4.227050e-05
157 2013-08-17 11:27:00    182 430.0 166.9 167.7744 7.814192e-05 18.52134  0.182848  0.1761293652  0.008448755   5.770011e-03      0.0002767818         0  0.1650826696    0.001382706      5.073223e-03            4.249251e-05
158 2013-08-17 11:27:15    183 431.1 166.9 167.7795 7.814192e-05 18.52639  0.182848  0.1763488381  0.008448764   5.777201e-03      0.0002767821         0  0.1662028580    0.001390703      5.107648e-03            4.273825e-05
159 2013-08-17 11:27:30    184 432.2 166.9 167.7845 7.814192e-05 18.53145  0.182848  0.1765683110  0.008448773   5.784391e-03      0.0002767824         0  0.1673230464    0.001398750      5.142073e-03            4.298557e-05
160 2013-08-17 11:27:45    185 433.5 166.8 167.6896 7.814192e-05 18.43650  0.182848  0.1724455243  0.008448599   5.649328e-03      0.0002767767         0  0.1686469054    0.001408326      5.182757e-03            4.327983e-05
161 2013-08-17 11:28:00    186 434.6 167.0 167.8946 7.814192e-05 18.64155  0.182848  0.1813495164  0.008448976   5.941024e-03      0.0002767891         0  0.1697670938    0.001416482      5.217182e-03            4.353048e-05
162 2013-08-17 11:28:15    187 435.5 166.9 167.7997 7.814192e-05 18.54661  0.182848  0.1772267297  0.008448801   5.805961e-03      0.0002767833         0  0.1706836116    0.001423191      5.245348e-03            4.373667e-05
163 2013-08-17 11:28:30    188 436.5 167.0 167.9047 7.814192e-05 18.65166  0.182848  0.1817884622  0.008448995   5.955403e-03      0.0002767897         0  0.1717019647    0.001430683      5.276643e-03            4.396691e-05
164 2013-08-17 11:28:45    189 437.6 167.2 168.1098 7.814192e-05 18.85672  0.182848  0.1906924543  0.008449375   6.247099e-03      0.0002768022         0  0.1728221531    0.001438969      5.311068e-03            4.422156e-05
165 2013-08-17 11:29:00    190 438.8 167.1 168.0148 7.814192e-05 18.76177  0.182848  0.1865696676  0.008449199   6.112036e-03      0.0002767964         0  0.1740441768    0.001448062      5.348623e-03            4.450097e-05
166 2013-08-17 11:29:15    191 439.7 167.0 167.9199 7.814192e-05 18.66683  0.182848  0.1824468809  0.008449023   5.976973e-03      0.0002767906         0  0.1749606946    0.001454916      5.376788e-03            4.471162e-05
167 2013-08-17 11:29:30    192 440.7 167.1 168.0249 7.814192e-05 18.77188  0.182848  0.1870086134  0.008449217   6.126416e-03      0.0002767970         0  0.1759790477    0.001462567      5.408084e-03            4.494675e-05
168 2013-08-17 11:29:45    193 441.9 167.1 168.0300 7.814192e-05 18.77693  0.182848  0.1872280863  0.008449227   6.133606e-03      0.0002767973         0  0.1772010714    0.001471797      5.445638e-03            4.523038e-05
169 2013-08-17 11:30:00    194 442.8 167.2 168.1351 7.814192e-05 18.88199  0.182848  0.1917898188  0.008449423   6.283049e-03      0.0002768037         0  0.1781175892    0.001478752      5.473804e-03            4.544414e-05
170 2013-08-17 11:30:15    195 443.7 167.3 168.2401 7.814192e-05 18.98704  0.182848  0.1963515513  0.008449620   6.432491e-03      0.0002768102         0  0.1790341070    0.001485737      5.501970e-03            4.565878e-05
171 2013-08-17 11:30:30    196 444.9 167.3 168.2452 7.814192e-05 18.99210  0.182848  0.1965710242  0.008449629   6.439681e-03      0.0002768105         0  0.1802561307    0.001495093      5.539525e-03            4.594630e-05
172 2013-08-17 11:30:45    197 446.0 167.2 168.1502 7.814192e-05 18.89715  0.182848  0.1924482375  0.008449451   6.304619e-03      0.0002768046         0  0.1813763191    0.001503712      5.573950e-03            4.621119e-05
173 2013-08-17 11:31:00    198 447.1 167.4 168.3553 7.814192e-05 19.10221  0.182848  0.2013522296  0.008449837   6.596314e-03      0.0002768173         0  0.1824965076    0.001512372      5.608375e-03            4.647732e-05
174 2013-08-17 11:31:15    199 448.1 167.3 168.2603 7.814192e-05 19.00726  0.182848  0.1972294429  0.008449658   6.461251e-03      0.0002768114         0  0.1835148607    0.001520279      5.639670e-03            4.672031e-05
175 2013-08-17 11:31:30    200 449.1 167.4 168.3654 7.814192e-05 19.11232  0.182848  0.2017911754  0.008449856   6.610694e-03      0.0002768179         0  0.1845332138    0.001528218      5.670965e-03            4.696430e-05
176 2013-08-17 11:31:45    201 450.4 167.4 168.3704 7.814192e-05 19.11737  0.182848  0.2020106483  0.008449866   6.617884e-03      0.0002768182         0  0.1858570728    0.001538587      5.711649e-03            4.728295e-05
177 2013-08-17 11:32:00    202 451.8 167.4 168.3755 7.814192e-05 19.12242  0.182848  0.2022301213  0.008449875   6.625074e-03      0.0002768185         0  0.1872827671    0.001549813      5.755463e-03            4.762793e-05
178 2013-08-17 11:32:15    203 453.0 167.4 168.3805 7.814192e-05 19.12748  0.182848  0.2024495942  0.008449885   6.632264e-03      0.0002768188         0  0.1885047908    0.001559482      5.793018e-03            4.792508e-05
179 2013-08-17 11:32:30    204 454.0 167.4 168.3856 7.814192e-05 19.13253  0.182848  0.2026690671  0.008449894   6.639454e-03      0.0002768192         0  0.1895231439    0.001567573      5.824313e-03            4.817373e-05
180 2013-08-17 11:32:45    205 455.1 167.5 168.4907 7.814192e-05 19.23759  0.182848  0.2072307996  0.008450094   6.788896e-03      0.0002768257         0  0.1906433323    0.001576507      5.858738e-03            4.844829e-05
181 2013-08-17 11:33:00    206 456.2 167.4 168.3957 7.814192e-05 19.14264  0.182848  0.2031080129  0.008449913   6.653834e-03      0.0002768198         0  0.1917635207    0.001585477      5.893163e-03            4.872392e-05
182 2013-08-17 11:33:15    207 457.4 167.8 168.8008 7.814192e-05 19.54770  0.182848  0.2206965242  0.008450689   7.230034e-03      0.0002768452         0  0.1929855445    0.001595300      5.930717e-03            4.902583e-05
183 2013-08-17 11:33:30    208 458.6 169.0 170.0058 7.814192e-05 20.75275  0.182848  0.2730231123  0.008453093   8.944257e-03      0.0002769240         0  0.1942075682    0.001605165      5.968272e-03            4.932897e-05

$dryleafvolt
            timestamp record LWSmV  SEmV    CSEmV     CSEmV.sd   loadmV loadmV.sd
1 2013-08-17 10:46:15     19 263.8 163.7 163.7505 7.814192e-05 14.49748  0.182848
2 2013-08-17 10:46:30     20 263.8 164.3 164.3556 7.814192e-05 15.10253  0.182848
3 2013-08-17 10:46:45     21 263.8 163.8 163.8607 7.814192e-05 14.60759  0.182848
4 2013-08-17 10:47:00     22 263.8 163.5 163.5657 7.814192e-05 14.31264  0.182848
5 2013-08-17 10:47:15     23 263.8 163.5 163.5708 7.814192e-05 14.31770  0.182848
6 2013-08-17 10:47:30     24 263.8 163.4 163.4758 7.814192e-05 14.22275  0.182848
7 2013-08-17 10:47:45     25 263.8 163.5 163.5809 7.814192e-05 14.32780  0.182848
8 2013-08-17 10:48:00     26 263.8 163.5 163.5859 7.814192e-05 14.33286  0.182848

$runtime
Time difference of 45.5 mins

$startcalibvolt
            timestamp record LWSmV  SEmV    CSEmV     CSEmV.sd   loadmV loadmV.sd
1 2013-08-17 10:44:15     11 263.8 271.9 271.9101 7.814192e-05 122.6570  0.182848
2 2013-08-17 10:44:30     12 263.8 272.2 272.2152 7.814192e-05 122.9621  0.182848
3 2013-08-17 10:44:45     13 263.8 271.9 271.9202 7.814192e-05 122.6672  0.182848
4 2013-08-17 10:45:00     14 263.8 271.9 271.9253 7.814192e-05 122.6722  0.182848
5 2013-08-17 10:45:15     15 263.8 272.0 272.0303 7.814192e-05 122.7773  0.182848

$endcalibvolt
            timestamp record LWSmV  SEmV
1 2013-08-17 11:37:45    225 265.1 271.5
2 2013-08-17 11:38:00    226 265.1 271.3
3 2013-08-17 11:38:15    227 265.1 271.3
4 2013-08-17 11:38:30    228 265.1 271.7
5 2013-08-17 11:38:45    229 265.1 271.2
6 2013-08-17 11:39:00    230 265.1 271.0

$lastLWSvolt
[1] 457

$maxLWSvolt
[1] 459.3

$species
[1] "coastliveoak"

$trial
[1] "1"

$replicate
[1] "1"

$isvertical
[1] FALSE

$conversionfactor
        avg        stdev
1 0.0434226 2.892741e-05

$LWSwatermass
        avg       stdev
1 0.1813059 0.005022981

$dryleafmass
        avg       stdev
1 0.6281152 0.002838136

$lwsmodel

Call:
lm(formula = LWSsurfacedensity ~ record, data = rd[rd$runfilter == 
    1, ])

Coefficients:
(Intercept)       record  
 -1.388e-03    3.209e-05  


$leafmodel

Call:
lm(formula = surfacedensity ~ record, data = rd[rd$runfilter == 
    1, ])

Coefficients:
(Intercept)       record  
 -7.001e-04    4.031e-05  


