$name
[1] "coastliveoak3rep2"

$leafarea
[1] 31.11619

$startbasevolt
            timestamp record LWSmV  SEmV CSEmV CSEmV.sd     loadmV  loadmV.sd
1 2013-08-20 12:28:45      5 264.4 149.8 149.8        0 0.00623268 0.09984267
2 2013-08-20 12:29:00      6 264.4 149.9 149.9        0 0.10623268 0.09984267
3 2013-08-20 12:29:15      7 264.4 149.8 149.8        0 0.00623268 0.09984267

$endbasevolt
             timestamp record LWSmV  SEmV    CSEmV     CSEmV.sd        loadmV  loadmV.sd
1  2013-08-20 13:27:30    240 265.1 149.0 149.9110 3.129512e-05  0.1171893048 0.09984267
2  2013-08-20 13:27:45    241 265.1 148.9 149.8149 3.129512e-05  0.0210989899 0.09984267
3  2013-08-20 13:28:00    242 265.1 148.8 149.7188 3.129512e-05 -0.0749913250 0.09984267
4  2013-08-20 13:28:15    243 265.1 148.8 149.7227 3.129512e-05 -0.0710816399 0.09984267
5  2013-08-20 13:28:30    244 265.1 148.8 149.7266 3.129512e-05 -0.0671719548 0.09984267
6  2013-08-20 13:28:45    245 265.1 148.7 149.6305 3.129512e-05 -0.1632622698 0.09984267
7  2013-08-20 13:29:00    246 265.1 148.7 149.6344 3.129512e-05 -0.1593525847 0.09984267
8  2013-08-20 13:29:15    247 265.1 148.9 149.8383 3.129512e-05  0.0445571004 0.09984267
9  2013-08-20 13:29:30    248 265.1 148.8 149.7422 3.129512e-05 -0.0515332145 0.09984267
10 2013-08-20 13:29:45    249 265.1 148.9 149.8461 3.129512e-05  0.0523764706 0.09984267
11 2013-08-20 13:30:00    250 265.0 148.7 149.6501 3.129512e-05 -0.1437138443 0.09984267
12 2013-08-20 13:30:15    251 265.0 148.9 149.8540 3.129512e-05  0.0601958408 0.09984267
13 2013-08-20 13:30:30    252 265.0 149.0 149.9579 3.129512e-05  0.1641055258 0.09984267
14 2013-08-20 13:30:45    253 264.8 149.0 149.9618 3.129512e-05  0.1680152109 0.09984267
15 2013-08-20 13:31:00    254 264.8 148.9 149.8657 3.129512e-05  0.0719248960 0.09984267
16 2013-08-20 13:31:15    255 264.7 148.9 149.8696 3.129512e-05  0.0758345811 0.09984267
17 2013-08-20 13:31:30    256 264.5 148.9 149.8735 3.129512e-05  0.0797442662 0.09984267
18 2013-08-20 13:31:45    257 264.5 148.9 149.8774 3.129512e-05  0.0836539513 0.09984267
19 2013-08-20 13:32:00    258 264.4 148.7 149.6813 3.129512e-05 -0.1124363636 0.09984267
20 2013-08-20 13:32:15    259 264.4 148.7 149.6852 3.129512e-05 -0.1085266786 0.09984267
21 2013-08-20 13:32:30    260 264.4 148.7 149.6892 3.129512e-05 -0.1046169935 0.09984267
22 2013-08-20 13:32:45    261 264.4 148.8 149.7931 3.129512e-05 -0.0007073084 0.09984267

$dryragvolt
            timestamp record LWSmV  SEmV    CSEmV     CSEmV.sd   loadmV  loadmV.sd
1 2013-08-20 13:19:00    206 387.2 247.5 248.2780 3.129512e-05 98.48426 0.09984267
2 2013-08-20 13:19:15    207 386.5 247.3 248.0819 3.129512e-05 98.28817 0.09984267
3 2013-08-20 13:19:30    208 386.0 247.2 247.9858 3.129512e-05 98.19208 0.09984267

$wetragvolt
             timestamp record LWSmV  SEmV    CSEmV     CSEmV.sd    loadmV  loadmV.sd
1  2013-08-20 13:20:30    212 265.1 250.3 251.1015 3.129512e-05 101.30772 0.09984267
2  2013-08-20 13:20:45    213 265.1 250.3 251.1054 3.129512e-05 101.31163 0.09984267
3  2013-08-20 13:21:00    214 265.1 250.1 250.9093 3.129512e-05 101.11554 0.09984267
4  2013-08-20 13:21:15    215 265.1 250.1 250.9132 3.129512e-05 101.11945 0.09984267
5  2013-08-20 13:21:30    216 265.1 250.0 250.8171 3.129512e-05 101.02336 0.09984267
6  2013-08-20 13:21:45    217 265.1 249.9 250.7210 3.129512e-05 100.92727 0.09984267
7  2013-08-20 13:22:00    218 265.1 250.0 250.8249 3.129512e-05 101.03118 0.09984267
8  2013-08-20 13:22:15    219 265.1 249.8 250.6289 3.129512e-05 100.83509 0.09984267
9  2013-08-20 13:22:30    220 265.1 249.6 250.4328 3.129512e-05 100.63900 0.09984267
10 2013-08-20 13:22:45    221 265.1 249.5 250.3367 3.129512e-05 100.54291 0.09984267
11 2013-08-20 13:23:00    222 265.1 249.5 250.3406 3.129512e-05 100.54681 0.09984267
12 2013-08-20 13:23:15    223 265.1 249.4 250.2445 3.129512e-05 100.45072 0.09984267
13 2013-08-20 13:23:30    224 265.1 249.3 250.1484 3.129512e-05 100.35463 0.09984267
14 2013-08-20 13:23:45    225 265.1 249.3 250.1523 3.129512e-05 100.35854 0.09984267
15 2013-08-20 13:24:00    226 265.1 249.3 250.1562 3.129512e-05 100.36245 0.09984267
16 2013-08-20 13:24:15    227 265.1 249.1 249.9601 3.129512e-05 100.16636 0.09984267
17 2013-08-20 13:24:30    228 265.1 248.9 249.7640 3.129512e-05  99.97027 0.09984267

$rundata
              timestamp record LWSmV  SEmV    CSEmV     CSEmV.sd   loadmV  loadmV.sd    watermass watermass.sd surfacedensity surfacedensity.sd runfilter      LWSwater LWSwater.stdev LWSsurfacedensity LWSsurfacedensity.stdev
1   2013-08-20 12:34:30     28 265.1 163.6 163.6821 3.129512e-05 13.88834 0.09984267 -0.002117537  0.004602392  -6.805258e-05      0.0001479099         0 -2.843756e-03    0.001285489     -8.739263e-05            3.950488e-05
2   2013-08-20 12:34:45     29 265.5 163.8 163.8860 3.129512e-05 14.09225 0.09984267  0.006727623  0.004602520   2.162098e-04      0.0001479140         0 -2.436415e-03    0.001282865     -7.487446e-05            3.942424e-05
3   2013-08-20 12:35:00     30 265.8 163.7 163.7899 3.129512e-05 13.99616 0.09984267  0.002559434  0.004602460   8.225410e-05      0.0001479121         0 -2.130909e-03    0.001280903     -6.548584e-05            3.936394e-05
4   2013-08-20 12:35:15     31 266.4 163.7 163.7938 3.129512e-05 14.00007 0.09984267  0.002729027  0.004602462   8.770443e-05      0.0001479122         0 -1.519897e-03    0.001276993     -4.670858e-05            3.924379e-05
5   2013-08-20 12:35:30     32 266.7 163.9 163.9977 3.129512e-05 14.20397 0.09984267  0.011574187  0.004602591   3.719668e-04      0.0001479163         0 -1.214391e-03    0.001275045     -3.731995e-05            3.918394e-05
6   2013-08-20 12:35:45     33 267.2 163.8 163.9017 3.129512e-05 14.10788 0.09984267  0.007405998  0.004602530   2.380111e-04      0.0001479143         0 -7.052148e-04    0.001271811     -2.167224e-05            3.908453e-05
7   2013-08-20 12:36:00     34 267.8 163.7 163.8056 3.129512e-05 14.01179 0.09984267  0.003237808  0.004602469   1.040554e-04      0.0001479124         0 -9.420292e-05    0.001267947     -2.894988e-06            3.896579e-05
8   2013-08-20 12:36:15     35 268.4 163.9 164.0095 3.129512e-05 14.21570 0.09984267  0.012082968  0.004602599   3.883178e-04      0.0001479166         0  5.168089e-04    0.001264103      1.588227e-05            3.884768e-05
9   2013-08-20 12:36:30     36 268.9 163.8 163.9134 3.129512e-05 14.11961 0.09984267  0.007914779  0.004602538   2.543621e-04      0.0001479146         0  1.025985e-03    0.001260916      3.152998e-05            3.874972e-05
10  2013-08-20 12:36:45     37 269.5 163.7 163.8173 3.129512e-05 14.02352 0.09984267  0.003746589  0.004602477   1.204064e-04      0.0001479126         0  1.636997e-03    0.001257110      5.030723e-05            3.863275e-05
11  2013-08-20 12:37:00     38 270.1 163.8 163.9212 3.129512e-05 14.12743 0.09984267  0.008253966  0.004602543   2.652628e-04      0.0001479147         0  2.248009e-03    0.001253324      6.908449e-05            3.851641e-05
12  2013-08-20 12:37:15     39 270.8 163.8 163.9251 3.129512e-05 14.13134 0.09984267  0.008423560  0.004602545   2.707131e-04      0.0001479148         0  2.960856e-03    0.001248934      9.099128e-05            3.838150e-05
13  2013-08-20 12:37:30     40 271.5 163.9 164.0290 3.129512e-05 14.23525 0.09984267  0.012930936  0.004602611   4.155695e-04      0.0001479170         0  3.673704e-03    0.001244572      1.128981e-04            3.824746e-05
14  2013-08-20 12:37:45     41 272.1 163.8 163.9329 3.129512e-05 14.13916 0.09984267  0.008762747  0.004602550   2.816138e-04      0.0001479150         0  4.284715e-03    0.001240857      1.316753e-04            3.813327e-05
15  2013-08-20 12:38:00     42 272.8 163.7 163.8368 3.129512e-05 14.04307 0.09984267  0.004594558  0.004602489   1.476581e-04      0.0001479130         0  4.997563e-03    0.001236549      1.535821e-04            3.800089e-05
16  2013-08-20 12:38:15     43 273.4 163.8 163.9407 3.129512e-05 14.14698 0.09984267  0.009101934  0.004602555   2.925145e-04      0.0001479151         0  5.608574e-03    0.001232880      1.723594e-04            3.788814e-05
17  2013-08-20 12:38:30     44 274.2 163.7 163.8447 3.129512e-05 14.05089 0.09984267  0.004933745  0.004602494   1.585588e-04      0.0001479132         0  6.423257e-03    0.001228022      1.973957e-04            3.773885e-05
18  2013-08-20 12:38:45     45 274.8 163.9 164.0486 3.129512e-05 14.25480 0.09984267  0.013778905  0.004602624   4.428211e-04      0.0001479174         1  7.034269e-03    0.001224404      2.161730e-04            3.762767e-05
19  2013-08-20 12:39:00     46 275.5 163.8 163.9525 3.129512e-05 14.15871 0.09984267  0.009610715  0.004602563   3.088655e-04      0.0001479154         0  7.747116e-03    0.001220212      2.380798e-04            3.749883e-05
20  2013-08-20 12:39:15     47 276.1 164.0 164.1564 3.129512e-05 14.36262 0.09984267  0.018455875  0.004602693   5.931278e-04      0.0001479196         1  8.358128e-03    0.001216643      2.568570e-04            3.738915e-05
21  2013-08-20 12:39:30     48 276.9 163.9 164.0603 3.129512e-05 14.26653 0.09984267  0.014287686  0.004602631   4.591721e-04      0.0001479176         1  9.172810e-03    0.001211920      2.818934e-04            3.724399e-05
22  2013-08-20 12:39:45     49 277.6 164.0 164.1642 3.129512e-05 14.37044 0.09984267  0.018795062  0.004602698   6.040285e-04      0.0001479198         1  9.885657e-03    0.001207820      3.038002e-04            3.711801e-05
23  2013-08-20 12:40:00     50 278.3 163.8 163.9681 3.129512e-05 14.17435 0.09984267  0.010289090  0.004602573   3.306668e-04      0.0001479157         0  1.059850e-02    0.001203752      3.257070e-04            3.699300e-05
24  2013-08-20 12:40:15     51 278.9 164.1 164.2720 3.129512e-05 14.47826 0.09984267  0.023472033  0.004602768   7.543352e-04      0.0001479220         1  1.120952e-02    0.001200291      3.444842e-04            3.688663e-05
25  2013-08-20 12:40:30     52 279.7 164.1 164.2759 3.129512e-05 14.48217 0.09984267  0.023641626  0.004602771   7.597855e-04      0.0001479221         1  1.202420e-02    0.001195713      3.695206e-04            3.674594e-05
26  2013-08-20 12:40:45     53 280.3 164.2 164.3798 3.129512e-05 14.58608 0.09984267  0.028149003  0.004602839   9.046418e-04      0.0001479243         1  1.263521e-02    0.001192307      3.882978e-04            3.664128e-05
27  2013-08-20 12:41:00     54 281.1 164.1 164.2838 3.129512e-05 14.48999 0.09984267  0.023980814  0.004602776   7.706862e-04      0.0001479222         1  1.344989e-02    0.001187804      4.133342e-04            3.650288e-05
28  2013-08-20 12:41:15     55 281.7 164.2 164.3877 3.129512e-05 14.59390 0.09984267  0.028488190  0.004602844   9.155425e-04      0.0001479244         1  1.406091e-02    0.001184455      4.321114e-04            3.639996e-05
29  2013-08-20 12:41:30     56 282.4 164.3 164.4916 3.129512e-05 14.69781 0.09984267  0.032995567  0.004602912   1.060399e-03      0.0001479266         1  1.477375e-02    0.001180579      4.540182e-04            3.628084e-05
30  2013-08-20 12:41:45     57 283.1 164.2 164.3955 3.129512e-05 14.60172 0.09984267  0.028827378  0.004602849   9.264432e-04      0.0001479246         1  1.548660e-02    0.001176736      4.759250e-04            3.616276e-05
31  2013-08-20 12:42:00     58 283.8 164.3 164.4994 3.129512e-05 14.70563 0.09984267  0.033334754  0.004602918   1.071300e-03      0.0001479268         1  1.619945e-02    0.001172928      4.978318e-04            3.604574e-05
32  2013-08-20 12:42:15     59 284.5 164.4 164.6033 3.129512e-05 14.80954 0.09984267  0.037842131  0.004602987   1.216156e-03      0.0001479290         1  1.691229e-02    0.001169155      5.197386e-04            3.592977e-05
33  2013-08-20 12:42:30     60 285.3 164.5 164.7072 3.129512e-05 14.91345 0.09984267  0.042349508  0.004603056   1.361012e-03      0.0001479312         1  1.772698e-02    0.001164885      5.447749e-04            3.579855e-05
34  2013-08-20 12:42:45     61 286.0 164.5 164.7111 3.129512e-05 14.91736 0.09984267  0.042519101  0.004603059   1.366463e-03      0.0001479313         1  1.843982e-02    0.001161187      5.666817e-04            3.568490e-05
35  2013-08-20 12:43:00     62 286.8 164.3 164.5150 3.129512e-05 14.72127 0.09984267  0.034013129  0.004602928   1.093101e-03      0.0001479271         1  1.925451e-02    0.001157003      5.917181e-04            3.555634e-05
36  2013-08-20 12:43:15     63 287.4 164.3 164.5189 3.129512e-05 14.72518 0.09984267  0.034182723  0.004602931   1.098551e-03      0.0001479272         1  1.986552e-02    0.001153897      6.104953e-04            3.546087e-05
37  2013-08-20 12:43:30     64 288.1 164.3 164.5229 3.129512e-05 14.72908 0.09984267  0.034352316  0.004602933   1.104002e-03      0.0001479273         1  2.057836e-02    0.001150306      6.324021e-04            3.535053e-05
38  2013-08-20 12:43:45     65 288.8 164.3 164.5268 3.129512e-05 14.73299 0.09984267  0.034521910  0.004602936   1.109452e-03      0.0001479274         1  2.129121e-02    0.001146752      6.543089e-04            3.524131e-05
39  2013-08-20 12:44:00     66 289.5 164.5 164.7307 3.129512e-05 14.93690 0.09984267  0.043367070  0.004603072   1.393714e-03      0.0001479318         1  2.200406e-02    0.001143235      6.762157e-04            3.513322e-05
40  2013-08-20 12:44:15     67 290.2 164.4 164.6346 3.129512e-05 14.84081 0.09984267  0.039198880  0.004603007   1.259759e-03      0.0001479297         1  2.271691e-02    0.001139755      6.981225e-04            3.502629e-05
41  2013-08-20 12:44:30     68 290.9 164.3 164.5385 3.129512e-05 14.74472 0.09984267  0.035030691  0.004602944   1.125803e-03      0.0001479276         1  2.342975e-02    0.001136313      7.200293e-04            3.492050e-05
42  2013-08-20 12:44:45     69 291.5 164.4 164.6424 3.129512e-05 14.84863 0.09984267  0.039538068  0.004603013   1.270659e-03      0.0001479299         1  2.404077e-02    0.001133393      7.388066e-04            3.483076e-05
43  2013-08-20 12:45:00     70 292.2 164.4 164.6463 3.129512e-05 14.85254 0.09984267  0.039707661  0.004603015   1.276110e-03      0.0001479299         1  2.475361e-02    0.001130022      7.607134e-04            3.472716e-05
44  2013-08-20 12:45:15     71 292.9 164.3 164.5502 3.129512e-05 14.75645 0.09984267  0.035539472  0.004602951   1.142154e-03      0.0001479279         1  2.546646e-02    0.001126689      7.826202e-04            3.462474e-05
45  2013-08-20 12:45:30     72 293.6 164.4 164.6541 3.129512e-05 14.86036 0.09984267  0.040046849  0.004603021   1.287010e-03      0.0001479301         1  2.617931e-02    0.001123395      8.045270e-04            3.452351e-05
46  2013-08-20 12:45:45     73 294.2 164.2 164.4580 3.129512e-05 14.66427 0.09984267  0.031540876  0.004602890   1.013649e-03      0.0001479259         1  2.679032e-02    0.001120603      8.233042e-04            3.443771e-05
47  2013-08-20 12:46:00     74 294.9 164.3 164.5619 3.129512e-05 14.76818 0.09984267  0.036048253  0.004602959   1.158505e-03      0.0001479281         1  2.750317e-02    0.001117383      8.452110e-04            3.433874e-05
48  2013-08-20 12:46:15     75 295.5 164.2 164.4659 3.129512e-05 14.67209 0.09984267  0.031880064  0.004602895   1.024549e-03      0.0001479261         1  2.811418e-02    0.001114654      8.639883e-04            3.425488e-05
49  2013-08-20 12:46:30     76 296.2 164.3 164.5698 3.129512e-05 14.77600 0.09984267  0.036387440  0.004602964   1.169406e-03      0.0001479283         1  2.882703e-02    0.001111508      8.858951e-04            3.415820e-05
50  2013-08-20 12:46:45     77 296.8 164.3 164.5737 3.129512e-05 14.77991 0.09984267  0.036557034  0.004602967   1.174856e-03      0.0001479284         1  2.943804e-02    0.001108843      9.046723e-04            3.407632e-05
51  2013-08-20 12:47:00     78 297.5 164.4 164.6776 3.129512e-05 14.88382 0.09984267  0.041064411  0.004603036   1.319712e-03      0.0001479306         1  3.015088e-02    0.001105773      9.265791e-04            3.398196e-05
52  2013-08-20 12:47:15     79 298.1 164.4 164.6815 3.129512e-05 14.88773 0.09984267  0.041234004  0.004603039   1.325163e-03      0.0001479307         1  3.076190e-02    0.001103174      9.453564e-04            3.390209e-05
53  2013-08-20 12:47:30     80 298.8 164.4 164.6854 3.129512e-05 14.89164 0.09984267  0.041403598  0.004603041   1.330613e-03      0.0001479308         1  3.147474e-02    0.001100180      9.672632e-04            3.381009e-05
54  2013-08-20 12:47:45     81 299.4 164.4 164.6893 3.129512e-05 14.89555 0.09984267  0.041573192  0.004603044   1.336063e-03      0.0001479309         1  3.208575e-02    0.001097648      9.860404e-04            3.373225e-05
55  2013-08-20 12:48:00     82 300.1 164.5 164.7932 3.129512e-05 14.99946 0.09984267  0.046080568  0.004603114   1.480920e-03      0.0001479331         1  3.279860e-02    0.001094732      1.007947e-03            3.364265e-05
56  2013-08-20 12:48:15     83 300.7 164.5 164.7971 3.129512e-05 15.00337 0.09984267  0.046250162  0.004603117   1.486370e-03      0.0001479332         1  3.340961e-02    0.001092266      1.026724e-03            3.356689e-05
57  2013-08-20 12:48:30     84 301.3 164.7 165.0010 3.129512e-05 15.20728 0.09984267  0.055095322  0.004603255   1.770632e-03      0.0001479376         1  3.402063e-02    0.001089833      1.045502e-03            3.349209e-05
58  2013-08-20 12:48:45     85 301.9 164.6 164.9050 3.129512e-05 15.11119 0.09984267  0.050927132  0.004603190   1.636677e-03      0.0001479355         1  3.463164e-02    0.001087430      1.064279e-03            3.341826e-05
59  2013-08-20 12:49:00     86 302.6 164.5 164.8089 3.129512e-05 15.01510 0.09984267  0.046758943  0.004603124   1.502721e-03      0.0001479334         1  3.534448e-02    0.001084668      1.086186e-03            3.333336e-05
60  2013-08-20 12:49:15     87 303.2 164.6 164.9128 3.129512e-05 15.11901 0.09984267  0.051266320  0.004603195   1.647577e-03      0.0001479357         1  3.595550e-02    0.001082335      1.104963e-03            3.326166e-05
61  2013-08-20 12:49:30     88 303.9 164.7 165.0167 3.129512e-05 15.22292 0.09984267  0.055773696  0.004603266   1.792434e-03      0.0001479380         1  3.666834e-02    0.001079653      1.126870e-03            3.317927e-05
62  2013-08-20 12:49:45     89 304.5 164.6 164.9206 3.129512e-05 15.12683 0.09984267  0.051605507  0.004603200   1.658478e-03      0.0001479359         1  3.727936e-02    0.001077391      1.145647e-03            3.310973e-05
63  2013-08-20 12:50:00     90 305.2 164.6 164.9245 3.129512e-05 15.13074 0.09984267  0.051775101  0.004603203   1.663928e-03      0.0001479360         1  3.799220e-02    0.001074792      1.167554e-03            3.302987e-05
64  2013-08-20 12:50:15     91 305.8 164.7 165.0284 3.129512e-05 15.23465 0.09984267  0.056282477  0.004603274   1.808785e-03      0.0001479382         1  3.860321e-02    0.001072600      1.186331e-03            3.296251e-05
65  2013-08-20 12:50:30     92 306.5 164.7 165.0323 3.129512e-05 15.23856 0.09984267  0.056452071  0.004603277   1.814235e-03      0.0001479383         1  3.931606e-02    0.001070085      1.208238e-03            3.288522e-05
66  2013-08-20 12:50:45     93 307.1 164.8 165.1362 3.129512e-05 15.34247 0.09984267  0.060959448  0.004603348   1.959091e-03      0.0001479406         1  3.992707e-02    0.001067965      1.227015e-03            3.282008e-05
67  2013-08-20 12:51:00     94 307.8 164.7 165.0401 3.129512e-05 15.24638 0.09984267  0.056791258  0.004603282   1.825136e-03      0.0001479385         1  4.063992e-02    0.001065535      1.248922e-03            3.274539e-05
68  2013-08-20 12:51:15     95 308.6 164.7 165.0441 3.129512e-05 15.25028 0.09984267  0.056960852  0.004603285   1.830586e-03      0.0001479386         1  4.145460e-02    0.001062814      1.273958e-03            3.266177e-05
69  2013-08-20 12:51:30     96 309.1 164.9 165.2480 3.129512e-05 15.45419 0.09984267  0.065806012  0.004603425   2.114848e-03      0.0001479431         1  4.196378e-02    0.001061144      1.289606e-03            3.261045e-05
70  2013-08-20 12:51:45     97 309.7 164.8 165.1519 3.129512e-05 15.35810 0.09984267  0.061637822  0.004603359   1.980893e-03      0.0001479410         1  4.257479e-02    0.001059171      1.308383e-03            3.254983e-05
71  2013-08-20 12:52:00     98 310.3 164.8 165.1558 3.129512e-05 15.36201 0.09984267  0.061807416  0.004603362   1.986343e-03      0.0001479411         1  4.318580e-02    0.001057233      1.327161e-03            3.249027e-05
72  2013-08-20 12:52:15     99 311.0 164.9 165.2597 3.129512e-05 15.46592 0.09984267  0.066314793  0.004603434   2.131199e-03      0.0001479434         1  4.389865e-02    0.001055016      1.349067e-03            3.242212e-05
73  2013-08-20 12:52:30    100 311.6 164.9 165.2636 3.129512e-05 15.46983 0.09984267  0.066484386  0.004603436   2.136650e-03      0.0001479435         1  4.450966e-02    0.001053153      1.367845e-03            3.236488e-05
74  2013-08-20 12:52:45    101 312.3 165.0 165.3675 3.129512e-05 15.57374 0.09984267  0.070991763  0.004603509   2.281506e-03      0.0001479458         1  4.522251e-02    0.001051024      1.389751e-03            3.229945e-05
75  2013-08-20 12:53:00    102 312.9 165.0 165.3714 3.129512e-05 15.57765 0.09984267  0.071161357  0.004603512   2.286956e-03      0.0001479459         1  4.583352e-02    0.001049237      1.408529e-03            3.224454e-05
76  2013-08-20 12:53:15    103 313.5 164.8 165.1753 3.129512e-05 15.38156 0.09984267  0.062655384  0.004603375   2.013595e-03      0.0001479415         1  4.644453e-02    0.001047486      1.427306e-03            3.219073e-05
77  2013-08-20 12:53:30    104 314.1 165.2 165.5792 3.129512e-05 15.78547 0.09984267  0.080176110  0.004603658   2.576669e-03      0.0001479506         1  4.705555e-02    0.001045771      1.446083e-03            3.213800e-05
78  2013-08-20 12:53:45    105 314.8 165.0 165.3831 3.129512e-05 15.58938 0.09984267  0.071670138  0.004603520   2.303307e-03      0.0001479461         1  4.776839e-02    0.001043814      1.467990e-03            3.207788e-05
79  2013-08-20 12:54:00    106 315.4 165.1 165.4871 3.129512e-05 15.69329 0.09984267  0.076177514  0.004603593   2.448164e-03      0.0001479485         1  4.837940e-02    0.001042177      1.486767e-03            3.202755e-05
80  2013-08-20 12:54:15    107 316.0 165.1 165.4910 3.129512e-05 15.69720 0.09984267  0.076347108  0.004603596   2.453614e-03      0.0001479486         1  4.899042e-02    0.001040575      1.505544e-03            3.197833e-05
81  2013-08-20 12:54:30    108 316.7 165.0 165.3949 3.129512e-05 15.60111 0.09984267  0.072178919  0.004603528   2.319658e-03      0.0001479464         1  4.970326e-02    0.001038752      1.527451e-03            3.192231e-05
82  2013-08-20 12:54:45    109 317.3 165.2 165.5988 3.129512e-05 15.80502 0.09984267  0.081024078  0.004603672   2.603921e-03      0.0001479510         1  5.031428e-02    0.001037229      1.546229e-03            3.187552e-05
83  2013-08-20 12:55:00    110 318.0 164.8 165.2027 3.129512e-05 15.40893 0.09984267  0.063842540  0.004603394   2.051747e-03      0.0001479421         1  5.102712e-02    0.001035499      1.568135e-03            3.182235e-05
84  2013-08-20 12:55:15    111 318.6 165.1 165.5066 3.129512e-05 15.71284 0.09984267  0.077025483  0.004603607   2.475415e-03      0.0001479489         1  5.163813e-02    0.001034056      1.586913e-03            3.177800e-05
85  2013-08-20 12:55:30    112 319.3 165.3 165.7105 3.129512e-05 15.91675 0.09984267  0.085870642  0.004603752   2.759678e-03      0.0001479536         1  5.235098e-02    0.001032419      1.608819e-03            3.172770e-05
86  2013-08-20 12:55:45    113 319.9 165.3 165.7144 3.129512e-05 15.92066 0.09984267  0.086040236  0.004603755   2.765128e-03      0.0001479537         1  5.296199e-02    0.001031057      1.627597e-03            3.168582e-05
87  2013-08-20 12:56:00    114 320.5 165.2 165.6183 3.129512e-05 15.82457 0.09984267  0.081872047  0.004603686   2.631172e-03      0.0001479515         1  5.357301e-02    0.001029731      1.646374e-03            3.164509e-05
88  2013-08-20 12:56:15    115 321.1 165.2 165.6222 3.129512e-05 15.82848 0.09984267  0.082041640  0.004603689   2.636623e-03      0.0001479516         1  5.418402e-02    0.001028443      1.665151e-03            3.160552e-05
89  2013-08-20 12:56:30    116 321.7 165.3 165.7262 3.129512e-05 15.93239 0.09984267  0.086549017  0.004603763   2.781479e-03      0.0001479540         1  5.479503e-02    0.001027193      1.683928e-03            3.156709e-05
90  2013-08-20 12:56:45    117 322.3 165.2 165.6301 3.129512e-05 15.83630 0.09984267  0.082380828  0.004603694   2.647523e-03      0.0001479518         1  5.540604e-02    0.001025981      1.702706e-03            3.152983e-05
91  2013-08-20 12:57:00    118 323.0 165.3 165.7340 3.129512e-05 15.94021 0.09984267  0.086888204  0.004603769   2.792380e-03      0.0001479541         1  5.611889e-02    0.001024614      1.724612e-03            3.148784e-05
92  2013-08-20 12:57:15    119 323.5 165.3 165.7379 3.129512e-05 15.94412 0.09984267  0.087057798  0.004603771   2.797830e-03      0.0001479542         1  5.662806e-02    0.001023670      1.740260e-03            3.145881e-05
93  2013-08-20 12:57:30    120 324.2 165.3 165.7418 3.129512e-05 15.94803 0.09984267  0.087227392  0.004603774   2.803280e-03      0.0001479543         1  5.734091e-02    0.001022392      1.762167e-03            3.141955e-05
94  2013-08-20 12:57:45    121 324.8 165.2 165.6457 3.129512e-05 15.85194 0.09984267  0.083059202  0.004603705   2.669325e-03      0.0001479521         1  5.795192e-02    0.001021338      1.780944e-03            3.138717e-05
95  2013-08-20 12:58:00    122 325.4 165.3 165.7496 3.129512e-05 15.95585 0.09984267  0.087566579  0.004603780   2.814181e-03      0.0001479545         1  5.856294e-02    0.001020323      1.799721e-03            3.135597e-05
96  2013-08-20 12:58:15    123 326.0 165.2 165.6535 3.129512e-05 15.85976 0.09984267  0.083398389  0.004603711   2.680225e-03      0.0001479523         1  5.917395e-02    0.001019346      1.818499e-03            3.132595e-05
97  2013-08-20 12:58:30    124 326.7 165.4 165.8574 3.129512e-05 16.06367 0.09984267  0.092243549  0.004603857   2.964488e-03      0.0001479570         1  5.988679e-02    0.001018256      1.840405e-03            3.129243e-05
98  2013-08-20 12:58:45    125 327.4 165.3 165.7613 3.129512e-05 15.96758 0.09984267  0.088075360  0.004603788   2.830532e-03      0.0001479548         1  6.059964e-02    0.001017218      1.862312e-03            3.126054e-05
99  2013-08-20 12:59:00    126 327.9 165.4 165.8653 3.129512e-05 16.07149 0.09984267  0.092582737  0.004603863   2.975388e-03      0.0001479572         1  6.110882e-02    0.001016509      1.877960e-03            3.123875e-05
100 2013-08-20 12:59:15    127 328.6 165.4 165.8692 3.129512e-05 16.07539 0.09984267  0.092752330  0.004603866   2.980839e-03      0.0001479573         1  6.182167e-02    0.001015562      1.899867e-03            3.120965e-05
101 2013-08-20 12:59:30    128 329.2 165.3 165.7731 3.129512e-05 15.97930 0.09984267  0.088584141  0.004603797   2.846883e-03      0.0001479550         1  6.243268e-02    0.001014792      1.918644e-03            3.118600e-05
102 2013-08-20 12:59:45    129 330.0 165.4 165.8770 3.129512e-05 16.08321 0.09984267  0.093091517  0.004603872   2.991739e-03      0.0001479575         1  6.324736e-02    0.001013827      1.943680e-03            3.115635e-05
103 2013-08-20 13:00:00    130 330.5 165.6 166.0809 3.129512e-05 16.28712 0.09984267  0.101936677  0.004604020   3.276002e-03      0.0001479622         1  6.375654e-02    0.001013260      1.959328e-03            3.113890e-05
104 2013-08-20 13:00:15    131 331.2 165.4 165.8848 3.129512e-05 16.09103 0.09984267  0.093430705  0.004603877   3.002640e-03      0.0001479576         1  6.446938e-02    0.001012511      1.981235e-03            3.111589e-05
105 2013-08-20 13:00:30    132 331.8 165.6 166.0887 3.129512e-05 16.29494 0.09984267  0.102275865  0.004604026   3.286902e-03      0.0001479624         1  6.508040e-02    0.001011912      2.000012e-03            3.109748e-05
106 2013-08-20 13:00:45    133 332.5 165.4 165.8926 3.129512e-05 16.09885 0.09984267  0.093769892  0.004603883   3.013541e-03      0.0001479578         1  6.579324e-02    0.001011263      2.021919e-03            3.107753e-05
107 2013-08-20 13:01:00    134 333.2 165.4 165.8965 3.129512e-05 16.10276 0.09984267  0.093939486  0.004603886   3.018991e-03      0.0001479579         1  6.650609e-02    0.001010668      2.043826e-03            3.105924e-05
108 2013-08-20 13:01:15    135 333.9 165.4 165.9004 3.129512e-05 16.10667 0.09984267  0.094109079  0.004603889   3.024441e-03      0.0001479580         1  6.721894e-02    0.001010127      2.065733e-03            3.104261e-05
109 2013-08-20 13:01:30    136 334.5 165.3 165.8043 3.129512e-05 16.01058 0.09984267  0.089940890  0.004603819   2.890486e-03      0.0001479558         1  6.782995e-02    0.001009706      2.084510e-03            3.102968e-05
110 2013-08-20 13:01:45    137 335.2 165.5 166.0083 3.129512e-05 16.21449 0.09984267  0.098786050  0.004603967   3.174748e-03      0.0001479605         1  6.854280e-02    0.001009265      2.106417e-03            3.101614e-05
111 2013-08-20 13:02:00    138 335.9 165.6 166.1122 3.129512e-05 16.31840 0.09984267  0.103293426  0.004604043   3.319604e-03      0.0001479630         1  6.925564e-02    0.001008879      2.128323e-03            3.100426e-05
112 2013-08-20 13:02:15    139 336.6 165.5 166.0161 3.129512e-05 16.22231 0.09984267  0.099125237  0.004603973   3.185649e-03      0.0001479607         1  6.996849e-02    0.001008546      2.150230e-03            3.099405e-05
113 2013-08-20 13:02:30    140 337.3 165.6 166.1200 3.129512e-05 16.32622 0.09984267  0.103632614  0.004604049   3.330505e-03      0.0001479631         1  7.068134e-02    0.001008268      2.172137e-03            3.098550e-05
114 2013-08-20 13:02:45    141 337.9 165.6 166.1239 3.129512e-05 16.33013 0.09984267  0.103802207  0.004604051   3.335955e-03      0.0001479632         1  7.129235e-02    0.001008073      2.190914e-03            3.097951e-05
115 2013-08-20 13:03:00    142 338.5 165.7 166.2278 3.129512e-05 16.43404 0.09984267  0.108309584  0.004604128   3.480812e-03      0.0001479657         1  7.190336e-02    0.001007918      2.209691e-03            3.097475e-05
116 2013-08-20 13:03:15    143 339.3 165.7 166.2317 3.129512e-05 16.43795 0.09984267  0.108479178  0.004604131   3.486262e-03      0.0001479658         1  7.271804e-02    0.001007774      2.234728e-03            3.097031e-05
117 2013-08-20 13:03:30    144 339.9 165.7 166.2356 3.129512e-05 16.44186 0.09984267  0.108648771  0.004604134   3.491712e-03      0.0001479659         1  7.332906e-02    0.001007712      2.253505e-03            3.096841e-05
118 2013-08-20 13:03:45    145 340.7 165.7 166.2395 3.129512e-05 16.44577 0.09984267  0.108818365  0.004604137   3.497163e-03      0.0001479660         1  7.414374e-02    0.001007692      2.278541e-03            3.096779e-05
119 2013-08-20 13:04:00    146 341.3 165.8 166.3434 3.129512e-05 16.54968 0.09984267  0.113325742  0.004604214   3.642019e-03      0.0001479685         1  7.475475e-02    0.001007724      2.297319e-03            3.096876e-05
120 2013-08-20 13:04:15    147 341.9 165.7 166.2474 3.129512e-05 16.45359 0.09984267  0.109157552  0.004604143   3.508063e-03      0.0001479662         1  7.536576e-02    0.001007795      2.316096e-03            3.097096e-05
121 2013-08-20 13:04:30    148 342.6 165.7 166.2513 3.129512e-05 16.45750 0.09984267  0.109327146  0.004604145   3.513514e-03      0.0001479663         1  7.607861e-02    0.001007929      2.338003e-03            3.097508e-05
122 2013-08-20 13:04:45    149 343.4 165.7 166.2552 3.129512e-05 16.46141 0.09984267  0.109496740  0.004604148   3.518964e-03      0.0001479663         1  7.689329e-02    0.001008149      2.363039e-03            3.098184e-05
123 2013-08-20 13:05:00    150 344.1 165.8 166.3591 3.129512e-05 16.56532 0.09984267  0.114004116  0.004604225   3.663820e-03      0.0001479688         1  7.760614e-02    0.001008400      2.384946e-03            3.098954e-05
124 2013-08-20 13:05:15    151 344.9 165.8 166.3630 3.129512e-05 16.56923 0.09984267  0.114173710  0.004604228   3.669271e-03      0.0001479689         1  7.842082e-02    0.001008753      2.409982e-03            3.100039e-05
125 2013-08-20 13:05:30    152 345.6 165.7 166.2669 3.129512e-05 16.47314 0.09984267  0.110005521  0.004604157   3.535315e-03      0.0001479666         1  7.913367e-02    0.001009120      2.431889e-03            3.101167e-05
126 2013-08-20 13:05:45    153 346.4 165.9 166.4708 3.129512e-05 16.67705 0.09984267  0.118850680  0.004604309   3.819577e-03      0.0001479715         1  7.994835e-02    0.001009606      2.456925e-03            3.102660e-05
127 2013-08-20 13:06:00    154 347.0 166.0 166.5747 3.129512e-05 16.78096 0.09984267  0.123358057  0.004604387   3.964434e-03      0.0001479740         1  8.055936e-02    0.001010016      2.475703e-03            3.103922e-05
128 2013-08-20 13:06:15    155 347.7 165.9 166.4786 3.129512e-05 16.68487 0.09984267  0.119189868  0.004604315   3.830478e-03      0.0001479717         1  8.127221e-02    0.001010546      2.497609e-03            3.105549e-05
129 2013-08-20 13:06:30    156 348.5 166.0 166.5825 3.129512e-05 16.78878 0.09984267  0.123697244  0.004604393   3.975334e-03      0.0001479742         1  8.208689e-02    0.001011217      2.522646e-03            3.107612e-05
130 2013-08-20 13:06:45    157 349.2 166.1 166.6865 3.129512e-05 16.89269 0.09984267  0.128204621  0.004604472   4.120191e-03      0.0001479767         1  8.279974e-02    0.001011862      2.544553e-03            3.109594e-05
131 2013-08-20 13:07:00    158 349.8 166.0 166.5904 3.129512e-05 16.79660 0.09984267  0.124036432  0.004604399   3.986235e-03      0.0001479744         1  8.341075e-02    0.001012458      2.563330e-03            3.111425e-05
132 2013-08-20 13:07:15    159 350.6 166.0 166.5943 3.129512e-05 16.80050 0.09984267  0.124206025  0.004604402   3.991685e-03      0.0001479745         1  8.422543e-02    0.001013313      2.588366e-03            3.114054e-05
133 2013-08-20 13:07:30    160 351.3 166.0 166.5982 3.129512e-05 16.80441 0.09984267  0.124375619  0.004604405   3.997136e-03      0.0001479746         1  8.493828e-02    0.001014119      2.610273e-03            3.116531e-05
134 2013-08-20 13:07:45    161 352.1 166.0 166.6021 3.129512e-05 16.80832 0.09984267  0.124545213  0.004604408   4.002586e-03      0.0001479747         1  8.575296e-02    0.001015106      2.635309e-03            3.119563e-05
135 2013-08-20 13:08:00    162 352.7 166.0 166.6060 3.129512e-05 16.81223 0.09984267  0.124714806  0.004604411   4.008036e-03      0.0001479748         1  8.636398e-02    0.001015891      2.654087e-03            3.121977e-05
136 2013-08-20 13:08:15    163 353.4 166.1 166.7099 3.129512e-05 16.91614 0.09984267  0.129222183  0.004604490   4.152893e-03      0.0001479773         1  8.707682e-02    0.001016857      2.675993e-03            3.124945e-05
137 2013-08-20 13:08:30    164 354.2 166.0 166.6138 3.129512e-05 16.82005 0.09984267  0.125053994  0.004604417   4.018937e-03      0.0001479750         1  8.789150e-02    0.001018026      2.701030e-03            3.128537e-05
138 2013-08-20 13:08:45    165 354.9 166.2 166.8177 3.129512e-05 17.02396 0.09984267  0.133899153  0.004604572   4.303199e-03      0.0001479800         1  8.860435e-02    0.001019105      2.722936e-03            3.131854e-05
139 2013-08-20 13:09:00    166 355.6 166.2 166.8216 3.129512e-05 17.02787 0.09984267  0.134068747  0.004604575   4.308650e-03      0.0001479801         1  8.931720e-02    0.001020237      2.744843e-03            3.135332e-05
140 2013-08-20 13:09:15    167 356.3 166.4 167.0255 3.129512e-05 17.23178 0.09984267  0.142913907  0.004604732   4.592912e-03      0.0001479851         1  9.003005e-02    0.001021421      2.766750e-03            3.138972e-05
141 2013-08-20 13:09:30    168 357.1 166.2 166.8295 3.129512e-05 17.03569 0.09984267  0.134407934  0.004604581   4.319550e-03      0.0001479802         1  9.084473e-02    0.001022839      2.791786e-03            3.143328e-05
142 2013-08-20 13:09:45    169 357.8 166.2 166.8334 3.129512e-05 17.03960 0.09984267  0.134577528  0.004604584   4.325001e-03      0.0001479803         1  9.155758e-02    0.001024135      2.813693e-03            3.147311e-05
143 2013-08-20 13:10:00    170 358.6 166.2 166.8373 3.129512e-05 17.04351 0.09984267  0.134747122  0.004604587   4.330451e-03      0.0001479804         1  9.237226e-02    0.001025680      2.838730e-03            3.152058e-05
144 2013-08-20 13:10:15    171 359.4 166.2 166.8412 3.129512e-05 17.04742 0.09984267  0.134916715  0.004604590   4.335901e-03      0.0001479805         1  9.318694e-02    0.001027292      2.863766e-03            3.157013e-05
145 2013-08-20 13:10:30    172 360.3 166.3 166.9451 3.129512e-05 17.15133 0.09984267  0.139424092  0.004604670   4.480758e-03      0.0001479831         1  9.410346e-02    0.001029186      2.891932e-03            3.162833e-05
146 2013-08-20 13:10:45    173 361.1 166.4 167.0490 3.129512e-05 17.25524 0.09984267  0.143931469  0.004604750   4.625614e-03      0.0001479857         1  9.491814e-02    0.001030940      2.916968e-03            3.168225e-05
147 2013-08-20 13:11:00    174 361.8 166.3 166.9529 3.129512e-05 17.15915 0.09984267  0.139763279  0.004604676   4.491658e-03      0.0001479833         1  9.563099e-02    0.001032530      2.938875e-03            3.173110e-05
148 2013-08-20 13:11:15    175 362.6 166.2 166.8568 3.129512e-05 17.06306 0.09984267  0.135595090  0.004604602   4.357703e-03      0.0001479809         1  9.644567e-02    0.001034409      2.963911e-03            3.178884e-05
149 2013-08-20 13:11:30    176 363.4 166.3 166.9607 3.129512e-05 17.16697 0.09984267  0.140102467  0.004604682   4.502559e-03      0.0001479835         1  9.726035e-02    0.001036353      2.988948e-03            3.184859e-05
150 2013-08-20 13:11:45    177 364.4 166.3 166.9646 3.129512e-05 17.17088 0.09984267  0.140272060  0.004604685   4.508010e-03      0.0001479836         1  9.827871e-02    0.001038876      3.020243e-03            3.192611e-05
151 2013-08-20 13:12:00    178 365.2 166.3 166.9686 3.129512e-05 17.17479 0.09984267  0.140441654  0.004604688   4.513460e-03      0.0001479837         1  9.909339e-02    0.001040967      3.045279e-03            3.199037e-05
152 2013-08-20 13:12:15    179 366.0 166.4 167.0725 3.129512e-05 17.27870 0.09984267  0.144949031  0.004604768   4.658316e-03      0.0001479863         1  9.990807e-02    0.001043122      3.070316e-03            3.205661e-05
153 2013-08-20 13:12:30    180 366.9 166.3 166.9764 3.129512e-05 17.18261 0.09984267  0.140780841  0.004604694   4.524361e-03      0.0001479839         1  1.008246e-01    0.001045624      3.098482e-03            3.213349e-05
154 2013-08-20 13:12:45    181 367.6 166.3 166.9803 3.129512e-05 17.18652 0.09984267  0.140950435  0.004604697   4.529811e-03      0.0001479840         1  1.015374e-01    0.001047625      3.120388e-03            3.219500e-05
155 2013-08-20 13:13:00    182 368.5 166.3 166.9842 3.129512e-05 17.19043 0.09984267  0.141120029  0.004604700   4.535261e-03      0.0001479841         1  1.024540e-01    0.001050270      3.148554e-03            3.227626e-05
156 2013-08-20 13:13:15    183 369.3 166.6 167.2881 3.129512e-05 17.49434 0.09984267  0.154302971  0.004604937   4.958930e-03      0.0001479917         1  1.032686e-01    0.001052687      3.173591e-03            3.235055e-05
157 2013-08-20 13:13:30    184 370.2 166.6 167.2920 3.129512e-05 17.49825 0.09984267  0.154472565  0.004604940   4.964380e-03      0.0001479918         1  1.041852e-01    0.001055481      3.201756e-03            3.243642e-05
158 2013-08-20 13:13:45    185 371.2 166.6 167.2959 3.129512e-05 17.50216 0.09984267  0.154642159  0.004604943   4.969830e-03      0.0001479919         1  1.052035e-01    0.001058677      3.233052e-03            3.253464e-05
159 2013-08-20 13:14:00    186 372.2 166.3 166.9998 3.129512e-05 17.20607 0.09984267  0.141798403  0.004604712   4.557063e-03      0.0001479845         1  1.062219e-01    0.001061969      3.264347e-03            3.263582e-05
160 2013-08-20 13:14:15    187 373.2 166.4 167.1037 3.129512e-05 17.30998 0.09984267  0.146305780  0.004604793   4.701919e-03      0.0001479871         1  1.072402e-01    0.001065357      3.295643e-03            3.273991e-05
161 2013-08-20 13:14:30    188 374.2 166.5 167.2077 3.129512e-05 17.41389 0.09984267  0.150813157  0.004604874   4.846775e-03      0.0001479897         1  1.082586e-01    0.001068838      3.326938e-03            3.284689e-05
162 2013-08-20 13:14:45    189 375.1 166.3 167.0116 3.129512e-05 17.21780 0.09984267  0.142307184  0.004604721   4.573414e-03      0.0001479848         1  1.091751e-01    0.001072050      3.355104e-03            3.294562e-05
163 2013-08-20 13:15:00    190 376.1 166.6 167.3155 3.129512e-05 17.52171 0.09984267  0.155490127  0.004604958   4.997082e-03      0.0001479924         1  1.101934e-01    0.001075708      3.386399e-03            3.305801e-05
164 2013-08-20 13:15:15    191 376.9 166.7 167.4194 3.129512e-05 17.62561 0.09984267  0.159997504  0.004605041   5.141938e-03      0.0001479950         1  1.110081e-01    0.001078699      3.411436e-03            3.314995e-05
165 2013-08-20 13:15:30    192 377.9 166.6 167.3233 3.129512e-05 17.52952 0.09984267  0.155829314  0.004604965   5.007983e-03      0.0001479926         1  1.120265e-01    0.001082520      3.442731e-03            3.326737e-05
166 2013-08-20 13:15:45    193 378.8 166.6 167.3272 3.129512e-05 17.53343 0.09984267  0.155998908  0.004604968   5.013433e-03      0.0001479927         1  1.129430e-01    0.001086036      3.470897e-03            3.337541e-05
167 2013-08-20 13:16:00    194 379.7 166.7 167.4311 3.129512e-05 17.63734 0.09984267  0.160506285  0.004605050   5.158289e-03      0.0001479953         1  1.138595e-01    0.001089623      3.499063e-03            3.348566e-05
168 2013-08-20 13:16:15    195 380.6 166.6 167.3350 3.129512e-05 17.54125 0.09984267  0.156338095  0.004604974   5.024334e-03      0.0001479929         1  1.147760e-01    0.001093282      3.527229e-03            3.359809e-05
169 2013-08-20 13:16:30    196 381.6 166.6 167.3389 3.129512e-05 17.54516 0.09984267  0.156507689  0.004604977   5.029784e-03      0.0001479930         1  1.157944e-01    0.001097430      3.558524e-03            3.372556e-05
170 2013-08-20 13:16:45    197 382.3 166.7 167.4428 3.129512e-05 17.64907 0.09984267  0.161015066  0.004605059   5.174640e-03      0.0001479956         1  1.165072e-01    0.001100384      3.580431e-03            3.381636e-05
171 2013-08-20 13:17:00    198 383.2 166.8 167.5467 3.129512e-05 17.75298 0.09984267  0.165522442  0.004605142   5.319497e-03      0.0001479983         1  1.174237e-01    0.001104245      3.608597e-03            3.393500e-05
172 2013-08-20 13:17:15    199 384.1 166.9 167.6507 3.129512e-05 17.85689 0.09984267  0.170029819  0.004605225   5.464353e-03      0.0001480010         1  1.183403e-01    0.001108174      3.636763e-03            3.405573e-05
173 2013-08-20 13:17:30    200 385.0 166.9 167.6546 3.129512e-05 17.86080 0.09984267  0.170199413  0.004605228   5.469803e-03      0.0001480011         1  1.192568e-01    0.001112170      3.664929e-03            3.417855e-05
174 2013-08-20 13:17:45    201 386.0 166.8 167.5585 3.129512e-05 17.76471 0.09984267  0.166031223  0.004605151   5.335848e-03      0.0001479986         1  1.202751e-01    0.001116689      3.696224e-03            3.431742e-05
175 2013-08-20 13:18:00    202 387.1 167.1 167.8624 3.129512e-05 18.06862 0.09984267  0.179214166  0.004605396   5.759516e-03      0.0001480064         1  1.213953e-01    0.001121754      3.730649e-03            3.447308e-05
176 2013-08-20 13:18:15    203 387.9 168.6 169.3663 3.129512e-05 19.57253 0.09984267  0.244450505  0.004606668   7.856056e-03      0.0001480473         0  1.222100e-01    0.001125499      3.755685e-03            3.458817e-05

$dryleafvolt
            timestamp record LWSmV  SEmV    CSEmV     CSEmV.sd   loadmV  loadmV.sd
1 2013-08-20 12:32:45     21 264.4 163.8 163.8547 3.129512e-05 14.06097 0.09984267
2 2013-08-20 12:33:00     22 264.4 163.7 163.7586 3.129512e-05 13.96488 0.09984267
3 2013-08-20 12:33:15     23 264.4 163.7 163.7626 3.129512e-05 13.96879 0.09984267
4 2013-08-20 12:33:30     24 264.4 163.6 163.6665 3.129512e-05 13.87270 0.09984267
5 2013-08-20 12:33:45     25 264.4 163.6 163.6704 3.129512e-05 13.87661 0.09984267
6 2013-08-20 12:34:00     26 264.7 163.7 163.7743 3.129512e-05 13.98052 0.09984267
7 2013-08-20 12:34:15     27 265.1 163.6 163.6782 3.129512e-05 13.88443 0.09984267
8 2013-08-20 12:34:30     28 265.1 163.6 163.6821 3.129512e-05 13.88834 0.09984267

$runtime
Time difference of 43.75 mins

$startcalibvolt
            timestamp record LWSmV  SEmV    CSEmV     CSEmV.sd   loadmV  loadmV.sd
1 2013-08-20 12:29:45      9 264.4 272.7 272.7078 3.129512e-05 122.9141 0.09984267
2 2013-08-20 12:30:00     10 264.4 272.7 272.7117 3.129512e-05 122.9180 0.09984267
3 2013-08-20 12:30:15     11 264.4 272.6 272.6156 3.129512e-05 122.8219 0.09984267
4 2013-08-20 12:30:30     12 264.4 272.6 272.6195 3.129512e-05 122.8258 0.09984267
5 2013-08-20 12:30:45     13 264.4 272.6 272.6235 3.129512e-05 122.8297 0.09984267
6 2013-08-20 12:31:00     14 264.4 272.7 272.7274 3.129512e-05 122.9336 0.09984267

$endcalibvolt
            timestamp record LWSmV  SEmV
1 2013-08-20 13:25:00    230 265.1 271.7
2 2013-08-20 13:25:15    231 265.1 271.6
3 2013-08-20 13:25:30    232 265.1 271.4
4 2013-08-20 13:25:45    233 265.1 271.7
5 2013-08-20 13:26:00    234 265.1 271.6
6 2013-08-20 13:26:15    235 265.1 271.7
7 2013-08-20 13:26:30    236 265.1 271.7
8 2013-08-20 13:26:45    237 265.1 271.8
9 2013-08-20 13:27:00    238 265.1 271.9

$lastLWSvolt
[1] 386

$maxLWSvolt
[1] 388.5

$species
[1] "coastliveoak"

$trial
[1] "3"

$replicate
[1] "2"

$isvertical
[1] FALSE

$conversionfactor
         avg        stdev
1 0.04337783 1.438961e-05

$LWSwatermass
        avg       stdev
1 0.1035898 0.002712369

$dryleafmass
        avg       stdev
1 0.6045634 0.001544303

$lwsmodel

Call:
lm(formula = LWSsurfacedensity ~ record, data = rd[rd$runfilter == 
    1, ])

Coefficients:
(Intercept)       record  
 -7.804e-04    2.151e-05  


$leafmodel

Call:
lm(formula = surfacedensity ~ record, data = rd[rd$runfilter == 
    1, ])

Coefficients:
(Intercept)       record  
 -9.463e-04    3.099e-05  


