$name
[1] "coastliveoak3"

$leafarea
[1] 31.11619

$startbasevolt
            timestamp record LWSmV  SEmV CSEmV CSEmV.sd       loadmV  loadmV.sd
1 2013-08-17 13:50:15      2 265.3 143.9 143.9        0  0.203348214 0.09272797
2 2013-08-17 13:50:30      3 265.3 143.6 143.6        0 -0.096651786 0.09272797
3 2013-08-17 13:50:45      4 265.3 143.7 143.7        0  0.003348214 0.09272797
4 2013-08-17 13:51:00      5 265.1 143.7 143.7        0  0.003348214 0.09272797
5 2013-08-17 13:51:15      6 265.1 143.6 143.6        0 -0.096651786 0.09272797

$endbasevolt
            timestamp record LWSmV  SEmV    CSEmV     CSEmV.sd       loadmV  loadmV.sd
1 2013-08-17 14:46:30    227 265.2 142.7 143.6866 3.645074e-05 -0.010044643 0.09272798
2 2013-08-17 14:46:45    228 265.1 142.7 143.6911 3.645074e-05 -0.005580357 0.09272798
3 2013-08-17 14:47:00    229 265.1 142.7 143.6955 3.645074e-05 -0.001116071 0.09272798

$dryragvolt
            timestamp record LWSmV SEmV    CSEmV     CSEmV.sd   loadmV  loadmV.sd
1 2013-08-17 14:41:00    205 423.9  226 226.8884 3.645074e-05 83.19174 0.09272798
2 2013-08-17 14:41:15    206 423.4  226 226.8929 3.645074e-05 83.19621 0.09272798
3 2013-08-17 14:41:30    207 422.8  226 226.8973 3.645074e-05 83.20067 0.09272798

$wetragvolt
             timestamp record LWSmV  SEmV    CSEmV     CSEmV.sd   loadmV  loadmV.sd
1  2013-08-17 14:42:15    210 266.9 229.9 230.8107 3.645074e-05 87.11406 0.09272798
2  2013-08-17 14:42:30    211 266.4 229.8 230.7152 3.645074e-05 87.01853 0.09272798
3  2013-08-17 14:42:45    212 265.7 229.7 230.6196 3.645074e-05 86.92299 0.09272798
4  2013-08-17 14:43:00    213 265.7 229.7 230.6241 3.645074e-05 86.92746 0.09272798
5  2013-08-17 14:43:15    214 265.7 229.6 230.5286 3.645074e-05 86.83192 0.09272798
6  2013-08-17 14:43:30    215 265.7 229.5 230.4330 3.645074e-05 86.73638 0.09272798
7  2013-08-17 14:43:45    216 265.7 229.4 230.3375 3.645074e-05 86.64085 0.09272798
8  2013-08-17 14:44:00    217 265.7 229.3 230.2420 3.645074e-05 86.54531 0.09272798
9  2013-08-17 14:44:15    218 265.7 229.1 230.0464 3.645074e-05 86.34978 0.09272798
10 2013-08-17 14:44:30    219 265.7 229.1 230.0509 3.645074e-05 86.35424 0.09272798
11 2013-08-17 14:44:45    220 265.3 228.9 229.8554 3.645074e-05 86.15871 0.09272798

$rundata
              timestamp record LWSmV  SEmV    CSEmV     CSEmV.sd   loadmV  loadmV.sd   watermass watermass.sd surfacedensity surfacedensity.sd runfilter      LWSwater LWSwater.stdev LWSsurfacedensity LWSsurfacedensity.stdev
1   2013-08-17 13:54:30     19 265.0 157.7 157.7580 3.645074e-05 14.06138 0.09272798 0.002125055  0.004421340   6.829419e-05      0.0001420913         0 -2.945592e-03    0.001286146     -9.052218e-05            3.952508e-05
2   2013-08-17 13:54:45     20 265.1   NaN      NaN 3.645074e-05      NaN 0.09272798         NaN          NaN            NaN               NaN         0 -2.843756e-03    0.001285489     -8.739263e-05            3.950488e-05
3   2013-08-17 13:55:00     21 265.3 157.7 157.7670 3.645074e-05 14.07031 0.09272798 0.002512839  0.004421346   8.075664e-05      0.0001420915         0 -2.640086e-03    0.001284176     -8.113355e-05            3.946453e-05
4   2013-08-17 13:55:15     22 265.7 157.8 157.8714 3.645074e-05 14.17478 0.09272798 0.007049908  0.004421418   2.265672e-04      0.0001420938         0 -2.232744e-03    0.001281556     -6.861538e-05            3.938403e-05
5   2013-08-17 13:55:30     23 265.7 157.8 157.8759 3.645074e-05 14.17924 0.09272798 0.007243800  0.004421421   2.327985e-04      0.0001420939         0 -2.232744e-03    0.001281556     -6.861538e-05            3.938403e-05
6   2013-08-17 13:55:45     24 266.1 157.9 157.9804 3.645074e-05 14.28371 0.09272798 0.011780869  0.004421494   3.786090e-04      0.0001420963         0 -1.825403e-03    0.001278945     -5.609721e-05            3.930379e-05
7   2013-08-17 13:56:00     25 266.4 157.8 157.8848 3.645074e-05 14.18817 0.09272798 0.007631584  0.004421427   2.452609e-04      0.0001420941         0 -1.519897e-03    0.001276993     -4.670858e-05            3.924379e-05
8   2013-08-17 13:56:15     26 267.0 157.8 157.8893 3.645074e-05 14.19263 0.09272798 0.007825475  0.004421430   2.514921e-04      0.0001420942         0 -9.088854e-04    0.001273103     -2.793133e-05            3.912424e-05
9   2013-08-17 13:56:30     27 267.3 157.8 157.8938 3.645074e-05 14.19710 0.09272798 0.008019367  0.004421433   2.577233e-04      0.0001420943         0 -6.033795e-04    0.001271165     -1.854270e-05            3.906470e-05
10  2013-08-17 13:56:45     28 267.8 157.9 157.9982 3.645074e-05 14.30156 0.09272798 0.012556437  0.004421506   4.035339e-04      0.0001420967         0 -9.420292e-05    0.001267947     -2.894988e-06            3.896579e-05
11  2013-08-17 13:57:00     29 268.4 157.8 157.9027 3.645074e-05 14.20603 0.09272798 0.008407151  0.004421440   2.701858e-04      0.0001420945         0  5.168089e-04    0.001264103      1.588227e-05            3.884768e-05
12  2013-08-17 13:57:15     30 269.0 157.7 157.8071 3.645074e-05 14.11049 0.09272798 0.004257865  0.004421374   1.368376e-04      0.0001420924         0  1.127821e-03    0.001260280      3.465952e-05            3.873018e-05
13  2013-08-17 13:57:30     31 269.6 158.0 158.1116 3.645074e-05 14.41496 0.09272798 0.017481290  0.004421585   5.618070e-04      0.0001420992         0  1.738833e-03    0.001256477      5.343678e-05            3.861332e-05
14  2013-08-17 13:57:45     32 270.2 157.9 158.0161 3.645074e-05 14.31942 0.09272798 0.013332004  0.004421518   4.284588e-04      0.0001420971         0  2.349845e-03    0.001252695      7.221403e-05            3.849709e-05
15  2013-08-17 13:58:00     33 270.8 158.0 158.1205 3.645074e-05 14.42388 0.09272798 0.017869074  0.004421592   5.742694e-04      0.0001420994         0  2.960856e-03    0.001248934      9.099128e-05            3.838150e-05
16  2013-08-17 13:58:15     34 271.5 158.1 158.2250 3.645074e-05 14.52835 0.09272798 0.022406143  0.004421665   7.200800e-04      0.0001421018         0  3.673704e-03    0.001244572      1.128981e-04            3.824746e-05
17  2013-08-17 13:58:30     35 272.2 158.0 158.1295 3.645074e-05 14.43281 0.09272798 0.018256858  0.004421598   5.867319e-04      0.0001420996         0  4.386551e-03    0.001240239      1.348049e-04            3.811430e-05
18  2013-08-17 13:58:45     36 272.9 158.0 158.1339 3.645074e-05 14.43728 0.09272798 0.018450749  0.004421601   5.929631e-04      0.0001420997         0  5.099398e-03    0.001235936      1.567117e-04            3.798205e-05
19  2013-08-17 13:59:00     37 273.6 158.0 158.1384 3.645074e-05 14.44174 0.09272798 0.018644641  0.004421604   5.991943e-04      0.0001420998         0  5.812245e-03    0.001231662      1.786185e-04            3.785070e-05
20  2013-08-17 13:59:15     38 274.3 158.1 158.2429 3.645074e-05 14.54621 0.09272798 0.023181711  0.004421678   7.450049e-04      0.0001421022         1  6.525092e-03    0.001227418      2.005253e-04            3.772027e-05
21  2013-08-17 13:59:30     39 275.0 158.1 158.2473 3.645074e-05 14.55067 0.09272798 0.023375603  0.004421681   7.512361e-04      0.0001421023         1  7.237939e-03    0.001223203      2.224321e-04            3.759077e-05
22  2013-08-17 13:59:45     40 275.7 158.1 158.2518 3.645074e-05 14.55513 0.09272798 0.023569495  0.004421684   7.574673e-04      0.0001421024         1  7.950787e-03    0.001219020      2.443389e-04            3.746220e-05
23  2013-08-17 14:00:00     41 276.5 158.2 158.3562 3.645074e-05 14.65960 0.09272798 0.028106564  0.004421759   9.032779e-04      0.0001421048         1  8.765469e-03    0.001214276      2.693752e-04            3.731642e-05
24  2013-08-17 14:00:15     42 277.3 158.2 158.3607 3.645074e-05 14.66406 0.09272798 0.028300456  0.004421762   9.095092e-04      0.0001421049         1  9.580152e-03    0.001209573      2.944115e-04            3.717189e-05
25  2013-08-17 14:00:30     43 278.1 158.2 158.3652 3.645074e-05 14.66853 0.09272798 0.028494348  0.004421765   9.157404e-04      0.0001421050         1  1.039483e-02    0.001204911      3.194479e-04            3.702862e-05
26  2013-08-17 14:00:45     44 278.8 158.2 158.3696 3.645074e-05 14.67299 0.09272798 0.028688240  0.004421768   9.219716e-04      0.0001421051         1  1.110768e-02    0.001200866      3.413547e-04            3.690431e-05
27  2013-08-17 14:01:00     45 279.6 158.3 158.4741 3.645074e-05 14.77746 0.09272798 0.033225309  0.004421843   1.067782e-03      0.0001421075         1  1.192236e-02    0.001196283      3.663910e-04            3.676345e-05
28  2013-08-17 14:01:15     46 280.3 158.3 158.4786 3.645074e-05 14.78192 0.09272798 0.033419201  0.004421846   1.074013e-03      0.0001421076         1  1.263521e-02    0.001192307      3.882978e-04            3.664128e-05
29  2013-08-17 14:01:30     47 281.1 158.3 158.4830 3.645074e-05 14.78638 0.09272798 0.033613093  0.004421849   1.080245e-03      0.0001421077         1  1.344989e-02    0.001187804      4.133342e-04            3.650288e-05
30  2013-08-17 14:01:45     48 281.8 158.4 158.5875 3.645074e-05 14.89085 0.09272798 0.038150163  0.004421925   1.226055e-03      0.0001421101         1  1.416274e-02    0.001183899      4.352409e-04            3.638288e-05
31  2013-08-17 14:02:00     49 282.6 158.4 158.5920 3.645074e-05 14.89531 0.09272798 0.038344054  0.004421928   1.232286e-03      0.0001421102         1  1.497742e-02    0.001179477      4.602773e-04            3.624700e-05
32  2013-08-17 14:02:15     50 283.4 158.3 158.4964 3.645074e-05 14.79978 0.09272798 0.034194769  0.004421859   1.098938e-03      0.0001421080         1  1.579211e-02    0.001175100      4.853136e-04            3.611248e-05
33  2013-08-17 14:02:30     51 284.2 158.4 158.6009 3.645074e-05 14.90424 0.09272798 0.038731838  0.004421935   1.244749e-03      0.0001421104         1  1.660679e-02    0.001170768      5.103500e-04            3.597934e-05
34  2013-08-17 14:02:45     52 285.0 158.3 158.5054 3.645074e-05 14.80871 0.09272798 0.034582552  0.004421866   1.111401e-03      0.0001421082         1  1.742147e-02    0.001166481      5.353863e-04            3.584760e-05
35  2013-08-17 14:03:00     53 285.8 158.5 158.7098 3.645074e-05 15.01317 0.09272798 0.043462800  0.004422014   1.396791e-03      0.0001421130         1  1.823615e-02    0.001162240      5.604226e-04            3.571726e-05
36  2013-08-17 14:03:15     54 286.6 158.5 158.7143 3.645074e-05 15.01763 0.09272798 0.043656691  0.004422017   1.403022e-03      0.0001421131         1  1.905084e-02    0.001158045      5.854590e-04            3.558835e-05
37  2013-08-17 14:03:30     55 287.3 158.5 158.7188 3.645074e-05 15.02210 0.09272798 0.043850583  0.004422021   1.409253e-03      0.0001421132         1  1.976368e-02    0.001154413      6.073658e-04            3.547673e-05
38  2013-08-17 14:03:45     56 288.1 158.7 158.9232 3.645074e-05 15.22656 0.09272798 0.052730830  0.004422171   1.694643e-03      0.0001421180         1  2.057836e-02    0.001150306      6.324021e-04            3.535053e-05
39  2013-08-17 14:04:00     57 289.0 158.5 158.7277 3.645074e-05 15.03103 0.09272798 0.044238367  0.004422027   1.421716e-03      0.0001421134         1  2.149488e-02    0.001145744      6.605680e-04            3.521031e-05
40  2013-08-17 14:04:15     58 289.8 158.5 158.7321 3.645074e-05 15.03549 0.09272798 0.044432259  0.004422030   1.427947e-03      0.0001421135         1  2.230957e-02    0.001141739      6.856043e-04            3.508725e-05
41  2013-08-17 14:04:30     59 290.5 158.6 158.8366 3.645074e-05 15.13996 0.09272798 0.048969328  0.004422107   1.573757e-03      0.0001421160         1  2.302241e-02    0.001138276      7.075111e-04            3.498081e-05
42  2013-08-17 14:04:45     60 291.2 158.6 158.8411 3.645074e-05 15.14442 0.09272798 0.049163220  0.004422110   1.579989e-03      0.0001421161         1  2.373526e-02    0.001134850      7.294179e-04            3.487553e-05
43  2013-08-17 14:05:00     61 292.0 158.7 158.9455 3.645074e-05 15.24888 0.09272798 0.053700290  0.004422188   1.725799e-03      0.0001421186         1  2.454994e-02    0.001130981      7.544543e-04            3.475664e-05
44  2013-08-17 14:05:15     62 292.8 158.7 158.9500 3.645074e-05 15.25335 0.09272798 0.053894182  0.004422191   1.732030e-03      0.0001421187         1  2.536462e-02    0.001127163      7.794906e-04            3.463929e-05
45  2013-08-17 14:05:30     63 293.5 158.6 158.8545 3.645074e-05 15.15781 0.09272798 0.049744896  0.004422120   1.598682e-03      0.0001421164         1  2.607747e-02    0.001123863      8.013974e-04            3.453790e-05
46  2013-08-17 14:05:45     64 294.2 158.7 158.9589 3.645074e-05 15.26228 0.09272798 0.054281965  0.004422198   1.744493e-03      0.0001421189         1  2.679032e-02    0.001120603      8.233042e-04            3.443771e-05
47  2013-08-17 14:06:00     65 295.0 158.6 158.8634 3.645074e-05 15.16674 0.09272798 0.050132680  0.004422127   1.611145e-03      0.0001421166         1  2.760500e-02    0.001116926      8.483405e-04            3.432470e-05
48  2013-08-17 14:06:15     66 295.7 158.5 158.7679 3.645074e-05 15.07121 0.09272798 0.045983394  0.004422057   1.477797e-03      0.0001421144         1  2.831785e-02    0.001113751      8.702473e-04            3.422713e-05
49  2013-08-17 14:06:30     67 296.4 158.7 158.9723 3.645074e-05 15.27567 0.09272798 0.054863641  0.004422208   1.763187e-03      0.0001421192         1  2.903070e-02    0.001110616      8.921541e-04            3.413080e-05
50  2013-08-17 14:06:45     68 297.1 158.6 158.8768 3.645074e-05 15.18013 0.09272798 0.050714355  0.004422137   1.629838e-03      0.0001421169         1  2.974354e-02    0.001107523      9.140609e-04            3.403573e-05
51  2013-08-17 14:07:00     69 297.7 158.7 158.9812 3.645074e-05 15.28460 0.09272798 0.055251425  0.004422214   1.775649e-03      0.0001421194         1  3.035455e-02    0.001104903      9.328382e-04            3.395523e-05
52  2013-08-17 14:07:15     70 298.4 158.7 158.9857 3.645074e-05 15.28906 0.09272798 0.055445316  0.004422218   1.781880e-03      0.0001421195         1  3.106740e-02    0.001101886      9.547450e-04            3.386250e-05
53  2013-08-17 14:07:30     71 299.0 158.7 158.9902 3.645074e-05 15.29353 0.09272798 0.055639208  0.004422221   1.788111e-03      0.0001421196         1  3.167841e-02    0.001099333      9.735222e-04            3.378404e-05
54  2013-08-17 14:07:45     72 299.7 158.7 158.9946 3.645074e-05 15.29799 0.09272798 0.055833100  0.004422224   1.794343e-03      0.0001421197         1  3.239126e-02    0.001096393      9.954290e-04            3.369369e-05
55  2013-08-17 14:08:00     73 300.4 158.8 159.0991 3.645074e-05 15.40246 0.09272798 0.060370170  0.004422302   1.940153e-03      0.0001421223         1  3.310411e-02    0.001093495      1.017336e-03            3.360465e-05
56  2013-08-17 14:08:15     74 301.3 158.9 159.2036 3.645074e-05 15.50692 0.09272798 0.064907239  0.004422381   2.085964e-03      0.0001421248         1  3.402063e-02    0.001089833      1.045502e-03            3.349209e-05
57  2013-08-17 14:08:30     75 302.0 158.9 159.2080 3.645074e-05 15.51138 0.09272798 0.065101131  0.004422384   2.092195e-03      0.0001421249         1  3.473347e-02    0.001087033      1.067409e-03            3.340605e-05
58  2013-08-17 14:08:45     76 302.8 158.9 159.2125 3.645074e-05 15.51585 0.09272798 0.065295023  0.004422388   2.098426e-03      0.0001421250         1  3.554816e-02    0.001083886      1.092445e-03            3.330935e-05
59  2013-08-17 14:09:00     77 303.5 158.9 159.2170 3.645074e-05 15.52031 0.09272798 0.065488915  0.004422391   2.104658e-03      0.0001421251         1  3.626100e-02    0.001081180      1.114352e-03            3.322619e-05
60  2013-08-17 14:09:15     78 304.3 159.0 159.3214 3.645074e-05 15.62478 0.09272798 0.070025984  0.004422470   2.250468e-03      0.0001421277         1  3.707569e-02    0.001078141      1.139388e-03            3.313280e-05
61  2013-08-17 14:09:30     79 305.1 158.9 159.2259 3.645074e-05 15.52924 0.09272798 0.065876699  0.004422398   2.117120e-03      0.0001421253         1  3.789037e-02    0.001075160      1.164424e-03            3.304119e-05
62  2013-08-17 14:09:45     80 305.9 158.9 159.2304 3.645074e-05 15.53371 0.09272798 0.066070590  0.004422401   2.123351e-03      0.0001421254         1  3.870505e-02    0.001072238      1.189461e-03            3.295138e-05
63  2013-08-17 14:10:00     81 306.6 159.0 159.3348 3.645074e-05 15.63817 0.09272798 0.070607660  0.004422481   2.269162e-03      0.0001421280         1  3.941790e-02    0.001069729      1.211367e-03            3.287429e-05
64  2013-08-17 14:10:15     82 307.3 159.1 159.4393 3.645074e-05 15.74263 0.09272798 0.075144730  0.004422560   2.414972e-03      0.0001421305         1  4.013074e-02    0.001067266      1.233274e-03            3.279860e-05
65  2013-08-17 14:10:30     83 308.3 159.0 159.3438 3.645074e-05 15.64710 0.09272798 0.070995444  0.004422487   2.281624e-03      0.0001421282         1  4.114910e-02    0.001063827      1.264570e-03            3.269291e-05
66  2013-08-17 14:10:45     84 308.9 159.0 159.3482 3.645074e-05 15.65156 0.09272798 0.071189336  0.004422491   2.287855e-03      0.0001421283         1  4.176011e-02    0.001061809      1.283347e-03            3.263089e-05
67  2013-08-17 14:11:00     85 309.7 159.0 159.3527 3.645074e-05 15.65603 0.09272798 0.071383227  0.004422494   2.294087e-03      0.0001421284         1  4.257479e-02    0.001059171      1.308383e-03            3.254983e-05
68  2013-08-17 14:11:15     86 310.4 159.0 159.3571 3.645074e-05 15.66049 0.09272798 0.071577119  0.004422498   2.300318e-03      0.0001421285         1  4.328764e-02    0.001056914      1.330290e-03            3.248044e-05
69  2013-08-17 14:11:30     87 311.1 158.9 159.2616 3.645074e-05 15.56496 0.09272798 0.067427833  0.004422425   2.166970e-03      0.0001421262         1  4.400049e-02    0.001054703      1.352197e-03            3.241251e-05
70  2013-08-17 14:11:45     88 311.8 159.0 159.3661 3.645074e-05 15.66942 0.09272798 0.071964903  0.004422504   2.312780e-03      0.0001421287         1  4.471333e-02    0.001052540      1.374104e-03            3.234603e-05
71  2013-08-17 14:12:00     89 312.5 159.0 159.3705 3.645074e-05 15.67388 0.09272798 0.072158795  0.004422508   2.319012e-03      0.0001421289         1  4.542618e-02    0.001050425      1.396010e-03            3.228103e-05
72  2013-08-17 14:12:15     90 313.2 159.1 159.4750 3.645074e-05 15.77835 0.09272798 0.076695864  0.004422588   2.464822e-03      0.0001421314         1  4.613903e-02    0.001048357      1.417917e-03            3.221750e-05
73  2013-08-17 14:12:30     91 313.9 159.1 159.4795 3.645074e-05 15.78281 0.09272798 0.076889756  0.004422591   2.471053e-03      0.0001421315         1  4.685187e-02    0.001046339      1.439824e-03            3.215546e-05
74  2013-08-17 14:12:45     92 314.6 159.1 159.4839 3.645074e-05 15.78728 0.09272798 0.077083648  0.004422595   2.477285e-03      0.0001421316         1  4.756472e-02    0.001044368      1.461731e-03            3.209491e-05
75  2013-08-17 14:13:00     93 315.4 159.1 159.4884 3.645074e-05 15.79174 0.09272798 0.077277540  0.004422598   2.483516e-03      0.0001421318         1  4.837940e-02    0.001042177      1.486767e-03            3.202755e-05
76  2013-08-17 14:13:15     94 316.2 159.1 159.4929 3.645074e-05 15.79621 0.09272798 0.077471432  0.004422602   2.489747e-03      0.0001421319         1  4.919409e-02    0.001040049      1.511804e-03            3.196217e-05
77  2013-08-17 14:13:30     95 316.9 159.1 159.4973 3.645074e-05 15.80067 0.09272798 0.077665324  0.004422605   2.495978e-03      0.0001421320         1  4.990693e-02    0.001038240      1.533710e-03            3.190659e-05
78  2013-08-17 14:13:45     96 317.7 159.2 159.6018 3.645074e-05 15.90513 0.09272798 0.082202393  0.004422686   2.641789e-03      0.0001421346         1  5.072162e-02    0.001036235      1.558747e-03            3.184495e-05
79  2013-08-17 14:14:00     97 318.4 159.1 159.5062 3.645074e-05 15.80960 0.09272798 0.078053107  0.004422612   2.508441e-03      0.0001421322         1  5.143446e-02    0.001034533      1.580653e-03            3.179266e-05
80  2013-08-17 14:14:15     98 319.2 159.3 159.7107 3.645074e-05 16.01406 0.09272798 0.086933355  0.004422770   2.793831e-03      0.0001421373         1  5.224915e-02    0.001032650      1.605690e-03            3.173479e-05
81  2013-08-17 14:14:30     99 320.0 159.3 159.7152 3.645074e-05 16.01853 0.09272798 0.087127247  0.004422774   2.800062e-03      0.0001421374         1  5.306383e-02    0.001030833      1.630726e-03            3.167895e-05
82  2013-08-17 14:14:45    100 320.8 159.4 159.8196 3.645074e-05 16.12299 0.09272798 0.091664316  0.004422856   2.945873e-03      0.0001421400         1  5.387851e-02    0.001029083      1.655762e-03            3.162516e-05
83  2013-08-17 14:15:00    101 321.6 159.5 159.9241 3.645074e-05 16.22746 0.09272798 0.096201386  0.004422938   3.091683e-03      0.0001421427         1  5.469319e-02    0.001027399      1.680799e-03            3.157342e-05
84  2013-08-17 14:15:15    102 322.3 159.4 159.8286 3.645074e-05 16.13192 0.09272798 0.092052100  0.004422863   2.958335e-03      0.0001421403         1  5.540604e-02    0.001025981      1.702706e-03            3.152983e-05
85  2013-08-17 14:15:30    103 323.1 159.4 159.8330 3.645074e-05 16.13638 0.09272798 0.092245992  0.004422866   2.964566e-03      0.0001421404         1  5.622072e-02    0.001024423      1.727742e-03            3.148197e-05
86  2013-08-17 14:15:45    104 323.9 159.4 159.8375 3.645074e-05 16.14085 0.09272798 0.092439884  0.004422870   2.970797e-03      0.0001421405         1  5.703541e-02    0.001022933      1.752778e-03            3.143618e-05
87  2013-08-17 14:16:00    105 324.7 159.4 159.8420 3.645074e-05 16.14531 0.09272798 0.092633775  0.004422873   2.977029e-03      0.0001421406         1  5.785009e-02    0.001021511      1.777815e-03            3.139248e-05
88  2013-08-17 14:16:15    106 325.6 159.5 159.9464 3.645074e-05 16.24978 0.09272798 0.097170845  0.004422955   3.122839e-03      0.0001421432         1  5.876661e-02    0.001019993      1.805981e-03            3.134583e-05
89  2013-08-17 14:16:30    107 326.4 159.5 159.9509 3.645074e-05 16.25424 0.09272798 0.097364737  0.004422959   3.129070e-03      0.0001421434         1  5.958129e-02    0.001018717      1.831017e-03            3.130660e-05
90  2013-08-17 14:16:45    108 327.1 159.6 160.0554 3.645074e-05 16.35871 0.09272798 0.101901806  0.004423042   3.274881e-03      0.0001421460         1  6.029414e-02    0.001017656      1.852924e-03            3.127401e-05
91  2013-08-17 14:17:00    109 327.9 159.5 159.9598 3.645074e-05 16.26317 0.09272798 0.097752521  0.004422966   3.141533e-03      0.0001421436         1  6.110882e-02    0.001016509      1.877960e-03            3.123875e-05
92  2013-08-17 14:17:15    110 328.7 159.5 159.9643 3.645074e-05 16.26763 0.09272798 0.097946412  0.004422970   3.147764e-03      0.0001421437         1  6.192350e-02    0.001015431      1.902996e-03            3.120562e-05
93  2013-08-17 14:17:30    111 329.5 159.6 160.0687 3.645074e-05 16.37210 0.09272798 0.102483482  0.004423053   3.293575e-03      0.0001421464         1  6.273818e-02    0.001014422      1.928033e-03            3.117463e-05
94  2013-08-17 14:17:45    112 330.3 159.6 160.0732 3.645074e-05 16.37656 0.09272798 0.102677374  0.004423056   3.299806e-03      0.0001421465         1  6.355287e-02    0.001013484      1.953069e-03            3.114578e-05
95  2013-08-17 14:18:00    113 331.1 159.6 160.0777 3.645074e-05 16.38103 0.09272798 0.102871266  0.004423060   3.306037e-03      0.0001421466         1  6.436755e-02    0.001012615      1.978105e-03            3.111908e-05
96  2013-08-17 14:18:15    114 331.9 159.5 159.9821 3.645074e-05 16.28549 0.09272798 0.098721980  0.004422984   3.172689e-03      0.0001421442         1  6.518223e-02    0.001011816      2.003142e-03            3.109453e-05
97  2013-08-17 14:18:30    115 332.6 159.6 160.0866 3.645074e-05 16.38996 0.09272798 0.103259049  0.004423067   3.318500e-03      0.0001421468         1  6.589508e-02    0.001011175      2.025048e-03            3.107482e-05
98  2013-08-17 14:18:45    116 333.4 159.7 160.1911 3.645074e-05 16.49442 0.09272798 0.107796119  0.004423151   3.464310e-03      0.0001421495         1  6.670976e-02    0.001010508      2.050085e-03            3.105432e-05
99  2013-08-17 14:19:00    117 334.2 159.7 160.1955 3.645074e-05 16.49888 0.09272798 0.107990011  0.004423154   3.470541e-03      0.0001421496         1  6.752444e-02    0.001009911      2.075121e-03            3.103599e-05
100 2013-08-17 14:19:15    118 335.0 159.8 160.3000 3.645074e-05 16.60335 0.09272798 0.112527080  0.004423238   3.616352e-03      0.0001421523         1  6.833913e-02    0.001009385      2.100158e-03            3.101984e-05
101 2013-08-17 14:19:30    119 335.9 159.9 160.4045 3.645074e-05 16.70781 0.09272798 0.117064150  0.004423323   3.762163e-03      0.0001421551         1  6.925564e-02    0.001008879      2.128323e-03            3.100426e-05
102 2013-08-17 14:19:45    120 336.7 159.8 160.3089 3.645074e-05 16.61228 0.09272798 0.112914864  0.004423246   3.628814e-03      0.0001421526         1  7.007033e-02    0.001008503      2.153360e-03            3.099272e-05
103 2013-08-17 14:20:00    121 337.5 159.9 160.4134 3.645074e-05 16.71674 0.09272798 0.117451934  0.004423330   3.774625e-03      0.0001421553         1  7.088501e-02    0.001008199      2.178396e-03            3.098337e-05
104 2013-08-17 14:20:15    122 338.3 159.9 160.4179 3.645074e-05 16.72121 0.09272798 0.117645825  0.004423334   3.780856e-03      0.0001421554         1  7.169969e-02    0.001007966      2.203432e-03            3.097620e-05
105 2013-08-17 14:20:30    123 339.2 159.9 160.4223 3.645074e-05 16.72567 0.09272798 0.117839717  0.004423338   3.787087e-03      0.0001421555         1  7.261621e-02    0.001007788      2.231598e-03            3.097074e-05
106 2013-08-17 14:20:45    124 340.0 159.9 160.4268 3.645074e-05 16.73013 0.09272798 0.118033609  0.004423341   3.793319e-03      0.0001421556         1  7.343089e-02    0.001007706      2.256635e-03            3.096821e-05
107 2013-08-17 14:21:00    125 340.8 160.0 160.5312 3.645074e-05 16.83460 0.09272798 0.122570679  0.004423427   3.939129e-03      0.0001421584         1  7.424557e-02    0.001007694      2.281671e-03            3.096787e-05
108 2013-08-17 14:21:15    126 341.5 160.0 160.5357 3.645074e-05 16.83906 0.09272798 0.122764571  0.004423430   3.945361e-03      0.0001421585         1  7.495842e-02    0.001007743      2.303578e-03            3.096936e-05
109 2013-08-17 14:21:30    127 342.3 159.9 160.4402 3.645074e-05 16.74353 0.09272798 0.118615285  0.004423352   3.812012e-03      0.0001421560         1  7.577310e-02    0.001007865      2.328614e-03            3.097311e-05
110 2013-08-17 14:21:45    128 343.1 160.2 160.7446 3.645074e-05 17.04799 0.09272798 0.131838710  0.004423603   4.236982e-03      0.0001421640         1  7.658779e-02    0.001008058      2.353650e-03            3.097905e-05
111 2013-08-17 14:22:00    129 344.0 160.1 160.6491 3.645074e-05 16.95246 0.09272798 0.127689424  0.004423524   4.103634e-03      0.0001421615         1  7.750430e-02    0.001008361      2.381816e-03            3.098834e-05
112 2013-08-17 14:22:15    130 344.8 160.1 160.6536 3.645074e-05 16.95692 0.09272798 0.127883316  0.004423527   4.109865e-03      0.0001421616         1  7.831899e-02    0.001008705      2.406853e-03            3.099892e-05
113 2013-08-17 14:22:30    131 345.6 160.1 160.6580 3.645074e-05 16.96138 0.09272798 0.128077208  0.004423531   4.116096e-03      0.0001421617         1  7.913367e-02    0.001009120      2.431889e-03            3.101167e-05
114 2013-08-17 14:22:45    132 346.5 160.1 160.6625 3.645074e-05 16.96585 0.09272798 0.128271099  0.004423535   4.122327e-03      0.0001421619         1  8.005019e-02    0.001009671      2.460055e-03            3.102862e-05
115 2013-08-17 14:23:00    133 347.4 160.1 160.6670 3.645074e-05 16.97031 0.09272798 0.128464991  0.004423538   4.128558e-03      0.0001421620         1  8.096670e-02    0.001010312      2.488221e-03            3.104832e-05
116 2013-08-17 14:23:15    134 348.3 160.2 160.7714 3.645074e-05 17.07478 0.09272798 0.133002061  0.004423625   4.274369e-03      0.0001421648         1  8.188322e-02    0.001011043      2.516387e-03            3.107076e-05
117 2013-08-17 14:23:30    135 349.4 160.2 160.7759 3.645074e-05 17.07924 0.09272798 0.133195953  0.004423629   4.280600e-03      0.0001421649         1  8.300341e-02    0.001012056      2.550812e-03            3.110191e-05
118 2013-08-17 14:23:45    136 350.3 160.2 160.7804 3.645074e-05 17.08371 0.09272798 0.133389845  0.004423632   4.286831e-03      0.0001421650         1  8.391993e-02    0.001012984      2.578977e-03            3.113043e-05
119 2013-08-17 14:24:00    137 351.2 160.3 160.8848 3.645074e-05 17.18817 0.09272798 0.137926914  0.004423719   4.432642e-03      0.0001421678         1  8.483645e-02    0.001014001      2.607143e-03            3.116167e-05
120 2013-08-17 14:24:15    138 352.1 160.3 160.8893 3.645074e-05 17.19263 0.09272798 0.138120806  0.004423723   4.438873e-03      0.0001421679         1  8.575296e-02    0.001015106      2.635309e-03            3.119563e-05
121 2013-08-17 14:24:30    139 353.0 160.3 160.8938 3.645074e-05 17.19710 0.09272798 0.138314698  0.004423727   4.445105e-03      0.0001421680         1  8.666948e-02    0.001016299      2.663475e-03            3.123229e-05
122 2013-08-17 14:24:45    140 353.8 160.3 160.8982 3.645074e-05 17.20156 0.09272798 0.138508590  0.004423731   4.451336e-03      0.0001421682         1  8.748416e-02    0.001017433      2.688511e-03            3.126715e-05
123 2013-08-17 14:25:00    141 354.9 160.4 161.0027 3.645074e-05 17.30603 0.09272798 0.143045659  0.004423818   4.597146e-03      0.0001421710         1  8.860435e-02    0.001019105      2.722936e-03            3.131854e-05
124 2013-08-17 14:25:15    142 355.9 160.4 161.0071 3.645074e-05 17.31049 0.09272798 0.143239551  0.004423822   4.603378e-03      0.0001421711         1  8.962271e-02    0.001020738      2.754232e-03            3.136872e-05
125 2013-08-17 14:25:30    143 357.0 160.4 161.0116 3.645074e-05 17.31496 0.09272798 0.143433443  0.004423826   4.609609e-03      0.0001421712         1  9.074289e-02    0.001022658      2.788657e-03            3.142772e-05
126 2013-08-17 14:25:45    144 357.9 160.5 161.1161 3.645074e-05 17.41942 0.09272798 0.147970512  0.004423914   4.755419e-03      0.0001421741         1  9.165941e-02    0.001024324      2.816823e-03            3.147893e-05
127 2013-08-17 14:26:00    145 359.0 160.4 161.0205 3.645074e-05 17.32388 0.09272798 0.143821227  0.004423833   4.622071e-03      0.0001421715         1  9.277960e-02    0.001026477      2.851248e-03            3.154510e-05
128 2013-08-17 14:26:15    146 359.9 160.4 161.0250 3.645074e-05 17.32835 0.09272798 0.144015118  0.004423837   4.628302e-03      0.0001421716         1  9.369612e-02    0.001028334      2.879414e-03            3.160214e-05
129 2013-08-17 14:26:30    147 360.9 160.6 161.2295 3.645074e-05 17.53281 0.09272798 0.152895366  0.004424011   4.913692e-03      0.0001421772         1  9.471447e-02    0.001030496      2.910709e-03            3.166858e-05
130 2013-08-17 14:26:45    148 361.8 160.5 161.1339 3.645074e-05 17.43728 0.09272798 0.148746080  0.004423929   4.780344e-03      0.0001421745         1  9.563099e-02    0.001032530      2.938875e-03            3.173110e-05
131 2013-08-17 14:27:00    149 362.7 160.6 161.2384 3.645074e-05 17.54174 0.09272798 0.153283149  0.004424018   4.926155e-03      0.0001421774         1  9.654751e-02    0.001034648      2.967041e-03            3.179620e-05
132 2013-08-17 14:27:15    150 363.7 160.5 161.1429 3.645074e-05 17.44621 0.09272798 0.149133864  0.004423937   4.792807e-03      0.0001421748         1  9.756586e-02    0.001037099      2.998336e-03            3.187152e-05
133 2013-08-17 14:27:30    151 364.7 160.5 161.1473 3.645074e-05 17.45067 0.09272798 0.149327755  0.004423941   4.799038e-03      0.0001421749         1  9.858421e-02    0.001039652      3.029632e-03            3.194998e-05
134 2013-08-17 14:27:45    152 365.7 160.5 161.1518 3.645074e-05 17.45513 0.09272798 0.149521647  0.004423945   4.805269e-03      0.0001421750         1  9.960257e-02    0.001042306      3.060927e-03            3.203154e-05
135 2013-08-17 14:28:00    153 366.7 160.7 161.3562 3.645074e-05 17.65960 0.09272798 0.158401895  0.004424119   5.090659e-03      0.0001421806         1  1.006209e-01    0.001045061      3.092222e-03            3.211619e-05
136 2013-08-17 14:28:15    154 367.8 160.5 161.1607 3.645074e-05 17.46406 0.09272798 0.149909431  0.004423952   4.817732e-03      0.0001421753         1  1.017411e-01    0.001048206      3.126647e-03            3.221284e-05
137 2013-08-17 14:28:30    155 368.7 160.8 161.4652 3.645074e-05 17.76853 0.09272798 0.163132856  0.004424213   5.242701e-03      0.0001421837         1  1.026576e-01    0.001050868      3.154813e-03            3.229466e-05
138 2013-08-17 14:28:45    156 370.0 160.7 161.3696 3.645074e-05 17.67299 0.09272798 0.158983570  0.004424131   5.109353e-03      0.0001421810         1  1.039815e-01    0.001054853      3.195497e-03            3.241713e-05
139 2013-08-17 14:29:00    157 370.9 160.7 161.3741 3.645074e-05 17.67746 0.09272798 0.159177462  0.004424135   5.115584e-03      0.0001421811         1  1.048980e-01    0.001057708      3.223663e-03            3.250487e-05
140 2013-08-17 14:29:15    158 372.0 160.6 161.2786 3.645074e-05 17.58192 0.09272798 0.155028176  0.004424053   4.982236e-03      0.0001421785         1  1.060182e-01    0.001061303      3.258088e-03            3.261535e-05
141 2013-08-17 14:29:30    159 373.2 160.7 161.3830 3.645074e-05 17.68638 0.09272798 0.159565246  0.004424142   5.128046e-03      0.0001421814         1  1.072402e-01    0.001065357      3.295643e-03            3.273991e-05
142 2013-08-17 14:29:45    160 374.3 160.6 161.2875 3.645074e-05 17.59085 0.09272798 0.155415960  0.004424060   4.994698e-03      0.0001421788         1  1.083604e-01    0.001069191      3.330068e-03            3.285774e-05
143 2013-08-17 14:30:00    161 375.4 160.6 161.2920 3.645074e-05 17.59531 0.09272798 0.155609852  0.004424064   5.000930e-03      0.0001421789         1  1.094806e-01    0.001073138      3.364493e-03            3.297904e-05
144 2013-08-17 14:30:15    162 376.4 160.7 161.3964 3.645074e-05 17.69978 0.09272798 0.160146921  0.004424154   5.146740e-03      0.0001421818         1  1.104989e-01    0.001076823      3.395788e-03            3.309228e-05
145 2013-08-17 14:30:30    163 377.4 160.9 161.6009 3.645074e-05 17.90424 0.09272798 0.169027169  0.004424331   5.432130e-03      0.0001421875         1  1.115173e-01    0.001080598      3.427083e-03            3.320831e-05
146 2013-08-17 14:30:45    164 378.5 161.1 161.8054 3.645074e-05 18.10871 0.09272798 0.177907416  0.004424510   5.717520e-03      0.0001421932         1  1.126375e-01    0.001084856      3.461508e-03            3.333915e-05
147 2013-08-17 14:31:00    165 379.5 160.8 161.5098 3.645074e-05 17.81317 0.09272798 0.165071775  0.004424252   5.305013e-03      0.0001421849         1  1.136558e-01    0.001088820      3.492804e-03            3.346097e-05
148 2013-08-17 14:31:15    166 380.9 161.1 161.8143 3.645074e-05 18.11763 0.09272798 0.178295199  0.004424518   5.729983e-03      0.0001421935         1  1.150815e-01    0.001094517      3.536617e-03            3.363605e-05
149 2013-08-17 14:31:30    167 382.1 161.0 161.7188 3.645074e-05 18.02210 0.09272798 0.174145914  0.004424434   5.596634e-03      0.0001421908         1  1.163036e-01    0.001099536      3.574172e-03            3.379029e-05
150 2013-08-17 14:31:45    168 383.1 161.0 161.7232 3.645074e-05 18.02656 0.09272798 0.174339805  0.004424438   5.602866e-03      0.0001421909         1  1.173219e-01    0.001103812      3.605467e-03            3.392171e-05
151 2013-08-17 14:32:00    169 384.2 161.0 161.7277 3.645074e-05 18.03103 0.09272798 0.174533697  0.004424442   5.609097e-03      0.0001421910         1  1.184421e-01    0.001108614      3.639892e-03            3.406928e-05
152 2013-08-17 14:32:15    170 385.4 160.9 161.6321 3.645074e-05 17.93549 0.09272798 0.170384412  0.004424358   5.475749e-03      0.0001421883         1  1.196641e-01    0.001113968      3.677447e-03            3.423379e-05
153 2013-08-17 14:32:30    171 386.8 160.9 161.6366 3.645074e-05 17.93996 0.09272798 0.170578303  0.004424362   5.481980e-03      0.0001421885         1  1.210898e-01    0.001120363      3.721260e-03            3.443033e-05
154 2013-08-17 14:32:45    172 387.9 160.9 161.6411 3.645074e-05 17.94442 0.09272798 0.170772195  0.004424366   5.488211e-03      0.0001421886         1  1.222100e-01    0.001125499      3.755685e-03            3.458817e-05
155 2013-08-17 14:33:00    173 388.9 160.9 161.6455 3.645074e-05 17.94888 0.09272798 0.170966087  0.004424370   5.494442e-03      0.0001421887         1  1.232284e-01    0.001130252      3.786981e-03            3.473423e-05
156 2013-08-17 14:33:15    174 390.1 161.1 161.8500 3.645074e-05 18.15335 0.09272798 0.179846334  0.004424550   5.779832e-03      0.0001421945         1  1.244504e-01    0.001136059      3.824535e-03            3.491270e-05
157 2013-08-17 14:33:30    175 391.2 161.0 161.7545 3.645074e-05 18.05781 0.09272798 0.175697049  0.004424466   5.646484e-03      0.0001421918         1  1.255706e-01    0.001141481      3.858960e-03            3.507932e-05
158 2013-08-17 14:33:45    176 392.4 161.0 161.7589 3.645074e-05 18.06228 0.09272798 0.175890940  0.004424470   5.652715e-03      0.0001421919         1  1.267926e-01    0.001147501      3.896515e-03            3.526432e-05
159 2013-08-17 14:34:00    177 393.6 161.1 161.8634 3.645074e-05 18.16674 0.09272798 0.180428010  0.004424562   5.798526e-03      0.0001421949         1  1.280146e-01    0.001153629      3.934069e-03            3.545265e-05
160 2013-08-17 14:34:15    178 395.1 161.0 161.7679 3.645074e-05 18.07121 0.09272798 0.176278724  0.004424477   5.665178e-03      0.0001421922         1  1.295421e-01    0.001161439      3.981012e-03            3.569267e-05
161 2013-08-17 14:34:30    179 396.2 161.3 162.0723 3.645074e-05 18.37567 0.09272798 0.189502149  0.004424747   6.090147e-03      0.0001422008         1  1.306623e-01    0.001167271      4.015437e-03            3.587187e-05
162 2013-08-17 14:34:45    180 397.4 161.1 161.8768 3.645074e-05 18.18013 0.09272798 0.181009685  0.004424573   5.817220e-03      0.0001421952         1  1.318844e-01    0.001173731      4.052992e-03            3.607040e-05
163 2013-08-17 14:35:00    181 398.4 161.2 161.9812 3.645074e-05 18.28460 0.09272798 0.185546755  0.004424666   5.963030e-03      0.0001421982         1  1.329027e-01    0.001179192      4.084287e-03            3.623822e-05
164 2013-08-17 14:35:15    182 399.6 161.2 161.9857 3.645074e-05 18.28906 0.09272798 0.185740647  0.004424670   5.969261e-03      0.0001421983         1  1.341247e-01    0.001185836      4.121842e-03            3.644242e-05
165 2013-08-17 14:35:30    183 401.0 161.2 161.9902 3.645074e-05 18.29353 0.09272798 0.185934539  0.004424674   5.975493e-03      0.0001421985         1  1.355504e-01    0.001193712      4.165655e-03            3.668446e-05
166 2013-08-17 14:35:45    184 402.3 161.2 161.9946 3.645074e-05 18.29799 0.09272798 0.186128431  0.004424678   5.981724e-03      0.0001421986         1  1.368743e-01    0.001201143      4.206340e-03            3.691281e-05
167 2013-08-17 14:36:00    185 403.6 161.3 162.0991 3.645074e-05 18.40246 0.09272798 0.190665500  0.004424771   6.127534e-03      0.0001422016         1  1.381981e-01    0.001208685      4.247024e-03            3.714458e-05
168 2013-08-17 14:36:15    186 405.2 161.4 162.2036 3.645074e-05 18.50692 0.09272798 0.195202570  0.004424865   6.273345e-03      0.0001422046         1  1.398275e-01    0.001218116      4.297096e-03            3.743441e-05
169 2013-08-17 14:36:30    187 406.7 161.2 162.0080 3.645074e-05 18.31138 0.09272798 0.186710106  0.004424690   6.000418e-03      0.0001421990         1  1.413550e-01    0.001227104      4.344039e-03            3.771063e-05
170 2013-08-17 14:36:45    188 407.9 161.5 162.3125 3.645074e-05 18.61585 0.09272798 0.199933531  0.004424964   6.425387e-03      0.0001422078         1  1.425771e-01    0.001234394      4.381594e-03            3.793467e-05
171 2013-08-17 14:37:00    189 409.1 161.3 162.1170 3.645074e-05 18.42031 0.09272798 0.191441068  0.004424787   6.152459e-03      0.0001422021         1  1.437991e-01    0.001241772      4.419148e-03            3.816139e-05
172 2013-08-17 14:37:15    190 410.3 161.4 162.2214 3.645074e-05 18.52478 0.09272798 0.195978137  0.004424881   6.298270e-03      0.0001422051         1  1.450211e-01    0.001249234      4.456703e-03            3.839073e-05
173 2013-08-17 14:37:30    191 411.7 161.4 162.2259 3.645074e-05 18.52924 0.09272798 0.196172029  0.004424885   6.304501e-03      0.0001422053         1  1.464468e-01    0.001258047      4.500517e-03            3.866156e-05
174 2013-08-17 14:37:45    192 413.0 161.5 162.3304 3.645074e-05 18.63371 0.09272798 0.200709099  0.004424980   6.450312e-03      0.0001422083         1  1.477707e-01    0.001266331      4.541201e-03            3.891612e-05
175 2013-08-17 14:38:00    193 414.2 161.5 162.3348 3.645074e-05 18.63817 0.09272798 0.200902990  0.004424984   6.456543e-03      0.0001422084         1  1.489927e-01    0.001274061      4.578755e-03            3.915369e-05
176 2013-08-17 14:38:15    194 415.4 161.5 162.3393 3.645074e-05 18.64263 0.09272798 0.201096882  0.004424988   6.462774e-03      0.0001422086         1  1.502147e-01    0.001281871      4.616310e-03            3.939368e-05
177 2013-08-17 14:38:30    195 416.6 161.6 162.4437 3.645074e-05 18.74710 0.09272798 0.205633952  0.004425083   6.608585e-03      0.0001422116         1  1.514367e-01    0.001289758      4.653864e-03            3.963607e-05
178 2013-08-17 14:38:45    196 417.7 161.7 162.5482 3.645074e-05 18.85156 0.09272798 0.210171021  0.004425179   6.754395e-03      0.0001422147         1  1.525569e-01    0.001297055      4.688289e-03            3.986032e-05
179 2013-08-17 14:39:00    197 418.8 161.6 162.4527 3.645074e-05 18.75603 0.09272798 0.206021736  0.004425091   6.621047e-03      0.0001422119         1  1.536771e-01    0.001304415      4.722714e-03            4.008651e-05
180 2013-08-17 14:39:15    198 420.0 161.5 162.3571 3.645074e-05 18.66049 0.09272798 0.201872450  0.004425004   6.487699e-03      0.0001422091         1  1.548991e-01    0.001312515      4.760269e-03            4.033543e-05
181 2013-08-17 14:39:30    199 421.4 161.6 162.4616 3.645074e-05 18.76496 0.09272798 0.206409519  0.004425099   6.633510e-03      0.0001422121         1  1.563248e-01    0.001322056      4.804082e-03            4.062865e-05
182 2013-08-17 14:39:45    200 422.5 161.7 162.5661 3.645074e-05 18.86942 0.09272798 0.210946589  0.004425195   6.779320e-03      0.0001422152         1  1.574450e-01    0.001329621      4.838507e-03            4.086111e-05
183 2013-08-17 14:40:00    201 423.5 161.8 162.6705 3.645074e-05 18.97388 0.09272798 0.215483658  0.004425291   6.925131e-03      0.0001422183         1  1.584634e-01    0.001336548      4.869803e-03            4.107401e-05
184 2013-08-17 14:40:15    202 424.6 161.8 162.6750 3.645074e-05 18.97835 0.09272798 0.215677550  0.004425295   6.931362e-03      0.0001422184         1  1.595836e-01    0.001344224      4.904228e-03            4.130989e-05

$dryleafvolt
            timestamp record LWSmV  SEmV    CSEmV     CSEmV.sd   loadmV  loadmV.sd
1 2013-08-17 13:53:30     15   265 157.4 157.4402 3.645074e-05 13.74353 0.09272798
2 2013-08-17 13:53:45     16   265 157.8 157.8446 3.645074e-05 14.14799 0.09272798
3 2013-08-17 13:54:00     17   265 157.7 157.7491 3.645074e-05 14.05246 0.09272798
4 2013-08-17 13:54:15     18   265 157.7 157.7536 3.645074e-05 14.05692 0.09272798
5 2013-08-17 13:54:30     19   265 157.7 157.7580 3.645074e-05 14.06138 0.09272798

$runtime
Time difference of 45.75 mins

$startcalibvolt
            timestamp record LWSmV  SEmV    CSEmV     CSEmV.sd   loadmV  loadmV.sd
1 2013-08-17 13:51:45      8 265.2 266.6 266.6089 3.645074e-05 122.9123 0.09272798
2 2013-08-17 13:52:00      9 265.1 266.2 266.2134 3.645074e-05 122.5167 0.09272798
3 2013-08-17 13:52:15     10 265.0 266.3 266.3179 3.645074e-05 122.6212 0.09272798
4 2013-08-17 13:52:30     11 265.0 266.4 266.4223 3.645074e-05 122.7257 0.09272798
5 2013-08-17 13:52:45     12 265.0 266.5 266.5268 3.645074e-05 122.8301 0.09272798

$endcalibvolt
            timestamp record LWSmV  SEmV
1 2013-08-17 14:45:15    222 265.6 265.4
2 2013-08-17 14:45:30    223 265.3 265.6
3 2013-08-17 14:45:45    224 265.3 265.6
4 2013-08-17 14:46:00    225 265.1 265.7

$lastLWSvolt
[1] 422.8

$maxLWSvolt
[1] 424.8

$species
[1] "coastliveoak"

$trial
[1] "3"

$replicate
[1] "1"

$isvertical
[1] FALSE

$conversionfactor
         avg       stdev
1 0.04343178 1.46762e-05

$LWSwatermass
        avg       stdev
1 0.1517821 0.002623665

$dryleafmass
        avg       stdev
1 0.6085858 0.001812784

$lwsmodel

Call:
lm(formula = LWSsurfacedensity ~ record, data = rd[rd$runfilter == 
    1, ])

Coefficients:
(Intercept)       record  
 -1.045e-03    2.786e-05  


$leafmodel

Call:
lm(formula = surfacedensity ~ record, data = rd[rd$runfilter == 
    1, ])

Coefficients:
(Intercept)       record  
 -7.576e-04    3.713e-05  


