$name
[1] "coastliveoak8"

$leafarea
[1] 19.76842

$startbasevolt
            timestamp record LWSmV  SEmV CSEmV CSEmV.sd      loadmV  loadmV.sd
1 2013-10-16 11:15:00      2 261.1 148.8 148.8        0 -0.04761905 0.09453161
2 2013-10-16 11:15:15      3 261.1 148.8 148.8        0 -0.04761905 0.09453161
3 2013-10-16 11:15:30      4 261.0 148.9 148.9        0  0.05238095 0.09453161
4 2013-10-16 11:15:45      5 261.0 148.9 148.9        0  0.05238095 0.09453161

$endbasevolt
            timestamp record LWSmV  SEmV    CSEmV     CSEmV.sd       loadmV  loadmV.sd
1 2013-10-16 12:15:45    245 263.8 148.5 148.8429 3.684371e-05 -0.004761905 0.09453161
2 2013-10-16 12:16:00    246 263.8 148.3 148.6443 3.684371e-05 -0.203333333 0.09453161
3 2013-10-16 12:16:15    247 263.8 148.5 148.8457 3.684371e-05 -0.001904762 0.09453161
4 2013-10-16 12:16:30    248 263.8 148.6 148.9471 3.684371e-05  0.099523810 0.09453161
5 2013-10-16 12:16:45    249 263.8 148.6 148.9486 3.684371e-05  0.100952381 0.09453161

$dryragvolt
            timestamp record LWSmV  SEmV    CSEmV     CSEmV.sd   loadmV  loadmV.sd
1 2013-10-16 12:12:15    231 526.2 281.3 281.6229 3.684371e-05 132.7752 0.09453161
2 2013-10-16 12:12:30    232 525.6 281.0 281.3243 3.684371e-05 132.4767 0.09453161
3 2013-10-16 12:12:45    233 524.8 280.8 281.1257 3.684371e-05 132.2781 0.09453161

$wetragvolt
            timestamp record LWSmV  SEmV    CSEmV     CSEmV.sd   loadmV  loadmV.sd
1 2013-10-16 12:13:30    236 264.0 286.9 287.2300 3.684371e-05 138.3824 0.09453161
2 2013-10-16 12:13:45    237 263.8 286.7 287.0314 3.684371e-05 138.1838 0.09453161
3 2013-10-16 12:14:00    238 263.8 286.4 286.7329 3.684371e-05 137.8852 0.09453161

$rundata
              timestamp record LWSmV  SEmV    CSEmV     CSEmV.sd   loadmV  loadmV.sd   watermass watermass.sd surfacedensity surfacedensity.sd runfilter      LWSwater LWSwater.stdev LWSsurfacedensity LWSsurfacedensity.stdev
1   2013-10-16 11:21:00     26 261.1 162.8 162.8300 3.684371e-05 13.98238 0.09453161 0.005541447  0.004622303   2.803182e-04      0.0002338226         0 -0.0069171687    0.001312189     -2.125743e-04            4.032542e-05
2   2013-10-16 11:21:15     27 261.3 162.8 162.8314 3.684371e-05 13.98381 0.09453161 0.005603710  0.004622304   2.834678e-04      0.0002338227         0 -0.0067134981    0.001310834     -2.063152e-04            4.028379e-05
3   2013-10-16 11:21:30     28 261.7 162.7 162.7329 3.684371e-05 13.88524 0.09453161 0.001307532  0.004622192   6.614249e-05      0.0002338170         0 -0.0063061568    0.001308131     -1.937971e-04            4.020072e-05
4   2013-10-16 11:21:45     29 261.7 162.8 162.8343 3.684371e-05 13.98667 0.09453161 0.005728237  0.004622308   2.897671e-04      0.0002338228         0 -0.0063061568    0.001308131     -1.937971e-04            4.020072e-05
5   2013-10-16 11:22:00     30 261.9 162.9 162.9357 3.684371e-05 14.08810 0.09453161 0.010148942  0.004622424   5.133917e-04      0.0002338287         0 -0.0061024862    0.001306783     -1.875380e-04            4.015928e-05
6   2013-10-16 11:22:15     31 262.4 162.8 162.8371 3.684371e-05 13.98952 0.09453161 0.005852764  0.004622311   2.960664e-04      0.0002338230         0 -0.0055933096    0.001303421     -1.718903e-04            4.005595e-05
7   2013-10-16 11:22:30     32 263.0 163.1 163.1386 3.684371e-05 14.29095 0.09453161 0.018990351  0.004622660   9.606409e-04      0.0002338407         0 -0.0049822978    0.001299403     -1.531130e-04            3.993248e-05
8   2013-10-16 11:22:45     33 263.6 163.1 163.1400 3.684371e-05 14.29238 0.09453161 0.019052614  0.004622662   9.637906e-04      0.0002338407         0 -0.0043712859    0.001295404     -1.343358e-04            3.980958e-05
9   2013-10-16 11:23:00     34 264.3 163.1 163.1414 3.684371e-05 14.29381 0.09453161 0.019114878  0.004622663   9.669402e-04      0.0002338408         0 -0.0036584388    0.001290762     -1.124290e-04            3.966693e-05
10  2013-10-16 11:23:15     35 265.1 163.0 163.0429 3.684371e-05 14.19524 0.09453161 0.014818700  0.004622548   7.496149e-04      0.0002338350         0 -0.0028437563    0.001285489     -8.739263e-05            3.950488e-05
11  2013-10-16 11:23:30     36 265.8 163.1 163.1443 3.684371e-05 14.29667 0.09453161 0.019239405  0.004622667   9.732395e-04      0.0002338410         0 -0.0021309091    0.001280903     -6.548584e-05            3.936394e-05
12  2013-10-16 11:23:45     37 266.7 163.2 163.2457 3.684371e-05 14.39810 0.09453161 0.023660109  0.004622786   1.196864e-03      0.0002338470         0 -0.0012143913    0.001275045     -3.731995e-05            3.918394e-05
13  2013-10-16 11:24:00     38 267.5 163.1 163.1471 3.684371e-05 14.29952 0.09453161 0.019363932  0.004622670   9.795388e-04      0.0002338412         0 -0.0003997088    0.001269876     -1.228362e-05            3.902509e-05
14  2013-10-16 11:24:15     39 268.4 163.0 163.0486 3.684371e-05 14.20095 0.09453161 0.015067754  0.004622555   7.622134e-04      0.0002338354         0  0.0005168089    0.001264103      1.588227e-05            3.884768e-05
15  2013-10-16 11:24:30     40 269.5 163.1 163.1500 3.684371e-05 14.30238 0.09453161 0.019488458  0.004622673   9.858381e-04      0.0002338413         0  0.0016369974    0.001257110      5.030723e-05            3.863275e-05
16  2013-10-16 11:24:45     41 270.4 163.2 163.2514 3.684371e-05 14.40381 0.09453161 0.023909163  0.004622792   1.209463e-03      0.0002338474         0  0.0025535151    0.001251439      7.847311e-05            3.845849e-05
17  2013-10-16 11:25:00     42 271.5 163.0 163.0529 3.684371e-05 14.20524 0.09453161 0.015254544  0.004622560   7.716624e-04      0.0002338356         0  0.0036737035    0.001244572      1.128981e-04            3.824746e-05
18  2013-10-16 11:25:15     43 272.6 163.2 163.2543 3.684371e-05 14.40667 0.09453161 0.024033690  0.004622796   1.215762e-03      0.0002338475         0  0.0047938920    0.001237777      1.473230e-04            3.803862e-05
19  2013-10-16 11:25:30     44 273.7 163.3 163.3557 3.684371e-05 14.50810 0.09453161 0.028454395  0.004622916   1.439387e-03      0.0002338536         0  0.0059140804    0.001231054      1.817480e-04            3.783201e-05
20  2013-10-16 11:25:45     45 274.8 163.3 163.3571 3.684371e-05 14.50952 0.09453161 0.028516658  0.004622917   1.442536e-03      0.0002338537         1  0.0070342688    0.001224404      2.161730e-04            3.762767e-05
21  2013-10-16 11:26:00     46 275.9 163.4 163.4586 3.684371e-05 14.61095 0.09453161 0.032937363  0.004623038   1.666161e-03      0.0002338598         1  0.0081544572    0.001217830      2.505979e-04            3.742563e-05
22  2013-10-16 11:26:15     47 277.0 163.3 163.3600 3.684371e-05 14.51238 0.09453161 0.028641185  0.004622921   1.448835e-03      0.0002338539         1  0.0092746456    0.001211332      2.850229e-04            3.722594e-05
23  2013-10-16 11:26:30     48 278.1 163.4 163.4614 3.684371e-05 14.61381 0.09453161 0.033061890  0.004623042   1.672460e-03      0.0002338600         1  0.0103948340    0.001204911      3.194479e-04            3.702862e-05
24  2013-10-16 11:26:45     49 279.1 163.4 163.4629 3.684371e-05 14.61524 0.09453161 0.033124153  0.004623043   1.675610e-03      0.0002338601         1  0.0114131871    0.001199143      3.507433e-04            3.685134e-05
25  2013-10-16 11:27:00     50 280.3 163.6 163.6643 3.684371e-05 14.81667 0.09453161 0.041903299  0.004623286   2.119709e-03      0.0002338723         1  0.0126352108    0.001192307      3.882978e-04            3.664128e-05
26  2013-10-16 11:27:15     51 281.4 163.5 163.5657 3.684371e-05 14.71810 0.09453161 0.037607121  0.004623167   1.902384e-03      0.0002338663         1  0.0137553992    0.001186126      4.227228e-04            3.645133e-05
27  2013-10-16 11:27:30     52 282.5 163.5 163.5671 3.684371e-05 14.71952 0.09453161 0.037669385  0.004623169   1.905534e-03      0.0002338664         1  0.0148755876    0.001180028      4.571477e-04            3.626391e-05
28  2013-10-16 11:27:45     53 283.7 163.4 163.4686 3.684371e-05 14.62095 0.09453161 0.033373207  0.004623050   1.688208e-03      0.0002338604         1  0.0160976113    0.001173470      4.947023e-04            3.606239e-05
29  2013-10-16 11:28:00     54 284.7 163.5 163.5700 3.684371e-05 14.72238 0.09453161 0.037793911  0.004623172   1.911833e-03      0.0002338666         1  0.0171159644    0.001168083      5.259977e-04            3.589684e-05
30  2013-10-16 11:28:15     55 285.9 163.7 163.7714 3.684371e-05 14.92381 0.09453161 0.046573057  0.004623416   2.355932e-03      0.0002338789         1  0.0183379882    0.001161713      5.635522e-04            3.570107e-05
31  2013-10-16 11:28:30     56 287.1 163.6 163.6729 3.684371e-05 14.82524 0.09453161 0.042276880  0.004623296   2.138607e-03      0.0002338729         1  0.0195600119    0.001155447      6.011067e-04            3.550851e-05
32  2013-10-16 11:28:45     57 288.1 163.7 163.7743 3.684371e-05 14.92667 0.09453161 0.046697584  0.004623420   2.362232e-03      0.0002338791         1  0.0205783650    0.001150306      6.324021e-04            3.535053e-05
33  2013-10-16 11:29:00     58 289.3 163.7 163.7757 3.684371e-05 14.92810 0.09453161 0.046759848  0.004623422   2.365381e-03      0.0002338792         1  0.0218003887    0.001144236      6.699566e-04            3.516399e-05
34  2013-10-16 11:29:15     59 290.5 163.7 163.7771 3.684371e-05 14.92952 0.09453161 0.046822111  0.004623423   2.368531e-03      0.0002338793         1  0.0230224124    0.001138276      7.075111e-04            3.498081e-05
35  2013-10-16 11:29:30     60 291.7 163.7 163.7786 3.684371e-05 14.93095 0.09453161 0.046884375  0.004623425   2.371681e-03      0.0002338794         1  0.0242444361    0.001132426      7.450656e-04            3.480104e-05
36  2013-10-16 11:29:45     61 292.8 163.7 163.7800 3.684371e-05 14.93238 0.09453161 0.046946638  0.004623427   2.374830e-03      0.0002338795         1  0.0253646245    0.001127163      7.794906e-04            3.463929e-05
37  2013-10-16 11:30:00     62 294.0 163.7 163.7814 3.684371e-05 14.93381 0.09453161 0.047008901  0.004623429   2.377980e-03      0.0002338796         1  0.0265866483    0.001121531      8.170451e-04            3.446621e-05
38  2013-10-16 11:30:15     63 295.1 163.8 163.8829 3.684371e-05 15.03524 0.09453161 0.051429606  0.004623553   2.601605e-03      0.0002338858         1  0.0277068367    0.001116470      8.514701e-04            3.431069e-05
39  2013-10-16 11:30:30     64 296.3 163.9 163.9843 3.684371e-05 15.13667 0.09453161 0.055850311  0.004623678   2.825229e-03      0.0002338922         1  0.0289288604    0.001111062      8.890246e-04            3.414449e-05
40  2013-10-16 11:30:45     65 297.5 163.8 163.8857 3.684371e-05 15.03810 0.09453161 0.051554133  0.004623557   2.607904e-03      0.0002338860         1  0.0301508841    0.001105773      9.265791e-04            3.398196e-05
41  2013-10-16 11:31:00     66 298.7 164.0 164.0871 3.684371e-05 15.23952 0.09453161 0.060333279  0.004623806   3.052003e-03      0.0002338986         1  0.0313729078    0.001100605      9.641336e-04            3.382315e-05
42  2013-10-16 11:31:15     67 299.8 164.2 164.2886 3.684371e-05 15.44095 0.09453161 0.069112425  0.004624059   3.496103e-03      0.0002339114         1  0.0324930962    0.001095976      9.985586e-04            3.368089e-05
43  2013-10-16 11:31:30     68 301.0 164.0 164.0900 3.684371e-05 15.24238 0.09453161 0.060457806  0.004623810   3.058303e-03      0.0002338988         1  0.0337151199    0.001091046      1.036113e-03            3.352937e-05
44  2013-10-16 11:31:45     69 302.2 164.1 164.1914 3.684371e-05 15.34381 0.09453161 0.064878510  0.004623937   3.281927e-03      0.0002339052         1  0.0349371437    0.001086241      1.073668e-03            3.338171e-05
45  2013-10-16 11:32:00     70 303.5 164.1 164.1929 3.684371e-05 15.34524 0.09453161 0.064940774  0.004623938   3.285077e-03      0.0002339053         1  0.0362610027    0.001081180      1.114352e-03            3.322619e-05
46  2013-10-16 11:32:15     71 304.7 164.0 164.0943 3.684371e-05 15.24667 0.09453161 0.060644596  0.004623815   3.067752e-03      0.0002338991         1  0.0374830264    0.001076643      1.151906e-03            3.308677e-05
47  2013-10-16 11:32:30     72 305.9 164.0 164.0957 3.684371e-05 15.24810 0.09453161 0.060706859  0.004623817   3.070901e-03      0.0002338992         1  0.0387050501    0.001072238      1.189461e-03            3.295138e-05
48  2013-10-16 11:32:45     73 307.0 164.1 164.1971 3.684371e-05 15.34952 0.09453161 0.065127564  0.004623944   3.294526e-03      0.0002339056         1  0.0398252385    0.001068316      1.223886e-03            3.283087e-05
49  2013-10-16 11:33:00     74 308.3 164.0 164.0986 3.684371e-05 15.25095 0.09453161 0.060831386  0.004623820   3.077201e-03      0.0002338994         1  0.0411490976    0.001063827      1.264570e-03            3.269291e-05
50  2013-10-16 11:33:15     75 309.4 164.1 164.2000 3.684371e-05 15.35238 0.09453161 0.065252091  0.004623947   3.300825e-03      0.0002339058         1  0.0422692860    0.001060153      1.298995e-03            3.258001e-05
51  2013-10-16 11:33:30     76 310.6 164.1 164.2014 3.684371e-05 15.35381 0.09453161 0.065314354  0.004623949   3.303975e-03      0.0002339059         1  0.0434913097    0.001056277      1.336549e-03            3.246089e-05
52  2013-10-16 11:33:45     77 311.9 164.1 164.2029 3.684371e-05 15.35524 0.09453161 0.065376618  0.004623951   3.307124e-03      0.0002339060         1  0.0448151687    0.001052235      1.377233e-03            3.233666e-05
53  2013-10-16 11:34:00     78 313.1 164.2 164.3043 3.684371e-05 15.45667 0.09453161 0.069797323  0.004624079   3.530749e-03      0.0002339124         1  0.0460371924    0.001048650      1.414788e-03            3.222648e-05
54  2013-10-16 11:34:15     79 314.3 164.4 164.5057 3.684371e-05 15.65810 0.09453161 0.078576468  0.004624335   3.974849e-03      0.0002339254         1  0.0472592161    0.001045207      1.452342e-03            3.212067e-05
55  2013-10-16 11:34:30     80 315.5 164.4 164.5071 3.684371e-05 15.65952 0.09453161 0.078638732  0.004624337   3.977998e-03      0.0002339255         1  0.0484812399    0.001041907      1.489897e-03            3.201927e-05
56  2013-10-16 11:34:45     81 316.8 164.3 164.4086 3.684371e-05 15.56095 0.09453161 0.074342554  0.004624211   3.760673e-03      0.0002339191         1  0.0498050989    0.001038496      1.530581e-03            3.191444e-05
57  2013-10-16 11:35:00     82 317.9 164.2 164.3100 3.684371e-05 15.46238 0.09453161 0.070046376  0.004624086   3.543348e-03      0.0002339128         1  0.0509252873    0.001035743      1.565006e-03            3.182985e-05
58  2013-10-16 11:35:15     83 319.2 164.3 164.4114 3.684371e-05 15.56381 0.09453161 0.074467081  0.004624215   3.766972e-03      0.0002339193         1  0.0522491463    0.001032650      1.605690e-03            3.173479e-05
59  2013-10-16 11:35:30     84 320.5 164.3 164.4129 3.684371e-05 15.56524 0.09453161 0.074529344  0.004624217   3.770122e-03      0.0002339194         1  0.0535730053    0.001029731      1.646374e-03            3.164509e-05
60  2013-10-16 11:35:45     85 321.6 164.3 164.4143 3.684371e-05 15.56667 0.09453161 0.074591608  0.004624218   3.773272e-03      0.0002339195         1  0.0546931938    0.001027399      1.680799e-03            3.157342e-05
61  2013-10-16 11:36:00     86 322.9 164.3 164.4157 3.684371e-05 15.56810 0.09453161 0.074653871  0.004624220   3.776421e-03      0.0002339196         1  0.0560170528    0.001024806      1.721483e-03            3.149374e-05
62  2013-10-16 11:36:15     87 324.0 164.4 164.5171 3.684371e-05 15.66952 0.09453161 0.079074576  0.004624350   4.000046e-03      0.0002339261         1  0.0571372412    0.001022752      1.755908e-03            3.143060e-05
63  2013-10-16 11:36:30     88 325.3 164.4 164.5186 3.684371e-05 15.67095 0.09453161 0.079136839  0.004624352   4.003195e-03      0.0002339262         1  0.0584611002    0.001020490      1.796592e-03            3.136108e-05
64  2013-10-16 11:36:45     89 326.6 164.4 164.5200 3.684371e-05 15.67238 0.09453161 0.079199103  0.004624353   4.006345e-03      0.0002339263         1  0.0597849592    0.001018408      1.837276e-03            3.129712e-05
65  2013-10-16 11:37:00     90 327.8 164.5 164.6214 3.684371e-05 15.77381 0.09453161 0.083619807  0.004624484   4.229970e-03      0.0002339329         1  0.0610069830    0.001016649      1.874830e-03            3.124304e-05
66  2013-10-16 11:37:15     91 329.1 164.6 164.7229 3.684371e-05 15.87524 0.09453161 0.088040512  0.004624615   4.453594e-03      0.0002339396         1  0.0623308420    0.001014918      1.915515e-03            3.118986e-05
67  2013-10-16 11:37:30     92 330.4 164.5 164.6243 3.684371e-05 15.77667 0.09453161 0.083744334  0.004624488   4.236269e-03      0.0002339331         1  0.0636547010    0.001013371      1.956199e-03            3.114232e-05
68  2013-10-16 11:37:45     93 331.7 164.6 164.7257 3.684371e-05 15.87810 0.09453161 0.088165039  0.004624619   4.459894e-03      0.0002339398         1  0.0649785600    0.001012009      1.996883e-03            3.110046e-05
69  2013-10-16 11:38:00     94 332.9 164.6 164.7271 3.684371e-05 15.87952 0.09453161 0.088227302  0.004624621   4.463043e-03      0.0002339399         1  0.0662005838    0.001010916      2.034437e-03            3.106688e-05
70  2013-10-16 11:38:15     95 334.2 164.6 164.7286 3.684371e-05 15.88095 0.09453161 0.088289566  0.004624623   4.466193e-03      0.0002339400         1  0.0675244428    0.001009911      2.075121e-03            3.103599e-05
71  2013-10-16 11:38:30     96 335.5 164.6 164.7300 3.684371e-05 15.88238 0.09453161 0.088351829  0.004624625   4.469342e-03      0.0002339400         1  0.0688483018    0.001009093      2.115805e-03            3.101084e-05
72  2013-10-16 11:38:45     97 336.7 164.7 164.8314 3.684371e-05 15.98381 0.09453161 0.092772534  0.004624757   4.692967e-03      0.0002339467         1  0.0700703255    0.001008503      2.153360e-03            3.099272e-05
73  2013-10-16 11:39:00     98 338.1 164.7 164.8329 3.684371e-05 15.98524 0.09453161 0.092834797  0.004624759   4.696117e-03      0.0002339468         1  0.0714960199    0.001008017      2.197173e-03            3.097779e-05
74  2013-10-16 11:39:15     99 339.4 164.6 164.7343 3.684371e-05 15.88667 0.09453161 0.088538620  0.004624630   4.478791e-03      0.0002339403         1  0.0728198789    0.001007761      2.237857e-03            3.096990e-05
75  2013-10-16 11:39:30    100 340.7 164.6 164.7357 3.684371e-05 15.88810 0.09453161 0.088600883  0.004624632   4.481941e-03      0.0002339404         1  0.0741437379    0.001007692      2.278541e-03            3.096779e-05
76  2013-10-16 11:39:45    101 342.0 164.7 164.8371 3.684371e-05 15.98952 0.09453161 0.093021588  0.004624764   4.705566e-03      0.0002339471         1  0.0754675970    0.001007811      2.319225e-03            3.097145e-05
77  2013-10-16 11:40:00    102 343.4 164.9 165.0386 3.684371e-05 16.19095 0.09453161 0.101800734  0.004625029   5.149665e-03      0.0002339605         1  0.0768932913    0.001008149      2.363039e-03            3.098184e-05
78  2013-10-16 11:40:15    103 344.9 165.0 165.1400 3.684371e-05 16.29238 0.09453161 0.106221438  0.004625164   5.373290e-03      0.0002339673         1  0.0784208209    0.001008753      2.409982e-03            3.100039e-05
79  2013-10-16 11:40:30    104 346.3 165.0 165.1414 3.684371e-05 16.29381 0.09453161 0.106283702  0.004625166   5.376439e-03      0.0002339674         1  0.0798465153    0.001009541      2.453796e-03            3.102461e-05
80  2013-10-16 11:40:45    105 347.7 165.0 165.1429 3.684371e-05 16.29524 0.09453161 0.106345965  0.004625168   5.379589e-03      0.0002339675         1  0.0812722096    0.001010546      2.497609e-03            3.105549e-05
81  2013-10-16 11:41:00    106 349.3 165.1 165.2443 3.684371e-05 16.39667 0.09453161 0.110766670  0.004625304   5.603214e-03      0.0002339744         1  0.0829015746    0.001011958      2.547682e-03            3.109891e-05
82  2013-10-16 11:41:15    107 350.7 165.1 165.2457 3.684371e-05 16.39810 0.09453161 0.110828933  0.004625306   5.606363e-03      0.0002339745         1  0.0843272689    0.001013425      2.591496e-03            3.114398e-05
83  2013-10-16 11:41:30    108 352.4 165.0 165.1471 3.684371e-05 16.29952 0.09453161 0.106532755  0.004625174   5.389038e-03      0.0002339678         1  0.0860584692    0.001015494      2.644698e-03            3.120755e-05
84  2013-10-16 11:41:45    109 354.1 164.9 165.0486 3.684371e-05 16.20095 0.09453161 0.102236578  0.004625043   5.171713e-03      0.0002339612         1  0.0877896694    0.001017876      2.697900e-03            3.128077e-05
85  2013-10-16 11:42:00    110 355.6 164.9 165.0500 3.684371e-05 16.20238 0.09453161 0.102298841  0.004625045   5.174862e-03      0.0002339613         1  0.0893171991    0.001020237      2.744843e-03            3.135332e-05
86  2013-10-16 11:42:15    111 357.0 164.9 165.0514 3.684371e-05 16.20381 0.09453161 0.102361105  0.004625046   5.178012e-03      0.0002339614         1  0.0907428934    0.001022658      2.788657e-03            3.142772e-05
87  2013-10-16 11:42:30    112 358.8 164.9 165.0529 3.684371e-05 16.20524 0.09453161 0.102423368  0.004625048   5.181162e-03      0.0002339615         1  0.0925759290    0.001026077      2.844989e-03            3.153278e-05
88  2013-10-16 11:42:45    113 360.3 165.0 165.1543 3.684371e-05 16.30667 0.09453161 0.106844073  0.004625183   5.404786e-03      0.0002339683         1  0.0941034586    0.001029186      2.891932e-03            3.162833e-05
89  2013-10-16 11:43:00    114 362.1 165.1 165.2557 3.684371e-05 16.40810 0.09453161 0.111264777  0.004625319   5.628411e-03      0.0002339752         1  0.0959364942    0.001033227      2.948263e-03            3.175252e-05
90  2013-10-16 11:43:15    115 363.7 165.1 165.2571 3.684371e-05 16.40952 0.09453161 0.111327041  0.004625321   5.631561e-03      0.0002339753         1  0.0975658592    0.001037099      2.998336e-03            3.187152e-05
91  2013-10-16 11:43:30    116 365.3 165.2 165.3586 3.684371e-05 16.51095 0.09453161 0.115747745  0.004625457   5.855185e-03      0.0002339822         1  0.0991952241    0.001041233      3.048409e-03            3.199854e-05
92  2013-10-16 11:43:45    117 366.9 165.3 165.4600 3.684371e-05 16.61238 0.09453161 0.120168450  0.004625595   6.078810e-03      0.0002339891         1  0.1008245891    0.001045624      3.098482e-03            3.213349e-05
93  2013-10-16 11:44:00    118 368.4 165.3 165.4614 3.684371e-05 16.61381 0.09453161 0.120230714  0.004625597   6.081959e-03      0.0002339892         1  0.1023521187    0.001049972      3.145425e-03            3.226711e-05
94  2013-10-16 11:44:15    119 369.9 165.4 165.5629 3.684371e-05 16.71524 0.09453161 0.124651418  0.004625735   6.305584e-03      0.0002339962         1  0.1038796484    0.001054541      3.192368e-03            3.240753e-05
95  2013-10-16 11:44:30    120 371.5 165.4 165.5643 3.684371e-05 16.71667 0.09453161 0.124713682  0.004625737   6.308734e-03      0.0002339963         1  0.1055090133    0.001059655      3.242440e-03            3.256469e-05
96  2013-10-16 11:44:45    121 373.2 165.4 165.5657 3.684371e-05 16.71810 0.09453161 0.124775945  0.004625739   6.311883e-03      0.0002339964         1  0.1072402136    0.001065357      3.295643e-03            3.273991e-05
97  2013-10-16 11:45:00    122 374.8 165.3 165.4671 3.684371e-05 16.61952 0.09453161 0.120479767  0.004625605   6.094558e-03      0.0002339896         1  0.1088695786    0.001070971      3.345715e-03            3.291245e-05
98  2013-10-16 11:45:15    123 376.5 165.3 165.4686 3.684371e-05 16.62095 0.09453161 0.120542031  0.004625606   6.097708e-03      0.0002339897         1  0.1106007788    0.001077196      3.398918e-03            3.310375e-05
99  2013-10-16 11:45:30    124 378.0 165.3 165.4700 3.684371e-05 16.62238 0.09453161 0.120604294  0.004625608   6.100857e-03      0.0002339898         1  0.1121283085    0.001082907      3.445861e-03            3.327927e-05
100 2013-10-16 11:45:45    125 379.8 165.3 165.4714 3.684371e-05 16.62381 0.09453161 0.120666558  0.004625610   6.104007e-03      0.0002339899         1  0.1139613441    0.001090026      3.502193e-03            3.349804e-05
101 2013-10-16 11:46:00    126 381.3 165.3 165.4729 3.684371e-05 16.62524 0.09453161 0.120728821  0.004625612   6.107157e-03      0.0002339900         1  0.1154888737    0.001096176      3.549136e-03            3.368704e-05
102 2013-10-16 11:46:15    127 382.9 165.3 165.4743 3.684371e-05 16.62667 0.09453161 0.120791085  0.004625614   6.110306e-03      0.0002339901         1  0.1171182387    0.001102950      3.599208e-03            3.389522e-05
103 2013-10-16 11:46:30    128 384.6 165.3 165.4757 3.684371e-05 16.62810 0.09453161 0.120853348  0.004625616   6.113456e-03      0.0002339902         1  0.1188494389    0.001110385      3.652411e-03            3.412371e-05
104 2013-10-16 11:46:45    129 386.3 165.4 165.5771 3.684371e-05 16.72952 0.09453161 0.125274053  0.004625755   6.337080e-03      0.0002339972         1  0.1205806392    0.001118060      3.705613e-03            3.435957e-05
105 2013-10-16 11:47:00    130 388.1 165.3 165.4786 3.684371e-05 16.63095 0.09453161 0.120977875  0.004625620   6.119755e-03      0.0002339904         1  0.1224136748    0.001126443      3.761945e-03            3.461718e-05
106 2013-10-16 11:47:15    131 389.8 165.5 165.6800 3.684371e-05 16.83238 0.09453161 0.129757021  0.004625896   6.563855e-03      0.0002340043         1  0.1241448750    0.001134597      3.815147e-03            3.486776e-05
107 2013-10-16 11:47:30    132 391.5 165.4 165.5814 3.684371e-05 16.73381 0.09453161 0.125460843  0.004625760   6.346529e-03      0.0002339975         1  0.1258760753    0.001142976      3.868349e-03            3.512525e-05
108 2013-10-16 11:47:45    133 393.2 165.4 165.5829 3.684371e-05 16.73524 0.09453161 0.125523106  0.004625762   6.349679e-03      0.0002339976         1  0.1276072756    0.001151574      3.921551e-03            3.538950e-05
109 2013-10-16 11:48:00    134 395.0 165.3 165.4843 3.684371e-05 16.63667 0.09453161 0.121226929  0.004625628   6.132354e-03      0.0002339908         1  0.1294403112    0.001160914      3.977883e-03            3.567651e-05
110 2013-10-16 11:48:15    135 396.7 165.4 165.5857 3.684371e-05 16.73810 0.09453161 0.125647633  0.004625766   6.355978e-03      0.0002339978         1  0.1311715114    0.001169950      4.031085e-03            3.595421e-05
111 2013-10-16 11:48:30    136 398.8 165.4 165.5871 3.684371e-05 16.73952 0.09453161 0.125709897  0.004625768   6.359128e-03      0.0002339979         1  0.1333100529    0.001181396      4.096806e-03            3.630595e-05
112 2013-10-16 11:48:45    137 400.9 165.5 165.6886 3.684371e-05 16.84095 0.09453161 0.130130601  0.004625908   6.582752e-03      0.0002340049         1  0.1354485944    0.001193145      4.162526e-03            3.666703e-05
113 2013-10-16 11:49:00    138 403.4 165.7 165.8900 3.684371e-05 17.04238 0.09453161 0.138909747  0.004626187   7.026852e-03      0.0002340191         1  0.1379944772    0.001207517      4.240765e-03            3.710870e-05
114 2013-10-16 11:49:15    139 405.9 165.4 165.5914 3.684371e-05 16.74381 0.09453161 0.125896687  0.004625774   6.368577e-03      0.0002339982         1  0.1405403599    0.001222293      4.319003e-03            3.756278e-05
115 2013-10-16 11:49:30    140 408.1 165.5 165.6929 3.684371e-05 16.84524 0.09453161 0.130317392  0.004625913   6.592201e-03      0.0002340052         1  0.1427807367    0.001235618      4.387853e-03            3.797227e-05
116 2013-10-16 11:49:45    141 410.4 165.6 165.7943 3.684371e-05 16.94667 0.09453161 0.134738096  0.004626054   6.815826e-03      0.0002340123         1  0.1451229489    0.001249860      4.459832e-03            3.840996e-05
117 2013-10-16 11:50:00    142 412.7 165.8 165.9957 3.684371e-05 17.14810 0.09453161 0.143517242  0.004626334   7.259926e-03      0.0002340265         1  0.1474651610    0.001264411      4.531812e-03            3.885712e-05
118 2013-10-16 11:50:15    143 415.0 165.8 165.9971 3.684371e-05 17.14952 0.09453161 0.143579506  0.004626336   7.263075e-03      0.0002340266         1  0.1498073731    0.001279259      4.603791e-03            3.931342e-05
119 2013-10-16 11:50:30    144 417.2 165.8 165.9986 3.684371e-05 17.15095 0.09453161 0.143641769  0.004626338   7.266225e-03      0.0002340267         1  0.1520477499    0.001293730      4.672641e-03            3.975815e-05
120 2013-10-16 11:50:45    145 418.8 165.9 166.1000 3.684371e-05 17.25238 0.09453161 0.148062474  0.004626481   7.489849e-03      0.0002340340         1  0.1536771149    0.001304415      4.722714e-03            4.008651e-05
121 2013-10-16 11:51:00    146 420.4 165.9 166.1014 3.684371e-05 17.25381 0.09453161 0.148124737  0.004626483   7.492999e-03      0.0002340341         1  0.1553064798    0.001315231      4.772787e-03            4.041890e-05
122 2013-10-16 11:51:15    147 422.1 165.9 166.1029 3.684371e-05 17.25524 0.09453161 0.148187001  0.004626485   7.496149e-03      0.0002340342         1  0.1570376801    0.001326863      4.825989e-03            4.077637e-05
123 2013-10-16 11:51:30    148 423.6 165.8 166.0043 3.684371e-05 17.15667 0.09453161 0.143890823  0.004626346   7.278823e-03      0.0002340272         1  0.1585652098    0.001337244      4.872932e-03            4.109538e-05
124 2013-10-16 11:51:45    149 425.6 166.0 166.2057 3.684371e-05 17.35810 0.09453161 0.152669969  0.004626631   7.722923e-03      0.0002340415         1  0.1606019159    0.001351250      4.935523e-03            4.152583e-05
125 2013-10-16 11:52:00    150 427.2 165.7 165.9071 3.684371e-05 17.05952 0.09453161 0.139656909  0.004626211   7.064648e-03      0.0002340203         1  0.1622312809    0.001362589      4.985596e-03            4.187428e-05
126 2013-10-16 11:52:15    151 428.7 165.7 165.9086 3.684371e-05 17.06095 0.09453161 0.139719172  0.004626213   7.067797e-03      0.0002340204         1  0.1637588106    0.001373323      5.032539e-03            4.220416e-05
127 2013-10-16 11:52:30    152 430.4 166.1 166.3100 3.684371e-05 17.46238 0.09453161 0.157215200  0.004626779   7.952847e-03      0.0002340490         1  0.1654900108    0.001385608      5.085741e-03            4.258169e-05
128 2013-10-16 11:52:45    153 431.8 166.1 166.3114 3.684371e-05 17.46381 0.09453161 0.157277464  0.004626781   7.955997e-03      0.0002340491         1  0.1669157052    0.001395818      5.129555e-03            4.289545e-05
129 2013-10-16 11:53:00    154 433.4 166.0 166.2129 3.684371e-05 17.36524 0.09453161 0.152981286  0.004626641   7.738671e-03      0.0002340420         1  0.1685450701    0.001407587      5.179627e-03            4.325712e-05
130 2013-10-16 11:53:15    155 435.1 166.1 166.3143 3.684371e-05 17.46667 0.09453161 0.157401991  0.004626785   7.962296e-03      0.0002340494         1  0.1702762704    0.001420205      5.232829e-03            4.364491e-05
131 2013-10-16 11:53:30    156 436.6 166.1 166.3157 3.684371e-05 17.46810 0.09453161 0.157464254  0.004626787   7.965445e-03      0.0002340495         1  0.1718038000    0.001431435      5.279773e-03            4.399000e-05
132 2013-10-16 11:53:45    157 437.6 166.2 166.4171 3.684371e-05 17.56952 0.09453161 0.161884959  0.004626933   8.189070e-03      0.0002340568         1  0.1728221531    0.001438969      5.311068e-03            4.422156e-05
133 2013-10-16 11:54:00    158 439.0 166.0 166.2186 3.684371e-05 17.37095 0.09453161 0.153230340  0.004626649   7.751270e-03      0.0002340425         1  0.1742478475    0.001449582      5.354882e-03            4.454770e-05
134 2013-10-16 11:54:15    159 440.2 166.2 166.4200 3.684371e-05 17.57238 0.09453161 0.162009486  0.004626937   8.195369e-03      0.0002340570         1  0.1754698712    0.001458737      5.392436e-03            4.482904e-05
135 2013-10-16 11:54:30    160 441.6 166.3 166.5214 3.684371e-05 17.67381 0.09453161 0.166430190  0.004627083   8.418994e-03      0.0002340644         1  0.1768955655    0.001469484      5.436250e-03            4.515932e-05
136 2013-10-16 11:54:45    161 442.8 166.2 166.4229 3.684371e-05 17.57524 0.09453161 0.162134012  0.004626941   8.201669e-03      0.0002340572         1  0.1781175892    0.001478752      5.473804e-03            4.544414e-05
137 2013-10-16 11:55:00    162 443.9 166.4 166.6243 3.684371e-05 17.77667 0.09453161 0.170913158  0.004627232   8.645768e-03      0.0002340719         1  0.1792377776    0.001487293      5.508229e-03            4.570659e-05
138 2013-10-16 11:55:15    163 445.3 166.3 166.5257 3.684371e-05 17.67810 0.09453161 0.166616981  0.004627089   8.428443e-03      0.0002340647         1  0.1806634720    0.001498222      5.552043e-03            4.604248e-05
139 2013-10-16 11:55:30    164 446.6 166.4 166.6271 3.684371e-05 17.77952 0.09453161 0.171037685  0.004627236   8.652068e-03      0.0002340722         1  0.1819873310    0.001508431      5.592727e-03            4.635619e-05
140 2013-10-16 11:55:45    165 448.1 166.2 166.4286 3.684371e-05 17.58095 0.09453161 0.162383066  0.004626949   8.214267e-03      0.0002340576         1  0.1835148607    0.001520279      5.639670e-03            4.672031e-05
141 2013-10-16 11:56:00    166 449.5 166.1 166.3300 3.684371e-05 17.48238 0.09453161 0.158086888  0.004626808   7.996942e-03      0.0002340505         1  0.1849405550    0.001531403      5.683484e-03            4.706217e-05
142 2013-10-16 11:56:15    167 450.8 166.1 166.3314 3.684371e-05 17.48381 0.09453161 0.158149152  0.004626810   8.000092e-03      0.0002340506         1  0.1862644140    0.001541788      5.724168e-03            4.738133e-05
143 2013-10-16 11:56:30    168 452.2 166.1 166.3329 3.684371e-05 17.48524 0.09453161 0.158211415  0.004626812   8.003241e-03      0.0002340507         1  0.1876901084    0.001553031      5.767981e-03            4.772683e-05
144 2013-10-16 11:56:45    169 453.5 166.1 166.3343 3.684371e-05 17.48667 0.09453161 0.158273679  0.004626814   8.006391e-03      0.0002340508         1  0.1890139674    0.001563524      5.808665e-03            4.804929e-05
145 2013-10-16 11:57:00    170 454.9 166.2 166.4357 3.684371e-05 17.58810 0.09453161 0.162694383  0.004626959   8.230015e-03      0.0002340582         1  0.1904396617    0.001574880      5.852479e-03            4.839829e-05
146 2013-10-16 11:57:15    171 456.4 166.3 166.5371 3.684371e-05 17.68952 0.09453161 0.167115088  0.004627106   8.453640e-03      0.0002340656         1  0.1919671914    0.001587111      5.899422e-03            4.877415e-05
147 2013-10-16 11:57:30    172 457.7 166.3 166.5386 3.684371e-05 17.69095 0.09453161 0.167177352  0.004627108   8.456790e-03      0.0002340657         1  0.1932910504    0.001597763      5.940106e-03            4.910150e-05
148 2013-10-16 11:57:45    173 459.1 166.3 166.5400 3.684371e-05 17.69238 0.09453161 0.167239615  0.004627110   8.459939e-03      0.0002340658         1  0.1947167447    0.001609287      5.983920e-03            4.945564e-05
149 2013-10-16 11:58:00    174 460.7 166.4 166.6414 3.684371e-05 17.79381 0.09453161 0.171660320  0.004627257   8.683564e-03      0.0002340732         1  0.1963461097    0.001622522      6.033992e-03            4.986239e-05
150 2013-10-16 11:58:15    175 462.0 166.3 166.5429 3.684371e-05 17.69524 0.09453161 0.167364142  0.004627114   8.466239e-03      0.0002340660         1  0.1976699687    0.001633326      6.074676e-03            5.019441e-05
151 2013-10-16 11:58:30    176 463.2 166.3 166.5443 3.684371e-05 17.69667 0.09453161 0.167426405  0.004627116   8.469388e-03      0.0002340661         1  0.1988919924    0.001643338      6.112231e-03            5.050210e-05
152 2013-10-16 11:58:45    177 464.5 166.4 166.6457 3.684371e-05 17.79810 0.09453161 0.171847110  0.004627263   8.693013e-03      0.0002340735         1  0.2002158515    0.001654227      6.152915e-03            5.083671e-05
153 2013-10-16 11:59:00    178 465.5 166.5 166.7471 3.684371e-05 17.89952 0.09453161 0.176267815  0.004627411   8.916637e-03      0.0002340810         1  0.2012342046    0.001662631      6.184210e-03            5.109499e-05
154 2013-10-16 11:59:15    179 466.8 166.4 166.6486 3.684371e-05 17.80095 0.09453161 0.171971637  0.004627267   8.699312e-03      0.0002340737         1  0.2025580636    0.001673594      6.224894e-03            5.143189e-05
155 2013-10-16 11:59:30    180 468.1 166.5 166.7500 3.684371e-05 17.90238 0.09453161 0.176392341  0.004627415   8.922937e-03      0.0002340812         1  0.2038819226    0.001684597      6.265578e-03            5.177005e-05
156 2013-10-16 11:59:45    181 469.4 166.4 166.6514 3.684371e-05 17.80381 0.09453161 0.172096164  0.004627272   8.705611e-03      0.0002340739         1  0.2052057816    0.001695641      6.306262e-03            5.210944e-05
157 2013-10-16 12:00:00    182 470.7 166.4 166.6529 3.684371e-05 17.80524 0.09453161 0.172158427  0.004627274   8.708761e-03      0.0002340741         1  0.2065296407    0.001706724      6.346947e-03            5.245004e-05
158 2013-10-16 12:00:15    183 472.1 166.4 166.6543 3.684371e-05 17.80667 0.09453161 0.172220691  0.004627276   8.711911e-03      0.0002340742         1  0.2079553350    0.001718704      6.390760e-03            5.281818e-05
159 2013-10-16 12:00:30    184 473.3 166.3 166.5557 3.684371e-05 17.70810 0.09453161 0.167924513  0.004627133   8.494585e-03      0.0002340669         1  0.2091773587    0.001729006      6.428315e-03            5.313480e-05
160 2013-10-16 12:00:45    185 474.2 166.5 166.7571 3.684371e-05 17.90952 0.09453161 0.176703659  0.004627426   8.938685e-03      0.0002340818         1  0.2100938765    0.001736754      6.456481e-03            5.337290e-05
161 2013-10-16 12:01:00    186 475.4 166.6 166.8586 3.684371e-05 18.01095 0.09453161 0.181124363  0.004627575   9.162310e-03      0.0002340893         1  0.2113159002    0.001747112      6.494035e-03            5.369121e-05
162 2013-10-16 12:01:15    187 476.8 166.4 166.6600 3.684371e-05 17.81238 0.09453161 0.172469744  0.004627284   8.724509e-03      0.0002340746         1  0.2127415946    0.001759235      6.537849e-03            5.406376e-05
163 2013-10-16 12:01:30    188 477.8 166.7 166.9614 3.684371e-05 18.11381 0.09453161 0.185607331  0.004627727   9.389084e-03      0.0002340970         1  0.2137599477    0.001767919      6.569144e-03            5.433064e-05
164 2013-10-16 12:01:45    189 478.9 166.7 166.9629 3.684371e-05 18.11524 0.09453161 0.185669595  0.004627729   9.392233e-03      0.0002340971         1  0.2148801361    0.001777496      6.603569e-03            5.462494e-05
165 2013-10-16 12:02:00    190 480.0 166.5 166.7643 3.684371e-05 17.91667 0.09453161 0.177014976  0.004627436   8.954433e-03      0.0002340823         1  0.2160003245    0.001787097      6.637994e-03            5.491999e-05
166 2013-10-16 12:02:15    191 481.2 166.6 166.8657 3.684371e-05 18.01810 0.09453161 0.181435681  0.004627585   9.178058e-03      0.0002340898         1  0.2172223482    0.001797598      6.675549e-03            5.524271e-05
167 2013-10-16 12:02:30    192 482.3 166.7 166.9671 3.684371e-05 18.11952 0.09453161 0.185856385  0.004627735   9.401682e-03      0.0002340974         1  0.2183425366    0.001807249      6.709973e-03            5.553930e-05
168 2013-10-16 12:02:45    193 483.3 166.7 166.9686 3.684371e-05 18.12095 0.09453161 0.185918649  0.004627737   9.404832e-03      0.0002340975         1  0.2193608897    0.001816043      6.741269e-03            5.580955e-05
169 2013-10-16 12:03:00    194 484.2 166.6 166.8700 3.684371e-05 18.02238 0.09453161 0.181622471  0.004627592   9.187507e-03      0.0002340901         1  0.2202774075    0.001823973      6.769435e-03            5.605327e-05
170 2013-10-16 12:03:15    195 485.6 166.8 167.0714 3.684371e-05 18.22381 0.09453161 0.190401617  0.004627890   9.631606e-03      0.0002341052         1  0.2217031018    0.001836340      6.813248e-03            5.643332e-05
171 2013-10-16 12:03:30    196 486.9 166.7 166.9729 3.684371e-05 18.12524 0.09453161 0.186105439  0.004627744   9.414281e-03      0.0002340978         1  0.2230269609    0.001847856      6.853932e-03            5.678721e-05
172 2013-10-16 12:03:45    197 488.2 166.7 166.9743 3.684371e-05 18.12667 0.09453161 0.186167702  0.004627746   9.417431e-03      0.0002340979         1  0.2243508199    0.001859402      6.894616e-03            5.714203e-05
173 2013-10-16 12:04:00    198 489.4 166.8 167.0757 3.684371e-05 18.22810 0.09453161 0.190588407  0.004627897   9.641055e-03      0.0002341056         1  0.2255728436    0.001870086      6.932171e-03            5.747038e-05
174 2013-10-16 12:04:15    199 490.5 166.8 167.0771 3.684371e-05 18.22952 0.09453161 0.190650671  0.004627899   9.644205e-03      0.0002341057         1  0.2266930320    0.001879902      6.966596e-03            5.777205e-05
175 2013-10-16 12:04:30    200 492.1 166.8 167.0786 3.684371e-05 18.23095 0.09453161 0.190712934  0.004627901   9.647354e-03      0.0002341058         1  0.2283223970    0.001894217      7.016669e-03            5.821196e-05
176 2013-10-16 12:04:45    201 493.1 166.9 167.1800 3.684371e-05 18.33238 0.09453161 0.195133639  0.004628052   9.870979e-03      0.0002341134         1  0.2293407501    0.001903186      7.047964e-03            5.848758e-05
177 2013-10-16 12:05:00    202 494.1 166.9 167.1814 3.684371e-05 18.33381 0.09453161 0.195195902  0.004628055   9.874129e-03      0.0002341136         1  0.2303591032    0.001912171      7.079259e-03            5.876370e-05
178 2013-10-16 12:05:15    203 495.3 166.8 167.0829 3.684371e-05 18.23524 0.09453161 0.190899724  0.004627907   9.656803e-03      0.0002341061         1  0.2315811269    0.001922974      7.116814e-03            5.909571e-05
179 2013-10-16 12:05:30    204 496.5 166.9 167.1843 3.684371e-05 18.33667 0.09453161 0.195320429  0.004628059   9.880428e-03      0.0002341138         1  0.2328031506    0.001933801      7.154368e-03            5.942843e-05
180 2013-10-16 12:05:45    205 497.8 166.9 167.1857 3.684371e-05 18.33810 0.09453161 0.195382692  0.004628061   9.883578e-03      0.0002341139         1  0.2341270096    0.001945555      7.195053e-03            5.978965e-05
181 2013-10-16 12:06:00    206 498.9 166.9 167.1871 3.684371e-05 18.33952 0.09453161 0.195444956  0.004628063   9.886727e-03      0.0002341140         1  0.2352471980    0.001955522      7.229478e-03            6.009594e-05
182 2013-10-16 12:06:15    207 500.0 167.1 167.3886 3.684371e-05 18.54095 0.09453161 0.204224102  0.004628367   1.033083e-02      0.0002341293         1  0.2363673864    0.001965507      7.263902e-03            6.040278e-05
183 2013-10-16 12:06:30    208 501.0 167.0 167.2900 3.684371e-05 18.44238 0.09453161 0.199927924  0.004628218   1.011350e-02      0.0002341218         1  0.2373857395    0.001974599      7.295198e-03            6.068222e-05
184 2013-10-16 12:06:45    209 502.0 167.0 167.2914 3.684371e-05 18.44381 0.09453161 0.199990187  0.004628220   1.011665e-02      0.0002341219         1  0.2384040926    0.001983707      7.326493e-03            6.096210e-05
185 2013-10-16 12:07:00    210 503.1 166.9 167.1929 3.684371e-05 18.34524 0.09453161 0.195694010  0.004628072   9.899326e-03      0.0002341144         1  0.2395242810    0.001993742      7.360918e-03            6.127050e-05
186 2013-10-16 12:07:15    211 504.2 167.0 167.2943 3.684371e-05 18.44667 0.09453161 0.200114714  0.004628224   1.012295e-02      0.0002341221         1  0.2406444695    0.002003795      7.395343e-03            6.157943e-05
187 2013-10-16 12:07:30    212 505.3 167.0 167.2957 3.684371e-05 18.44810 0.09453161 0.200176978  0.004628226   1.012610e-02      0.0002341222         1  0.2417646579    0.002013864      7.429768e-03            6.188888e-05
188 2013-10-16 12:07:45    213 506.5 167.1 167.3971 3.684371e-05 18.54952 0.09453161 0.204597682  0.004628380   1.034972e-02      0.0002341300         1  0.2429866816    0.002024868      7.467323e-03            6.222705e-05
189 2013-10-16 12:08:00    214 507.6 166.9 167.1986 3.684371e-05 18.35095 0.09453161 0.195943063  0.004628080   9.911924e-03      0.0002341149         1  0.2441068700    0.002034973      7.501748e-03            6.253758e-05
190 2013-10-16 12:08:15    215 509.2 167.1 167.4000 3.684371e-05 18.55238 0.09453161 0.204722209  0.004628384   1.035602e-02      0.0002341302         1  0.2457362349    0.002049699      7.551820e-03            6.299015e-05
191 2013-10-16 12:08:30    216 510.6 167.1 167.4014 3.684371e-05 18.55381 0.09453161 0.204784473  0.004628386   1.035917e-02      0.0002341303         1  0.2471619293    0.002062613      7.595634e-03            6.338700e-05
192 2013-10-16 12:08:45    217 511.7 167.1 167.4029 3.684371e-05 18.55524 0.09453161 0.204846736  0.004628388   1.036232e-02      0.0002341304         1  0.2482821177    0.002072777      7.630059e-03            6.369936e-05
193 2013-10-16 12:09:00    218 513.1 167.1 167.4043 3.684371e-05 18.55667 0.09453161 0.204909000  0.004628391   1.036547e-02      0.0002341306         1  0.2497078120    0.002085736      7.673873e-03            6.409759e-05
194 2013-10-16 12:09:15    219 514.6 167.1 167.4057 3.684371e-05 18.55810 0.09453161 0.204971263  0.004628393   1.036862e-02      0.0002341307         1  0.2512353417    0.002099647      7.720816e-03            6.452511e-05
195 2013-10-16 12:09:30    220 515.6 167.0 167.3071 3.684371e-05 18.45952 0.09453161 0.200675085  0.004628244   1.015130e-02      0.0002341231         1  0.2522536948    0.002108937      7.752111e-03            6.481059e-05
196 2013-10-16 12:09:45    221 516.8 167.1 167.4086 3.684371e-05 18.56095 0.09453161 0.205095790  0.004628397   1.037492e-02      0.0002341309         1  0.2534757185    0.002120100      7.789666e-03            6.515367e-05
197 2013-10-16 12:10:00    222 517.8 167.1 167.4100 3.684371e-05 18.56238 0.09453161 0.205158053  0.004628399   1.037807e-02      0.0002341310         1  0.2544940716    0.002129416      7.820961e-03            6.543996e-05
198 2013-10-16 12:10:15    223 518.7 167.5 167.8114 3.684371e-05 18.96381 0.09453161 0.222654082  0.004629015   1.126312e-02      0.0002341621         1  0.2554105894    0.002137811      7.849127e-03            6.569794e-05
199 2013-10-16 12:10:30    224 519.8 167.3 167.6129 3.684371e-05 18.76524 0.09453161 0.213999463  0.004628709   1.082532e-02      0.0002341466         1  0.2565307778    0.002148084      7.883552e-03            6.601364e-05
200 2013-10-16 12:10:45    225 520.7 167.3 167.6143 3.684371e-05 18.76667 0.09453161 0.214061726  0.004628711   1.082847e-02      0.0002341468         1  0.2574472956    0.002156499      7.911718e-03            6.627226e-05
201 2013-10-16 12:11:00    226 521.9 167.3 167.6157 3.684371e-05 18.76810 0.09453161 0.214123990  0.004628713   1.083162e-02      0.0002341469         1  0.2586693193    0.002167734      7.949272e-03            6.661752e-05
202 2013-10-16 12:11:15    227 523.2 167.4 167.7171 3.684371e-05 18.86952 0.09453161 0.218544694  0.004628869   1.105524e-02      0.0002341548         1  0.2599931783    0.002179923      7.989956e-03            6.699211e-05

$dryleafvolt
            timestamp record LWSmV  SEmV    CSEmV     CSEmV.sd   loadmV  loadmV.sd
1 2013-10-16 11:20:15     23 261.3 162.6 162.6257 3.684371e-05 13.77810 0.09453161
2 2013-10-16 11:20:30     24 261.1 162.7 162.7271 3.684371e-05 13.87952 0.09453161
3 2013-10-16 11:20:45     25 261.1 162.6 162.6286 3.684371e-05 13.78095 0.09453161
4 2013-10-16 11:21:00     26 261.1 162.8 162.8300 3.684371e-05 13.98238 0.09453161

$runtime
Time difference of 50.25 mins

$startcalibvolt
            timestamp record LWSmV  SEmV    CSEmV     CSEmV.sd   loadmV  loadmV.sd
1 2013-10-16 11:16:30      8 261.1 271.1 271.1043 3.684371e-05 122.2567 0.09453161
2 2013-10-16 11:16:45      9 261.1 271.2 271.2057 3.684371e-05 122.3581 0.09453161
3 2013-10-16 11:17:00     10 261.0 271.1 271.1071 3.684371e-05 122.2595 0.09453161

$endcalibvolt
            timestamp record LWSmV  SEmV
1 2013-10-16 12:14:30    240 263.8 271.3
2 2013-10-16 12:14:45    241 263.8 271.3
3 2013-10-16 12:15:00    242 263.8 271.1
4 2013-10-16 12:15:15    243 263.8 271.0

$lastLWSvolt
[1] 524.8

$maxLWSvolt
[1] 526.2

$species
[1] "coastliveoak"

$trial
[1] "8"

$replicate
[1] "1"

$isvertical
[1] FALSE

$conversionfactor
         avg        stdev
1 0.04358441 1.945143e-05

$LWSwatermass
        avg      stdev
1 0.2458368 0.00336584

$dryleafmass
        avg       stdev
1 0.6038724 0.002077606

$lwsmodel

Call:
lm(formula = LWSsurfacedensity ~ record, data = rd[rd$runfilter == 
    1, ])

Coefficients:
(Intercept)       record  
 -0.0020588    0.0000454  


$leafmodel

Call:
lm(formula = surfacedensity ~ record, data = rd[rd$runfilter == 
    1, ])

Coefficients:
(Intercept)       record  
 -3.734e-04    5.083e-05  


