$name
[1] "coastliveoak11"

$leafarea
[1] 20.56182

$startbasevolt
            timestamp record LWSmV  SEmV CSEmV CSEmV.sd      loadmV  loadmV.sd
1 2013-10-21 11:03:15      7 262.4 149.8 149.8        0 -0.08902102 0.06686977
2 2013-10-21 11:03:30      8 262.4 149.9 149.9        0  0.01097898 0.06686977
3 2013-10-21 11:03:45      9 262.4 149.9 149.9        0  0.01097898 0.06686977
4 2013-10-21 11:04:00     10 262.4 149.8 149.8        0 -0.08902102 0.06686977
5 2013-10-21 11:04:15     11 262.4 149.9 149.9        0  0.01097898 0.06686977
6 2013-10-21 11:04:30     12 262.4 150.0 150.0        0  0.11097898 0.06686977
7 2013-10-21 11:04:45     13 262.4 149.9 149.9        0  0.01097898 0.06686977
8 2013-10-21 11:05:00     14 262.4 149.9 149.9        0  0.01097898 0.06686977

$endbasevolt
            timestamp record LWSmV  SEmV    CSEmV     CSEmV.sd       loadmV  loadmV.sd
1 2013-10-21 12:00:30    236 263.8 150.3 149.8948 3.061857e-05  0.005779867 0.06686978
2 2013-10-21 12:00:45    237 263.8 150.3 149.8930 3.061857e-05  0.003954646 0.06686978
3 2013-10-21 12:01:00    238 263.8 150.4 149.9912 3.061857e-05  0.102129425 0.06686978
4 2013-10-21 12:01:15    239 263.8 150.2 149.7893 3.061857e-05 -0.099695796 0.06686978

$dryragvolt
            timestamp record LWSmV  SEmV    CSEmV     CSEmV.sd   loadmV  loadmV.sd
1 2013-10-21 11:57:00    222 511.2 281.8 281.4204 3.061857e-05 131.5313 0.06686978
2 2013-10-21 11:57:15    223 511.2 281.7 281.3185 3.061857e-05 131.4295 0.06686978
3 2013-10-21 11:57:30    224 510.7 281.5 281.1167 3.061857e-05 131.2277 0.06686978

$wetragvolt
            timestamp record LWSmV  SEmV    CSEmV     CSEmV.sd   loadmV  loadmV.sd
1 2013-10-21 11:58:15    227 265.1 287.8 287.4112 3.061857e-05 137.5222 0.06686978
2 2013-10-21 11:58:30    228 264.4 287.6 287.2094 3.061857e-05 137.3204 0.06686978
3 2013-10-21 11:58:45    229 264.0 287.5 287.1076 3.061857e-05 137.2186 0.06686978

$rundata
              timestamp record LWSmV  SEmV    CSEmV     CSEmV.sd   loadmV  loadmV.sd   watermass watermass.sd surfacedensity surfacedensity.sd runfilter      LWSwater LWSwater.stdev LWSsurfacedensity LWSsurfacedensity.stdev
1   2013-10-21 11:09:15     31 262.4 162.8 162.7690 3.061857e-05 12.87995 0.06686978 0.004082076  0.003100404   0.0001985270      0.0001507845         0 -0.0055933096    0.001303421     -1.718903e-04            4.005595e-05
2   2013-10-21 11:09:30     32 263.1 162.9 162.8671 3.061857e-05 12.97813 0.06686978 0.008363131  0.003100462   0.0004067311      0.0001507874         0 -0.0048804625    0.001298735     -1.499835e-04            3.991196e-05
3   2013-10-21 11:09:45     33 263.5 163.0 162.9653 3.061857e-05 13.07630 0.06686978 0.012644186  0.003100521   0.0006149352      0.0001507902         0 -0.0044731212    0.001296069     -1.374653e-04            3.983002e-05
4   2013-10-21 11:10:00     34 264.0 162.9 162.8635 3.061857e-05 12.97447 0.06686978 0.008203948  0.003100460   0.0003989895      0.0001507873         0 -0.0039639447    0.001292748     -1.218176e-04            3.972797e-05
5   2013-10-21 11:10:15     35 264.8 162.9 162.8617 3.061857e-05 12.97265 0.06686978 0.008124357  0.003100459   0.0003951186      0.0001507872         0 -0.0031492622    0.001287462     -9.678126e-05            3.956552e-05
6   2013-10-21 11:10:30     36 265.4 163.0 162.9598 3.061857e-05 13.07082 0.06686978 0.012405411  0.003100517   0.0006033227      0.0001507901         0 -0.0025382504    0.001283520     -7.800401e-05            3.944438e-05
7   2013-10-21 11:10:45     37 266.2 162.8 162.7580 3.061857e-05 12.86900 0.06686978 0.003604528  0.003100397   0.0001753020      0.0001507842         0 -0.0017235679    0.001278294     -5.296767e-05            3.928377e-05
8   2013-10-21 11:11:00     38 267.0 162.9 162.8562 3.061857e-05 12.96717 0.06686978 0.007885582  0.003100455   0.0003835061      0.0001507870         0 -0.0009088854    0.001273103     -2.793133e-05            3.912424e-05
9   2013-10-21 11:11:15     39 268.1 163.0 162.9544 3.061857e-05 13.06535 0.06686978 0.012166637  0.003100514   0.0005917102      0.0001507899         0  0.0002113030    0.001266023      6.493639e-06            3.890666e-05
10  2013-10-21 11:11:30     40 269.0 162.9 162.8525 3.061857e-05 12.96352 0.06686978 0.007726399  0.003100453   0.0003757644      0.0001507869         0  0.0011278208    0.001260280      3.465952e-05            3.873018e-05
11  2013-10-21 11:11:45     41 270.0 162.9 162.8507 3.061857e-05 12.96170 0.06686978 0.007646808  0.003100452   0.0003718936      0.0001507869         0  0.0021461739    0.001253954      6.595494e-05            3.853576e-05
12  2013-10-21 11:12:00     42 271.0 163.0 162.9489 3.061857e-05 13.05987 0.06686978 0.011927863  0.003100511   0.0005800977      0.0001507897         0  0.0031645270    0.001247685      9.725037e-05            3.834311e-05
13  2013-10-21 11:12:15     43 272.2 163.1 163.0471 3.061857e-05 13.15805 0.06686978 0.016208917  0.003100570   0.0007883018      0.0001507926         0  0.0043865507    0.001240239      1.348049e-04            3.811430e-05
14  2013-10-21 11:12:30     44 273.3 163.1 163.0452 3.061857e-05 13.15622 0.06686978 0.016129326  0.003100569   0.0007844310      0.0001507926         0  0.0055067391    0.001233490      1.692298e-04            3.790688e-05
15  2013-10-21 11:12:45     45 274.4 163.1 163.0434 3.061857e-05 13.15440 0.06686978 0.016049735  0.003100568   0.0007805602      0.0001507925         1  0.0066269275    0.001226814      2.036548e-04            3.770171e-05
16  2013-10-21 11:13:00     46 275.6 163.2 163.1416 3.061857e-05 13.25257 0.06686978 0.020330789  0.003100627   0.0009887643      0.0001507954         1  0.0078489512    0.001219616      2.412093e-04            3.748050e-05
17  2013-10-21 11:13:15     47 276.6 163.2 163.1398 3.061857e-05 13.25075 0.06686978 0.020251198  0.003100626   0.0009848934      0.0001507953         1  0.0088673043    0.001213686      2.725047e-04            3.729828e-05
18  2013-10-21 11:13:30     48 277.8 163.2 163.1379 3.061857e-05 13.24892 0.06686978 0.020171606  0.003100625   0.0009810226      0.0001507953         1  0.0100893281    0.001206655      3.100593e-04            3.708220e-05
19  2013-10-21 11:13:45     49 279.0 163.2 163.1361 3.061857e-05 13.24710 0.06686978 0.020092015  0.003100624   0.0009771518      0.0001507952         1  0.0113113518    0.001199716      3.476138e-04            3.686898e-05
20  2013-10-21 11:14:00     50 280.0 163.3 163.2343 3.061857e-05 13.34527 0.06686978 0.024373070  0.003100684   0.0011853559      0.0001507981         1  0.0123297049    0.001194007      3.789092e-04            3.669352e-05
21  2013-10-21 11:14:15     51 281.2 163.4 163.3325 3.061857e-05 13.44345 0.06686978 0.028654125  0.003100744   0.0013935600      0.0001508011         1  0.0135517286    0.001187244      4.164637e-04            3.648567e-05
22  2013-10-21 11:14:30     52 282.3 163.5 163.4306 3.061857e-05 13.54162 0.06686978 0.032935179  0.003100805   0.0016017641      0.0001508040         1  0.0146719170    0.001181130      4.508887e-04            3.629779e-05
23  2013-10-21 11:14:45     53 283.3 163.4 163.3288 3.061857e-05 13.43980 0.06686978 0.028494942  0.003100742   0.0013858183      0.0001508010         1  0.0156902701    0.001175645      4.821841e-04            3.612922e-05
24  2013-10-21 11:15:00     54 284.5 163.3 163.2270 3.061857e-05 13.33797 0.06686978 0.024054704  0.003100679   0.0011698725      0.0001507979         1  0.0169122938    0.001169155      5.197386e-04            3.592977e-05
25  2013-10-21 11:15:15     55 285.6 163.4 163.3252 3.061857e-05 13.43614 0.06686978 0.028335759  0.003100740   0.0013780766      0.0001508009         1  0.0180324822    0.001163296      5.541636e-04            3.574971e-05
26  2013-10-21 11:15:30     56 286.7 163.6 163.5233 3.061857e-05 13.63432 0.06686978 0.036977460  0.003100863   0.0017983557      0.0001508068         1  0.0191526706    0.001157524      5.885885e-04            3.557233e-05
27  2013-10-21 11:15:45     57 287.9 163.5 163.4215 3.061857e-05 13.53249 0.06686978 0.032537222  0.003100799   0.0015824099      0.0001508038         1  0.0203746944    0.001151328      6.261430e-04            3.538194e-05
28  2013-10-21 11:16:00     58 289.1 163.6 163.5197 3.061857e-05 13.63067 0.06686978 0.036818277  0.003100860   0.0017906140      0.0001508067         1  0.0215967181    0.001145240      6.636975e-04            3.519485e-05
29  2013-10-21 11:16:15     59 290.2 163.7 163.6179 3.061857e-05 13.72884 0.06686978 0.041099332  0.003100922   0.0019988181      0.0001508097         1  0.0227169065    0.001139755      6.981225e-04            3.502629e-05
30  2013-10-21 11:16:30     60 291.3 163.7 163.6160 3.061857e-05 13.72702 0.06686978 0.041019740  0.003100921   0.0019949473      0.0001508097         1  0.0238370949    0.001134363      7.325475e-04            3.486058e-05
31  2013-10-21 11:16:45     61 292.6 163.6 163.5142 3.061857e-05 13.62519 0.06686978 0.036579503  0.003100857   0.0017790015      0.0001508066         1  0.0251609539    0.001128112      7.732315e-04            3.466848e-05
32  2013-10-21 11:17:00     62 293.7 163.6 163.5124 3.061857e-05 13.62337 0.06686978 0.036499911  0.003100856   0.0017751307      0.0001508065         1  0.0262811423    0.001122928      8.076565e-04            3.450915e-05
33  2013-10-21 11:17:15     63 294.8 163.7 163.6106 3.061857e-05 13.72154 0.06686978 0.040780966  0.003100917   0.0019833348      0.0001508095         1  0.0274013307    0.001117840      8.420815e-04            3.435280e-05
34  2013-10-21 11:17:30     64 296.1 163.8 163.7087 3.061857e-05 13.81972 0.06686978 0.045062021  0.003100979   0.0021915389      0.0001508125         1  0.0287251898    0.001111955      8.827655e-04            3.417194e-05
35  2013-10-21 11:17:45     65 297.2 163.9 163.8069 3.061857e-05 13.91789 0.06686978 0.049343075  0.003101042   0.0023997430      0.0001508156         1  0.0298453782    0.001107084      9.171905e-04            3.402225e-05
36  2013-10-21 11:18:00     66 298.4 163.8 163.7051 3.061857e-05 13.81607 0.06686978 0.044902838  0.003100977   0.0021837972      0.0001508124         1  0.0310674019    0.001101886      9.547450e-04            3.386250e-05
37  2013-10-21 11:18:15     67 299.6 163.9 163.8033 3.061857e-05 13.91424 0.06686978 0.049183892  0.003101040   0.0023920014      0.0001508155         1  0.0322894256    0.001096810      9.922995e-04            3.370652e-05
38  2013-10-21 11:18:30     68 300.8 163.8 163.7014 3.061857e-05 13.81242 0.06686978 0.044743655  0.003100975   0.0021760556      0.0001508123         1  0.0335114493    0.001091859      1.029854e-03            3.355435e-05
39  2013-10-21 11:18:45     69 302.0 164.0 163.8996 3.061857e-05 14.01059 0.06686978 0.053385356  0.003101101   0.0025963346      0.0001508185         1  0.0347334730    0.001087033      1.067409e-03            3.340605e-05
40  2013-10-21 11:19:00     70 303.1 164.0 163.8978 3.061857e-05 14.00877 0.06686978 0.053305764  0.003101100   0.0025924638      0.0001508184         1  0.0358536614    0.001082721      1.101833e-03            3.327355e-05
41  2013-10-21 11:19:15     71 304.3 163.9 163.7960 3.061857e-05 13.90694 0.06686978 0.048865527  0.003101035   0.0023765180      0.0001508152         1  0.0370756852    0.001078141      1.139388e-03            3.313280e-05
42  2013-10-21 11:19:30     72 305.4 164.1 163.9941 3.061857e-05 14.10512 0.06686978 0.057507228  0.003101162   0.0027967971      0.0001508214         1  0.0381958736    0.001074058      1.173813e-03            3.300730e-05
43  2013-10-21 11:19:45     73 306.4 163.9 163.7923 3.061857e-05 13.90329 0.06686978 0.048706344  0.003101033   0.0023687763      0.0001508151         1  0.0392142267    0.001070442      1.205108e-03            3.289618e-05
44  2013-10-21 11:20:00     74 307.6 163.9 163.7905 3.061857e-05 13.90147 0.06686978 0.048626752  0.003101031   0.0023649055      0.0001508151         1  0.0404362504    0.001066225      1.242663e-03            3.276659e-05
45  2013-10-21 11:20:15     75 308.9 164.1 163.9887 3.061857e-05 14.09964 0.06686978 0.057268453  0.003101159   0.0027851846      0.0001508212         1  0.0417601094    0.001061809      1.283347e-03            3.263089e-05
46  2013-10-21 11:20:30     76 310.0 163.9 163.7868 3.061857e-05 13.89782 0.06686978 0.048467570  0.003101029   0.0023571638      0.0001508149         1  0.0428802978    0.001058198      1.317772e-03            3.251991e-05
47  2013-10-21 11:20:45     77 311.1 164.1 163.9850 3.061857e-05 14.09599 0.06686978 0.057109270  0.003101156   0.0027774429      0.0001508211         1  0.0440004862    0.001054703      1.352197e-03            3.241251e-05
48  2013-10-21 11:21:00     78 312.3 164.2 164.0832 3.061857e-05 14.19416 0.06686978 0.061390325  0.003101220   0.0029856470      0.0001508242         1  0.0452225099    0.001051024      1.389751e-03            3.229945e-05
49  2013-10-21 11:21:15     79 313.5 164.3 164.1814 3.061857e-05 14.29234 0.06686978 0.065671380  0.003101284   0.0031938511      0.0001508273         1  0.0464445337    0.001047486      1.427306e-03            3.219073e-05
50  2013-10-21 11:21:30     80 314.7 164.3 164.1795 3.061857e-05 14.29051 0.06686978 0.065591789  0.003101283   0.0031899803      0.0001508273         1  0.0476665574    0.001044091      1.464860e-03            3.208638e-05
51  2013-10-21 11:21:45     81 315.8 164.3 164.1777 3.061857e-05 14.28869 0.06686978 0.065512197  0.003101282   0.0031861094      0.0001508272         1  0.0487867458    0.001041105      1.499285e-03            3.199461e-05
52  2013-10-21 11:22:00     82 317.1 164.3 164.1759 3.061857e-05 14.28686 0.06686978 0.065432606  0.003101281   0.0031822386      0.0001508272         1  0.0501106048    0.001037733      1.539969e-03            3.189099e-05
53  2013-10-21 11:22:15     83 318.2 164.4 164.2741 3.061857e-05 14.38504 0.06686978 0.069713660  0.003101345   0.0033904427      0.0001508303         1  0.0512307932    0.001035014      1.574394e-03            3.180744e-05
54  2013-10-21 11:22:30     84 319.4 164.4 164.2722 3.061857e-05 14.38321 0.06686978 0.069634069  0.003101344   0.0033865719      0.0001508303         1  0.0524528169    0.001032190      1.611949e-03            3.172064e-05
55  2013-10-21 11:22:45     85 320.6 164.4 164.2704 3.061857e-05 14.38139 0.06686978 0.069554478  0.003101343   0.0033827010      0.0001508302         1  0.0536748407    0.001029514      1.649503e-03            3.163842e-05
56  2013-10-21 11:23:00     86 321.9 164.6 164.4686 3.061857e-05 14.57956 0.06686978 0.078196178  0.003101474   0.0038029801      0.0001508366         1  0.0549986997    0.001026785      1.690187e-03            3.155455e-05
57  2013-10-21 11:23:15     87 323.1 164.5 164.3668 3.061857e-05 14.47774 0.06686978 0.073755941  0.003101407   0.0035870343      0.0001508333         1  0.0562207234    0.001024423      1.727742e-03            3.148197e-05
58  2013-10-21 11:23:30     88 324.3 164.5 164.3649 3.061857e-05 14.47591 0.06686978 0.073676349  0.003101405   0.0035831635      0.0001508332         1  0.0574427471    0.001022214      1.765296e-03            3.141407e-05
59  2013-10-21 11:23:45     89 325.6 164.7 164.5631 3.061857e-05 14.67409 0.06686978 0.082318050  0.003101538   0.0040034425      0.0001508397         1  0.0587666061    0.001019993      1.805981e-03            3.134583e-05
60  2013-10-21 11:24:00     90 326.8 164.9 164.7613 3.061857e-05 14.87226 0.06686978 0.090959751  0.003101672   0.0044237216      0.0001508462         1  0.0599886299    0.001018104      1.843535e-03            3.128778e-05
61  2013-10-21 11:24:15     91 328.1 164.9 164.7595 3.061857e-05 14.87044 0.06686978 0.090880160  0.003101671   0.0044198508      0.0001508462         1  0.0613124889    0.001016233      1.884219e-03            3.123027e-05
62  2013-10-21 11:24:30     92 329.4 164.6 164.4576 3.061857e-05 14.56861 0.06686978 0.077718630  0.003101467   0.0037797551      0.0001508362         1  0.0626363479    0.001014545      1.924903e-03            3.117839e-05
63  2013-10-21 11:24:45     93 330.7 164.8 164.6558 3.061857e-05 14.76679 0.06686978 0.086360331  0.003101600   0.0042000341      0.0001508427         1  0.0639602069    0.001013040      1.965587e-03            3.113216e-05
64  2013-10-21 11:25:00     94 332.0 164.9 164.7540 3.061857e-05 14.86496 0.06686978 0.090641386  0.003101667   0.0044082383      0.0001508460         1  0.0652840660    0.001011721      2.006271e-03            3.109161e-05
65  2013-10-21 11:25:15     95 333.4 164.8 164.6522 3.061857e-05 14.76314 0.06686978 0.086201148  0.003101598   0.0041922925      0.0001508426         1  0.0667097603    0.001010508      2.050085e-03            3.105432e-05
66  2013-10-21 11:25:30     96 334.7 164.8 164.6503 3.061857e-05 14.76131 0.06686978 0.086121556  0.003101597   0.0041884216      0.0001508425         1  0.0680336193    0.001009574      2.090769e-03            3.102564e-05
67  2013-10-21 11:25:45     97 336.0 164.9 164.7485 3.061857e-05 14.85949 0.06686978 0.090402611  0.003101663   0.0043966258      0.0001508458         1  0.0693574784    0.001008828      2.131453e-03            3.100270e-05
68  2013-10-21 11:26:00     98 337.3 164.9 164.7467 3.061857e-05 14.85766 0.06686978 0.090323020  0.003101662   0.0043927549      0.0001508457         1  0.0706813374    0.001008268      2.172137e-03            3.098550e-05
69  2013-10-21 11:26:15     99 338.7 165.0 164.8449 3.061857e-05 14.95584 0.06686978 0.094604075  0.003101729   0.0046009590      0.0001508490         1  0.0721070317    0.001007875      2.215951e-03            3.097343e-05
70  2013-10-21 11:26:30    100 340.1 165.0 164.8430 3.061857e-05 14.95401 0.06686978 0.094524483  0.003101728   0.0045970882      0.0001508489         1  0.0735327261    0.001007700      2.259764e-03            3.096805e-05
71  2013-10-21 11:26:45    101 341.6 164.9 164.7412 3.061857e-05 14.85218 0.06686978 0.090084245  0.003101659   0.0043811424      0.0001508456         1  0.0750602557    0.001007754      2.306707e-03            3.096971e-05
72  2013-10-21 11:27:00    102 342.9 165.0 164.8394 3.061857e-05 14.95036 0.06686978 0.094365300  0.003101726   0.0045893465      0.0001508488         1  0.0763841147    0.001008003      2.347391e-03            3.097736e-05
73  2013-10-21 11:27:15    103 344.3 165.1 164.9376 3.061857e-05 15.04853 0.06686978 0.098646355  0.003101793   0.0047975506      0.0001508521         1  0.0778098091    0.001008481      2.391205e-03            3.099205e-05
74  2013-10-21 11:27:30    104 345.7 165.2 165.0357 3.061857e-05 15.14671 0.06686978 0.102927410  0.003101861   0.0050057547      0.0001508554         1  0.0792355034    0.001009177      2.435019e-03            3.101342e-05
75  2013-10-21 11:27:45    105 347.2 165.0 164.8339 3.061857e-05 14.94488 0.06686978 0.094126526  0.003101722   0.0045777340      0.0001508486         1  0.0807630331    0.001010162      2.481962e-03            3.104370e-05
76  2013-10-21 11:28:00    106 348.6 165.2 165.0321 3.061857e-05 15.14306 0.06686978 0.102768227  0.003101859   0.0049980131      0.0001508553         1  0.0821887274    0.001011306      2.525775e-03            3.107885e-05
77  2013-10-21 11:28:15    107 350.0 165.1 164.9303 3.061857e-05 15.04123 0.06686978 0.098327989  0.003101788   0.0047820673      0.0001508519         1  0.0836144217    0.001012665      2.569589e-03            3.112062e-05
78  2013-10-21 11:28:30    108 351.5 165.3 165.1284 3.061857e-05 15.23941 0.06686978 0.106969690  0.003101926   0.0052023463      0.0001508585         1  0.0851419514    0.001014359      2.616532e-03            3.117269e-05
79  2013-10-21 11:28:45    109 352.9 165.2 165.0266 3.061857e-05 15.13758 0.06686978 0.102529453  0.003101855   0.0049864006      0.0001508551         1  0.0865676457    0.001016162      2.660346e-03            3.122809e-05
80  2013-10-21 11:29:00    110 354.4 165.1 164.9248 3.061857e-05 15.03576 0.06686978 0.098089215  0.003101784   0.0047704548      0.0001508517         1  0.0880951754    0.001018329      2.707289e-03            3.129468e-05
81  2013-10-21 11:29:15    111 355.8 165.1 164.9230 3.061857e-05 15.03393 0.06686978 0.098009623  0.003101783   0.0047665839      0.0001508516         1  0.0895208697    0.001020570      2.751102e-03            3.136355e-05
82  2013-10-21 11:29:30    112 357.3 165.3 165.1211 3.061857e-05 15.23211 0.06686978 0.106651324  0.003101921   0.0051868630      0.0001508583         1  0.0910483994    0.001023204      2.798045e-03            3.144450e-05
83  2013-10-21 11:29:45    113 358.8 165.3 165.1193 3.061857e-05 15.23028 0.06686978 0.106571733  0.003101919   0.0051829922      0.0001508582         1  0.0925759290    0.001026077      2.844989e-03            3.153278e-05
84  2013-10-21 11:30:00    114 360.2 165.3 165.1175 3.061857e-05 15.22846 0.06686978 0.106492142  0.003101918   0.0051791213      0.0001508582         1  0.0940016233    0.001028971      2.888802e-03            3.162174e-05
85  2013-10-21 11:30:15    115 361.7 165.3 165.1157 3.061857e-05 15.22663 0.06686978 0.106412550  0.003101917   0.0051752505      0.0001508581         1  0.0955291530    0.001032300      2.935745e-03            3.172403e-05
86  2013-10-21 11:30:30    116 363.2 165.3 165.1138 3.061857e-05 15.22481 0.06686978 0.106332959  0.003101916   0.0051713797      0.0001508581         1  0.0970566826    0.001035861      2.982688e-03            3.183347e-05
87  2013-10-21 11:30:45    117 364.8 165.3 165.1120 3.061857e-05 15.22298 0.06686978 0.106253367  0.003101914   0.0051675088      0.0001508580         1  0.0986860476    0.001039913      3.032761e-03            3.195799e-05
88  2013-10-21 11:31:00    118 366.3 165.3 165.1102 3.061857e-05 15.22116 0.06686978 0.106173776  0.003101913   0.0051636380      0.0001508579         1  0.1002135772    0.001043947      3.079704e-03            3.208196e-05
89  2013-10-21 11:31:15    119 368.0 165.5 165.3084 3.061857e-05 15.41933 0.06686978 0.114815477  0.003102052   0.0055839170      0.0001508647         1  0.1019447775    0.001048791      3.132906e-03            3.223081e-05
90  2013-10-21 11:31:30    120 369.5 165.5 165.3065 3.061857e-05 15.41751 0.06686978 0.114735885  0.003102051   0.0055800462      0.0001508646         1  0.1034723072    0.001053301      3.179850e-03            3.236942e-05
91  2013-10-21 11:31:45    121 371.1 165.5 165.3047 3.061857e-05 15.41568 0.06686978 0.114656294  0.003102050   0.0055761754      0.0001508646         1  0.1051016721    0.001058353      3.229922e-03            3.252469e-05
92  2013-10-21 11:32:00    122 372.6 165.5 165.3029 3.061857e-05 15.41386 0.06686978 0.114576702  0.003102048   0.0055723045      0.0001508645         1  0.1066292018    0.001063313      3.276865e-03            3.267710e-05
93  2013-10-21 11:32:15    123 374.0 165.5 165.3011 3.061857e-05 15.41203 0.06686978 0.114497111  0.003102047   0.0055684337      0.0001508644         1  0.1080548961    0.001068134      3.320679e-03            3.282526e-05
94  2013-10-21 11:32:30    124 375.5 165.5 165.2992 3.061857e-05 15.41020 0.06686978 0.114417520  0.003102046   0.0055645629      0.0001508644         1  0.1095824257    0.001073502      3.367622e-03            3.299024e-05
95  2013-10-21 11:32:45    125 377.1 165.6 165.3974 3.061857e-05 15.50838 0.06686978 0.118698574  0.003102115   0.0057727670      0.0001508678         1  0.1112117907    0.001079456      3.417695e-03            3.317321e-05
96  2013-10-21 11:33:00    126 378.6 165.7 165.4956 3.061857e-05 15.60655 0.06686978 0.122979629  0.003102185   0.0059809711      0.0001508712         1  0.1127393203    0.001085248      3.464638e-03            3.335121e-05
97  2013-10-21 11:33:15    127 380.3 165.7 165.4937 3.061857e-05 15.60473 0.06686978 0.122900038  0.003102184   0.0059771003      0.0001508711         1  0.1144705206    0.001092055      3.517840e-03            3.356037e-05
98  2013-10-21 11:33:30    128 381.9 165.5 165.2919 3.061857e-05 15.40290 0.06686978 0.114099154  0.003102041   0.0055490795      0.0001508641         1  0.1160998856    0.001098691      3.567913e-03            3.376432e-05
99  2013-10-21 11:33:45    129 383.7 165.6 165.3901 3.061857e-05 15.50108 0.06686978 0.118380209  0.003102110   0.0057572836      0.0001508675         1  0.1179329211    0.001106419      3.624245e-03            3.400181e-05
100 2013-10-21 11:34:00    130 385.6 165.9 165.6883 3.061857e-05 15.79925 0.06686978 0.131382556  0.003102324   0.0063896376      0.0001508779         1  0.1198677920    0.001114871      3.683706e-03            3.426157e-05
101 2013-10-21 11:34:15    131 387.3 165.7 165.4864 3.061857e-05 15.59743 0.06686978 0.122581672  0.003102179   0.0059616169      0.0001508709         1  0.1215989923    0.001122685      3.736908e-03            3.450170e-05
102 2013-10-21 11:34:30    132 389.1 165.6 165.3846 3.061857e-05 15.49560 0.06686978 0.118141434  0.003102106   0.0057456711      0.0001508673         1  0.1234320279    0.001131212      3.793240e-03            3.476374e-05
103 2013-10-21 11:34:45    133 391.1 165.7 165.4828 3.061857e-05 15.59378 0.06686978 0.122422489  0.003102176   0.0059538752      0.0001508707         1  0.1254687341    0.001140984      3.855831e-03            3.506405e-05
104 2013-10-21 11:35:00    134 392.8 165.8 165.5810 3.061857e-05 15.69195 0.06686978 0.126703544  0.003102247   0.0061620793      0.0001508742         1  0.1271999343    0.001149532      3.909033e-03            3.532673e-05
105 2013-10-21 11:35:15    135 394.5 165.8 165.5791 3.061857e-05 15.69013 0.06686978 0.126623952  0.003102245   0.0061582085      0.0001508741         1  0.1289311346    0.001158295      3.962235e-03            3.559605e-05
106 2013-10-21 11:35:30    136 396.4 166.0 165.7773 3.061857e-05 15.88830 0.06686978 0.135265653  0.003102389   0.0065784876      0.0001508811         1  0.1308660055    0.001168340      4.021697e-03            3.590474e-05
107 2013-10-21 11:35:45    137 398.3 165.9 165.6755 3.061857e-05 15.78648 0.06686978 0.130825416  0.003102315   0.0063625418      0.0001508775         1  0.1328008764    0.001178643      4.081158e-03            3.622135e-05
108 2013-10-21 11:36:00    138 400.3 166.0 165.7737 3.061857e-05 15.88465 0.06686978 0.135106470  0.003102386   0.0065707459      0.0001508809         1  0.1348375826    0.001189758      4.143749e-03            3.656293e-05
109 2013-10-21 11:36:15    139 402.2 166.0 165.7718 3.061857e-05 15.88283 0.06686978 0.135026879  0.003102385   0.0065668751      0.0001508809         1  0.1367724535    0.001200567      4.203210e-03            3.689513e-05
110 2013-10-21 11:36:30    140 404.2 166.1 165.8700 3.061857e-05 15.98100 0.06686978 0.139307934  0.003102457   0.0067750792      0.0001508844         1  0.1388091597    0.001212202      4.265801e-03            3.725268e-05
111 2013-10-21 11:36:45    141 406.3 165.9 165.6682 3.061857e-05 15.77918 0.06686978 0.130507050  0.003102310   0.0063470584      0.0001508772         1  0.1409477012    0.001224693      4.331521e-03            3.763655e-05
112 2013-10-21 11:37:00    142 408.3 166.2 165.9664 3.061857e-05 16.07735 0.06686978 0.143509397  0.003102528   0.0069794125      0.0001508878         1  0.1429844074    0.001236844      4.394112e-03            3.800995e-05
113 2013-10-21 11:37:15    143 410.3 166.1 165.8645 3.061857e-05 15.97553 0.06686978 0.139069159  0.003102453   0.0067634667      0.0001508842         1  0.1450211136    0.001249234      4.456703e-03            3.839073e-05
114 2013-10-21 11:37:30    144 412.4 166.3 166.0627 3.061857e-05 16.17370 0.06686978 0.147710860  0.003102599   0.0071837457      0.0001508913         1  0.1471596551    0.001262496      4.522423e-03            3.879827e-05
115 2013-10-21 11:37:45    145 414.4 166.3 166.0609 3.061857e-05 16.17188 0.06686978 0.147631269  0.003102597   0.0071798749      0.0001508912         1  0.1491963613    0.001275357      4.585014e-03            3.919352e-05
116 2013-10-21 11:38:00    146 416.4 166.3 166.0591 3.061857e-05 16.17005 0.06686978 0.147551677  0.003102596   0.0071760041      0.0001508911         1  0.1512330674    0.001288438      4.647605e-03            3.959551e-05
117 2013-10-21 11:38:15    147 418.4 166.3 166.0572 3.061857e-05 16.16822 0.06686978 0.147472086  0.003102595   0.0071721332      0.0001508911         1  0.1532697736    0.001301731      4.710196e-03            4.000404e-05
118 2013-10-21 11:38:30    148 419.8 166.2 165.9554 3.061857e-05 16.06640 0.06686978 0.143031848  0.003102519   0.0069561874      0.0001508874         1  0.1546954680    0.001311160      4.754009e-03            4.029379e-05
119 2013-10-21 11:38:45    149 421.6 166.1 165.8536 3.061857e-05 15.96457 0.06686978 0.138591611  0.003102445   0.0067402416      0.0001508838         1  0.1565285036    0.001323427      4.810341e-03            4.067078e-05
120 2013-10-21 11:39:00    150 423.1 166.2 165.9518 3.061857e-05 16.06275 0.06686978 0.142872665  0.003102517   0.0069484458      0.0001508873         1  0.1580560332    0.001333771      4.857284e-03            4.098868e-05
121 2013-10-21 11:39:15    151 424.6 166.1 165.8499 3.061857e-05 15.96092 0.06686978 0.138432428  0.003102442   0.0067325000      0.0001508837         1  0.1595835629    0.001344224      4.904228e-03            4.130989e-05
122 2013-10-21 11:39:30    152 426.0 166.2 165.9481 3.061857e-05 16.05910 0.06686978 0.142713483  0.003102514   0.0069407041      0.0001508872         1  0.1610092572    0.001354074      4.948041e-03            4.161260e-05
123 2013-10-21 11:39:45    153 427.6 166.0 165.7463 3.061857e-05 15.85727 0.06686978 0.133912599  0.003102366   0.0065126833      0.0001508800         1  0.1626386221    0.001365442      4.998114e-03            4.196194e-05
124 2013-10-21 11:40:00    154 428.6 166.2 165.9445 3.061857e-05 16.05545 0.06686978 0.142554300  0.003102511   0.0069329624      0.0001508870         1  0.1636569752    0.001372605      5.029409e-03            4.218207e-05
125 2013-10-21 11:40:15    155 429.8 166.3 166.0426 3.061857e-05 16.15362 0.06686978 0.146835354  0.003102584   0.0071411665      0.0001508906         1  0.1648789990    0.001381258      5.066964e-03            4.244800e-05
126 2013-10-21 11:40:30    156 431.1 166.2 165.9408 3.061857e-05 16.05180 0.06686978 0.142395117  0.003102509   0.0069252207      0.0001508869         1  0.1662028580    0.001390703      5.107648e-03            4.273825e-05
127 2013-10-21 11:40:45    157 432.6 166.4 166.1390 3.061857e-05 16.24997 0.06686978 0.151036818  0.003102655   0.0073454998      0.0001508940         1  0.1677303876    0.001401689      5.154591e-03            4.307588e-05
128 2013-10-21 11:41:00    158 434.1 166.2 165.9372 3.061857e-05 16.04815 0.06686978 0.142235934  0.003102506   0.0069174791      0.0001508868         1  0.1692579173    0.001412768      5.201534e-03            4.341636e-05
129 2013-10-21 11:41:15    159 435.7 166.3 166.0353 3.061857e-05 16.14632 0.06686978 0.146516989  0.003102578   0.0071256832      0.0001508903         1  0.1708872822    0.001424686      5.251607e-03            4.378262e-05
130 2013-10-21 11:41:30    160 437.1 166.6 166.3335 3.061857e-05 16.44450 0.06686978 0.159519336  0.003102801   0.0077580372      0.0001509011         1  0.1723129766    0.001435197      5.295420e-03            4.410563e-05
131 2013-10-21 11:41:45    161 438.3 166.6 166.3317 3.061857e-05 16.44267 0.06686978 0.159439744  0.003102800   0.0077541664      0.0001509011         1  0.1735350003    0.001444267      5.332975e-03            4.438434e-05
132 2013-10-21 11:42:00    162 439.6 166.5 166.2299 3.061857e-05 16.34085 0.06686978 0.154999507  0.003102723   0.0075382206      0.0001508973         1  0.1748588593    0.001454153      5.373659e-03            4.468817e-05
133 2013-10-21 11:42:15    163 441.0 166.6 166.3280 3.061857e-05 16.43902 0.06686978 0.159280562  0.003102797   0.0077464247      0.0001509009         1  0.1762845537    0.001464870      5.417472e-03            4.501751e-05
134 2013-10-21 11:42:30    164 442.2 166.6 166.3262 3.061857e-05 16.43720 0.06686978 0.159200970  0.003102796   0.0077425538      0.0001509009         1  0.1775065774    0.001474112      5.455027e-03            4.530154e-05
135 2013-10-21 11:42:45    165 443.5 166.5 166.2244 3.061857e-05 16.33537 0.06686978 0.154760732  0.003102719   0.0075266081      0.0001508971         1  0.1788304364    0.001484182      5.495711e-03            4.561101e-05
136 2013-10-21 11:43:00    166 444.8 166.7 166.4226 3.061857e-05 16.53355 0.06686978 0.163402433  0.003102869   0.0079468871      0.0001509044         1  0.1801542954    0.001494311      5.536395e-03            4.592228e-05
137 2013-10-21 11:43:15    167 445.9 166.7 166.4207 3.061857e-05 16.53172 0.06686978 0.163322842  0.003102867   0.0079430163      0.0001509043         1  0.1812744838    0.001502927      5.570820e-03            4.618705e-05
138 2013-10-21 11:43:30    168 447.1 166.5 166.2189 3.061857e-05 16.32989 0.06686978 0.154521958  0.003102715   0.0075149955      0.0001508969         1  0.1824965076    0.001512372      5.608375e-03            4.647732e-05
139 2013-10-21 11:43:45    169 448.3 166.7 166.4171 3.061857e-05 16.52807 0.06686978 0.163163659  0.003102864   0.0079352746      0.0001509042         1  0.1837185313    0.001521864      5.645929e-03            4.676903e-05
140 2013-10-21 11:44:00    170 449.7 166.7 166.4153 3.061857e-05 16.52624 0.06686978 0.163084068  0.003102863   0.0079314038      0.0001509041         1  0.1851442256    0.001532997      5.689743e-03            4.711117e-05
141 2013-10-21 11:44:15    171 451.0 166.7 166.4134 3.061857e-05 16.52442 0.06686978 0.163004476  0.003102862   0.0079275329      0.0001509041         1  0.1864680846    0.001543391      5.730427e-03            4.743057e-05
142 2013-10-21 11:44:30    172 452.5 166.8 166.5116 3.061857e-05 16.62259 0.06686978 0.167285531  0.003102936   0.0081357370      0.0001509077         1  0.1879956143    0.001555448      5.777370e-03            4.780111e-05
143 2013-10-21 11:44:45    173 453.9 166.8 166.5098 3.061857e-05 16.62077 0.06686978 0.167205940  0.003102935   0.0081318662      0.0001509076         1  0.1894213086    0.001566763      5.821183e-03            4.814882e-05
144 2013-10-21 11:45:00    174 455.5 166.6 166.3080 3.061857e-05 16.41894 0.06686978 0.158405056  0.003102782   0.0077038455      0.0001509002         1  0.1910506736    0.001579765      5.871256e-03            4.854840e-05
145 2013-10-21 11:45:15    175 456.8 166.8 166.5061 3.061857e-05 16.61712 0.06686978 0.167046757  0.003102932   0.0081241245      0.0001509075         1  0.1923745326    0.001590383      5.911940e-03            4.887472e-05
146 2013-10-21 11:45:30    176 458.3 166.8 166.5043 3.061857e-05 16.61529 0.06686978 0.166967165  0.003102931   0.0081202537      0.0001509074         1  0.1939020623    0.001602695      5.958883e-03            4.925307e-05
147 2013-10-21 11:45:45    177 459.7 166.9 166.6025 3.061857e-05 16.71347 0.06686978 0.171248220  0.003103006   0.0083284578      0.0001509111         1  0.1953277566    0.001614242      6.002697e-03            4.960792e-05
148 2013-10-21 11:46:00    178 460.7 166.8 166.5007 3.061857e-05 16.61164 0.06686978 0.166807982  0.003102928   0.0081125120      0.0001509073         1  0.1963461097    0.001622522      6.033992e-03            4.986239e-05
149 2013-10-21 11:46:15    179 461.9 166.9 166.5988 3.061857e-05 16.70982 0.06686978 0.171089037  0.003103003   0.0083207161      0.0001509109         1  0.1975681334    0.001632494      6.071547e-03            5.016882e-05
150 2013-10-21 11:46:30    180 463.2 167.0 166.6970 3.061857e-05 16.80799 0.06686978 0.175370092  0.003103078   0.0085289203      0.0001509146         1  0.1988919924    0.001643338      6.112231e-03            5.050210e-05
151 2013-10-21 11:46:45    181 464.6 167.1 166.7952 3.061857e-05 16.90617 0.06686978 0.179651147  0.003103154   0.0087371244      0.0001509183         1  0.2003176868    0.001655066      6.156044e-03            5.086250e-05
152 2013-10-21 11:47:00    182 465.7 167.0 166.6934 3.061857e-05 16.80434 0.06686978 0.175210909  0.003103076   0.0085211786      0.0001509145         1  0.2014378752    0.001664315      6.190469e-03            5.114674e-05
153 2013-10-21 11:47:15    183 467.2 167.1 166.7915 3.061857e-05 16.90252 0.06686978 0.179491964  0.003103151   0.0087293827      0.0001509182         1  0.2029654048    0.001676975      6.237413e-03            5.153580e-05
154 2013-10-21 11:47:30    184 468.3 167.2 166.8897 3.061857e-05 17.00069 0.06686978 0.183773018  0.003103228   0.0089375868      0.0001509219         1  0.2040855932    0.001686294      6.271838e-03            5.182218e-05
155 2013-10-21 11:47:45    185 469.5 167.2 166.8879 3.061857e-05 16.99887 0.06686978 0.183693427  0.003103226   0.0089337160      0.0001509218         1  0.2053076170    0.001696492      6.309392e-03            5.213560e-05
156 2013-10-21 11:48:00    186 471.0 167.2 166.8861 3.061857e-05 16.99704 0.06686978 0.183613836  0.003103225   0.0089298451      0.0001509217         1  0.2068351466    0.001709288      6.356335e-03            5.252882e-05
157 2013-10-21 11:48:15    187 472.5 167.1 166.7842 3.061857e-05 16.89522 0.06686978 0.179173598  0.003103146   0.0087138993      0.0001509179         1  0.2083626762    0.001722134      6.403278e-03            5.292361e-05
158 2013-10-21 11:48:30    188 473.8 167.1 166.7824 3.061857e-05 16.89339 0.06686978 0.179094007  0.003103144   0.0087100285      0.0001509178         1  0.2096865353    0.001733308      6.443962e-03            5.326701e-05
159 2013-10-21 11:48:45    189 475.1 167.2 166.8806 3.061857e-05 16.99157 0.06686978 0.183375061  0.003103221   0.0089182326      0.0001509215         1  0.2110103943    0.001744520      6.484646e-03            5.361154e-05
160 2013-10-21 11:49:00    190 476.2 167.0 166.6788 3.061857e-05 16.78974 0.06686978 0.174574177  0.003103064   0.0084902119      0.0001509139         1  0.2121305827    0.001754034      6.519071e-03            5.390394e-05
161 2013-10-21 11:49:15    191 477.3 167.3 166.9769 3.061857e-05 17.08791 0.06686978 0.187576525  0.003103296   0.0091225659      0.0001509252         1  0.2132507711    0.001763574      6.553496e-03            5.419712e-05
162 2013-10-21 11:49:30    192 478.3 167.5 167.1751 3.061857e-05 17.28609 0.06686978 0.196218226  0.003103452   0.0095428450      0.0001509328         1  0.2142691242    0.001772269      6.584792e-03            5.446432e-05
163 2013-10-21 11:49:45    193 479.4 167.2 166.8733 3.061857e-05 16.98426 0.06686978 0.183056695  0.003103215   0.0089027493      0.0001509212         1  0.2153893126    0.001781857      6.619217e-03            5.475896e-05
164 2013-10-21 11:50:00    194 480.9 167.4 167.0715 3.061857e-05 17.18244 0.06686978 0.191698396  0.003103370   0.0093230283      0.0001509288         1  0.2169168423    0.001794970      6.666160e-03            5.516195e-05
165 2013-10-21 11:50:15    195 482.1 167.5 167.1696 3.061857e-05 17.28061 0.06686978 0.195979451  0.003103448   0.0095312325      0.0001509326         1  0.2181388660    0.001805492      6.703714e-03            5.548532e-05
166 2013-10-21 11:50:30    196 483.3 167.3 166.9678 3.061857e-05 17.07879 0.06686978 0.187178567  0.003103289   0.0091032117      0.0001509248         1  0.2193608897    0.001816043      6.741269e-03            5.580955e-05
167 2013-10-21 11:50:45    197 484.8 167.4 167.0660 3.061857e-05 17.17696 0.06686978 0.191459622  0.003103366   0.0093114158      0.0001509286         1  0.2208884194    0.001829269      6.788212e-03            5.621601e-05
168 2013-10-21 11:51:00    198 485.9 167.6 167.2642 3.061857e-05 17.37514 0.06686978 0.200101323  0.003103523   0.0097316949      0.0001509362         1  0.2220086078    0.001838995      6.822637e-03            5.651490e-05
169 2013-10-21 11:51:15    199 487.0 167.4 167.0623 3.061857e-05 17.17331 0.06686978 0.191300439  0.003103363   0.0093036742      0.0001509284         1  0.2231287962    0.001848743      6.857062e-03            5.681447e-05
170 2013-10-21 11:51:30    200 488.3 167.6 167.2605 3.061857e-05 17.37149 0.06686978 0.199942140  0.003103520   0.0097239532      0.0001509361         1  0.2244526552    0.001860291      6.897746e-03            5.716937e-05
171 2013-10-21 11:51:45    201 489.3 167.6 167.2587 3.061857e-05 17.36966 0.06686978 0.199862549  0.003103519   0.0097200824      0.0001509360         1  0.2254710083    0.001869195      6.929041e-03            5.744299e-05
172 2013-10-21 11:52:00    202 490.5 167.7 167.3569 3.061857e-05 17.46784 0.06686978 0.204143604  0.003103597   0.0099282865      0.0001509398         1  0.2266930320    0.001879902      6.966596e-03            5.777205e-05
173 2013-10-21 11:52:15    203 491.9 167.7 167.3550 3.061857e-05 17.46601 0.06686978 0.204064012  0.003103595   0.0099244157      0.0001509398         1  0.2281187263    0.001892426      7.010410e-03            5.815690e-05
174 2013-10-21 11:52:30    204 492.8 167.6 167.2532 3.061857e-05 17.36419 0.06686978 0.199623774  0.003103514   0.0097084699      0.0001509358         1  0.2290352441    0.001900493      7.038575e-03            5.840484e-05
175 2013-10-21 11:52:45    205 493.7 167.4 167.0514 3.061857e-05 17.16236 0.06686978 0.190822891  0.003103354   0.0092804491      0.0001509280         1  0.2299517619    0.001908575      7.066741e-03            5.865319e-05
176 2013-10-21 11:53:00    206 494.6 167.7 167.3496 3.061857e-05 17.46054 0.06686978 0.203825238  0.003103591   0.0099128031      0.0001509395         1  0.2308682797    0.001916670      7.094907e-03            5.890195e-05
177 2013-10-21 11:53:15    207 495.6 167.6 167.2477 3.061857e-05 17.35871 0.06686978 0.199385000  0.003103510   0.0096968574      0.0001509356         1  0.2318866328    0.001925679      7.126203e-03            5.917882e-05
178 2013-10-21 11:53:30    208 497.0 167.6 167.2459 3.061857e-05 17.35689 0.06686978 0.199305409  0.003103508   0.0096929865      0.0001509355         1  0.2333123271    0.001938319      7.170016e-03            5.956727e-05
179 2013-10-21 11:53:45    209 498.3 167.7 167.3441 3.061857e-05 17.45506 0.06686978 0.203586463  0.003103587   0.0099011906      0.0001509393         1  0.2346361862    0.001950083      7.210700e-03            5.992880e-05
180 2013-10-21 11:54:00    210 499.7 167.8 167.4423 3.061857e-05 17.55324 0.06686978 0.207867518  0.003103665   0.0101093948      0.0001509432         1  0.2360618805    0.001962782      7.254514e-03            6.031904e-05
181 2013-10-21 11:54:15    211 501.0 167.8 167.4404 3.061857e-05 17.55141 0.06686978 0.207787927  0.003103664   0.0101055239      0.0001509431         1  0.2373857395    0.001974599      7.295198e-03            6.068222e-05
182 2013-10-21 11:54:30    212 502.3 167.7 167.3386 3.061857e-05 17.44959 0.06686978 0.203347689  0.003103582   0.0098895781      0.0001509391         1  0.2387095986    0.001986442      7.335882e-03            6.104616e-05
183 2013-10-21 11:54:45    213 503.7 167.8 167.4368 3.061857e-05 17.54776 0.06686978 0.207628744  0.003103661   0.0100977822      0.0001509429         1  0.2401352929    0.001999223      7.379696e-03            6.143894e-05
184 2013-10-21 11:55:00    214 504.7 167.7 167.3350 3.061857e-05 17.44593 0.06686978 0.203188506  0.003103579   0.0098818365      0.0001509390         1  0.2411536460    0.002008369      7.410991e-03            6.172002e-05
185 2013-10-21 11:55:15    215 506.1 167.6 167.2331 3.061857e-05 17.34411 0.06686978 0.198748269  0.003103498   0.0096658907      0.0001509350         1  0.2425793403    0.002021198      7.454805e-03            6.211426e-05
186 2013-10-21 11:55:30    216 507.1 167.7 167.3313 3.061857e-05 17.44228 0.06686978 0.203029323  0.003103576   0.0098740948      0.0001509388         1  0.2435976934    0.002030378      7.486100e-03            6.239637e-05
187 2013-10-21 11:55:45    217 508.4 167.7 167.3295 3.061857e-05 17.44046 0.06686978 0.202949732  0.003103575   0.0098702239      0.0001509388         1  0.2449215525    0.002042332      7.526784e-03            6.276373e-05
188 2013-10-21 11:56:00    218 509.8 167.8 167.4277 3.061857e-05 17.53863 0.06686978 0.207230787  0.003103654   0.0100784281      0.0001509426         1  0.2463472468    0.002055231      7.570598e-03            6.316013e-05
189 2013-10-21 11:56:15    219 511.0 167.8 167.4258 3.061857e-05 17.53681 0.06686978 0.207151195  0.003103652   0.0100745572      0.0001509425         1  0.2475692705    0.002066307      7.608152e-03            6.350053e-05

$dryleafvolt
            timestamp record LWSmV  SEmV    CSEmV     CSEmV.sd   loadmV  loadmV.sd
1 2013-10-21 11:07:30     24 262.4 162.8 162.7817 3.061857e-05 12.89273 0.06686978
2 2013-10-21 11:07:45     25 262.4 162.7 162.6799 3.061857e-05 12.79090 0.06686978
3 2013-10-21 11:08:00     26 262.4 162.7 162.6781 3.061857e-05 12.78908 0.06686978
4 2013-10-21 11:08:15     27 262.4 162.5 162.4763 3.061857e-05 12.58725 0.06686978
5 2013-10-21 11:08:30     28 262.4 162.7 162.6744 3.061857e-05 12.78543 0.06686978
6 2013-10-21 11:08:45     29 262.4 162.6 162.5726 3.061857e-05 12.68360 0.06686978
7 2013-10-21 11:09:00     30 262.4 162.8 162.7708 3.061857e-05 12.88178 0.06686978
8 2013-10-21 11:09:15     31 262.4 162.8 162.7690 3.061857e-05 12.87995 0.06686978

$runtime
Time difference of 47 mins

$startcalibvolt
            timestamp record LWSmV  SEmV    CSEmV     CSEmV.sd   loadmV  loadmV.sd
1 2013-10-21 11:05:30     16 262.4 272.0 271.9963 3.061857e-05 122.1073 0.06686978
2 2013-10-21 11:05:45     17 262.4 272.2 272.1945 3.061857e-05 122.3055 0.06686978
3 2013-10-21 11:06:00     18 262.4 272.2 272.1927 3.061857e-05 122.3037 0.06686978
4 2013-10-21 11:06:15     19 262.4 272.1 272.0909 3.061857e-05 122.2019 0.06686978

$endcalibvolt
            timestamp record LWSmV  SEmV
1 2013-10-21 11:59:15    231 264.2 273.3
2 2013-10-21 11:59:30    232 264.0 273.3
3 2013-10-21 11:59:45    233 263.8 273.2
4 2013-10-21 12:00:00    234 263.8 273.2

$lastLWSvolt
[1] 510.7

$maxLWSvolt
[1] 511.3

$species
[1] "coastliveoak"

$trial
[1] "11"

$replicate
[1] "1"

$isvertical
[1] FALSE

$conversionfactor
         avg        stdev
1 0.04360646 1.192818e-05

$LWSwatermass
        avg       stdev
1 0.2597873 0.002381927

$dryleafmass
       avg       stdev
1 0.557567 0.001042166

$lwsmodel

Call:
lm(formula = LWSsurfacedensity ~ record, data = rd[rd$runfilter == 
    1, ])

Coefficients:
(Intercept)       record  
 -2.054e-03    4.484e-05  


$leafmodel

Call:
lm(formula = surfacedensity ~ record, data = rd[rd$runfilter == 
    1, ])

Coefficients:
(Intercept)       record  
 -1.098e-03    5.328e-05  


