$name
[1] "coastliveoak5"

$leafarea
[1] 33.71404

$startbasevolt
            timestamp record LWSmV  SEmV CSEmV CSEmV.sd     loadmV loadmV.sd
1 2013-08-17 14:48:15      2 265.1 150.4 150.4        0  0.1250084 0.1027376
2 2013-08-17 14:48:30      3 265.1 150.4 150.4        0  0.1250084 0.1027376
3 2013-08-17 14:48:45      4 265.1 150.3 150.3        0  0.0250084 0.1027376
4 2013-08-17 14:49:00      5 265.1 150.1 150.1        0 -0.1749916 0.1027376
5 2013-08-17 14:49:15      6 265.1 150.1 150.1        0 -0.1749916 0.1027376
6 2013-08-17 14:49:30      7 265.1 150.4 150.4        0  0.1250084 0.1027376
7 2013-08-17 14:49:45      8 265.1 150.3 150.3        0  0.0250084 0.1027376

$endbasevolt
             timestamp record LWSmV  SEmV    CSEmV    CSEmV.sd      loadmV loadmV.sd
1  2013-08-17 15:43:30    223 266.4 149.6 150.3126 4.70415e-05  0.03757983 0.1027376
2  2013-08-17 15:43:45    224 266.4 149.6 150.3159 4.70415e-05  0.04089412 0.1027376
3  2013-08-17 15:44:00    225 266.2 149.5 150.2192 4.70415e-05 -0.05579160 0.1027376
4  2013-08-17 15:44:15    226 265.9 149.5 150.2225 4.70415e-05 -0.05247731 0.1027376
5  2013-08-17 15:44:30    227 265.8 149.6 150.3258 4.70415e-05  0.05083697 0.1027376
6  2013-08-17 15:44:45    228 265.7 149.7 150.4291 4.70415e-05  0.15415126 0.1027376
7  2013-08-17 15:45:00    229 265.7 149.4 150.1325 4.70415e-05 -0.14253445 0.1027376
8  2013-08-17 15:45:15    230 265.7 149.5 150.2358 4.70415e-05 -0.03922017 0.1027376
9  2013-08-17 15:45:30    231 265.7 149.5 150.2391 4.70415e-05 -0.03590588 0.1027376
10 2013-08-17 15:45:45    232 265.7 149.5 150.2424 4.70415e-05 -0.03259160 0.1027376

$dryragvolt
            timestamp record LWSmV  SEmV    CSEmV    CSEmV.sd   loadmV loadmV.sd
1 2013-08-17 15:39:30    207 428.8 218.2 218.8595 4.70415e-05 68.58455 0.1027376
2 2013-08-17 15:39:45    208 428.2 218.3 218.9629 4.70415e-05 68.68787 0.1027376
3 2013-08-17 15:40:00    209 427.8 218.1 218.7662 4.70415e-05 68.49118 0.1027376
4 2013-08-17 15:40:15    210 427.3 218.0 218.6695 4.70415e-05 68.39449 0.1027376

$wetragvolt
            timestamp record LWSmV  SEmV    CSEmV    CSEmV.sd   loadmV loadmV.sd
1 2013-08-17 15:41:00    213 266.8 222.1 222.7794 4.70415e-05 72.50444 0.1027376
2 2013-08-17 15:41:15    214 266.4 222.0 222.6827 4.70415e-05 72.40775 0.1027376
3 2013-08-17 15:41:30    215 266.4 221.8 222.4861 4.70415e-05 72.21107 0.1027376
4 2013-08-17 15:41:45    216 266.4 221.8 222.4894 4.70415e-05 72.21438 0.1027376

$rundata
              timestamp record LWSmV  SEmV    CSEmV    CSEmV.sd   loadmV loadmV.sd    watermass watermass.sd surfacedensity surfacedensity.sd runfilter      LWSwater LWSwater.stdev LWSsurfacedensity LWSsurfacedensity.stdev
1   2013-08-17 14:52:30     19 265.1 166.1 166.1365 4.70415e-05 15.86147 0.1027376 -0.004051532  0.004906132  -1.201734e-04      0.0001455219         0 -0.0028437563    0.001285489     -8.739263e-05            3.950488e-05
2   2013-08-17 14:52:45     20 265.2 166.0 166.0398 4.70415e-05 15.76478 0.1027376 -0.008246876  0.004905996  -2.446125e-04      0.0001455179         0 -0.0027419210    0.001284832     -8.426309e-05            3.948469e-05
3   2013-08-17 14:53:00     21 265.6 165.9 165.9431 4.70415e-05 15.66809 0.1027376 -0.012442220  0.004905860  -3.690515e-04      0.0001455138         0 -0.0023345797    0.001282210     -7.174492e-05            3.940413e-05
4   2013-08-17 14:53:15     22 265.7 166.0 166.0464 4.70415e-05 15.77141 0.1027376 -0.007959252  0.004906005  -2.360812e-04      0.0001455181         0 -0.0022327444    0.001281556     -6.861538e-05            3.938403e-05
5   2013-08-17 14:53:30     23 265.7 165.9 165.9497 4.70415e-05 15.67472 0.1027376 -0.012154595  0.004905869  -3.605203e-04      0.0001455141         0 -0.0022327444    0.001281556     -6.861538e-05            3.938403e-05
6   2013-08-17 14:53:45     24 265.7 165.9 165.9530 4.70415e-05 15.67804 0.1027376 -0.012010783  0.004905873  -3.562546e-04      0.0001455142         0 -0.0022327444    0.001281556     -6.861538e-05            3.938403e-05
7   2013-08-17 14:54:00     25 266.2 166.0 166.0563 4.70415e-05 15.78135 0.1027376 -0.007527816  0.004906019  -2.232843e-04      0.0001455186         0 -0.0017235679    0.001278294     -5.296767e-05            3.928377e-05
8   2013-08-17 14:54:15     26 266.4 166.0 166.0597 4.70415e-05 15.78467 0.1027376 -0.007384004  0.004906024  -2.190186e-04      0.0001455187         0 -0.0015198973    0.001276993     -4.670858e-05            3.924379e-05
9   2013-08-17 14:54:30     27 267.1 166.1 166.1630 4.70415e-05 15.88798 0.1027376 -0.002901036  0.004906170  -8.604829e-05      0.0001455230         0 -0.0008070501    0.001272456     -2.480179e-05            3.910438e-05
10  2013-08-17 14:54:45     28 267.5 166.1 166.1663 4.70415e-05 15.89129 0.1027376 -0.002757224  0.004906175  -8.178265e-05      0.0001455232         0 -0.0003997088    0.001269876     -1.228362e-05            3.902509e-05
11  2013-08-17 14:55:00     29 268.0 166.1 166.1696 4.70415e-05 15.89461 0.1027376 -0.002613412  0.004906179  -7.751700e-05      0.0001455233         0  0.0001094677    0.001266664      3.364097e-06            3.892635e-05
12  2013-08-17 14:55:15     30 268.6 166.0 166.0729 4.70415e-05 15.79792 0.1027376 -0.006808755  0.004906042  -2.019561e-04      0.0001455193         0  0.0007204796    0.001262827      2.214135e-05            3.880844e-05
13  2013-08-17 14:55:30     31 269.2 166.1 166.1762 4.70415e-05 15.90124 0.1027376 -0.002325788  0.004906189  -6.898572e-05      0.0001455236         0  0.0013314914    0.001259010      4.091861e-05            3.869116e-05
14  2013-08-17 14:55:45     32 269.8 166.2 166.2795 4.70415e-05 16.00455 0.1027376  0.002157180  0.004906336   6.398462e-05      0.0001455280         0  0.0019425033    0.001255214      5.969586e-05            3.857450e-05
15  2013-08-17 14:56:00     33 270.5 166.2 166.2829 4.70415e-05 16.00787 0.1027376  0.002300992  0.004906341   6.825027e-05      0.0001455281         0  0.0026553504    0.001250812      8.160266e-05            3.843921e-05
16  2013-08-17 14:56:15     34 271.2 166.3 166.3862 4.70415e-05 16.11118 0.1027376  0.006783960  0.004906490   2.012206e-04      0.0001455325         0  0.0033681976    0.001246438      1.035095e-04            3.830479e-05
17  2013-08-17 14:56:30     35 271.9 166.3 166.3895 4.70415e-05 16.11449 0.1027376  0.006927772  0.004906494   2.054863e-04      0.0001455327         0  0.0040810448    0.001242093      1.254163e-04            3.817126e-05
18  2013-08-17 14:56:45     36 272.6 166.3 166.3928 4.70415e-05 16.11781 0.1027376  0.007071584  0.004906499   2.097519e-04      0.0001455328         0  0.0047938920    0.001237777      1.473230e-04            3.803862e-05
19  2013-08-17 14:57:00     37 273.4 166.2 166.2961 4.70415e-05 16.02112 0.1027376  0.002876240  0.004906360   8.531283e-05      0.0001455287         0  0.0056085744    0.001232880      1.723594e-04            3.788814e-05
20  2013-08-17 14:57:15     38 274.1 166.2 166.2994 4.70415e-05 16.02444 0.1027376  0.003020052  0.004906365   8.957847e-05      0.0001455288         0  0.0063214216    0.001228627      1.942662e-04            3.775744e-05
21  2013-08-17 14:57:30     39 274.8 166.3 166.4027 4.70415e-05 16.12775 0.1027376  0.007503020  0.004906513   2.225488e-04      0.0001455332         0  0.0070342688    0.001224404      2.161730e-04            3.762767e-05
22  2013-08-17 14:57:45     40 275.6 166.2 166.3061 4.70415e-05 16.03107 0.1027376  0.003307677  0.004906374   9.810976e-05      0.0001455291         0  0.0078489512    0.001219616      2.412093e-04            3.748050e-05
23  2013-08-17 14:58:00     41 276.4 166.2 166.3094 4.70415e-05 16.03438 0.1027376  0.003451489  0.004906379   1.023754e-04      0.0001455292         0  0.0086636337    0.001214867      2.662457e-04            3.733457e-05
24  2013-08-17 14:58:15     42 277.1 166.3 166.4127 4.70415e-05 16.13769 0.1027376  0.007934456  0.004906528   2.353457e-04      0.0001455337         0  0.0093764809    0.001210745      2.881525e-04            3.720790e-05
25  2013-08-17 14:58:30     43 277.9 166.3 166.4160 4.70415e-05 16.14101 0.1027376  0.008078268  0.004906533   2.396114e-04      0.0001455338         0  0.0101911634    0.001206073      3.131888e-04            3.706432e-05
26  2013-08-17 14:58:45     44 278.6 166.4 166.5193 4.70415e-05 16.24432 0.1027376  0.012561236  0.004906682   3.725817e-04      0.0001455382         0  0.0109040105    0.001202019      3.350956e-04            3.693973e-05
27  2013-08-17 14:59:00     45 279.4 166.4 166.5226 4.70415e-05 16.24764 0.1027376  0.012705048  0.004906687   3.768474e-04      0.0001455384         0  0.0117186930    0.001197425      3.601319e-04            3.679855e-05
28  2013-08-17 14:59:15     46 280.1 166.5 166.6259 4.70415e-05 16.35095 0.1027376  0.017188016  0.004906838   5.098177e-04      0.0001455428         1  0.0124315402    0.001193440      3.820387e-04            3.667608e-05
29  2013-08-17 14:59:30     47 280.9 166.4 166.5293 4.70415e-05 16.25427 0.1027376  0.012992672  0.004906697   3.853787e-04      0.0001455387         0  0.0132462227    0.001188926      4.070751e-04            3.653736e-05
30  2013-08-17 14:59:45     48 281.6 166.6 166.7326 4.70415e-05 16.45758 0.1027376  0.021814796  0.004906994   6.470537e-04      0.0001455475         1  0.0139590698    0.001185011      4.289819e-04            3.641706e-05
31  2013-08-17 15:00:00     49 282.3 166.5 166.6359 4.70415e-05 16.36089 0.1027376  0.017619452  0.004906852   5.226146e-04      0.0001455433         1  0.0146719170    0.001181130      4.508887e-04            3.629779e-05
32  2013-08-17 15:00:15     50 283.0 166.5 166.6392 4.70415e-05 16.36421 0.1027376  0.017763264  0.004906857   5.268803e-04      0.0001455434         1  0.0153847642    0.001177283      4.727955e-04            3.617957e-05
33  2013-08-17 15:00:30     51 283.7 166.6 166.7425 4.70415e-05 16.46752 0.1027376  0.022246232  0.004907009   6.598506e-04      0.0001455479         1  0.0160976113    0.001173470      4.947023e-04            3.606239e-05
34  2013-08-17 15:00:45     52 284.4 166.6 166.7458 4.70415e-05 16.47084 0.1027376  0.022390044  0.004907014   6.641163e-04      0.0001455481         1  0.0168104585    0.001169692      5.166091e-04            3.594627e-05
35  2013-08-17 15:01:00     53 285.1 166.6 166.7491 4.70415e-05 16.47415 0.1027376  0.022533856  0.004907019   6.683819e-04      0.0001455482         1  0.0175233057    0.001165948      5.385158e-04            3.583123e-05
36  2013-08-17 15:01:15     54 285.8 166.5 166.6525 4.70415e-05 16.37747 0.1027376  0.018338512  0.004906877   5.439429e-04      0.0001455440         1  0.0182361528    0.001162240      5.604226e-04            3.571726e-05
37  2013-08-17 15:01:30     55 286.6 166.6 166.7558 4.70415e-05 16.48078 0.1027376  0.022821480  0.004907028   6.769132e-04      0.0001455485         1  0.0190508353    0.001158045      5.854590e-04            3.558835e-05
38  2013-08-17 15:01:45     56 287.3 166.5 166.6591 4.70415e-05 16.38409 0.1027376  0.018626137  0.004906886   5.524741e-04      0.0001455443         1  0.0197636825    0.001154413      6.073658e-04            3.547673e-05
39  2013-08-17 15:02:00     57 288.0 166.6 166.7624 4.70415e-05 16.48741 0.1027376  0.023109104  0.004907038   6.854445e-04      0.0001455488         1  0.0204765297    0.001150817      6.292726e-04            3.536622e-05
40  2013-08-17 15:02:15     58 288.7 166.7 166.8657 4.70415e-05 16.59072 0.1027376  0.027592072  0.004907191   8.184148e-04      0.0001455533         1  0.0211893768    0.001147258      6.511794e-04            3.525684e-05
41  2013-08-17 15:02:30     59 289.4 166.7 166.8690 4.70415e-05 16.59404 0.1027376  0.027735884  0.004907196   8.226805e-04      0.0001455535         1  0.0219022240    0.001143735      6.730862e-04            3.514860e-05
42  2013-08-17 15:02:45     60 290.1 166.7 166.8723 4.70415e-05 16.59735 0.1027376  0.027879696  0.004907201   8.269461e-04      0.0001455536         1  0.0226150712    0.001140250      6.949930e-04            3.504149e-05
43  2013-08-17 15:03:00     61 290.9 166.8 166.9757 4.70415e-05 16.70067 0.1027376  0.032362664  0.004907355   9.599165e-04      0.0001455582         1  0.0234297536    0.001136313      7.200293e-04            3.492050e-05
44  2013-08-17 15:03:15     62 291.6 166.9 167.0790 4.70415e-05 16.80398 0.1027376  0.036845632  0.004907510   1.092887e-03      0.0001455628         1  0.0241426008    0.001132909      7.419361e-04            3.481589e-05
45  2013-08-17 15:03:30     63 292.4 166.9 167.0823 4.70415e-05 16.80729 0.1027376  0.036989444  0.004907515   1.097152e-03      0.0001455629         1  0.0249572833    0.001129065      7.669724e-04            3.469777e-05
46  2013-08-17 15:03:45     64 293.1 166.9 167.0856 4.70415e-05 16.81061 0.1027376  0.037133256  0.004907520   1.101418e-03      0.0001455631         1  0.0256701305    0.001125744      7.888792e-04            3.459569e-05
47  2013-08-17 15:04:00     65 293.9 167.1 167.2889 4.70415e-05 17.01392 0.1027376  0.045955380  0.004907827   1.363093e-03      0.0001455722         1  0.0264848129    0.001121996      8.139156e-04            3.448050e-05
48  2013-08-17 15:04:15     66 294.7 167.1 167.2922 4.70415e-05 17.01724 0.1027376  0.046099192  0.004907832   1.367359e-03      0.0001455723         1  0.0272994954    0.001118299      8.389519e-04            3.436689e-05
49  2013-08-17 15:04:30     67 295.4 167.1 167.2955 4.70415e-05 17.02055 0.1027376  0.046243004  0.004907837   1.371624e-03      0.0001455725         1  0.0280123426    0.001115107      8.608587e-04            3.426880e-05
50  2013-08-17 15:04:45     68 296.2 167.0 167.1989 4.70415e-05 16.92387 0.1027376  0.042047660  0.004907691   1.247185e-03      0.0001455681         1  0.0288270251    0.001111508      8.858951e-04            3.415820e-05
51  2013-08-17 15:05:00     69 297.0 167.0 167.2022 4.70415e-05 16.92718 0.1027376  0.042191472  0.004907696   1.251451e-03      0.0001455683         1  0.0296417075    0.001107962      9.109314e-04            3.404923e-05
52  2013-08-17 15:05:15     70 297.7 167.1 167.3055 4.70415e-05 17.03049 0.1027376  0.046674440  0.004907853   1.384421e-03      0.0001455729         1  0.0303545547    0.001104903      9.328382e-04            3.395523e-05
53  2013-08-17 15:05:30     71 298.5 167.1 167.3088 4.70415e-05 17.03381 0.1027376  0.046818252  0.004907858   1.388687e-03      0.0001455731         1  0.0311692372    0.001101458      9.578745e-04            3.384936e-05
54  2013-08-17 15:05:45     72 299.3 167.1 167.3121 4.70415e-05 17.03712 0.1027376  0.046962064  0.004907863   1.392953e-03      0.0001455732         1  0.0319839197    0.001098068      9.829109e-04            3.374516e-05
55  2013-08-17 15:06:00     73 300.1 167.2 167.4154 4.70415e-05 17.14044 0.1027376  0.051445032  0.004908021   1.525923e-03      0.0001455779         1  0.0327986021    0.001094732      1.007947e-03            3.364265e-05
56  2013-08-17 15:06:15     74 300.9 167.3 167.5187 4.70415e-05 17.24375 0.1027376  0.055928000  0.004908179   1.658893e-03      0.0001455826         1  0.0336132846    0.001091452      1.032984e-03            3.354185e-05
57  2013-08-17 15:06:30     75 301.7 167.3 167.5221 4.70415e-05 17.24707 0.1027376  0.056071812  0.004908185   1.663159e-03      0.0001455828         1  0.0344279671    0.001088227      1.058020e-03            3.344276e-05
58  2013-08-17 15:06:45     76 302.5 167.3 167.5254 4.70415e-05 17.25038 0.1027376  0.056215624  0.004908190   1.667425e-03      0.0001455829         1  0.0352426496    0.001085060      1.083056e-03            3.334541e-05
59  2013-08-17 15:07:00     77 303.2 167.4 167.6287 4.70415e-05 17.35369 0.1027376  0.060698592  0.004908350   1.800395e-03      0.0001455877         1  0.0359554968    0.001082335      1.104963e-03            3.326166e-05
60  2013-08-17 15:07:15     78 304.0 167.4 167.6320 4.70415e-05 17.35701 0.1027376  0.060842404  0.004908355   1.804661e-03      0.0001455878         1  0.0367701792    0.001079274      1.129999e-03            3.316761e-05
61  2013-08-17 15:07:30     79 304.8 167.5 167.7353 4.70415e-05 17.46032 0.1027376  0.065325372  0.004908516   1.937631e-03      0.0001455926         1  0.0375848617    0.001076271      1.155036e-03            3.307533e-05
62  2013-08-17 15:07:45     80 305.6 167.4 167.6386 4.70415e-05 17.36364 0.1027376  0.061130028  0.004908365   1.813192e-03      0.0001455881         1  0.0383995442    0.001073327      1.180072e-03            3.298485e-05
63  2013-08-17 15:08:00     81 306.3 167.5 167.7419 4.70415e-05 17.46695 0.1027376  0.065612996  0.004908526   1.946162e-03      0.0001455929         1  0.0391123914    0.001070799      1.201979e-03            3.290716e-05
64  2013-08-17 15:08:15     82 307.1 167.4 167.6453 4.70415e-05 17.37027 0.1027376  0.061417652  0.004908375   1.821723e-03      0.0001455885         1  0.0399270738    0.001067965      1.227015e-03            3.282008e-05
65  2013-08-17 15:08:30     83 308.1 167.4 167.6486 4.70415e-05 17.37358 0.1027376  0.061561464  0.004908380   1.825989e-03      0.0001455886         1  0.0409454269    0.001064508      1.258311e-03            3.271382e-05
66  2013-08-17 15:08:45     84 308.7 167.5 167.7519 4.70415e-05 17.47689 0.1027376  0.066044432  0.004908541   1.958959e-03      0.0001455934         1  0.0415564388    0.001062478      1.277088e-03            3.265145e-05
67  2013-08-17 15:09:00     85 309.5 167.5 167.7552 4.70415e-05 17.48021 0.1027376  0.066188244  0.004908547   1.963225e-03      0.0001455935         1  0.0423711213    0.001059825      1.302124e-03            3.256992e-05
68  2013-08-17 15:09:15     86 310.3 167.5 167.7585 4.70415e-05 17.48352 0.1027376  0.066332056  0.004908552   1.967490e-03      0.0001455937         1  0.0431858037    0.001057233      1.327161e-03            3.249027e-05
69  2013-08-17 15:09:30     87 311.0 167.6 167.8618 4.70415e-05 17.58684 0.1027376  0.070815024  0.004908714   2.100461e-03      0.0001455985         1  0.0438986509    0.001055016      1.349067e-03            3.242212e-05
70  2013-08-17 15:09:45     88 311.8 167.5 167.7651 4.70415e-05 17.49015 0.1027376  0.066619680  0.004908562   1.976022e-03      0.0001455940         1  0.0447133334    0.001052540      1.374104e-03            3.234603e-05
71  2013-08-17 15:10:00     89 312.6 167.4 167.6685 4.70415e-05 17.39347 0.1027376  0.062424336  0.004908411   1.851583e-03      0.0001455895         1  0.0455280159    0.001050126      1.399140e-03            3.227186e-05
72  2013-08-17 15:10:15     90 313.4 167.6 167.8718 4.70415e-05 17.59678 0.1027376  0.071246460  0.004908730   2.113258e-03      0.0001455990         1  0.0463426984    0.001047776      1.424176e-03            3.219962e-05
73  2013-08-17 15:10:30     91 314.2 167.6 167.8751 4.70415e-05 17.60009 0.1027376  0.071390272  0.004908735   2.117523e-03      0.0001455991         1  0.0471573808    0.001045488      1.449213e-03            3.212932e-05
74  2013-08-17 15:10:45     92 315.0 167.7 167.9784 4.70415e-05 17.70341 0.1027376  0.075873240  0.004908898   2.250494e-03      0.0001456040         1  0.0479720633    0.001043264      1.474249e-03            3.206098e-05
75  2013-08-17 15:11:00     93 315.8 167.8 168.0817 4.70415e-05 17.80672 0.1027376  0.080356208  0.004909062   2.383464e-03      0.0001456088         1  0.0487867458    0.001041105      1.499285e-03            3.199461e-05
76  2013-08-17 15:11:15     94 316.5 167.8 168.0850 4.70415e-05 17.81004 0.1027376  0.080500020  0.004909067   2.387730e-03      0.0001456090         1  0.0494995930    0.001039268      1.521192e-03            3.193816e-05
77  2013-08-17 15:11:30     95 317.3 167.7 167.9883 4.70415e-05 17.71335 0.1027376  0.076304676  0.004908914   2.263291e-03      0.0001456044         1  0.0503142754    0.001037229      1.546229e-03            3.187552e-05
78  2013-08-17 15:11:45     96 318.2 167.8 168.0917 4.70415e-05 17.81667 0.1027376  0.080787644  0.004909078   2.396261e-03      0.0001456093         1  0.0512307932    0.001035014      1.574394e-03            3.180744e-05
79  2013-08-17 15:12:00     97 319.0 167.9 168.1950 4.70415e-05 17.91998 0.1027376  0.085270612  0.004909243   2.529231e-03      0.0001456142         1  0.0520454757    0.001033115      1.599431e-03            3.174907e-05
80  2013-08-17 15:12:15     98 319.8 167.9 168.1983 4.70415e-05 17.92329 0.1027376  0.085414424  0.004909248   2.533497e-03      0.0001456143         1  0.0528601582    0.001031281      1.624467e-03            3.169272e-05
81  2013-08-17 15:12:30     99 320.5 168.0 168.3016 4.70415e-05 18.02661 0.1027376  0.089897392  0.004909414   2.666467e-03      0.0001456193         1  0.0535730053    0.001029731      1.646374e-03            3.164509e-05
82  2013-08-17 15:12:45    100 321.3 168.0 168.3049 4.70415e-05 18.02992 0.1027376  0.090041204  0.004909420   2.670733e-03      0.0001456194         1  0.0543876878    0.001028023      1.671410e-03            3.159258e-05
83  2013-08-17 15:13:00    101 322.2 168.1 168.4082 4.70415e-05 18.13324 0.1027376  0.094524172  0.004909587   2.803703e-03      0.0001456244         1  0.0553042056    0.001026180      1.699576e-03            3.153596e-05
84  2013-08-17 15:13:15    102 323.0 168.0 168.3115 4.70415e-05 18.03655 0.1027376  0.090328828  0.004909430   2.679264e-03      0.0001456197         1  0.0561188881    0.001024614      1.724612e-03            3.148784e-05
85  2013-08-17 15:13:30    103 323.7 168.0 168.3149 4.70415e-05 18.03987 0.1027376  0.090472640  0.004909436   2.683530e-03      0.0001456199         1  0.0568317353    0.001023299      1.746519e-03            3.144743e-05
86  2013-08-17 15:13:45    104 324.5 168.1 168.4182 4.70415e-05 18.14318 0.1027376  0.094955608  0.004909603   2.816500e-03      0.0001456249         1  0.0576464177    0.001021860      1.771556e-03            3.140321e-05
87  2013-08-17 15:14:00    105 325.1 168.2 168.5215 4.70415e-05 18.24649 0.1027376  0.099438575  0.004909771   2.949471e-03      0.0001456298         1  0.0582574296    0.001020826      1.790333e-03            3.137142e-05
88  2013-08-17 15:14:15    106 325.8 168.2 168.5248 4.70415e-05 18.24981 0.1027376  0.099582387  0.004909776   2.953736e-03      0.0001456300         1  0.0589702768    0.001019668      1.812240e-03            3.133582e-05
89  2013-08-17 15:14:30    107 326.6 168.1 168.4281 4.70415e-05 18.15312 0.1027376  0.095387044  0.004909619   2.829297e-03      0.0001456253         1  0.0597849592    0.001018408      1.837276e-03            3.129712e-05
90  2013-08-17 15:14:45    108 327.3 168.2 168.5314 4.70415e-05 18.25644 0.1027376  0.099870012  0.004909787   2.962267e-03      0.0001456303         1  0.0604978064    0.001017363      1.859183e-03            3.126499e-05
91  2013-08-17 15:15:00    109 328.1 168.2 168.5347 4.70415e-05 18.25975 0.1027376  0.100013824  0.004909792   2.966533e-03      0.0001456305         1  0.0613124889    0.001016233      1.884219e-03            3.123027e-05
92  2013-08-17 15:15:15    110 329.0 168.3 168.6381 4.70415e-05 18.36307 0.1027376  0.104496791  0.004909962   3.099503e-03      0.0001456355         1  0.0622290067    0.001015045      1.912385e-03            3.119375e-05
93  2013-08-17 15:15:30    111 330.0 168.2 168.5414 4.70415e-05 18.26638 0.1027376  0.100301448  0.004909803   2.975064e-03      0.0001456308         1  0.0632473598    0.001013827      1.943680e-03            3.115635e-05
94  2013-08-17 15:15:45    112 330.7 168.3 168.6447 4.70415e-05 18.36969 0.1027376  0.104784416  0.004909973   3.108035e-03      0.0001456358         1  0.0639602069    0.001013040      1.965587e-03            3.113216e-05
95  2013-08-17 15:16:00    113 331.5 168.3 168.6480 4.70415e-05 18.37301 0.1027376  0.104928228  0.004909978   3.112300e-03      0.0001456360         1  0.0647748894    0.001012207      1.990624e-03            3.110653e-05
96  2013-08-17 15:16:15    114 332.3 168.4 168.7513 4.70415e-05 18.47632 0.1027376  0.109411195  0.004910148   3.245271e-03      0.0001456410         1  0.0655895719    0.001011443      2.015660e-03            3.108306e-05
97  2013-08-17 15:16:30    115 333.2 168.4 168.7546 4.70415e-05 18.47964 0.1027376  0.109555007  0.004910154   3.249536e-03      0.0001456412         1  0.0665060897    0.001010668      2.043826e-03            3.105924e-05
98  2013-08-17 15:16:45    116 334.1 168.4 168.7579 4.70415e-05 18.48295 0.1027376  0.109698819  0.004910159   3.253802e-03      0.0001456414         1  0.0674226075    0.001009982      2.071992e-03            3.103817e-05
99  2013-08-17 15:17:00    117 335.0 168.7 169.0613 4.70415e-05 18.78627 0.1027376  0.122860099  0.004910665   3.644182e-03      0.0001456564         1  0.0683391253    0.001009385      2.100158e-03            3.101984e-05
100 2013-08-17 15:17:15    118 335.9 168.6 168.9646 4.70415e-05 18.68958 0.1027376  0.118664755  0.004910503   3.519743e-03      0.0001456515         1  0.0692556431    0.001008879      2.128323e-03            3.100426e-05
101 2013-08-17 15:17:30    119 336.7 168.5 168.8679 4.70415e-05 18.59289 0.1027376  0.114469411  0.004910341   3.395304e-03      0.0001456468         1  0.0700703255    0.001008503      2.153360e-03            3.099272e-05
102 2013-08-17 15:17:45    120 337.5 168.6 168.9712 4.70415e-05 18.69621 0.1027376  0.118952379  0.004910514   3.528274e-03      0.0001456519         1  0.0708850080    0.001008199      2.178396e-03            3.098337e-05
103 2013-08-17 15:18:00    121 338.3 168.4 168.7745 4.70415e-05 18.49952 0.1027376  0.110417880  0.004910187   3.275130e-03      0.0001456422         1  0.0716996905    0.001007966      2.203432e-03            3.097620e-05
104 2013-08-17 15:18:15    122 339.1 168.4 168.7778 4.70415e-05 18.50284 0.1027376  0.110561692  0.004910192   3.279396e-03      0.0001456423         1  0.0725143730    0.001007803      2.228469e-03            3.097121e-05
105 2013-08-17 15:18:30    123 340.0 168.5 168.8811 4.70415e-05 18.60615 0.1027376  0.115044660  0.004910363   3.412366e-03      0.0001456474         1  0.0734308908    0.001007706      2.256635e-03            3.096821e-05
106 2013-08-17 15:18:45    124 340.8 168.4 168.7845 4.70415e-05 18.50947 0.1027376  0.110849316  0.004910203   3.287927e-03      0.0001456427         1  0.0742455732    0.001007694      2.281671e-03            3.096787e-05
107 2013-08-17 15:19:00    125 341.5 168.5 168.8878 4.70415e-05 18.61278 0.1027376  0.115332284  0.004910374   3.420897e-03      0.0001456477         1  0.0749584204    0.001007743      2.303578e-03            3.096936e-05
108 2013-08-17 15:19:15    126 342.3 168.5 168.8911 4.70415e-05 18.61609 0.1027376  0.115476096  0.004910380   3.425163e-03      0.0001456479         1  0.0757731029    0.001007865      2.328614e-03            3.097311e-05
109 2013-08-17 15:19:30    127 343.2 168.8 169.1944 4.70415e-05 18.91941 0.1027376  0.128637375  0.004910889   3.815543e-03      0.0001456630         1  0.0766896207    0.001008087      2.356780e-03            3.097995e-05
110 2013-08-17 15:19:45    128 344.1 168.8 169.1977 4.70415e-05 18.92272 0.1027376  0.128781187  0.004910895   3.819809e-03      0.0001456632         1  0.0776061385    0.001008400      2.384946e-03            3.098954e-05
111 2013-08-17 15:20:00    129 345.0 168.9 169.3010 4.70415e-05 19.02604 0.1027376  0.133264155  0.004911070   3.952779e-03      0.0001456684         1  0.0785226563    0.001008802      2.413112e-03            3.100190e-05
112 2013-08-17 15:20:15    130 345.9 168.8 169.2043 4.70415e-05 18.92935 0.1027376  0.129068811  0.004910906   3.828340e-03      0.0001456635         1  0.0794391740    0.001009294      2.441278e-03            3.101701e-05
113 2013-08-17 15:20:30    131 346.8 168.7 169.1077 4.70415e-05 18.83267 0.1027376  0.124873467  0.004910743   3.703901e-03      0.0001456587         1  0.0803556918    0.001009875      2.469444e-03            3.103488e-05
114 2013-08-17 15:20:45    132 347.7 168.8 169.2110 4.70415e-05 18.93598 0.1027376  0.129356435  0.004910917   3.836871e-03      0.0001456638         1  0.0812722096    0.001010546      2.497609e-03            3.105549e-05
115 2013-08-17 15:21:00    133 348.7 168.7 169.1143 4.70415e-05 18.83929 0.1027376  0.125161091  0.004910754   3.712432e-03      0.0001456590         1  0.0822905627    0.001011396      2.528905e-03            3.108161e-05
116 2013-08-17 15:21:15    134 349.6 168.7 169.1176 4.70415e-05 18.84261 0.1027376  0.125304904  0.004910759   3.716698e-03      0.0001456592         1  0.0832070805    0.001012255      2.557071e-03            3.110801e-05
117 2013-08-17 15:21:30    135 350.4 168.9 169.3209 4.70415e-05 19.04592 0.1027376  0.134127027  0.004911104   3.978373e-03      0.0001456694         1  0.0840217630    0.001013093      2.582107e-03            3.113377e-05
118 2013-08-17 15:21:45    136 351.3 168.7 169.1242 4.70415e-05 18.84924 0.1027376  0.125592528  0.004910770   3.725229e-03      0.0001456595         1  0.0849382808    0.001014119      2.610273e-03            3.116531e-05
119 2013-08-17 15:22:00    137 352.2 168.8 169.2275 4.70415e-05 18.95255 0.1027376  0.130075495  0.004910945   3.858199e-03      0.0001456647         1  0.0858547986    0.001015234      2.638439e-03            3.119957e-05
120 2013-08-17 15:22:15    138 353.1 168.9 169.3309 4.70415e-05 19.05587 0.1027376  0.134558463  0.004911121   3.991170e-03      0.0001456699         1  0.0867713163    0.001016437      2.666605e-03            3.123653e-05
121 2013-08-17 15:22:30    139 354.0 169.0 169.4342 4.70415e-05 19.15918 0.1027376  0.139041431  0.004911297   4.124140e-03      0.0001456751         1  0.0876878341    0.001017727      2.694771e-03            3.127619e-05
122 2013-08-17 15:22:45    140 355.0 169.0 169.4375 4.70415e-05 19.16249 0.1027376  0.139185243  0.004911303   4.128406e-03      0.0001456753         1  0.0887061872    0.001019264      2.726066e-03            3.132341e-05
123 2013-08-17 15:23:00    141 355.9 169.0 169.4408 4.70415e-05 19.16581 0.1027376  0.139329055  0.004911308   4.132671e-03      0.0001456755         1  0.0896227050    0.001020738      2.754232e-03            3.136872e-05
124 2013-08-17 15:23:15    142 356.9 169.1 169.5441 4.70415e-05 19.26912 0.1027376  0.143812023  0.004911486   4.265642e-03      0.0001456807         1  0.0906410581    0.001022478      2.785527e-03            3.142219e-05
125 2013-08-17 15:23:30    143 357.8 169.2 169.6474 4.70415e-05 19.37244 0.1027376  0.148294991  0.004911664   4.398612e-03      0.0001456860         1  0.0915575759    0.001024135      2.813693e-03            3.147311e-05
126 2013-08-17 15:23:45    144 358.9 169.3 169.7507 4.70415e-05 19.47575 0.1027376  0.152777959  0.004911844   4.531582e-03      0.0001456913         1  0.0926777643    0.001026276      2.848118e-03            3.153892e-05
127 2013-08-17 15:24:00    145 359.8 169.2 169.6541 4.70415e-05 19.37907 0.1027376  0.148582615  0.004911676   4.407143e-03      0.0001456863         1  0.0935942821    0.001028123      2.876284e-03            3.159568e-05
128 2013-08-17 15:24:15    146 360.7 169.0 169.4574 4.70415e-05 19.18238 0.1027376  0.140048115  0.004911337   4.153999e-03      0.0001456763         1  0.0945107999    0.001030055      2.904450e-03            3.165504e-05
129 2013-08-17 15:24:30    147 361.7 169.2 169.6607 4.70415e-05 19.38569 0.1027376  0.148870239  0.004911687   4.415675e-03      0.0001456867         1  0.0955291530    0.001032300      2.935745e-03            3.172403e-05
130 2013-08-17 15:24:45    148 362.6 169.2 169.6640 4.70415e-05 19.38901 0.1027376  0.149014051  0.004911693   4.419940e-03      0.0001456869         1  0.0964456708    0.001034409      2.963911e-03            3.178884e-05
131 2013-08-17 15:25:00    149 363.8 169.4 169.8673 4.70415e-05 19.59232 0.1027376  0.157836175  0.004912047   4.681615e-03      0.0001456974         1  0.0976676945    0.001037350      3.001466e-03            3.187923e-05
132 2013-08-17 15:25:15    150 364.8 169.4 169.8706 4.70415e-05 19.59564 0.1027376  0.157979987  0.004912053   4.685881e-03      0.0001456975         1  0.0986860476    0.001039913      3.032761e-03            3.195799e-05
133 2013-08-17 15:25:30    151 365.9 169.2 169.6739 4.70415e-05 19.39895 0.1027376  0.149445487  0.004911710   4.432737e-03      0.0001456874         1  0.0998062360    0.001042849      3.067186e-03            3.204823e-05
134 2013-08-17 15:25:45    152 366.8 169.4 169.8773 4.70415e-05 19.60227 0.1027376  0.158267611  0.004912065   4.694412e-03      0.0001456979         1  0.1007227538    0.001045342      3.095352e-03            3.212483e-05
135 2013-08-17 15:26:00    153 367.9 169.3 169.7806 4.70415e-05 19.50558 0.1027376  0.154072267  0.004911896   4.569973e-03      0.0001456929         1  0.1018429422    0.001048498      3.129777e-03            3.222181e-05
136 2013-08-17 15:26:15    154 368.9 169.3 169.7839 4.70415e-05 19.50889 0.1027376  0.154216079  0.004911901   4.574239e-03      0.0001456930         1  0.1028612953    0.001051470      3.161072e-03            3.231317e-05
137 2013-08-17 15:26:30    155 370.0 169.1 169.5872 4.70415e-05 19.31221 0.1027376  0.145681579  0.004911560   4.321095e-03      0.0001456829         1  0.1039814837    0.001054853      3.195497e-03            3.241713e-05
138 2013-08-17 15:26:45    156 371.1 169.3 169.7905 4.70415e-05 19.51552 0.1027376  0.154503703  0.004911913   4.582770e-03      0.0001456934         1  0.1051016721    0.001058353      3.229922e-03            3.252469e-05
139 2013-08-17 15:27:00    157 372.3 169.2 169.6938 4.70415e-05 19.41884 0.1027376  0.150308359  0.004911745   4.458331e-03      0.0001456884         1  0.1063236958    0.001062304      3.267477e-03            3.264610e-05
140 2013-08-17 15:27:15    158 373.6 169.4 169.8971 4.70415e-05 19.62215 0.1027376  0.159130483  0.004912099   4.720006e-03      0.0001456989         1  0.1076475549    0.001066738      3.308161e-03            3.278235e-05
141 2013-08-17 15:27:30    159 374.8 169.5 170.0005 4.70415e-05 19.72547 0.1027376  0.163613451  0.004912281   4.852976e-03      0.0001457043         1  0.1088695786    0.001070971      3.345715e-03            3.291245e-05
142 2013-08-17 15:27:45    160 376.0 169.5 170.0038 4.70415e-05 19.72878 0.1027376  0.163757263  0.004912287   4.857242e-03      0.0001457045         1  0.1100916023    0.001075338      3.383270e-03            3.304664e-05
143 2013-08-17 15:28:00    161 377.1 169.5 170.0071 4.70415e-05 19.73209 0.1027376  0.163901075  0.004912293   4.861508e-03      0.0001457047         1  0.1112117907    0.001079456      3.417695e-03            3.317321e-05
144 2013-08-17 15:28:15    162 378.2 169.6 170.1104 4.70415e-05 19.83541 0.1027376  0.168384043  0.004912476   4.994478e-03      0.0001457101         1  0.1123319791    0.001083684      3.452120e-03            3.330314e-05
145 2013-08-17 15:28:30    163 379.2 169.5 170.0137 4.70415e-05 19.73872 0.1027376  0.164188699  0.004912305   4.870039e-03      0.0001457050         1  0.1133503322    0.001087621      3.483415e-03            3.342414e-05
146 2013-08-17 15:28:45    164 380.3 169.6 170.1170 4.70415e-05 19.84204 0.1027376  0.168671667  0.004912487   5.003009e-03      0.0001457104         1  0.1144705206    0.001092055      3.517840e-03            3.356037e-05
147 2013-08-17 15:29:00    165 381.4 169.5 170.0203 4.70415e-05 19.74535 0.1027376  0.164476323  0.004912316   4.878570e-03      0.0001457053         1  0.1155907090    0.001096593      3.552265e-03            3.369986e-05
148 2013-08-17 15:29:15    166 382.5 169.7 170.2237 4.70415e-05 19.94867 0.1027376  0.173298447  0.004912677   5.140245e-03      0.0001457160         1  0.1167108974    0.001101236      3.586690e-03            3.384254e-05
149 2013-08-17 15:29:30    167 383.6 169.8 170.3270 4.70415e-05 20.05198 0.1027376  0.177781415  0.004912862   5.273216e-03      0.0001457215         1  0.1178310858    0.001105982      3.621115e-03            3.398840e-05
150 2013-08-17 15:29:45    168 384.8 169.7 170.2303 4.70415e-05 19.95529 0.1027376  0.173586071  0.004912689   5.148777e-03      0.0001457164         1  0.1190531096    0.001111276      3.658670e-03            3.415108e-05
151 2013-08-17 15:30:00    169 385.9 169.8 170.3336 4.70415e-05 20.05861 0.1027376  0.178069039  0.004912873   5.281747e-03      0.0001457219         1  0.1201732980    0.001116233      3.693095e-03            3.430342e-05
152 2013-08-17 15:30:15    170 387.1 169.7 170.2369 4.70415e-05 19.96192 0.1027376  0.173873695  0.004912700   5.157308e-03      0.0001457167         1  0.1213953217    0.001121754      3.730649e-03            3.447308e-05
153 2013-08-17 15:30:30    171 388.3 169.7 170.2402 4.70415e-05 19.96524 0.1027376  0.174017507  0.004912706   5.161573e-03      0.0001457169         1  0.1226173454    0.001127391      3.768204e-03            3.464630e-05
154 2013-08-17 15:30:45    172 389.8 169.8 170.3435 4.70415e-05 20.06855 0.1027376  0.178500475  0.004912891   5.294544e-03      0.0001457224         1  0.1241448750    0.001134597      3.815147e-03            3.486776e-05
155 2013-08-17 15:31:00    173 391.2 169.9 170.4469 4.70415e-05 20.17187 0.1027376  0.182983443  0.004913077   5.427514e-03      0.0001457279         1  0.1255705694    0.001141481      3.858960e-03            3.507932e-05
156 2013-08-17 15:31:15    174 392.4 169.9 170.4502 4.70415e-05 20.17518 0.1027376  0.183127255  0.004913083   5.431780e-03      0.0001457281         1  0.1267925931    0.001147501      3.896515e-03            3.526432e-05
157 2013-08-17 15:31:30    175 393.8 169.8 170.3535 4.70415e-05 20.07849 0.1027376  0.178931911  0.004912909   5.307341e-03      0.0001457229         1  0.1282182874    0.001154661      3.940328e-03            3.548436e-05
158 2013-08-17 15:31:45    176 394.8 169.7 170.2568 4.70415e-05 19.98181 0.1027376  0.174736567  0.004912736   5.182902e-03      0.0001457178         1  0.1292366405    0.001159864      3.971624e-03            3.564426e-05
159 2013-08-17 15:32:00    177 395.8 169.8 170.3601 4.70415e-05 20.08512 0.1027376  0.179219535  0.004912921   5.315872e-03      0.0001457233         1  0.1302549936    0.001165140      4.002919e-03            3.580640e-05
160 2013-08-17 15:32:15    178 397.1 169.8 170.3634 4.70415e-05 20.08844 0.1027376  0.179363347  0.004912927   5.320138e-03      0.0001457235         1  0.1315788527    0.001172106      4.043603e-03            3.602048e-05
161 2013-08-17 15:32:30    179 398.3 169.9 170.4667 4.70415e-05 20.19175 0.1027376  0.183846315  0.004913113   5.453108e-03      0.0001457290         1  0.1328008764    0.001178643      4.081158e-03            3.622135e-05
162 2013-08-17 15:32:45    180 399.8 169.9 170.4701 4.70415e-05 20.19507 0.1027376  0.183990127  0.004913119   5.457374e-03      0.0001457292         1  0.1343284060    0.001186953      4.128101e-03            3.647675e-05
163 2013-08-17 15:33:00    181 401.0 169.9 170.4734 4.70415e-05 20.19838 0.1027376  0.184133939  0.004913125   5.461639e-03      0.0001457293         1  0.1355504297    0.001193712      4.165655e-03            3.668446e-05
164 2013-08-17 15:33:15    182 402.1 169.9 170.4767 4.70415e-05 20.20169 0.1027376  0.184277751  0.004913131   5.465905e-03      0.0001457295         1  0.1366706181    0.001199993      4.200080e-03            3.687746e-05
165 2013-08-17 15:33:30    183 403.5 170.1 170.6800 4.70415e-05 20.40501 0.1027376  0.193099875  0.004913500   5.727580e-03      0.0001457404         1  0.1380963125    0.001208101      4.243894e-03            3.712663e-05
166 2013-08-17 15:33:45    184 404.8 170.1 170.6833 4.70415e-05 20.40832 0.1027376  0.193243687  0.004913506   5.731846e-03      0.0001457406         1  0.1394201715    0.001215743      4.284578e-03            3.736149e-05
167 2013-08-17 15:34:00    185 406.2 170.1 170.6866 4.70415e-05 20.41164 0.1027376  0.193387499  0.004913512   5.736111e-03      0.0001457408         1  0.1408458658    0.001224092      4.328392e-03            3.761808e-05
168 2013-08-17 15:34:15    186 407.4 170.0 170.5899 4.70415e-05 20.31495 0.1027376  0.189192155  0.004913336   5.611672e-03      0.0001457356         1  0.1420678896    0.001231346      4.365946e-03            3.784099e-05
169 2013-08-17 15:34:30    187 408.8 170.1 170.6933 4.70415e-05 20.41827 0.1027376  0.193675123  0.004913524   5.744643e-03      0.0001457412         1  0.1434935839    0.001239919      4.409760e-03            3.810446e-05
170 2013-08-17 15:34:45    188 410.2 170.3 170.8966 4.70415e-05 20.62158 0.1027376  0.202497247  0.004913897   6.006318e-03      0.0001457522         1  0.1449192782    0.001248609      4.453573e-03            3.837152e-05
171 2013-08-17 15:35:00    189 411.5 170.3 170.8999 4.70415e-05 20.62489 0.1027376  0.202641059  0.004913903   6.010583e-03      0.0001457524         1  0.1462431373    0.001256781      4.494257e-03            3.862266e-05
172 2013-08-17 15:35:15    190 412.7 170.4 171.0032 4.70415e-05 20.72821 0.1027376  0.207124027  0.004914094   6.143554e-03      0.0001457581         1  0.1474651610    0.001264411      4.531812e-03            3.885712e-05
173 2013-08-17 15:35:30    191 414.2 170.4 171.0065 4.70415e-05 20.73152 0.1027376  0.207267839  0.004914100   6.147819e-03      0.0001457582         1  0.1489926906    0.001274061      4.578755e-03            3.915369e-05
174 2013-08-17 15:35:45    192 415.8 170.4 171.0098 4.70415e-05 20.73484 0.1027376  0.207411651  0.004914106   6.152085e-03      0.0001457584         1  0.1506220556    0.001284491      4.628828e-03            3.947422e-05
175 2013-08-17 15:36:00    193 417.0 170.4 171.0131 4.70415e-05 20.73815 0.1027376  0.207555463  0.004914112   6.156350e-03      0.0001457586         1  0.1518440793    0.001292404      4.666382e-03            3.971739e-05
176 2013-08-17 15:36:15    194 418.1 170.5 171.1165 4.70415e-05 20.84147 0.1027376  0.212038431  0.004914304   6.289321e-03      0.0001457643         1  0.1529642677    0.001299724      4.700807e-03            3.994235e-05
177 2013-08-17 15:36:30    195 419.3 170.5 171.1198 4.70415e-05 20.84478 0.1027376  0.212182243  0.004914310   6.293586e-03      0.0001457645         1  0.1541862914    0.001307781      4.738362e-03            4.018995e-05
178 2013-08-17 15:36:45    196 420.5 170.4 171.0231 4.70415e-05 20.74809 0.1027376  0.207986899  0.004914130   6.169147e-03      0.0001457592         1  0.1554083152    0.001315911      4.775916e-03            4.043981e-05
179 2013-08-17 15:37:00    197 421.7 170.5 171.1264 4.70415e-05 20.85141 0.1027376  0.212469867  0.004914322   6.302118e-03      0.0001457649         1  0.1566303389    0.001324113      4.813471e-03            4.069187e-05
180 2013-08-17 15:37:15    198 422.8 170.5 171.1297 4.70415e-05 20.85472 0.1027376  0.212613679  0.004914329   6.306383e-03      0.0001457650         1  0.1577505273    0.001331694      4.847896e-03            4.092483e-05
181 2013-08-17 15:37:30    199 423.8 170.5 171.1330 4.70415e-05 20.85804 0.1027376  0.212757491  0.004914335   6.310649e-03      0.0001457652         1  0.1587688804    0.001338636      4.879191e-03            4.113817e-05
182 2013-08-17 15:37:45    200 425.1 170.5 171.1363 4.70415e-05 20.86135 0.1027376  0.212901303  0.004914341   6.314915e-03      0.0001457654         1  0.1600927394    0.001347731      4.919875e-03            4.141768e-05
183 2013-08-17 15:38:00    201 426.3 170.6 171.2397 4.70415e-05 20.96467 0.1027376  0.217384271  0.004914534   6.447885e-03      0.0001457711         1  0.1613147631    0.001356197      4.957430e-03            4.167783e-05
184 2013-08-17 15:38:15    202 427.8 170.7 171.3430 4.70415e-05 21.06798 0.1027376  0.221867239  0.004914728   6.580855e-03      0.0001457769         1  0.1628422928    0.001366871      5.004373e-03            4.200586e-05
185 2013-08-17 15:38:30    203 428.5 170.8 171.4463 4.70415e-05 21.17129 0.1027376  0.226350206  0.004914923   6.713826e-03      0.0001457827         1  0.1635551399    0.001371886      5.026280e-03            4.216000e-05
186 2013-08-17 15:38:45    204 429.4 171.0 171.6496 4.70415e-05 21.37461 0.1027376  0.235172330  0.004915309   6.975501e-03      0.0001457941         1  0.1644716577    0.001378367      5.054446e-03            4.235915e-05

$dryleafvolt
            timestamp record LWSmV  SEmV    CSEmV    CSEmV.sd   loadmV loadmV.sd
1 2013-08-17 14:51:30     15 265.1 166.1 166.1232 4.70415e-05 15.84821 0.1027376
2 2013-08-17 14:51:45     16 265.1 166.4 166.4265 4.70415e-05 16.15152 0.1027376
3 2013-08-17 14:52:00     17 265.1 166.3 166.3298 4.70415e-05 16.05484 0.1027376
4 2013-08-17 14:52:15     18 265.1 166.1 166.1331 4.70415e-05 15.85815 0.1027376
5 2013-08-17 14:52:30     19 265.1 166.1 166.1365 4.70415e-05 15.86147 0.1027376

$runtime
Time difference of 46.25 mins

$startcalibvolt
            timestamp record LWSmV  SEmV    CSEmV    CSEmV.sd   loadmV loadmV.sd
1 2013-08-17 14:50:15     10 265.1 273.2 273.2066 4.70415e-05 122.9316 0.1027376
2 2013-08-17 14:50:30     11 265.1 273.1 273.1099 4.70415e-05 122.8350 0.1027376
3 2013-08-17 14:50:45     12 265.1 273.0 273.0133 4.70415e-05 122.7383 0.1027376

$endcalibvolt
            timestamp record LWSmV  SEmV
1 2013-08-17 15:42:15    218 266.4 272.5
2 2013-08-17 15:42:30    219 266.4 272.6
3 2013-08-17 15:42:45    220 266.4 272.5
4 2013-08-17 15:43:00    221 266.4 272.6

$lastLWSvolt
[1] 427.3

$maxLWSvolt
[1] 429.5

$species
[1] "coastliveoak"

$trial
[1] "5"

$replicate
[1] "1"

$isvertical
[1] FALSE

$conversionfactor
         avg        stdev
1 0.04339156 2.095328e-05

$LWSwatermass
       avg       stdev
1 0.164666 0.003153245

$dryleafmass
        avg       stdev
1 0.6923052 0.002021488

$lwsmodel

Call:
lm(formula = LWSsurfacedensity ~ record, data = rd[rd$runfilter == 
    1, ])

Coefficients:
(Intercept)       record  
 -1.186e-03    2.915e-05  


$leafmodel

Call:
lm(formula = surfacedensity ~ record, data = rd[rd$runfilter == 
    1, ])

Coefficients:
(Intercept)       record  
 -1.293e-03    3.848e-05  


