$name
[1] "coastliveoak2"

$leafarea
[1] 30.93391

$startbasevolt
            timestamp record LWSmV  SEmV CSEmV CSEmV.sd loadmV loadmV.sd
1 2013-08-17 11:51:00      3 264.7 141.4 141.4        0      0 0.1224745
2 2013-08-17 11:51:15      4 264.6 141.4 141.4        0      0 0.1224745

$endbasevolt
            timestamp record LWSmV  SEmV CSEmV     CSEmV.sd loadmV loadmV.sd
1 2013-08-17 12:46:15    224 265.1 141.6 141.6 5.178029e-05    0.2 0.1224745
2 2013-08-17 12:46:30    225 265.1 141.3 141.3 5.178029e-05   -0.1 0.1224745
3 2013-08-17 12:46:45    226 265.1 141.3 141.3 5.178029e-05   -0.1 0.1224745

$dryragvolt
            timestamp record LWSmV  SEmV CSEmV     CSEmV.sd loadmV loadmV.sd
1 2013-08-17 12:40:45    202 422.9 210.1 210.1 5.178029e-05   68.7 0.1224745
2 2013-08-17 12:41:00    203 422.3 209.7 209.7 5.178029e-05   68.3 0.1224745
3 2013-08-17 12:41:15    204 421.8 209.6 209.6 5.178029e-05   68.2 0.1224745
4 2013-08-17 12:41:30    205 421.3 209.5 209.5 5.178029e-05   68.1 0.1224745
5 2013-08-17 12:41:45    206 420.6 209.5 209.5 5.178029e-05   68.1 0.1224745
6 2013-08-17 12:42:00    207 419.8 209.4 209.4 5.178029e-05   68.0 0.1224745

$wetragvolt
            timestamp record LWSmV  SEmV CSEmV     CSEmV.sd loadmV loadmV.sd
1 2013-08-17 12:43:15    212 265.4 213.1 213.1 5.178029e-05   71.7 0.1224745
2 2013-08-17 12:43:30    213 265.1 212.9 212.9 5.178029e-05   71.5 0.1224745
3 2013-08-17 12:43:45    214 265.1 212.9 212.9 5.178029e-05   71.5 0.1224745
4 2013-08-17 12:44:00    215 265.1 212.9 212.9 5.178029e-05   71.5 0.1224745

$rundata
              timestamp record LWSmV  SEmV CSEmV     CSEmV.sd loadmV loadmV.sd     watermass watermass.sd surfacedensity surfacedensity.sd runfilter      LWSwater LWSwater.stdev LWSsurfacedensity LWSsurfacedensity.stdev
1   2013-08-17 11:55:45     22 265.1 156.6 156.6 5.178029e-05   15.2 0.1224745 -0.0096505522  0.005632581  -3.119732e-04      0.0001820844         0 -0.0028437563    0.001285489     -8.739263e-05            3.950488e-05
2   2013-08-17 11:56:00     23 265.7 156.5 156.5 5.178029e-05   15.1 0.1224745 -0.0139933007  0.005632413  -4.523612e-04      0.0001820789         0 -0.0022327444    0.001281556     -6.861538e-05            3.938403e-05
3   2013-08-17 11:56:15     24 266.0 157.4 157.4 5.178029e-05   16.0 0.1224745  0.0250914358  0.005633968   8.111304e-04      0.0001821292         0 -0.0019272385    0.001279597     -5.922675e-05            3.932383e-05
4   2013-08-17 11:56:30     25 266.4 157.2 157.2 5.178029e-05   15.8 0.1224745  0.0164059388  0.005633614   5.303545e-04      0.0001821178         0 -0.0015198973    0.001276993     -4.670858e-05            3.924379e-05
5   2013-08-17 11:56:45     26 267.0 156.8 156.8 5.178029e-05   15.4 0.1224745 -0.0009650552  0.005632921  -3.119732e-05      0.0001820953         0 -0.0009088854    0.001273103     -2.793133e-05            3.912424e-05
6   2013-08-17 11:57:00     27 267.5 156.8 156.8 5.178029e-05   15.4 0.1224745 -0.0009650552  0.005632921  -3.119732e-05      0.0001820953         0 -0.0003997088    0.001269876     -1.228362e-05            3.902509e-05
7   2013-08-17 11:57:15     28 268.1 156.8 156.8 5.178029e-05   15.4 0.1224745 -0.0009650552  0.005632921  -3.119732e-05      0.0001820953         0  0.0002113030    0.001266023      6.493639e-06            3.890666e-05
8   2013-08-17 11:57:30     29 268.7 157.3 157.3 5.178029e-05   15.9 0.1224745  0.0207486873  0.005633791   6.707425e-04      0.0001821235         0  0.0008223149    0.001262189      2.527089e-05            3.878885e-05
9   2013-08-17 11:57:45     30 269.3 157.6 157.6 5.178029e-05   16.2 0.1224745  0.0337769328  0.005634326   1.091906e-03      0.0001821408         0  0.0014333267    0.001258376      4.404815e-05            3.867167e-05
10  2013-08-17 11:58:00     31 270.0 157.6 157.6 5.178029e-05   16.2 0.1224745  0.0337769328  0.005634326   1.091906e-03      0.0001821408         0  0.0021461739    0.001253954      6.595494e-05            3.853576e-05
11  2013-08-17 11:58:15     32 270.7 156.9 156.9 5.178029e-05   15.5 0.1224745  0.0033776933  0.005633093   1.091906e-04      0.0001821009         0  0.0028590211    0.001249559      8.786174e-05            3.840072e-05
12  2013-08-17 11:58:30     33 271.3 157.3 157.3 5.178029e-05   15.9 0.1224745  0.0207486873  0.005633791   6.707425e-04      0.0001821235         0  0.0034700329    0.001245815      1.066390e-04            3.828566e-05
13  2013-08-17 11:58:45     34 272.0 157.6 157.6 5.178029e-05   16.2 0.1224745  0.0337769328  0.005634326   1.091906e-03      0.0001821408         0  0.0041828801    0.001241474      1.285458e-04            3.815226e-05
14  2013-08-17 11:59:00     35 272.7 157.2 157.2 5.178029e-05   15.8 0.1224745  0.0164059388  0.005633614   5.303545e-04      0.0001821178         0  0.0048957273    0.001237162      1.504526e-04            3.801974e-05
15  2013-08-17 11:59:15     36 273.4 157.5 157.5 5.178029e-05   16.1 0.1224745  0.0294341843  0.005634146   9.515184e-04      0.0001821350         0  0.0056085744    0.001232880      1.723594e-04            3.788814e-05
16  2013-08-17 11:59:30     37 274.1 157.0 157.0 5.178029e-05   15.6 0.1224745  0.0077204418  0.005633266   2.495786e-04      0.0001821065         0  0.0063214216    0.001228627      1.942662e-04            3.775744e-05
17  2013-08-17 11:59:45     38 274.8 157.7 157.7 5.178029e-05   16.3 0.1224745  0.0381196813  0.005634506   1.232294e-03      0.0001821466         0  0.0070342688    0.001224404      2.161730e-04            3.762767e-05
18  2013-08-17 12:00:00     39 275.5 157.5 157.5 5.178029e-05   16.1 0.1224745  0.0294341843  0.005634146   9.515184e-04      0.0001821350         0  0.0077471159    0.001220212      2.380798e-04            3.749883e-05
19  2013-08-17 12:00:15     40 276.1 157.1 157.1 5.178029e-05   15.7 0.1224745  0.0120631903  0.005633439   3.899666e-04      0.0001821121         0  0.0083581278    0.001216643      2.568570e-04            3.738915e-05
20  2013-08-17 12:00:30     41 276.8 157.1 157.1 5.178029e-05   15.7 0.1224745  0.0120631903  0.005633439   3.899666e-04      0.0001821121         0  0.0090709750    0.001212508      2.787638e-04            3.726207e-05
21  2013-08-17 12:00:45     42 277.5 157.1 157.1 5.178029e-05   15.7 0.1224745  0.0120631903  0.005633439   3.899666e-04      0.0001821121         0  0.0097838221    0.001208404      3.006706e-04            3.713595e-05
22  2013-08-17 12:01:00     43 278.2 157.6 157.6 5.178029e-05   16.2 0.1224745  0.0337769328  0.005634326   1.091906e-03      0.0001821408         0  0.0104966693    0.001204332      3.225774e-04            3.701080e-05
23  2013-08-17 12:01:15     44 278.8 157.3 157.3 5.178029e-05   15.9 0.1224745  0.0207486873  0.005633791   6.707425e-04      0.0001821235         0  0.0111076812    0.001200866      3.413547e-04            3.690431e-05
24  2013-08-17 12:01:30     45 279.6 157.9 157.9 5.178029e-05   16.5 0.1224745  0.0468051783  0.005634871   1.513070e-03      0.0001821584         0  0.0119223636    0.001196283      3.663910e-04            3.676345e-05
25  2013-08-17 12:01:45     46 280.3 157.2 157.2 5.178029e-05   15.8 0.1224745  0.0164059388  0.005633614   5.303545e-04      0.0001821178         0  0.0126352108    0.001192307      3.882978e-04            3.664128e-05
26  2013-08-17 12:02:00     47 281.0 157.2 157.2 5.178029e-05   15.8 0.1224745  0.0164059388  0.005633614   5.303545e-04      0.0001821178         0  0.0133480580    0.001188364      4.102046e-04            3.652011e-05
27  2013-08-17 12:02:15     48 281.7 157.1 157.1 5.178029e-05   15.7 0.1224745  0.0120631903  0.005633439   3.899666e-04      0.0001821121         0  0.0140609051    0.001184455      4.321114e-04            3.639996e-05
28  2013-08-17 12:02:30     49 282.5 157.4 157.4 5.178029e-05   16.0 0.1224745  0.0250914358  0.005633968   8.111304e-04      0.0001821292         0  0.0148755876    0.001180028      4.571477e-04            3.626391e-05
29  2013-08-17 12:02:45     50 283.2 157.6 157.6 5.178029e-05   16.2 0.1224745  0.0337769328  0.005634326   1.091906e-03      0.0001821408         0  0.0155884348    0.001176190      4.790545e-04            3.614598e-05
30  2013-08-17 12:03:00     51 284.0 158.1 158.1 5.178029e-05   16.7 0.1224745  0.0554906754  0.005635239   1.793846e-03      0.0001821703         0  0.0164031173    0.001171847      5.040909e-04            3.601250e-05
31  2013-08-17 12:03:15     52 284.7 157.7 157.7 5.178029e-05   16.3 0.1224745  0.0381196813  0.005634506   1.232294e-03      0.0001821466         0  0.0171159644    0.001168083      5.259977e-04            3.589684e-05
32  2013-08-17 12:03:30     53 285.5 157.4 157.4 5.178029e-05   16.0 0.1224745  0.0250914358  0.005633968   8.111304e-04      0.0001821292         0  0.0179306469    0.001163825      5.510340e-04            3.576597e-05
33  2013-08-17 12:03:45     54 286.3 157.3 157.3 5.178029e-05   15.9 0.1224745  0.0207486873  0.005633791   6.707425e-04      0.0001821235         0  0.0187453294    0.001159612      5.760704e-04            3.563652e-05
34  2013-08-17 12:04:00     55 287.0 157.5 157.5 5.178029e-05   16.1 0.1224745  0.0294341843  0.005634146   9.515184e-04      0.0001821350         0  0.0194581766    0.001155965      5.979772e-04            3.552443e-05
35  2013-08-17 12:04:15     56 287.8 157.6 157.6 5.178029e-05   16.2 0.1224745  0.0337769328  0.005634326   1.091906e-03      0.0001821408         0  0.0202728590    0.001151841      6.230135e-04            3.539768e-05
36  2013-08-17 12:04:30     57 288.6 158.0 158.0 5.178029e-05   16.6 0.1224745  0.0511479269  0.005635054   1.653458e-03      0.0001821643         0  0.0210875415    0.001147764      6.480498e-04            3.527240e-05
37  2013-08-17 12:04:45     58 289.4 158.1 158.1 5.178029e-05   16.7 0.1224745  0.0554906754  0.005635239   1.793846e-03      0.0001821703         0  0.0219022240    0.001143735      6.730862e-04            3.514860e-05
38  2013-08-17 12:05:00     59 290.1 157.5 157.5 5.178029e-05   16.1 0.1224745  0.0294341843  0.005634146   9.515184e-04      0.0001821350         0  0.0226150712    0.001140250      6.949930e-04            3.504149e-05
39  2013-08-17 12:05:15     60 290.9 157.7 157.7 5.178029e-05   16.3 0.1224745  0.0381196813  0.005634506   1.232294e-03      0.0001821466         0  0.0234297536    0.001136313      7.200293e-04            3.492050e-05
40  2013-08-17 12:05:30     61 291.7 157.6 157.6 5.178029e-05   16.2 0.1224745  0.0337769328  0.005634326   1.091906e-03      0.0001821408         0  0.0242444361    0.001132426      7.450656e-04            3.480104e-05
41  2013-08-17 12:05:45     62 292.5 158.0 158.0 5.178029e-05   16.6 0.1224745  0.0511479269  0.005635054   1.653458e-03      0.0001821643         0  0.0250591186    0.001128589      7.701020e-04            3.468312e-05
42  2013-08-17 12:06:00     63 293.3 157.6 157.6 5.178029e-05   16.2 0.1224745  0.0337769328  0.005634326   1.091906e-03      0.0001821408         0  0.0258738011    0.001124802      7.951383e-04            3.456675e-05
43  2013-08-17 12:06:15     64 294.0 157.7 157.7 5.178029e-05   16.3 0.1224745  0.0381196813  0.005634506   1.232294e-03      0.0001821466         0  0.0265866483    0.001121531      8.170451e-04            3.446621e-05
44  2013-08-17 12:06:30     65 294.8 157.9 157.9 5.178029e-05   16.5 0.1224745  0.0468051783  0.005634871   1.513070e-03      0.0001821584         0  0.0274013307    0.001117840      8.420815e-04            3.435280e-05
45  2013-08-17 12:06:45     66 295.7 157.6 157.6 5.178029e-05   16.2 0.1224745  0.0337769328  0.005634326   1.091906e-03      0.0001821408         0  0.0283178485    0.001113751      8.702473e-04            3.422713e-05
46  2013-08-17 12:07:00     67 296.4 158.2 158.2 5.178029e-05   16.8 0.1224745  0.0598334239  0.005635425   1.934234e-03      0.0001821763         0  0.0290306957    0.001110616      8.921541e-04            3.413080e-05
47  2013-08-17 12:07:15     68 297.3 158.4 158.4 5.178029e-05   17.0 0.1224745  0.0685189209  0.005635801   2.215010e-03      0.0001821884         0  0.0299472135    0.001106646      9.203200e-04            3.400879e-05
48  2013-08-17 12:07:30     69 298.0 158.6 158.6 5.178029e-05   17.2 0.1224745  0.0772044179  0.005636181   2.495786e-03      0.0001822007         1  0.0306600606    0.001103605      9.422268e-04            3.391534e-05
49  2013-08-17 12:07:45     70 298.8 158.6 158.6 5.178029e-05   17.2 0.1224745  0.0772044179  0.005636181   2.495786e-03      0.0001822007         1  0.0314747431    0.001100180      9.672632e-04            3.381009e-05
50  2013-08-17 12:08:00     71 299.5 158.4 158.4 5.178029e-05   17.0 0.1224745  0.0685189209  0.005635801   2.215010e-03      0.0001821884         1  0.0321875903    0.001097228      9.891700e-04            3.371937e-05
51  2013-08-17 12:08:15     72 300.3 158.4 158.4 5.178029e-05   17.0 0.1224745  0.0685189209  0.005635801   2.215010e-03      0.0001821884         1  0.0330022728    0.001093907      1.014206e-03            3.361729e-05
52  2013-08-17 12:08:30     73 301.1 158.6 158.6 5.178029e-05   17.2 0.1224745  0.0772044179  0.005636181   2.495786e-03      0.0001822007         1  0.0338169552    0.001090640      1.039243e-03            3.351691e-05
53  2013-08-17 12:08:45     74 301.9 158.6 158.6 5.178029e-05   17.2 0.1224745  0.0772044179  0.005636181   2.495786e-03      0.0001822007         1  0.0346316377    0.001087430      1.064279e-03            3.341826e-05
54  2013-08-17 12:09:00     75 302.6 158.7 158.7 5.178029e-05   17.3 0.1224745  0.0815471664  0.005636372   2.636174e-03      0.0001822069         1  0.0353444849    0.001084668      1.086186e-03            3.333336e-05
55  2013-08-17 12:09:15     76 303.3 158.7 158.7 5.178029e-05   17.3 0.1224745  0.0815471664  0.005636372   2.636174e-03      0.0001822069         1  0.0360573321    0.001081949      1.108093e-03            3.324981e-05
56  2013-08-17 12:09:30     77 304.1 158.7 158.7 5.178029e-05   17.3 0.1224745  0.0815471664  0.005636372   2.636174e-03      0.0001822069         1  0.0368720145    0.001078895      1.133129e-03            3.315598e-05
57  2013-08-17 12:09:45     78 304.8 158.6 158.6 5.178029e-05   17.2 0.1224745  0.0772044179  0.005636181   2.495786e-03      0.0001822007         1  0.0375848617    0.001076271      1.155036e-03            3.307533e-05
58  2013-08-17 12:10:00     79 305.5 158.7 158.7 5.178029e-05   17.3 0.1224745  0.0815471664  0.005636372   2.636174e-03      0.0001822069         1  0.0382977089    0.001073692      1.176942e-03            3.299606e-05
59  2013-08-17 12:10:15     80 306.2 158.7 158.7 5.178029e-05   17.3 0.1224745  0.0815471664  0.005636372   2.636174e-03      0.0001822069         1  0.0390105560    0.001071157      1.198849e-03            3.291817e-05
60  2013-08-17 12:10:30     81 307.0 158.7 158.7 5.178029e-05   17.3 0.1224745  0.0815471664  0.005636372   2.636174e-03      0.0001822069         1  0.0398252385    0.001068316      1.223886e-03            3.283087e-05
61  2013-08-17 12:10:45     82 307.7 158.7 158.7 5.178029e-05   17.3 0.1224745  0.0815471664  0.005636372   2.636174e-03      0.0001822069         1  0.0405380857    0.001065879      1.245792e-03            3.275598e-05
62  2013-08-17 12:11:00     83 308.6 158.9 158.9 5.178029e-05   17.5 0.1224745  0.0902326634  0.005636759   2.916950e-03      0.0001822194         1  0.0414546035    0.001062814      1.273958e-03            3.266177e-05
63  2013-08-17 12:11:15     84 309.2 158.7 158.7 5.178029e-05   17.3 0.1224745  0.0815471664  0.005636372   2.636174e-03      0.0001822069         1  0.0420656153    0.001060813      1.292736e-03            3.260027e-05
64  2013-08-17 12:11:30     85 310.1 158.7 158.7 5.178029e-05   17.3 0.1224745  0.0815471664  0.005636372   2.636174e-03      0.0001822069         1  0.0429821331    0.001057875      1.320901e-03            3.251000e-05
65  2013-08-17 12:11:45     86 310.9 158.6 158.6 5.178029e-05   17.2 0.1224745  0.0772044179  0.005636181   2.495786e-03      0.0001822007         1  0.0437968156    0.001055330      1.345938e-03            3.243177e-05
66  2013-08-17 12:12:00     87 311.6 158.7 158.7 5.178029e-05   17.3 0.1224745  0.0815471664  0.005636372   2.636174e-03      0.0001822069         1  0.0445096628    0.001053153      1.367845e-03            3.236488e-05
67  2013-08-17 12:12:15     88 312.4 158.8 158.8 5.178029e-05   17.4 0.1224745  0.0858899149  0.005636565   2.776562e-03      0.0001822131         1  0.0453243453    0.001050724      1.392881e-03            3.229022e-05
68  2013-08-17 12:12:30     89 313.2 158.8 158.8 5.178029e-05   17.4 0.1224745  0.0858899149  0.005636565   2.776562e-03      0.0001822131         1  0.0461390277    0.001048357      1.417917e-03            3.221750e-05
69  2013-08-17 12:12:45     90 314.0 158.9 158.9 5.178029e-05   17.5 0.1224745  0.0902326634  0.005636759   2.916950e-03      0.0001822194         1  0.0469537102    0.001046054      1.442954e-03            3.214671e-05
70  2013-08-17 12:13:00     91 314.8 159.1 159.1 5.178029e-05   17.7 0.1224745  0.0989181604  0.005637150   3.197726e-03      0.0001822320         1  0.0477683927    0.001043814      1.467990e-03            3.207788e-05
71  2013-08-17 12:13:15     92 315.6 158.9 158.9 5.178029e-05   17.5 0.1224745  0.0902326634  0.005636759   2.916950e-03      0.0001822194         1  0.0485830752    0.001041639      1.493026e-03            3.201102e-05
72  2013-08-17 12:13:30     93 316.4 159.1 159.1 5.178029e-05   17.7 0.1224745  0.0989181604  0.005637150   3.197726e-03      0.0001822320         1  0.0493977576    0.001039527      1.518063e-03            3.194613e-05
73  2013-08-17 12:13:45     94 317.1 159.0 159.0 5.178029e-05   17.6 0.1224745  0.0945754119  0.005636954   3.057338e-03      0.0001822257         1  0.0501106048    0.001037733      1.539969e-03            3.189099e-05
74  2013-08-17 12:14:00     95 318.0 159.1 159.1 5.178029e-05   17.7 0.1224745  0.0989181604  0.005637150   3.197726e-03      0.0001822320         1  0.0510271226    0.001035499      1.568135e-03            3.182235e-05
75  2013-08-17 12:14:15     96 318.8 159.1 159.1 5.178029e-05   17.7 0.1224745  0.0989181604  0.005637150   3.197726e-03      0.0001822320         1  0.0518418051    0.001033583      1.593172e-03            3.176347e-05
76  2013-08-17 12:14:30     97 319.6 159.0 159.0 5.178029e-05   17.6 0.1224745  0.0945754119  0.005636954   3.057338e-03      0.0001822257         1  0.0526564876    0.001031733      1.618208e-03            3.170662e-05
77  2013-08-17 12:14:45     98 320.4 159.1 159.1 5.178029e-05   17.7 0.1224745  0.0989181604  0.005637150   3.197726e-03      0.0001822320         1  0.0534711700    0.001029950      1.643244e-03            3.165180e-05
78  2013-08-17 12:15:00     99 321.1 159.1 159.1 5.178029e-05   17.7 0.1224745  0.0989181604  0.005637150   3.197726e-03      0.0001822320         1  0.0541840172    0.001028443      1.665151e-03            3.160552e-05
79  2013-08-17 12:15:15    100 321.9 159.2 159.2 5.178029e-05   17.8 0.1224745  0.1032609089  0.005637347   3.338114e-03      0.0001822384         1  0.0549986997    0.001026785      1.690187e-03            3.155455e-05
80  2013-08-17 12:15:30    101 322.6 159.2 159.2 5.178029e-05   17.8 0.1224745  0.1032609089  0.005637347   3.338114e-03      0.0001822384         1  0.0557115469    0.001025389      1.712094e-03            3.151164e-05
81  2013-08-17 12:15:45    102 323.4 159.2 159.2 5.178029e-05   17.8 0.1224745  0.1032609089  0.005637347   3.338114e-03      0.0001822384         1  0.0565262293    0.001023857      1.737131e-03            3.146455e-05
82  2013-08-17 12:16:00    103 324.1 159.2 159.2 5.178029e-05   17.8 0.1224745  0.1032609089  0.005637347   3.338114e-03      0.0001822384         1  0.0572390765    0.001022571      1.759037e-03            3.142506e-05
83  2013-08-17 12:16:15    104 324.8 159.2 159.2 5.178029e-05   17.8 0.1224745  0.1032609089  0.005637347   3.338114e-03      0.0001822384         1  0.0579519237    0.001021338      1.780944e-03            3.138717e-05
84  2013-08-17 12:16:30    105 325.5 159.3 159.3 5.178029e-05   17.9 0.1224745  0.1076036574  0.005637545   3.478502e-03      0.0001822448         1  0.0586647708    0.001020158      1.802851e-03            3.135088e-05
85  2013-08-17 12:16:45    106 326.2 159.2 159.2 5.178029e-05   17.8 0.1224745  0.1032609089  0.005637347   3.338114e-03      0.0001822384         1  0.0593776180    0.001019029      1.824758e-03            3.131621e-05
86  2013-08-17 12:17:00    107 326.9 159.4 159.4 5.178029e-05   18.0 0.1224745  0.1119464059  0.005637744   3.618890e-03      0.0001822513         1  0.0600904652    0.001017954      1.846665e-03            3.128315e-05
87  2013-08-17 12:17:15    108 327.6 159.3 159.3 5.178029e-05   17.9 0.1224745  0.1076036574  0.005637545   3.478502e-03      0.0001822448         1  0.0608033123    0.001016931      1.868571e-03            3.125172e-05
88  2013-08-17 12:17:30    109 328.3 159.2 159.2 5.178029e-05   17.8 0.1224745  0.1032609089  0.005637347   3.338114e-03      0.0001822384         1  0.0615161595    0.001015961      1.890478e-03            3.122192e-05
89  2013-08-17 12:17:45    110 329.1 159.2 159.2 5.178029e-05   17.8 0.1224745  0.1032609089  0.005637347   3.338114e-03      0.0001822384         1  0.0623308420    0.001014918      1.915515e-03            3.118986e-05
90  2013-08-17 12:18:00    111 330.0 159.3 159.3 5.178029e-05   17.9 0.1224745  0.1076036574  0.005637545   3.478502e-03      0.0001822448         1  0.0632473598    0.001013827      1.943680e-03            3.115635e-05
91  2013-08-17 12:18:15    112 330.6 159.2 159.2 5.178029e-05   17.8 0.1224745  0.1032609089  0.005637347   3.338114e-03      0.0001822384         1  0.0638583716    0.001013150      1.962458e-03            3.113551e-05
92  2013-08-17 12:18:30    113 331.5 159.3 159.3 5.178029e-05   17.9 0.1224745  0.1076036574  0.005637545   3.478502e-03      0.0001822448         1  0.0647748894    0.001012207      1.990624e-03            3.110653e-05
93  2013-08-17 12:18:45    114 332.3 159.3 159.3 5.178029e-05   17.9 0.1224745  0.1076036574  0.005637545   3.478502e-03      0.0001822448         1  0.0655895719    0.001011443      2.015660e-03            3.108306e-05
94  2013-08-17 12:19:00    115 333.1 159.5 159.5 5.178029e-05   18.1 0.1224745  0.1162891544  0.005637945   3.759278e-03      0.0001822578         1  0.0664042544    0.001010750      2.040696e-03            3.106176e-05
95  2013-08-17 12:19:15    116 333.9 159.3 159.3 5.178029e-05   17.9 0.1224745  0.1076036574  0.005637545   3.478502e-03      0.0001822448         1  0.0672189369    0.001010127      2.065733e-03            3.104261e-05
96  2013-08-17 12:19:30    117 334.7 159.5 159.5 5.178029e-05   18.1 0.1224745  0.1162891544  0.005637945   3.759278e-03      0.0001822578         1  0.0680336193    0.001009574      2.090769e-03            3.102564e-05
97  2013-08-17 12:19:45    118 335.5 159.3 159.3 5.178029e-05   17.9 0.1224745  0.1076036574  0.005637545   3.478502e-03      0.0001822448         1  0.0688483018    0.001009093      2.115805e-03            3.101084e-05
98  2013-08-17 12:20:00    119 336.2 159.3 159.3 5.178029e-05   17.9 0.1224745  0.1076036574  0.005637545   3.478502e-03      0.0001822448         1  0.0695611490    0.001008729      2.137712e-03            3.099968e-05
99  2013-08-17 12:20:15    120 337.0 159.4 159.4 5.178029e-05   18.0 0.1224745  0.1119464059  0.005637744   3.618890e-03      0.0001822513         1  0.0703758315    0.001008381      2.162748e-03            3.098896e-05
100 2013-08-17 12:20:30    121 337.9 159.3 159.3 5.178029e-05   17.9 0.1224745  0.1076036574  0.005637545   3.478502e-03      0.0001822448         1  0.0712923493    0.001008073      2.190914e-03            3.097951e-05
101 2013-08-17 12:20:45    122 338.7 159.4 159.4 5.178029e-05   18.0 0.1224745  0.1119464059  0.005637744   3.618890e-03      0.0001822513         1  0.0721070317    0.001007875      2.215951e-03            3.097343e-05
102 2013-08-17 12:21:00    123 339.5 159.6 159.6 5.178029e-05   18.2 0.1224745  0.1206319030  0.005638146   3.899666e-03      0.0001822643         1  0.0729217142    0.001007749      2.240987e-03            3.096954e-05
103 2013-08-17 12:21:15    124 340.3 159.3 159.3 5.178029e-05   17.9 0.1224745  0.1076036574  0.005637545   3.478502e-03      0.0001822448         1  0.0737363967    0.001007693      2.266023e-03            3.096783e-05
104 2013-08-17 12:21:30    125 341.2 159.6 159.6 5.178029e-05   18.2 0.1224745  0.1206319030  0.005638146   3.899666e-03      0.0001822643         1  0.0746529145    0.001007716      2.294189e-03            3.096852e-05
105 2013-08-17 12:21:45    126 342.0 159.6 159.6 5.178029e-05   18.2 0.1224745  0.1206319030  0.005638146   3.899666e-03      0.0001822643         1  0.0754675970    0.001007811      2.319225e-03            3.097145e-05
106 2013-08-17 12:22:00    127 342.8 159.6 159.6 5.178029e-05   18.2 0.1224745  0.1206319030  0.005638146   3.899666e-03      0.0001822643         1  0.0762822794    0.001007978      2.344262e-03            3.097657e-05
107 2013-08-17 12:22:15    128 343.6 159.6 159.6 5.178029e-05   18.2 0.1224745  0.1206319030  0.005638146   3.899666e-03      0.0001822643         1  0.0770969619    0.001008215      2.369298e-03            3.098387e-05
108 2013-08-17 12:22:30    129 344.4 159.6 159.6 5.178029e-05   18.2 0.1224745  0.1206319030  0.005638146   3.899666e-03      0.0001822643         1  0.0779116444    0.001008524      2.394334e-03            3.099336e-05
109 2013-08-17 12:22:45    130 345.1 159.5 159.5 5.178029e-05   18.1 0.1224745  0.1162891544  0.005637945   3.759278e-03      0.0001822578         1  0.0786244916    0.001008852      2.416241e-03            3.100344e-05
110 2013-08-17 12:23:00    131 346.0 159.4 159.4 5.178029e-05   18.0 0.1224745  0.1119464059  0.005637744   3.618890e-03      0.0001822513         1  0.0795410093    0.001009354      2.444407e-03            3.101886e-05
111 2013-08-17 12:23:15    132 346.8 159.6 159.6 5.178029e-05   18.2 0.1224745  0.1206319030  0.005638146   3.899666e-03      0.0001822643         1  0.0803556918    0.001009875      2.469444e-03            3.103488e-05
112 2013-08-17 12:23:30    133 347.7 159.7 159.7 5.178029e-05   18.3 0.1224745  0.1249746515  0.005638349   4.040054e-03      0.0001822708         1  0.0812722096    0.001010546      2.497609e-03            3.105549e-05
113 2013-08-17 12:23:45    134 348.4 159.7 159.7 5.178029e-05   18.3 0.1224745  0.1249746515  0.005638349   4.040054e-03      0.0001822708         1  0.0819850568    0.001011129      2.519516e-03            3.107342e-05
114 2013-08-17 12:24:00    135 349.5 159.8 159.8 5.178029e-05   18.4 0.1224745  0.1293174000  0.005638553   4.180442e-03      0.0001822774         1  0.0831052452    0.001012155      2.553941e-03            3.110494e-05
115 2013-08-17 12:24:15    136 350.5 159.7 159.7 5.178029e-05   18.3 0.1224745  0.1249746515  0.005638349   4.040054e-03      0.0001822708         1  0.0841235983    0.001013202      2.585237e-03            3.113714e-05
116 2013-08-17 12:24:30    137 351.5 159.7 159.7 5.178029e-05   18.3 0.1224745  0.1249746515  0.005638349   4.040054e-03      0.0001822708         1  0.0851419514    0.001014359      2.616532e-03            3.117269e-05
117 2013-08-17 12:24:45    138 352.4 159.9 159.9 5.178029e-05   18.5 0.1224745  0.1336601485  0.005638757   4.320829e-03      0.0001822840         1  0.0860584692    0.001015494      2.644698e-03            3.120755e-05
118 2013-08-17 12:25:00    139 353.6 159.9 159.9 5.178029e-05   18.5 0.1224745  0.1336601485  0.005638757   4.320829e-03      0.0001822840         1  0.0872804929    0.001017143      2.682252e-03            3.125823e-05
119 2013-08-17 12:25:15    140 354.5 159.9 159.9 5.178029e-05   18.5 0.1224745  0.1336601485  0.005638757   4.320829e-03      0.0001822840         1  0.0881970107    0.001018482      2.710418e-03            3.129939e-05
120 2013-08-17 12:25:30    141 355.6 160.0 160.0 5.178029e-05   18.6 0.1224745  0.1380028970  0.005638963   4.461217e-03      0.0001822907         1  0.0893171991    0.001020237      2.744843e-03            3.135332e-05
121 2013-08-17 12:25:45    142 356.5 160.0 160.0 5.178029e-05   18.6 0.1224745  0.1380028970  0.005638963   4.461217e-03      0.0001822907         1  0.0902337169    0.001021769      2.773009e-03            3.140041e-05
122 2013-08-17 12:26:00    143 357.8 160.0 160.0 5.178029e-05   18.6 0.1224745  0.1380028970  0.005638963   4.461217e-03      0.0001822907         1  0.0915575759    0.001024135      2.813693e-03            3.147311e-05
123 2013-08-17 12:26:15    144 358.8 160.0 160.0 5.178029e-05   18.6 0.1224745  0.1380028970  0.005638963   4.461217e-03      0.0001822907         1  0.0925759290    0.001026077      2.844989e-03            3.153278e-05
124 2013-08-17 12:26:30    145 360.0 160.0 160.0 5.178029e-05   18.6 0.1224745  0.1380028970  0.005638963   4.461217e-03      0.0001822907         1  0.0937979527    0.001028545      2.882543e-03            3.160864e-05
125 2013-08-17 12:26:45    146 361.0 160.0 160.0 5.178029e-05   18.6 0.1224745  0.1380028970  0.005638963   4.461217e-03      0.0001822907         1  0.0948163058    0.001030717      2.913839e-03            3.167540e-05
126 2013-08-17 12:27:00    147 362.0 160.2 160.2 5.178029e-05   18.8 0.1224745  0.1466883940  0.005639379   4.741993e-03      0.0001823041         1  0.0958346589    0.001032994      2.945134e-03            3.174535e-05
127 2013-08-17 12:27:15    148 363.1 160.2 160.2 5.178029e-05   18.8 0.1224745  0.1466883940  0.005639379   4.741993e-03      0.0001823041         1  0.0969548473    0.001035616      2.979559e-03            3.182595e-05
128 2013-08-17 12:27:30    149 364.1 160.3 160.3 5.178029e-05   18.9 0.1224745  0.1510311425  0.005639588   4.882381e-03      0.0001823109         1  0.0979732004    0.001038108      3.010854e-03            3.190253e-05
129 2013-08-17 12:27:45    150 365.2 160.2 160.2 5.178029e-05   18.8 0.1224745  0.1466883940  0.005639379   4.741993e-03      0.0001823041         1  0.0990933888    0.001040967      3.045279e-03            3.199037e-05
130 2013-08-17 12:28:00    151 366.2 160.1 160.1 5.178029e-05   18.7 0.1224745  0.1423456455  0.005639170   4.601605e-03      0.0001822974         1  0.1001117419    0.001043671      3.076575e-03            3.207348e-05
131 2013-08-17 12:28:15    152 367.2 160.1 160.1 5.178029e-05   18.7 0.1224745  0.1423456455  0.005639170   4.601605e-03      0.0001822974         1  0.1011300950    0.001046476      3.107870e-03            3.215967e-05
132 2013-08-17 12:28:30    153 368.2 160.2 160.2 5.178029e-05   18.8 0.1224745  0.1466883940  0.005639379   4.741993e-03      0.0001823041         1  0.1021484481    0.001049379      3.139166e-03            3.224890e-05
133 2013-08-17 12:28:45    154 369.0 160.2 160.2 5.178029e-05   18.8 0.1224745  0.1466883940  0.005639379   4.741993e-03      0.0001823041         1  0.1029631306    0.001051773      3.164202e-03            3.232247e-05
134 2013-08-17 12:29:00    155 369.9 160.3 160.3 5.178029e-05   18.9 0.1224745  0.1510311425  0.005639588   4.882381e-03      0.0001823109         1  0.1038796484    0.001054541      3.192368e-03            3.240753e-05
135 2013-08-17 12:29:15    156 370.9 160.3 160.3 5.178029e-05   18.9 0.1224745  0.1510311425  0.005639588   4.882381e-03      0.0001823109         1  0.1048980015    0.001057708      3.223663e-03            3.250487e-05
136 2013-08-17 12:29:30    157 371.9 160.4 160.4 5.178029e-05   19.0 0.1224745  0.1553738910  0.005639798   5.022769e-03      0.0001823177         1  0.1059163546    0.001060972      3.254959e-03            3.260516e-05
137 2013-08-17 12:29:45    158 372.8 160.4 160.4 5.178029e-05   19.0 0.1224745  0.1553738910  0.005639798   5.022769e-03      0.0001823177         1  0.1068328724    0.001063990      3.283125e-03            3.269792e-05
138 2013-08-17 12:30:00    159 374.0 160.4 160.4 5.178029e-05   19.0 0.1224745  0.1553738910  0.005639798   5.022769e-03      0.0001823177         1  0.1080548961    0.001068134      3.320679e-03            3.282526e-05
139 2013-08-17 12:30:15    160 375.1 160.3 160.3 5.178029e-05   18.9 0.1224745  0.1510311425  0.005639588   4.882381e-03      0.0001823109         1  0.1091750845    0.001072050      3.355104e-03            3.294562e-05
140 2013-08-17 12:30:30    161 376.2 160.3 160.3 5.178029e-05   18.9 0.1224745  0.1510311425  0.005639588   4.882381e-03      0.0001823109         1  0.1102952729    0.001076078      3.389529e-03            3.306940e-05
141 2013-08-17 12:30:45    162 377.1 160.5 160.5 5.178029e-05   19.1 0.1224745  0.1597166395  0.005640010   5.163157e-03      0.0001823245         1  0.1112117907    0.001079456      3.417695e-03            3.317321e-05
142 2013-08-17 12:31:00    163 378.2 160.4 160.4 5.178029e-05   19.0 0.1224745  0.1553738910  0.005639798   5.022769e-03      0.0001823177         1  0.1123319791    0.001083684      3.452120e-03            3.330314e-05
143 2013-08-17 12:31:15    164 379.4 160.3 160.3 5.178029e-05   18.9 0.1224745  0.1510311425  0.005639588   4.882381e-03      0.0001823109         1  0.1135540028    0.001088420      3.489674e-03            3.344866e-05
144 2013-08-17 12:31:30    165 380.4 160.4 160.4 5.178029e-05   19.0 0.1224745  0.1553738910  0.005639798   5.022769e-03      0.0001823177         1  0.1145723559    0.001092463      3.520970e-03            3.357292e-05
145 2013-08-17 12:31:45    166 381.5 160.4 160.4 5.178029e-05   19.0 0.1224745  0.1553738910  0.005639798   5.022769e-03      0.0001823177         1  0.1156925443    0.001097011      3.555395e-03            3.371270e-05
146 2013-08-17 12:32:00    167 382.5 160.4 160.4 5.178029e-05   19.0 0.1224745  0.1553738910  0.005639798   5.022769e-03      0.0001823177         1  0.1167108974    0.001101236      3.586690e-03            3.384254e-05
147 2013-08-17 12:32:15    168 383.6 160.4 160.4 5.178029e-05   19.0 0.1224745  0.1553738910  0.005639798   5.022769e-03      0.0001823177         1  0.1178310858    0.001105982      3.621115e-03            3.398840e-05
148 2013-08-17 12:32:30    169 384.7 160.4 160.4 5.178029e-05   19.0 0.1224745  0.1553738910  0.005639798   5.022769e-03      0.0001823177         1  0.1189512742    0.001110830      3.655540e-03            3.413738e-05
149 2013-08-17 12:32:45    170 385.6 160.3 160.3 5.178029e-05   18.9 0.1224745  0.1510311425  0.005639588   4.882381e-03      0.0001823109         1  0.1198677920    0.001114871      3.683706e-03            3.426157e-05
150 2013-08-17 12:33:00    171 386.6 160.3 160.3 5.178029e-05   18.9 0.1224745  0.1510311425  0.005639588   4.882381e-03      0.0001823109         1  0.1208861451    0.001119439      3.715001e-03            3.440195e-05
151 2013-08-17 12:33:15    172 387.7 160.4 160.4 5.178029e-05   19.0 0.1224745  0.1553738910  0.005639798   5.022769e-03      0.0001823177         1  0.1220063335    0.001124558      3.749426e-03            3.455925e-05
152 2013-08-17 12:33:30    173 388.7 160.5 160.5 5.178029e-05   19.1 0.1224745  0.1597166395  0.005640010   5.163157e-03      0.0001823245         1  0.1230246866    0.001129295      3.780722e-03            3.470482e-05
153 2013-08-17 12:33:45    174 389.8 160.3 160.3 5.178029e-05   18.9 0.1224745  0.1510311425  0.005639588   4.882381e-03      0.0001823109         1  0.1241448750    0.001134597      3.815147e-03            3.486776e-05
154 2013-08-17 12:34:00    175 390.8 160.5 160.5 5.178029e-05   19.1 0.1224745  0.1597166395  0.005640010   5.163157e-03      0.0001823245         1  0.1251632281    0.001139499      3.846442e-03            3.501840e-05
155 2013-08-17 12:34:15    176 391.8 160.6 160.6 5.178029e-05   19.2 0.1224745  0.1640593880  0.005640222   5.303545e-03      0.0001823314         1  0.1261815812    0.001144477      3.877738e-03            3.517140e-05
156 2013-08-17 12:34:30    177 393.0 160.5 160.5 5.178029e-05   19.1 0.1224745  0.1597166395  0.005640010   5.163157e-03      0.0001823245         1  0.1274036050    0.001150552      3.915292e-03            3.535807e-05
157 2013-08-17 12:34:45    178 394.1 160.6 160.6 5.178029e-05   19.2 0.1224745  0.1640593880  0.005640222   5.303545e-03      0.0001823314         1  0.1285237934    0.001156214      3.949717e-03            3.553209e-05
158 2013-08-17 12:35:00    179 395.3 160.8 160.8 5.178029e-05   19.4 0.1224745  0.1727448850  0.005640651   5.584321e-03      0.0001823452         1  0.1297458171    0.001162493      3.987272e-03            3.572505e-05
159 2013-08-17 12:35:15    180 396.9 160.7 160.7 5.178029e-05   19.3 0.1224745  0.1684021365  0.005640436   5.443933e-03      0.0001823383         1  0.1313751820    0.001171027      4.037344e-03            3.598730e-05
160 2013-08-17 12:35:30    181 398.2 160.7 160.7 5.178029e-05   19.3 0.1224745  0.1684021365  0.005640436   5.443933e-03      0.0001823383         1  0.1326990411    0.001178094      4.078028e-03            3.620449e-05
161 2013-08-17 12:35:45    182 399.5 160.8 160.8 5.178029e-05   19.4 0.1224745  0.1727448850  0.005640651   5.584321e-03      0.0001823452         1  0.1340229001    0.001185279      4.118712e-03            3.642529e-05
162 2013-08-17 12:36:00    183 401.1 160.8 160.8 5.178029e-05   19.4 0.1224745  0.1727448850  0.005640651   5.584321e-03      0.0001823452         1  0.1356522650    0.001194280      4.168785e-03            3.670190e-05
163 2013-08-17 12:36:15    184 402.6 160.8 160.8 5.178029e-05   19.4 0.1224745  0.1727448850  0.005640651   5.584321e-03      0.0001823452         1  0.1371797947    0.001202874      4.215728e-03            3.696600e-05
164 2013-08-17 12:36:30    185 404.2 161.0 161.0 5.178029e-05   19.6 0.1224745  0.1814303820  0.005641083   5.865097e-03      0.0001823592         1  0.1388091597    0.001212202      4.265801e-03            3.725268e-05
165 2013-08-17 12:36:45    186 405.5 161.0 161.0 5.178029e-05   19.6 0.1224745  0.1814303820  0.005641083   5.865097e-03      0.0001823592         1  0.1401330187    0.001219902      4.306485e-03            3.748931e-05
166 2013-08-17 12:37:00    187 407.0 160.8 160.8 5.178029e-05   19.4 0.1224745  0.1727448850  0.005640651   5.584321e-03      0.0001823452         1  0.1416605483    0.001228918      4.353428e-03            3.776639e-05
167 2013-08-17 12:37:15    188 408.2 160.8 160.8 5.178029e-05   19.4 0.1224745  0.1727448850  0.005640651   5.584321e-03      0.0001823452         1  0.1428825720    0.001236230      4.390983e-03            3.799110e-05
168 2013-08-17 12:37:30    189 409.7 161.0 161.0 5.178029e-05   19.6 0.1224745  0.1814303820  0.005641083   5.865097e-03      0.0001823592         1  0.1444101017    0.001245492      4.437926e-03            3.827573e-05
169 2013-08-17 12:37:45    190 411.3 160.9 160.9 5.178029e-05   19.5 0.1224745  0.1770876335  0.005640866   5.724709e-03      0.0001823522         1  0.1460394666    0.001255518      4.487998e-03            3.858382e-05
170 2013-08-17 12:38:00    191 412.4 160.9 160.9 5.178029e-05   19.5 0.1224745  0.1770876335  0.005640866   5.724709e-03      0.0001823522         1  0.1471596551    0.001262496      4.522423e-03            3.879827e-05
171 2013-08-17 12:38:15    192 413.9 161.0 161.0 5.178029e-05   19.6 0.1224745  0.1814303820  0.005641083   5.865097e-03      0.0001823592         1  0.1486871847    0.001272121      4.569366e-03            3.909407e-05
172 2013-08-17 12:38:30    193 415.5 161.0 161.0 5.178029e-05   19.6 0.1224745  0.1814303820  0.005641083   5.865097e-03      0.0001823592         1  0.1503165497    0.001282525      4.619439e-03            3.941379e-05
173 2013-08-17 12:38:45    194 416.8 161.1 161.1 5.178029e-05   19.7 0.1224745  0.1857731305  0.005641301   6.005485e-03      0.0001823663         1  0.1516404087    0.001291080      4.660123e-03            3.967670e-05
174 2013-08-17 12:39:00    195 418.2 161.2 161.2 5.178029e-05   19.8 0.1224745  0.1901158791  0.005641521   6.145873e-03      0.0001823733         1  0.1530661030    0.001300393      4.703937e-03            3.996289e-05
175 2013-08-17 12:39:15    196 419.4 161.1 161.1 5.178029e-05   19.7 0.1224745  0.1857731305  0.005641301   6.005485e-03      0.0001823663         1  0.1542881267    0.001308456      4.741491e-03            4.021069e-05
176 2013-08-17 12:39:30    197 421.0 161.2 161.2 5.178029e-05   19.8 0.1224745  0.1901158791  0.005641521   6.145873e-03      0.0001823733         1  0.1559174917    0.001319320      4.791564e-03            4.054456e-05
177 2013-08-17 12:39:45    198 422.1 161.2 161.2 5.178029e-05   19.8 0.1224745  0.1901158791  0.005641521   6.145873e-03      0.0001823733         1  0.1570376801    0.001326863      4.825989e-03            4.077637e-05
178 2013-08-17 12:40:00    199 423.2 161.0 161.0 5.178029e-05   19.6 0.1224745  0.1814303820  0.005641083   5.865097e-03      0.0001823592         0  0.1581578685    0.001334465      4.860414e-03            4.100999e-05

$dryleafvolt
            timestamp record LWSmV  SEmV CSEmV     CSEmV.sd loadmV loadmV.sd
1 2013-08-17 11:53:45     14 265.1 156.9 156.9 5.178029e-05   15.5 0.1224745
2 2013-08-17 11:54:00     15 265.1 156.5 156.5 5.178029e-05   15.1 0.1224745
3 2013-08-17 11:54:15     16 265.1 156.6 156.6 5.178029e-05   15.2 0.1224745
4 2013-08-17 11:54:30     17 265.1 156.9 156.9 5.178029e-05   15.5 0.1224745
5 2013-08-17 11:54:45     18 265.1 156.8 156.8 5.178029e-05   15.4 0.1224745
6 2013-08-17 11:55:00     19 265.1 156.9 156.9 5.178029e-05   15.5 0.1224745
7 2013-08-17 11:55:15     20 265.1 157.3 157.3 5.178029e-05   15.9 0.1224745
8 2013-08-17 11:55:30     21 265.1 156.9 156.9 5.178029e-05   15.5 0.1224745
9 2013-08-17 11:55:45     22 265.1 156.6 156.6 5.178029e-05   15.2 0.1224745

$runtime
Time difference of 44.25 mins

$startcalibvolt
            timestamp record LWSmV  SEmV CSEmV     CSEmV.sd loadmV loadmV.sd
1 2013-08-17 11:52:00      7 264.7 264.1 264.1 5.178029e-05  122.7 0.1224745
2 2013-08-17 11:52:15      8 264.7 264.2 264.2 5.178029e-05  122.8 0.1224745
3 2013-08-17 11:52:30      9 264.5 264.1 264.1 5.178029e-05  122.7 0.1224745

$endcalibvolt
            timestamp record LWSmV  SEmV
1 2013-08-17 12:44:30    217 265.1 264.3
2 2013-08-17 12:44:45    218 265.1 264.3
3 2013-08-17 12:45:00    219 265.1 264.2
4 2013-08-17 12:45:15    220 265.1 264.3
5 2013-08-17 12:45:30    221 265.1 264.4
6 2013-08-17 12:45:45    222 265.1 264.3

$lastLWSvolt
[1] 419.8

$maxLWSvolt
[1] 424

$species
[1] "coastliveoak"

$trial
[1] "2"

$replicate
[1] "1"

$isvertical
[1] FALSE

$conversionfactor
         avg        stdev
1 0.04342749 2.501999e-05

$LWSwatermass
        avg       stdev
1 0.1440345 0.003434247

$dryleafmass
        avg       stdev
1 0.6697483 0.001814424

$lwsmodel

Call:
lm(formula = LWSsurfacedensity ~ record, data = rd[rd$runfilter == 
    1, ])

Coefficients:
(Intercept)       record  
 -1.244e-03    2.919e-05  


$leafmodel

Call:
lm(formula = surfacedensity ~ record, data = rd[rd$runfilter == 
    1, ])

Coefficients:
(Intercept)       record  
   3.28e-04     2.85e-05  


