$name
[1] "coastliveoak10"

$leafarea
[1] 18.91298

$startbasevolt
            timestamp record LWSmV  SEmV CSEmV CSEmV.sd      loadmV loadmV.sd
1 2013-10-15 14:17:00      3 264.4 151.3 151.3        0  0.05614815 0.1079605
2 2013-10-15 14:17:15      4 264.4 151.3 151.3        0  0.05614815 0.1079605
3 2013-10-15 14:17:30      5 264.4 151.2 151.2        0 -0.04385185 0.1079605
4 2013-10-15 14:17:45      6 264.4 151.2 151.2        0 -0.04385185 0.1079605

$endbasevolt
            timestamp record LWSmV  SEmV    CSEmV     CSEmV.sd      loadmV loadmV.sd
1 2013-10-15 15:12:45    226 265.1 150.6 151.4116 4.715985e-05  0.16770370 0.1079605
2 2013-10-15 15:13:00    227 265.1 150.4 151.2152 4.715985e-05 -0.02860741 0.1079605
3 2013-10-15 15:13:15    228 265.1 150.4 151.2189 4.715985e-05 -0.02491852 0.1079605
4 2013-10-15 15:13:30    229 265.1 150.5 151.3226 4.715985e-05  0.07877037 0.1079605
5 2013-10-15 15:13:45    230 265.1 150.2 151.0263 4.715985e-05 -0.21754074 0.1079605

$dryragvolt
            timestamp record LWSmV  SEmV    CSEmV     CSEmV.sd   loadmV loadmV.sd
1 2013-10-15 15:09:15    212 495.3 289.3 290.0599 4.715985e-05 138.8161 0.1079605
2 2013-10-15 15:09:30    213 494.8 289.0 289.7636 4.715985e-05 138.5197 0.1079605
3 2013-10-15 15:09:45    214 494.2 288.7 289.4673 4.715985e-05 138.2234 0.1079605

$wetragvolt
            timestamp record LWSmV  SEmV    CSEmV     CSEmV.sd   loadmV loadmV.sd
1 2013-10-15 15:10:30    217 265.7 294.2 294.9784 4.715985e-05 143.7345 0.1079605
2 2013-10-15 15:10:45    218 265.1 294.0 294.7820 4.715985e-05 143.5382 0.1079605
3 2013-10-15 15:11:00    219 265.1 293.7 294.4857 4.715985e-05 143.2419 0.1079605

$rundata
              timestamp record LWSmV  SEmV    CSEmV     CSEmV.sd   loadmV loadmV.sd    watermass watermass.sd surfacedensity surfacedensity.sd runfilter      LWSwater LWSwater.stdev LWSsurfacedensity LWSsurfacedensity.stdev
1   2013-10-15 14:22:45     26 264.4 165.1 165.1738 4.715985e-05 13.92993 0.1079605 -0.004103393  0.005256645  -2.169618e-04      0.0002779385         0 -3.556603e-03    0.001290101     -1.092994e-04            3.964662e-05
2   2013-10-15 14:23:00     27 264.7 165.1 165.1775 4.715985e-05 13.93361 0.1079605 -0.003943157  0.005256648  -2.084895e-04      0.0002779387         0 -3.251098e-03    0.001288121     -9.991080e-05            3.958577e-05
3   2013-10-15 14:23:15     28 265.1 165.0 165.0812 4.715985e-05 13.83730 0.1079605 -0.008126668  0.005256555  -4.296874e-04      0.0002779338         0 -2.843756e-03    0.001285489     -8.739263e-05            3.950488e-05
4   2013-10-15 14:23:30     29 265.2 165.0 165.0848 4.715985e-05 13.84099 0.1079605 -0.007966432  0.005256559  -4.212151e-04      0.0002779340         0 -2.741921e-03    0.001284832     -8.426309e-05            3.948469e-05
5   2013-10-15 14:23:45     30 265.8 165.2 165.2885 4.715985e-05 14.04468 0.1079605  0.000881298  0.005256756   4.659753e-05      0.0002779444         0 -2.130909e-03    0.001280903     -6.548584e-05            3.936394e-05
6   2013-10-15 14:24:00     31 266.5 165.2 165.2922 4.715985e-05 14.04837 0.1079605  0.001041534  0.005256760   5.506980e-05      0.0002779446         0 -1.418062e-03    0.001276343     -4.357904e-05            3.922382e-05
7   2013-10-15 14:24:15     32 267.2 165.3 165.3959 4.715985e-05 14.15206 0.1079605  0.005545517  0.005256861   2.932123e-04      0.0002779500         0 -7.052148e-04    0.001271811     -2.167224e-05            3.908453e-05
8   2013-10-15 14:24:30     33 267.9 165.0 165.0996 4.715985e-05 13.85575 0.1079605 -0.007325488  0.005256573  -3.873260e-04      0.0002779347         0  7.632394e-06    0.001267305      2.345542e-07            3.894607e-05
9   2013-10-15 14:24:45     34 268.7 165.1 165.2033 4.715985e-05 13.95944 0.1079605 -0.002821505  0.005256673  -1.491835e-04      0.0002779400         0  8.223149e-04    0.001262189      2.527089e-05            3.878885e-05
10  2013-10-15 14:25:00     35 269.5 165.3 165.4070 4.715985e-05 14.16313 0.1079605  0.006026225  0.005256872   3.186291e-04      0.0002779505         0  1.636997e-03    0.001257110      5.030723e-05            3.863275e-05
11  2013-10-15 14:25:15     36 270.4 165.3 165.4107 4.715985e-05 14.16681 0.1079605  0.006186461  0.005256876   3.271014e-04      0.0002779507         0  2.553515e-03    0.001251439      7.847311e-05            3.845849e-05
12  2013-10-15 14:25:30     37 271.5 165.3 165.4144 4.715985e-05 14.17050 0.1079605  0.006346697  0.005256880   3.355736e-04      0.0002779509         0  3.673704e-03    0.001244572      1.128981e-04            3.824746e-05
13  2013-10-15 14:25:45     38 272.4 165.3 165.4180 4.715985e-05 14.17419 0.1079605  0.006506933  0.005256883   3.440459e-04      0.0002779511         0  4.590221e-03    0.001239007      1.410640e-04            3.807642e-05
14  2013-10-15 14:26:00     39 273.5 165.4 165.5217 4.715985e-05 14.27788 0.1079605  0.011010916  0.005256986   5.821884e-04      0.0002779565         0  5.710410e-03    0.001232271      1.754889e-04            3.786941e-05
15  2013-10-15 14:26:15     40 274.5 165.4 165.5254 4.715985e-05 14.28157 0.1079605  0.011171152  0.005256989   5.906606e-04      0.0002779567         0  6.728763e-03    0.001226210      2.067844e-04            3.768317e-05
16  2013-10-15 14:26:30     41 275.6 165.3 165.4291 4.715985e-05 14.18526 0.1079605  0.006987641  0.005256894   3.694627e-04      0.0002779517         0  7.848951e-03    0.001219616      2.412093e-04            3.748050e-05
17  2013-10-15 14:26:45     42 276.7 165.4 165.5328 4.715985e-05 14.28895 0.1079605  0.011491624  0.005256997   6.076052e-04      0.0002779571         0  8.969140e-03    0.001213097      2.756343e-04            3.728017e-05
18  2013-10-15 14:27:00     43 277.7 165.4 165.5365 4.715985e-05 14.29264 0.1079605  0.011651860  0.005257000   6.160775e-04      0.0002779573         0  9.987493e-03    0.001207237      3.069297e-04            3.710009e-05
19  2013-10-15 14:27:15     44 278.9 165.4 165.5402 4.715985e-05 14.29633 0.1079605  0.011812096  0.005257004   6.245498e-04      0.0002779575         0  1.120952e-02    0.001200291      3.444842e-04            3.688663e-05
20  2013-10-15 14:27:30     45 280.0 165.4 165.5439 4.715985e-05 14.30001 0.1079605  0.011972332  0.005257008   6.330220e-04      0.0002779577         0  1.232970e-02    0.001194007      3.789092e-04            3.669352e-05
21  2013-10-15 14:27:45     46 281.1 165.6 165.7476 4.715985e-05 14.50370 0.1079605  0.020820061  0.005257211   1.100835e-03      0.0002779685         1  1.344989e-02    0.001187804      4.133342e-04            3.650288e-05
22  2013-10-15 14:28:00     47 282.2 165.4 165.5512 4.715985e-05 14.30739 0.1079605  0.012292803  0.005257015   6.499666e-04      0.0002779581         0  1.457008e-02    0.001181683      4.477591e-04            3.631477e-05
23  2013-10-15 14:28:15     48 283.3 165.4 165.5549 4.715985e-05 14.31108 0.1079605  0.012453039  0.005257019   6.584389e-04      0.0002779583         0  1.569027e-02    0.001175645      4.821841e-04            3.612922e-05
24  2013-10-15 14:28:30     49 284.5 165.5 165.6586 4.715985e-05 14.41477 0.1079605  0.016957022  0.005257122   8.965813e-04      0.0002779637         1  1.691229e-02    0.001169155      5.197386e-04            3.592977e-05
25  2013-10-15 14:28:45     50 285.6 165.5 165.6623 4.715985e-05 14.41846 0.1079605  0.017117258  0.005257126   9.050536e-04      0.0002779639         1  1.803248e-02    0.001163296      5.541636e-04            3.574971e-05
26  2013-10-15 14:29:00     51 286.8 165.5 165.6660 4.715985e-05 14.42215 0.1079605  0.017277494  0.005257129   9.135259e-04      0.0002779641         1  1.925451e-02    0.001157003      5.917181e-04            3.555634e-05
27  2013-10-15 14:29:15     52 287.9 165.5 165.6697 4.715985e-05 14.42584 0.1079605  0.017437730  0.005257133   9.219981e-04      0.0002779643         1  2.037469e-02    0.001151328      6.261430e-04            3.538194e-05
28  2013-10-15 14:29:30     53 289.1 165.5 165.6734 4.715985e-05 14.42953 0.1079605  0.017597966  0.005257137   9.304704e-04      0.0002779645         1  2.159672e-02    0.001145240      6.636975e-04            3.519485e-05
29  2013-10-15 14:29:45     54 290.2 165.5 165.6771 4.715985e-05 14.43321 0.1079605  0.017758202  0.005257141   9.389427e-04      0.0002779647         1  2.271691e-02    0.001139755      6.981225e-04            3.502629e-05
30  2013-10-15 14:30:00     55 291.4 165.6 165.7808 4.715985e-05 14.53690 0.1079605  0.022262185  0.005257245   1.177085e-03      0.0002779702         1  2.393893e-02    0.001133878      7.356770e-04            3.484566e-05
31  2013-10-15 14:30:15     56 292.6 165.7 165.8844 4.715985e-05 14.64059 0.1079605  0.026766168  0.005257350   1.415228e-03      0.0002779758         1  2.516095e-02    0.001128112      7.732315e-04            3.466848e-05
32  2013-10-15 14:30:30     57 293.8 165.6 165.7881 4.715985e-05 14.54428 0.1079605  0.022582657  0.005257252   1.194030e-03      0.0002779706         1  2.638298e-02    0.001122461      8.107860e-04            3.449481e-05
33  2013-10-15 14:30:45     58 294.9 165.8 165.9918 4.715985e-05 14.74797 0.1079605  0.031430387  0.005257460   1.661842e-03      0.0002779816         1  2.750317e-02    0.001117383      8.452110e-04            3.433874e-05
34  2013-10-15 14:31:00     59 296.1 165.7 165.8955 4.715985e-05 14.65166 0.1079605  0.027246876  0.005257361   1.440644e-03      0.0002779764         1  2.872519e-02    0.001111955      8.827655e-04            3.417194e-05
35  2013-10-15 14:31:15     60 297.4 165.7 165.8992 4.715985e-05 14.65535 0.1079605  0.027407112  0.005257365   1.449117e-03      0.0002779766         1  3.004905e-02    0.001106209      9.234496e-04            3.399536e-05
36  2013-10-15 14:31:30     61 298.5 165.9 166.1029 4.715985e-05 14.85904 0.1079605  0.036254841  0.005257574   1.916929e-03      0.0002779876         1  3.116924e-02    0.001101458      9.578745e-04            3.384936e-05
37  2013-10-15 14:31:45     62 299.6 165.8 166.0066 4.715985e-05 14.76273 0.1079605  0.032071331  0.005257475   1.695731e-03      0.0002779824         1  3.228943e-02    0.001096810      9.922995e-04            3.370652e-05
38  2013-10-15 14:32:00     63 300.7 165.8 166.0103 4.715985e-05 14.76641 0.1079605  0.032231567  0.005257478   1.704204e-03      0.0002779826         1  3.340961e-02    0.001092266      1.026724e-03            3.356689e-05
39  2013-10-15 14:32:15     64 301.9 165.8 166.0140 4.715985e-05 14.77010 0.1079605  0.032391803  0.005257482   1.712676e-03      0.0002779828         1  3.463164e-02    0.001087430      1.064279e-03            3.341826e-05
40  2013-10-15 14:32:30     65 303.1 166.0 166.2176 4.715985e-05 14.97379 0.1079605  0.041239532  0.005257693   2.180489e-03      0.0002779939         1  3.585366e-02    0.001082721      1.101833e-03            3.327355e-05
41  2013-10-15 14:32:45     66 304.3 166.0 166.2213 4.715985e-05 14.97748 0.1079605  0.041399768  0.005257696   2.188961e-03      0.0002779941         1  3.707569e-02    0.001078141      1.139388e-03            3.313280e-05
42  2013-10-15 14:33:00     67 305.5 165.9 166.1250 4.715985e-05 14.88117 0.1079605  0.037216257  0.005257597   1.967763e-03      0.0002779888         1  3.829771e-02    0.001073692      1.176942e-03            3.299606e-05
43  2013-10-15 14:33:15     68 306.7 166.1 166.3287 4.715985e-05 15.08486 0.1079605  0.046063987  0.005257809   2.435576e-03      0.0002780000         1  3.951973e-02    0.001069375      1.214497e-03            3.286339e-05
44  2013-10-15 14:33:30     69 308.0 166.0 166.2324 4.715985e-05 14.98855 0.1079605  0.041880476  0.005257708   2.214378e-03      0.0002779947         1  4.084359e-02    0.001064849      1.255181e-03            3.272431e-05
45  2013-10-15 14:33:45     70 309.1 165.9 166.1361 4.715985e-05 14.89224 0.1079605  0.037696965  0.005257608   1.993180e-03      0.0002779894         1  4.196378e-02    0.001061144      1.289606e-03            3.261045e-05
46  2013-10-15 14:34:00     71 310.4 165.9 166.1398 4.715985e-05 14.89593 0.1079605  0.037857201  0.005257612   2.001652e-03      0.0002779896         1  4.328764e-02    0.001056914      1.330290e-03            3.248044e-05
47  2013-10-15 14:34:15     72 311.6 166.0 166.2435 4.715985e-05 14.99961 0.1079605  0.042361184  0.005257719   2.239795e-03      0.0002779953         1  4.450966e-02    0.001053153      1.367845e-03            3.236488e-05
48  2013-10-15 14:34:30     73 312.8 166.2 166.4472 4.715985e-05 15.20330 0.1079605  0.051208914  0.005257933   2.707607e-03      0.0002780066         1  4.573169e-02    0.001049533      1.405399e-03            3.225362e-05
49  2013-10-15 14:34:45     74 313.9 166.2 166.4508 4.715985e-05 15.20699 0.1079605  0.051369150  0.005257937   2.716079e-03      0.0002780068         1  4.685187e-02    0.001046339      1.439824e-03            3.215546e-05
50  2013-10-15 14:35:00     75 315.2 166.3 166.5545 4.715985e-05 15.31068 0.1079605  0.055873133  0.005258047   2.954222e-03      0.0002780126         1  4.817573e-02    0.001042718      1.480508e-03            3.204421e-05
51  2013-10-15 14:35:15     76 316.4 166.2 166.4582 4.715985e-05 15.21437 0.1079605  0.051689622  0.005257945   2.733024e-03      0.0002780072         1  4.939776e-02    0.001039527      1.518063e-03            3.194613e-05
52  2013-10-15 14:35:30     77 317.7 166.1 166.3619 4.715985e-05 15.11806 0.1079605  0.047506111  0.005257843   2.511826e-03      0.0002780019         1  5.072162e-02    0.001036235      1.558747e-03            3.184495e-05
53  2013-10-15 14:35:45     78 318.9 166.0 166.2656 4.715985e-05 15.02175 0.1079605  0.043322600  0.005257743   2.290628e-03      0.0002779965         1  5.194364e-02    0.001033348      1.596301e-03            3.175625e-05
54  2013-10-15 14:36:00     79 320.1 166.3 166.5693 4.715985e-05 15.32544 0.1079605  0.056514077  0.005258063   2.988111e-03      0.0002780135         1  5.316566e-02    0.001030611      1.633856e-03            3.167212e-05
55  2013-10-15 14:36:15     80 321.2 166.2 166.4730 4.715985e-05 15.22913 0.1079605  0.052330566  0.005257960   2.766913e-03      0.0002780081         1  5.428585e-02    0.001028232      1.668281e-03            3.159903e-05
56  2013-10-15 14:36:30     81 322.4 166.2 166.4767 4.715985e-05 15.23281 0.1079605  0.052490802  0.005257964   2.775385e-03      0.0002780083         1  5.550788e-02    0.001025782      1.705835e-03            3.152374e-05
57  2013-10-15 14:36:45     82 323.7 166.3 166.5804 4.715985e-05 15.33650 0.1079605  0.056994785  0.005258074   3.013528e-03      0.0002780141         1  5.683174e-02    0.001023299      1.746519e-03            3.144743e-05
58  2013-10-15 14:37:00     83 324.9 166.4 166.6840 4.715985e-05 15.44019 0.1079605  0.061498767  0.005258185   3.251670e-03      0.0002780200         1  5.805376e-02    0.001021166      1.784074e-03            3.138188e-05
59  2013-10-15 14:37:15     84 326.0 166.1 166.3877 4.715985e-05 15.14388 0.1079605  0.048627763  0.005257870   2.571132e-03      0.0002780033         1  5.917395e-02    0.001019346      1.818499e-03            3.132595e-05
60  2013-10-15 14:37:30     85 327.2 166.3 166.5914 4.715985e-05 15.34757 0.1079605  0.057475493  0.005258086   3.038945e-03      0.0002780147         1  6.039597e-02    0.001017509      1.856053e-03            3.126948e-05
61  2013-10-15 14:37:45     86 328.3 166.4 166.6951 4.715985e-05 15.45126 0.1079605  0.061979475  0.005258197   3.277087e-03      0.0002780206         1  6.151616e-02    0.001015961      1.890478e-03            3.122192e-05
62  2013-10-15 14:38:00     87 329.5 166.6 166.8988 4.715985e-05 15.65495 0.1079605  0.070827205  0.005258417   3.744900e-03      0.0002780322         1  6.273818e-02    0.001014422      1.928033e-03            3.117463e-05
63  2013-10-15 14:38:15     88 330.6 166.4 166.7025 4.715985e-05 15.45864 0.1079605  0.062299947  0.005258205   3.294032e-03      0.0002780210         1  6.385837e-02    0.001013150      1.962458e-03            3.113551e-05
64  2013-10-15 14:38:30     89 331.8 166.6 166.9062 4.715985e-05 15.66233 0.1079605  0.071147677  0.005258425   3.761844e-03      0.0002780326         1  6.508040e-02    0.001011912      2.000012e-03            3.109748e-05
65  2013-10-15 14:38:45     90 333.0 166.5 166.8099 4.715985e-05 15.56601 0.1079605  0.066964166  0.005258321   3.540646e-03      0.0002780271         1  6.630242e-02    0.001010832      2.037567e-03            3.106430e-05
66  2013-10-15 14:39:00     91 334.2 166.5 166.8136 4.715985e-05 15.56970 0.1079605  0.067124402  0.005258325   3.549119e-03      0.0002780273         1  6.752444e-02    0.001009911      2.075121e-03            3.103599e-05
67  2013-10-15 14:39:15     92 335.4 166.6 166.9172 4.715985e-05 15.67339 0.1079605  0.071628385  0.005258437   3.787261e-03      0.0002780333         1  6.874647e-02    0.001009149      2.112676e-03            3.101257e-05
68  2013-10-15 14:39:30     93 336.5 166.8 167.1209 4.715985e-05 15.87708 0.1079605  0.080476115  0.005258660   4.255074e-03      0.0002780451         1  6.986665e-02    0.001008590      2.147101e-03            3.099540e-05
69  2013-10-15 14:39:45     94 337.6 166.8 167.1246 4.715985e-05 15.88077 0.1079605  0.080636351  0.005258664   4.263546e-03      0.0002780453         1  7.098684e-02    0.001008166      2.181526e-03            3.098235e-05
70  2013-10-15 14:40:00     95 338.8 166.8 167.1283 4.715985e-05 15.88446 0.1079605  0.080796587  0.005258668   4.272018e-03      0.0002780455         1  7.220887e-02    0.001007856      2.219080e-03            3.097283e-05
71  2013-10-15 14:40:15     96 340.1 166.7 167.0320 4.715985e-05 15.78815 0.1079605  0.076613076  0.005258562   4.050820e-03      0.0002780399         1  7.353273e-02    0.001007700      2.259764e-03            3.096805e-05
72  2013-10-15 14:40:30     97 341.4 166.5 166.8357 4.715985e-05 15.59184 0.1079605  0.068085818  0.005258349   3.599952e-03      0.0002780286         1  7.485659e-02    0.001007733      2.300448e-03            3.096904e-05
73  2013-10-15 14:40:45     98 342.6 166.7 167.0394 4.715985e-05 15.79553 0.1079605  0.076933548  0.005258571   4.067765e-03      0.0002780403         1  7.607861e-02    0.001007929      2.338003e-03            3.097508e-05
74  2013-10-15 14:41:00     99 343.9 166.7 167.0431 4.715985e-05 15.79921 0.1079605  0.077093784  0.005258575   4.076237e-03      0.0002780405         1  7.740247e-02    0.001008323      2.378687e-03            3.098717e-05
75  2013-10-15 14:41:15    100 345.3 166.7 167.0468 4.715985e-05 15.80290 0.1079605  0.077254020  0.005258579   4.084709e-03      0.0002780408         1  7.882816e-02    0.001008956      2.422500e-03            3.100663e-05
76  2013-10-15 14:41:30    101 346.7 166.7 167.0504 4.715985e-05 15.80659 0.1079605  0.077414256  0.005258583   4.093182e-03      0.0002780410         1  8.025386e-02    0.001009806      2.466314e-03            3.103276e-05
77  2013-10-15 14:41:45    102 348.1 166.7 167.0541 4.715985e-05 15.81028 0.1079605  0.077574492  0.005258587   4.101654e-03      0.0002780412         1  8.167955e-02    0.001010873      2.510128e-03            3.106554e-05
78  2013-10-15 14:42:00    103 349.5 166.7 167.0578 4.715985e-05 15.81397 0.1079605  0.077734728  0.005258591   4.110126e-03      0.0002780414         1  8.310525e-02    0.001012155      2.553941e-03            3.110494e-05
79  2013-10-15 14:42:15    104 350.9 166.9 167.2615 4.715985e-05 16.01766 0.1079605  0.086582457  0.005258816   4.577939e-03      0.0002780533         1  8.453094e-02    0.001013652      2.597755e-03            3.115096e-05
80  2013-10-15 14:42:30    105 352.3 166.7 167.0652 4.715985e-05 15.82135 0.1079605  0.078055200  0.005258599   4.127071e-03      0.0002780418         1  8.595663e-02    0.001015363      2.641568e-03            3.120354e-05
81  2013-10-15 14:42:45    106 353.6 166.9 167.2689 4.715985e-05 16.02504 0.1079605  0.086902929  0.005258824   4.594884e-03      0.0002780537         1  8.728049e-02    0.001017143      2.682252e-03            3.125823e-05
82  2013-10-15 14:43:00    107 355.0 166.9 167.2726 4.715985e-05 16.02873 0.1079605  0.087063165  0.005258828   4.603356e-03      0.0002780540         1  8.870619e-02    0.001019264      2.726066e-03            3.132341e-05
83  2013-10-15 14:43:15    108 356.4 166.9 167.2763 4.715985e-05 16.03241 0.1079605  0.087223401  0.005258832   4.611828e-03      0.0002780542         1  9.013188e-02    0.001021595      2.769880e-03            3.139505e-05
84  2013-10-15 14:43:30    109 357.7 166.8 167.1800 4.715985e-05 15.93610 0.1079605  0.083039891  0.005258725   4.390630e-03      0.0002780485         1  9.145574e-02    0.001023947      2.810564e-03            3.146732e-05
85  2013-10-15 14:43:45    110 359.3 166.9 167.2836 4.715985e-05 16.03979 0.1079605  0.087543873  0.005258841   4.628773e-03      0.0002780546         1  9.308511e-02    0.001027087      2.860636e-03            3.156382e-05
86  2013-10-15 14:44:00    111 360.7 167.0 167.3873 4.715985e-05 16.14348 0.1079605  0.092047856  0.005258956   4.866915e-03      0.0002780607         1  9.451080e-02    0.001030055      2.904450e-03            3.165504e-05
87  2013-10-15 14:44:15    112 362.1 167.0 167.3910 4.715985e-05 16.14717 0.1079605  0.092208092  0.005258960   4.875387e-03      0.0002780609         1  9.593649e-02    0.001033227      2.948263e-03            3.175252e-05
88  2013-10-15 14:44:30    113 363.6 166.9 167.2947 4.715985e-05 16.05086 0.1079605  0.088024581  0.005258853   4.654189e-03      0.0002780553         1  9.746402e-02    0.001036850      2.995207e-03            3.186385e-05
89  2013-10-15 14:44:45    114 365.1 166.9 167.2984 4.715985e-05 16.05455 0.1079605  0.088184817  0.005258857   4.662662e-03      0.0002780555         1  9.899155e-02    0.001040702      3.042150e-03            3.198223e-05
90  2013-10-15 14:45:00    115 366.5 166.8 167.2021 4.715985e-05 15.95824 0.1079605  0.084001306  0.005258750   4.441464e-03      0.0002780498         1  1.004172e-01    0.001044502      3.085963e-03            3.209902e-05
91  2013-10-15 14:45:15    116 368.1 166.9 167.3058 4.715985e-05 16.06193 0.1079605  0.088505289  0.005258865   4.679606e-03      0.0002780559         1  1.020466e-01    0.001049084      3.136036e-03            3.223984e-05
92  2013-10-15 14:45:30    117 369.7 167.0 167.4095 4.715985e-05 16.16561 0.1079605  0.093009272  0.005258981   4.917749e-03      0.0002780620         1  1.036760e-01    0.001053919      3.186109e-03            3.238842e-05
93  2013-10-15 14:45:45    118 371.2 167.0 167.4132 4.715985e-05 16.16930 0.1079605  0.093169508  0.005258985   4.926221e-03      0.0002780623         1  1.052035e-01    0.001058677      3.233052e-03            3.253464e-05
94  2013-10-15 14:46:00    119 372.6 167.1 167.5168 4.715985e-05 16.27299 0.1079605  0.097673491  0.005259102   5.164363e-03      0.0002780684         1  1.066292e-01    0.001063313      3.276865e-03            3.267710e-05
95  2013-10-15 14:46:15    120 374.1 167.1 167.5205 4.715985e-05 16.27668 0.1079605  0.097833727  0.005259106   5.172836e-03      0.0002780687         1  1.081567e-01    0.001068485      3.323809e-03            3.283606e-05
96  2013-10-15 14:46:30    121 375.7 167.0 167.4242 4.715985e-05 16.18037 0.1079605  0.093650216  0.005258998   4.951638e-03      0.0002780629         1  1.097861e-01    0.001074234      3.373881e-03            3.301271e-05
97  2013-10-15 14:46:45    122 377.2 167.2 167.6279 4.715985e-05 16.38406 0.1079605  0.102497946  0.005259228   5.419450e-03      0.0002780751         1  1.113136e-01    0.001079836      3.420824e-03            3.318488e-05
98  2013-10-15 14:47:00    123 378.9 167.3 167.7316 4.715985e-05 16.48775 0.1079605  0.107001929  0.005259346   5.657593e-03      0.0002780813         1  1.130448e-01    0.001086431      3.474027e-03            3.338755e-05
99  2013-10-15 14:47:15    124 380.7 167.1 167.5353 4.715985e-05 16.29144 0.1079605  0.098474671  0.005259123   5.206725e-03      0.0002780695         1  1.148779e-01    0.001093693      3.530358e-03            3.361072e-05
100 2013-10-15 14:47:30    125 382.2 167.2 167.6390 4.715985e-05 16.39513 0.1079605  0.102978654  0.005259241   5.444867e-03      0.0002780758         1  1.164054e-01    0.001099960      3.577302e-03            3.380331e-05
101 2013-10-15 14:47:45    126 383.7 167.2 167.6427 4.715985e-05 16.39881 0.1079605  0.103138890  0.005259245   5.453340e-03      0.0002780760         1  1.179329e-01    0.001106419      3.624245e-03            3.400181e-05
102 2013-10-15 14:48:00    127 385.4 167.3 167.7464 4.715985e-05 16.50250 0.1079605  0.107642872  0.005259363   5.691482e-03      0.0002780822         1  1.196641e-01    0.001113968      3.677447e-03            3.423379e-05
103 2013-10-15 14:48:15    128 387.3 167.4 167.8500 4.715985e-05 16.60619 0.1079605  0.112146855  0.005259482   5.929624e-03      0.0002780885         1  1.215990e-01    0.001122685      3.736908e-03            3.450170e-05
104 2013-10-15 14:48:30    129 389.2 167.3 167.7537 4.715985e-05 16.50988 0.1079605  0.107963344  0.005259372   5.708427e-03      0.0002780827         1  1.235339e-01    0.001131693      3.796369e-03            3.477852e-05
105 2013-10-15 14:48:45    130 390.9 167.4 167.8574 4.715985e-05 16.61357 0.1079605  0.112467327  0.005259491   5.946569e-03      0.0002780890         1  1.252651e-01    0.001139993      3.849572e-03            3.503359e-05
106 2013-10-15 14:49:00    131 392.4 167.4 167.8611 4.715985e-05 16.61726 0.1079605  0.112627563  0.005259495   5.955041e-03      0.0002780892         1  1.267926e-01    0.001147501      3.896515e-03            3.526432e-05
107 2013-10-15 14:49:15    132 394.6 167.4 167.8648 4.715985e-05 16.62095 0.1079605  0.112787799  0.005259499   5.963514e-03      0.0002780894         1  1.290330e-01    0.001158818      3.965365e-03            3.561210e-05
108 2013-10-15 14:49:30    133 396.4 167.3 167.7685 4.715985e-05 16.52464 0.1079605  0.108604288  0.005259389   5.742316e-03      0.0002780836         1  1.308660e-01    0.001168340      4.021697e-03            3.590474e-05
109 2013-10-15 14:49:45    134 397.9 167.2 167.6722 4.715985e-05 16.42833 0.1079605  0.104420778  0.005259278   5.521118e-03      0.0002780778         1  1.323935e-01    0.001176453      4.068640e-03            3.615404e-05
110 2013-10-15 14:50:00    135 399.8 167.3 167.7759 4.715985e-05 16.53201 0.1079605  0.108924760  0.005259397   5.759260e-03      0.0002780840         1  1.343284e-01    0.001186953      4.128101e-03            3.647675e-05
111 2013-10-15 14:50:15    136 401.6 167.4 167.8796 4.715985e-05 16.63570 0.1079605  0.113428743  0.005259516   5.997403e-03      0.0002780903         1  1.361614e-01    0.001197128      4.184433e-03            3.678943e-05
112 2013-10-15 14:50:30    137 403.7 167.5 167.9832 4.715985e-05 16.73939 0.1079605  0.117932726  0.005259637   6.235545e-03      0.0002780967         1  1.383000e-01    0.001209269      4.250153e-03            3.716255e-05
113 2013-10-15 14:50:45    138 405.7 167.5 167.9869 4.715985e-05 16.74308 0.1079605  0.118092962  0.005259641   6.244017e-03      0.0002780969         1  1.403367e-01    0.001221096      4.312744e-03            3.752601e-05
114 2013-10-15 14:51:00    139 407.9 167.6 168.0906 4.715985e-05 16.84677 0.1079605  0.122596945  0.005259762   6.482160e-03      0.0002781033         1  1.425771e-01    0.001234394      4.381594e-03            3.793467e-05
115 2013-10-15 14:51:15    140 410.1 167.6 168.0943 4.715985e-05 16.85046 0.1079605  0.122757181  0.005259766   6.490632e-03      0.0002781035         1  1.448174e-01    0.001247985      4.450444e-03            3.835233e-05
116 2013-10-15 14:51:30    141 412.0 167.6 168.0980 4.715985e-05 16.85415 0.1079605  0.122917417  0.005259770   6.499104e-03      0.0002781038         1  1.467523e-01    0.001259950      4.509905e-03            3.872004e-05
117 2013-10-15 14:51:45    142 413.7 167.7 168.2017 4.715985e-05 16.95784 0.1079605  0.127421400  0.005259892   6.737247e-03      0.0002781102         1  1.484835e-01    0.001270830      4.563107e-03            3.905440e-05
118 2013-10-15 14:52:00    143 415.5 167.7 168.2054 4.715985e-05 16.96153 0.1079605  0.127581636  0.005259896   6.745719e-03      0.0002781104         1  1.503165e-01    0.001282525      4.619439e-03            3.941379e-05
119 2013-10-15 14:52:15    144 417.2 167.6 168.1091 4.715985e-05 16.86521 0.1079605  0.123398125  0.005259783   6.524521e-03      0.0002781045         1  1.520477e-01    0.001293730      4.672641e-03            3.975815e-05
120 2013-10-15 14:52:30    145 418.9 167.5 168.0128 4.715985e-05 16.76890 0.1079605  0.119214614  0.005259671   6.303323e-03      0.0002780985         1  1.537790e-01    0.001305087      4.725844e-03            4.010717e-05
121 2013-10-15 14:52:45    146 420.4 167.5 168.0164 4.715985e-05 16.77259 0.1079605  0.119374850  0.005259675   6.311796e-03      0.0002780987         1  1.553065e-01    0.001315231      4.772787e-03            4.041890e-05
122 2013-10-15 14:53:00    147 421.8 167.5 168.0201 4.715985e-05 16.77628 0.1079605  0.119535086  0.005259680   6.320268e-03      0.0002780990         1  1.567322e-01    0.001324800      4.816600e-03            4.071297e-05
123 2013-10-15 14:53:15    148 423.3 167.5 168.0238 4.715985e-05 16.77997 0.1079605  0.119695322  0.005259684   6.328740e-03      0.0002780992         1  1.582597e-01    0.001335159      4.863543e-03            4.103131e-05
124 2013-10-15 14:53:30    149 424.8 167.6 168.1275 4.715985e-05 16.88366 0.1079605  0.124199305  0.005259805   6.566883e-03      0.0002781056         1  1.597872e-01    0.001345625      4.910487e-03            4.135296e-05
125 2013-10-15 14:53:45    150 426.3 167.7 168.2312 4.715985e-05 16.98735 0.1079605  0.128703288  0.005259927   6.805025e-03      0.0002781120         1  1.613148e-01    0.001356197      4.957430e-03            4.167783e-05
126 2013-10-15 14:54:00    151 427.9 167.7 168.2349 4.715985e-05 16.99104 0.1079605  0.128863524  0.005259931   6.813497e-03      0.0002781123         1  1.629441e-01    0.001367586      5.007502e-03            4.202784e-05
127 2013-10-15 14:54:15    152 429.2 167.9 168.4386 4.715985e-05 17.19473 0.1079605  0.137711253  0.005260173   7.281310e-03      0.0002781251         1  1.642680e-01    0.001376923      5.048186e-03            4.231480e-05
128 2013-10-15 14:54:30    153 430.6 167.9 168.4423 4.715985e-05 17.19841 0.1079605  0.137871489  0.005260177   7.289782e-03      0.0002781253         1  1.656937e-01    0.001387062      5.092000e-03            4.262636e-05
129 2013-10-15 14:54:45    154 432.0 167.9 168.4460 4.715985e-05 17.20210 0.1079605  0.138031725  0.005260182   7.298255e-03      0.0002781255         1  1.671194e-01    0.001397283      5.135814e-03            4.294048e-05
130 2013-10-15 14:55:00    155 433.3 168.0 168.5496 4.715985e-05 17.30579 0.1079605  0.142535708  0.005260306   7.536397e-03      0.0002781321         1  1.684432e-01    0.001406848      5.176498e-03            4.323442e-05
131 2013-10-15 14:55:15    156 434.6 167.9 168.4533 4.715985e-05 17.20948 0.1079605  0.138352197  0.005260191   7.315199e-03      0.0002781260         1  1.697671e-01    0.001416482      5.217182e-03            4.353048e-05
132 2013-10-15 14:55:30    157 435.8 167.8 168.3570 4.715985e-05 17.11317 0.1079605  0.134168686  0.005260076   7.094001e-03      0.0002781199         1  1.709891e-01    0.001425435      5.254736e-03            4.380561e-05
133 2013-10-15 14:55:45    158 437.2 167.9 168.4607 4.715985e-05 17.21686 0.1079605  0.138672669  0.005260199   7.332144e-03      0.0002781265         1  1.724148e-01    0.001435951      5.298550e-03            4.412879e-05
134 2013-10-15 14:56:00    159 438.3 167.8 168.3644 4.715985e-05 17.12055 0.1079605  0.134489158  0.005260085   7.110946e-03      0.0002781204         1  1.735350e-01    0.001444267      5.332975e-03            4.438434e-05
135 2013-10-15 14:56:15    160 439.4 167.8 168.3681 4.715985e-05 17.12424 0.1079605  0.134649394  0.005260089   7.119418e-03      0.0002781206         1  1.746552e-01    0.001452628      5.367400e-03            4.464130e-05
136 2013-10-15 14:56:30    161 440.3 167.8 168.3718 4.715985e-05 17.12793 0.1079605  0.134809630  0.005260093   7.127890e-03      0.0002781208         1  1.755717e-01    0.001459502      5.395566e-03            4.485256e-05
137 2013-10-15 14:56:45    162 441.4 168.1 168.6755 4.715985e-05 17.43161 0.1079605  0.148001107  0.005260458   7.825373e-03      0.0002781401         1  1.766919e-01    0.001467945      5.429991e-03            4.511201e-05
138 2013-10-15 14:57:00    163 442.2 168.2 168.7792 4.715985e-05 17.53530 0.1079605  0.152505090  0.005260583   8.063516e-03      0.0002781468         1  1.775066e-01    0.001474112      5.455027e-03            4.530154e-05
139 2013-10-15 14:57:15    164 443.4 168.0 168.5828 4.715985e-05 17.33899 0.1079605  0.143977832  0.005260346   7.612647e-03      0.0002781342         1  1.787286e-01    0.001483405      5.492581e-03            4.558714e-05
140 2013-10-15 14:57:30    165 444.6 168.0 168.5865 4.715985e-05 17.34268 0.1079605  0.144138068  0.005260350   7.621120e-03      0.0002781344         1  1.799506e-01    0.001492749      5.530136e-03            4.587428e-05
141 2013-10-15 14:57:45    166 445.9 168.3 168.8902 4.715985e-05 17.64637 0.1079605  0.157329544  0.005260719   8.318603e-03      0.0002781539         1  1.812745e-01    0.001502927      5.570820e-03            4.618705e-05
142 2013-10-15 14:58:00    167 446.9 168.2 168.7939 4.715985e-05 17.55006 0.1079605  0.153146034  0.005260601   8.097405e-03      0.0002781477         1  1.822928e-01    0.001510794      5.602115e-03            4.642884e-05
143 2013-10-15 14:58:15    168 448.1 168.1 168.6976 4.715985e-05 17.45375 0.1079605  0.148962523  0.005260484   7.876207e-03      0.0002781415         1  1.835149e-01    0.001520279      5.639670e-03            4.672031e-05
144 2013-10-15 14:58:30    169 449.2 168.0 168.6013 4.715985e-05 17.35744 0.1079605  0.144779012  0.005260368   7.655009e-03      0.0002781354         1  1.846350e-01    0.001529014      5.674095e-03            4.698876e-05
145 2013-10-15 14:58:45    170 450.3 168.2 168.8050 4.715985e-05 17.56113 0.1079605  0.153626742  0.005260615   8.122821e-03      0.0002781484         1  1.857552e-01    0.001537788      5.708520e-03            4.725838e-05
146 2013-10-15 14:59:00    171 451.4 168.1 168.7087 4.715985e-05 17.46481 0.1079605  0.149443231  0.005260498   7.901624e-03      0.0002781422         1  1.868754e-01    0.001546599      5.742945e-03            4.752917e-05
147 2013-10-15 14:59:15    172 452.4 168.1 168.7124 4.715985e-05 17.46850 0.1079605  0.149603467  0.005260502   7.910096e-03      0.0002781425         1  1.878938e-01    0.001554642      5.774240e-03            4.777634e-05
148 2013-10-15 14:59:30    173 453.4 168.1 168.7160 4.715985e-05 17.47219 0.1079605  0.149763703  0.005260507   7.918568e-03      0.0002781427         1  1.889121e-01    0.001562715      5.805536e-03            4.802443e-05
149 2013-10-15 14:59:45    174 454.8 168.3 168.9197 4.715985e-05 17.67588 0.1079605  0.158611432  0.005260755   8.386381e-03      0.0002781558         1  1.903378e-01    0.001574067      5.849349e-03            4.837330e-05
150 2013-10-15 15:00:00    175 456.1 168.3 168.9234 4.715985e-05 17.67957 0.1079605  0.158771668  0.005260760   8.394853e-03      0.0002781561         1  1.916617e-01    0.001584660      5.890033e-03            4.869882e-05
151 2013-10-15 15:00:15    176 457.6 168.1 168.7271 4.715985e-05 17.48326 0.1079605  0.150244411  0.005260520   7.943985e-03      0.0002781434         1  1.931892e-01    0.001596942      5.936976e-03            4.907627e-05
152 2013-10-15 15:00:30    177 458.6 168.2 168.8308 4.715985e-05 17.58695 0.1079605  0.154748393  0.005260646   8.182127e-03      0.0002781501         1  1.942076e-01    0.001605165      5.968272e-03            4.932897e-05
153 2013-10-15 15:00:45    178 459.8 168.2 168.8345 4.715985e-05 17.59064 0.1079605  0.154908629  0.005260651   8.190600e-03      0.0002781503         1  1.954296e-01    0.001615069      6.005826e-03            4.963333e-05
154 2013-10-15 15:01:00    179 461.2 168.3 168.9382 4.715985e-05 17.69433 0.1079605  0.159412612  0.005260778   8.428742e-03      0.0002781570         1  1.968553e-01    0.001626672      6.049640e-03            4.998993e-05
155 2013-10-15 15:01:15    180 462.5 168.4 169.0419 4.715985e-05 17.79801 0.1079605  0.163916595  0.005260906   8.666885e-03      0.0002781638         1  1.981791e-01    0.001637493      6.090324e-03            5.032248e-05
156 2013-10-15 15:01:30    181 463.7 168.4 169.0456 4.715985e-05 17.80170 0.1079605  0.164076831  0.005260910   8.675357e-03      0.0002781640         1  1.994012e-01    0.001647521      6.127879e-03            5.063064e-05
157 2013-10-15 15:01:45    182 465.0 168.3 168.9492 4.715985e-05 17.70539 0.1079605  0.159893320  0.005260791   8.454159e-03      0.0002781578         1  2.007250e-01    0.001658426      6.168563e-03            5.096575e-05
158 2013-10-15 15:02:00    183 466.2 168.2 168.8529 4.715985e-05 17.60908 0.1079605  0.155709809  0.005260673   8.232961e-03      0.0002781515         1  2.019471e-01    0.001668529      6.206117e-03            5.127624e-05
159 2013-10-15 15:02:15    184 467.5 168.4 169.0566 4.715985e-05 17.81277 0.1079605  0.164557539  0.005260924   8.700774e-03      0.0002781648         1  2.032709e-01    0.001679514      6.246801e-03            5.161382e-05
160 2013-10-15 15:02:30    185 468.7 168.5 169.1603 4.715985e-05 17.91646 0.1079605  0.169061522  0.005261052   8.938916e-03      0.0002781716         1  2.044929e-01    0.001689690      6.284356e-03            5.192654e-05
161 2013-10-15 15:02:45    186 470.0 168.4 169.0640 4.715985e-05 17.82015 0.1079605  0.164878011  0.005260933   8.717718e-03      0.0002781652         1  2.058168e-01    0.001700752      6.325040e-03            5.226649e-05
162 2013-10-15 15:03:00    187 471.4 168.3 168.9677 4.715985e-05 17.72384 0.1079605  0.160694500  0.005260814   8.496520e-03      0.0002781590         1  2.072425e-01    0.001712708      6.368853e-03            5.263394e-05
163 2013-10-15 15:03:15    188 472.8 168.5 169.1714 4.715985e-05 17.92753 0.1079605  0.169542230  0.005261066   8.964333e-03      0.0002781723         1  2.086682e-01    0.001724710      6.412667e-03            5.300275e-05
164 2013-10-15 15:03:30    189 474.1 168.5 169.1751 4.715985e-05 17.93121 0.1079605  0.169702466  0.005261071   8.972805e-03      0.0002781725         1  2.099920e-01    0.001735892      6.453351e-03            5.334642e-05
165 2013-10-15 15:03:45    190 475.2 168.5 169.1788 4.715985e-05 17.93490 0.1079605  0.169862702  0.005261075   8.981278e-03      0.0002781728         1  2.111122e-01    0.001745383      6.487776e-03            5.363809e-05
166 2013-10-15 15:04:00    191 476.3 168.5 169.1824 4.715985e-05 17.93859 0.1079605  0.170022938  0.005261080   8.989750e-03      0.0002781730         1  2.122324e-01    0.001754900      6.522201e-03            5.393056e-05
167 2013-10-15 15:04:15    192 477.5 168.6 169.2861 4.715985e-05 18.04228 0.1079605  0.174526921  0.005261209   9.227892e-03      0.0002781799         1  2.134544e-01    0.001765312      6.559755e-03            5.425051e-05
168 2013-10-15 15:04:30    193 478.3 168.6 169.2898 4.715985e-05 18.04597 0.1079605  0.174687157  0.005261214   9.236365e-03      0.0002781801         1  2.142691e-01    0.001772269      6.584792e-03            5.446432e-05
169 2013-10-15 15:04:45    194 479.5 168.7 169.3935 4.715985e-05 18.14966 0.1079605  0.179191139  0.005261344   9.474507e-03      0.0002781870         1  2.154911e-01    0.001782729      6.622346e-03            5.478579e-05
170 2013-10-15 15:05:00    195 480.4 168.7 169.3972 4.715985e-05 18.15335 0.1079605  0.179351375  0.005261349   9.482979e-03      0.0002781872         1  2.164077e-01    0.001790594      6.650512e-03            5.502747e-05
171 2013-10-15 15:05:15    196 481.8 168.7 169.4009 4.715985e-05 18.15704 0.1079605  0.179511611  0.005261354   9.491452e-03      0.0002781875         1  2.178334e-01    0.001802859      6.694326e-03            5.540440e-05
172 2013-10-15 15:05:30    197 482.9 168.6 169.3046 4.715985e-05 18.06073 0.1079605  0.175328101  0.005261233   9.270254e-03      0.0002781811         1  2.189535e-01    0.001812523      6.728751e-03            5.570138e-05
173 2013-10-15 15:05:45    198 484.0 168.7 169.4083 4.715985e-05 18.16441 0.1079605  0.179832083  0.005261363   9.508396e-03      0.0002781880         1  2.200737e-01    0.001822210      6.763176e-03            5.599907e-05
174 2013-10-15 15:06:00    199 485.1 168.6 169.3120 4.715985e-05 18.06810 0.1079605  0.175648573  0.005261242   9.287198e-03      0.0002781816         1  2.211939e-01    0.001831919      6.797601e-03            5.629746e-05
175 2013-10-15 15:06:15    200 486.1 168.7 169.4156 4.715985e-05 18.17179 0.1079605  0.180152555  0.005261372   9.525341e-03      0.0002781885         1  2.222123e-01    0.001840766      6.828896e-03            5.656932e-05
176 2013-10-15 15:06:30    201 487.0 168.7 169.4193 4.715985e-05 18.17548 0.1079605  0.180312791  0.005261377   9.533813e-03      0.0002781887         1  2.231288e-01    0.001848743      6.857062e-03            5.681447e-05
177 2013-10-15 15:06:45    202 488.1 168.7 169.4230 4.715985e-05 18.17917 0.1079605  0.180473027  0.005261381   9.542285e-03      0.0002781890         1  2.242490e-01    0.001858513      6.891487e-03            5.711471e-05
178 2013-10-15 15:07:00    203 489.1 168.7 169.4267 4.715985e-05 18.18286 0.1079605  0.180633263  0.005261386   9.550757e-03      0.0002781892         1  2.252673e-01    0.001867413      6.922782e-03            5.738822e-05
179 2013-10-15 15:07:15    204 489.9 168.9 169.6304 4.715985e-05 18.38655 0.1079605  0.189480993  0.005261645   1.001857e-02      0.0002782029         1  2.260820e-01    0.001874546      6.947819e-03            5.760742e-05
180 2013-10-15 15:07:30    205 491.1 168.8 169.5341 4.715985e-05 18.29024 0.1079605  0.185297482  0.005261522   9.797372e-03      0.0002781964         1  2.273040e-01    0.001885265      6.985373e-03            5.793686e-05
181 2013-10-15 15:07:45    206 492.0 168.9 169.6378 4.715985e-05 18.39393 0.1079605  0.189801465  0.005261654   1.003551e-02      0.0002782034         1  2.282206e-01    0.001893321      7.013539e-03            5.818443e-05
182 2013-10-15 15:08:00    207 493.1 168.9 169.6415 4.715985e-05 18.39761 0.1079605  0.189961701  0.005261659   1.004399e-02      0.0002782036         1  2.293408e-01    0.001903186      7.047964e-03            5.848758e-05
183 2013-10-15 15:08:15    208 494.1 169.0 169.7452 4.715985e-05 18.50130 0.1079605  0.194465684  0.005261792   1.028213e-02      0.0002782106         1  2.303591e-01    0.001912171      7.079259e-03            5.876370e-05

$dryleafvolt
            timestamp record LWSmV  SEmV    CSEmV     CSEmV.sd   loadmV loadmV.sd
1 2013-10-15 14:22:00     23 264.4 165.2 165.2627 4.715985e-05 14.01886 0.1079605
2 2013-10-15 14:22:15     24 264.4 165.3 165.3664 4.715985e-05 14.12255 0.1079605
3 2013-10-15 14:22:30     25 264.4 165.2 165.2701 4.715985e-05 14.02624 0.1079605
4 2013-10-15 14:22:45     26 264.4 165.1 165.1738 4.715985e-05 13.92993 0.1079605

$runtime
Time difference of 45.5 mins

$startcalibvolt
            timestamp record LWSmV  SEmV    CSEmV     CSEmV.sd   loadmV loadmV.sd
1 2013-10-15 14:19:00     11 264.4 273.9 273.9184 4.715985e-05 122.6746 0.1079605
2 2013-10-15 14:19:15     12 264.4 273.9 273.9221 4.715985e-05 122.6783 0.1079605
3 2013-10-15 14:19:30     13 264.4 273.9 273.9258 4.715985e-05 122.6820 0.1079605
4 2013-10-15 14:19:45     14 264.4 274.0 274.0295 4.715985e-05 122.7857 0.1079605

$endcalibvolt
            timestamp record LWSmV  SEmV
1 2013-10-15 15:11:30    221 265.1 273.2
2 2013-10-15 15:11:45    222 265.1 273.1
3 2013-10-15 15:12:00    223 265.1 273.1
4 2013-10-15 15:12:15    224 265.1 273.2

$lastLWSvolt
[1] 494.2

$maxLWSvolt
[1] 495.5

$species
[1] "coastliveoak"

$trial
[1] "10"

$replicate
[1] "1"

$isvertical
[1] FALSE

$conversionfactor
         avg        stdev
1 0.04343747 1.910895e-05

$LWSwatermass
        avg       stdev
1 0.2165406 0.003830172

$dryleafmass
        avg       stdev
1 0.6091841 0.002360031

$lwsmodel

Call:
lm(formula = LWSsurfacedensity ~ record, data = rd[rd$runfilter == 
    1, ])

Coefficients:
(Intercept)       record  
 -1.777e-03    4.355e-05  


$leafmodel

Call:
lm(formula = surfacedensity ~ record, data = rd[rd$runfilter == 
    1, ])

Coefficients:
(Intercept)       record  
 -1.672e-03    5.665e-05  


