$name
[1] "dougfir3"

$leafarea
[1] 23.94491

$startbasevolt
            timestamp record LWSmV  SEmV CSEmV CSEmV.sd      loadmV loadmV.sd
1 2013-08-02 15:31:45      2 264.4 151.0 151.0        0 -0.23557971 0.1074366
2 2013-08-02 15:32:00      3 264.4 151.2 151.2        0 -0.03557971 0.1074366
3 2013-08-02 15:32:15      4 264.4 151.3 151.3        0  0.06442029 0.1074366
4 2013-08-02 15:32:30      5 264.4 151.3 151.3        0  0.06442029 0.1074366
5 2013-08-02 15:32:45      6 264.4 151.3 151.3        0  0.06442029 0.1074366
6 2013-08-02 15:33:00      7 264.4 151.3 151.3        0  0.06442029 0.1074366

$endbasevolt
            timestamp record LWSmV  SEmV    CSEmV     CSEmV.sd      loadmV loadmV.sd
1 2013-08-02 16:29:30    233 265.1 151.7 151.1923 4.552355e-05 -0.04326087 0.1074366
2 2013-08-02 16:29:45    234 265.1 151.9 151.3901 4.552355e-05  0.15449275 0.1074366
3 2013-08-02 16:30:00    235 265.1 151.7 151.1878 4.552355e-05 -0.04775362 0.1074366
4 2013-08-02 16:30:15    236 265.1 151.7 151.1856 4.552355e-05 -0.05000000 0.1074366

$dryragvolt
            timestamp record LWSmV  SEmV    CSEmV     CSEmV.sd   loadmV loadmV.sd
1 2013-08-02 16:26:00    219 331.2 264.5 264.0238 4.552355e-05 112.7882 0.1074366
2 2013-08-02 16:26:15    220 330.8 264.4 263.9215 4.552355e-05 112.6859 0.1074366
3 2013-08-02 16:26:30    221 330.4 264.3 263.8193 4.552355e-05 112.5837 0.1074366

$wetragvolt
            timestamp record LWSmV  SEmV    CSEmV     CSEmV.sd   loadmV loadmV.sd
1 2013-08-02 16:27:30    225 265.3 265.9 265.4103 4.552355e-05 114.1747 0.1074366
2 2013-08-02 16:27:45    226 265.1 265.8 265.3080 4.552355e-05 114.0725 0.1074366
3 2013-08-02 16:28:00    227 265.1 265.7 265.2058 4.552355e-05 113.9702 0.1074366

$rundata
              timestamp record LWSmV  SEmV    CSEmV     CSEmV.sd   loadmV loadmV.sd     watermass watermass.sd surfacedensity surfacedensity.sd runfilter      LWSwater LWSwater.stdev LWSsurfacedensity LWSsurfacedensity.stdev
1   2013-08-02 15:35:45     18 264.5 178.4 178.3753 4.552355e-05 27.13971 0.1074366 -0.0023199345  0.005262277  -9.688635e-05      0.0002197660         0 -3.454768e-03    0.001289440     -1.061699e-04            3.962632e-05
2   2013-08-02 15:36:00     19 264.8 178.3 178.2730 4.552355e-05 27.03746 0.1074366 -0.0067645070  0.005262124  -2.825030e-04      0.0002197596         0 -3.149262e-03    0.001287462     -9.678126e-05            3.956552e-05
3   2013-08-02 15:36:15     20 265.1 178.5 178.4708 4.552355e-05 27.23522 0.1074366  0.0018316931  0.005262420   7.649615e-05      0.0002197720         0 -2.843756e-03    0.001285489     -8.739263e-05            3.950488e-05
4   2013-08-02 15:36:30     21 265.1 178.5 178.4686 4.552355e-05 27.23297 0.1074366  0.0017340448  0.005262416   7.241811e-05      0.0002197719         0 -2.843756e-03    0.001285489     -8.739263e-05            3.950488e-05
5   2013-08-02 15:36:45     22 265.1 178.5 178.4663 4.552355e-05 27.23072 0.1074366  0.0016363965  0.005262413   6.834007e-05      0.0002197717         0 -2.843756e-03    0.001285489     -8.739263e-05            3.950488e-05
6   2013-08-02 15:37:00     23 265.1 178.7 178.6641 4.552355e-05 27.42848 0.1074366  0.0102325966  0.005262711   4.273392e-04      0.0002197842         0 -2.843756e-03    0.001285489     -8.739263e-05            3.950488e-05
7   2013-08-02 15:37:15     24 265.1 178.8 178.7618 4.552355e-05 27.52623 0.1074366  0.0144818725  0.005262859   6.047997e-04      0.0002197903         0 -2.843756e-03    0.001285489     -8.739263e-05            3.950488e-05
8   2013-08-02 15:37:30     25 265.1 178.6 178.5596 4.552355e-05 27.32399 0.1074366  0.0056903758  0.005262553   2.376445e-04      0.0002197776         0 -2.843756e-03    0.001285489     -8.739263e-05            3.950488e-05
9   2013-08-02 15:37:45     26 265.1 178.7 178.6573 4.552355e-05 27.42174 0.1074366  0.0099396517  0.005262701   4.151051e-04      0.0002197837         0 -2.843756e-03    0.001285489     -8.739263e-05            3.950488e-05
10  2013-08-02 15:38:00     27 265.1 178.6 178.5551 4.552355e-05 27.31949 0.1074366  0.0054950792  0.005262547   2.294884e-04      0.0002197773         0 -2.843756e-03    0.001285489     -8.739263e-05            3.950488e-05
11  2013-08-02 15:38:15     28 265.1 178.6 178.5528 4.552355e-05 27.31725 0.1074366  0.0053974309  0.005262543   2.254104e-04      0.0002197771         0 -2.843756e-03    0.001285489     -8.739263e-05            3.950488e-05
12  2013-08-02 15:38:30     29 265.1 178.7 178.6506 4.552355e-05 27.41500 0.1074366  0.0096467068  0.005262691   4.028709e-04      0.0002197833         0 -2.843756e-03    0.001285489     -8.739263e-05            3.950488e-05
13  2013-08-02 15:38:45     30 265.1 178.7 178.6483 4.552355e-05 27.41275 0.1074366  0.0095490585  0.005262687   3.987929e-04      0.0002197832         0 -2.843756e-03    0.001285489     -8.739263e-05            3.950488e-05
14  2013-08-02 15:39:00     31 265.7 178.5 178.4461 4.552355e-05 27.21051 0.1074366  0.0007575618  0.005262383   3.163770e-05      0.0002197704         0 -2.232744e-03    0.001281556     -6.861538e-05            3.938403e-05
15  2013-08-02 15:39:15     32 265.8 178.6 178.5438 4.552355e-05 27.30826 0.1074366  0.0050068377  0.005262530   2.090982e-04      0.0002197766         0 -2.130909e-03    0.001280903     -6.548584e-05            3.936394e-05
16  2013-08-02 15:39:30     33 266.1 178.6 178.5416 4.552355e-05 27.30601 0.1074366  0.0049091894  0.005262526   2.050202e-04      0.0002197764         0 -1.825403e-03    0.001278945     -5.609721e-05            3.930379e-05
17  2013-08-02 15:39:45     34 266.5 178.8 178.7393 4.552355e-05 27.50377 0.1074366  0.0135053895  0.005262825   5.640193e-04      0.0002197889         0 -1.418062e-03    0.001276343     -4.357904e-05            3.922382e-05
18  2013-08-02 15:40:00     35 266.6 178.8 178.7371 4.552355e-05 27.50152 0.1074366  0.0134077412  0.005262822   5.599413e-04      0.0002197888         0 -1.316227e-03    0.001275694     -4.044950e-05            3.920387e-05
19  2013-08-02 15:40:15     36 267.1 178.7 178.6349 4.552355e-05 27.39928 0.1074366  0.0089631687  0.005262667   3.743247e-04      0.0002197823         0 -8.070501e-04    0.001272456     -2.480179e-05            3.910438e-05
20  2013-08-02 15:40:30     37 267.2 179.0 178.9326 4.552355e-05 27.69703 0.1074366  0.0219062930  0.005263119   9.148623e-04      0.0002198012         0 -7.052148e-04    0.001271811     -2.167224e-05            3.908453e-05
21  2013-08-02 15:40:45     38 267.8 179.1 179.0304 4.552355e-05 27.79478 0.1074366  0.0261555689  0.005263269   1.092323e-03      0.0002198074         0 -9.420292e-05    0.001267947     -2.894988e-06            3.896579e-05
22  2013-08-02 15:41:00     39 267.8 179.1 179.0281 4.552355e-05 27.79254 0.1074366  0.0260579206  0.005263265   1.088245e-03      0.0002198073         0 -9.420292e-05    0.001267947     -2.894988e-06            3.896579e-05
23  2013-08-02 15:41:15     40 268.4 179.3 179.2259 4.552355e-05 27.99029 0.1074366  0.0346541207  0.005263569   1.447244e-03      0.0002198200         0  5.168089e-04    0.001264103      1.588227e-05            3.884768e-05
24  2013-08-02 15:41:30     41 268.5 179.2 179.1236 4.552355e-05 27.88804 0.1074366  0.0302095482  0.005263412   1.261627e-03      0.0002198134         0  6.186443e-04    0.001263465      1.901181e-05            3.882805e-05
25  2013-08-02 15:41:45     42 269.1 179.1 179.0214 4.552355e-05 27.78580 0.1074366  0.0257649757  0.005263255   1.076011e-03      0.0002198069         0  1.229656e-03    0.001259645      3.778906e-05            3.871066e-05
26  2013-08-02 15:42:00     43 269.2 178.9 178.8191 4.552355e-05 27.58355 0.1074366  0.0169734790  0.005262946   7.088555e-04      0.0002197940         0  1.331491e-03    0.001259010      4.091861e-05            3.869116e-05
27  2013-08-02 15:42:15     44 269.8 179.0 178.9169 4.552355e-05 27.68130 0.1074366  0.0212227549  0.005263095   8.863161e-04      0.0002198002         0  1.942503e-03    0.001255214      5.969586e-05            3.857450e-05
28  2013-08-02 15:42:30     45 269.9 179.0 178.9146 4.552355e-05 27.67906 0.1074366  0.0211251066  0.005263092   8.822380e-04      0.0002198001         0  2.044339e-03    0.001254584      6.282540e-05            3.855512e-05
29  2013-08-02 15:42:45     46 270.5 179.2 179.1124 4.552355e-05 27.87681 0.1074366  0.0297213067  0.005263394   1.241237e-03      0.0002198127         0  2.655350e-03    0.001250812      8.160266e-05            3.843921e-05
30  2013-08-02 15:43:00     47 270.6 178.8 178.7101 4.552355e-05 27.47457 0.1074366  0.0122359616  0.005262781   5.110048e-04      0.0002197871         0  2.757186e-03    0.001250185      8.473220e-05            3.841995e-05
31  2013-08-02 15:43:15     48 271.2 179.2 179.1079 4.552355e-05 27.87232 0.1074366  0.0295260101  0.005263388   1.233081e-03      0.0002198124         0  3.368198e-03    0.001246438      1.035095e-04            3.830479e-05
32  2013-08-02 15:43:30     49 271.4 179.1 179.0057 4.552355e-05 27.77007 0.1074366  0.0250814376  0.005263231   1.047464e-03      0.0002198059         0  3.571868e-03    0.001245194      1.097685e-04            3.826655e-05
33  2013-08-02 15:43:45     50 271.9 178.9 178.8034 4.552355e-05 27.56783 0.1074366  0.0162899409  0.005262922   6.803092e-04      0.0002197930         0  4.081045e-03    0.001242093      1.254163e-04            3.817126e-05
34  2013-08-02 15:44:00     51 272.0 179.1 179.0012 4.552355e-05 27.76558 0.1074366  0.0248861410  0.005263224   1.039308e-03      0.0002198056         0  4.182880e-03    0.001241474      1.285458e-04            3.815226e-05
35  2013-08-02 15:44:15     52 272.6 179.2 179.0989 4.552355e-05 27.86333 0.1074366  0.0291354169  0.005263374   1.216769e-03      0.0002198118         0  4.793892e-03    0.001237777      1.473230e-04            3.803862e-05
36  2013-08-02 15:44:30     53 272.9 179.3 179.1967 4.552355e-05 27.96109 0.1074366  0.0333846928  0.005263524   1.394229e-03      0.0002198181         0  5.099398e-03    0.001235936      1.567117e-04            3.798205e-05
37  2013-08-02 15:44:45     54 273.3 179.2 179.0944 4.552355e-05 27.85884 0.1074366  0.0289401203  0.005263367   1.208613e-03      0.0002198115         0  5.506739e-03    0.001233490      1.692298e-04            3.790688e-05
38  2013-08-02 15:45:00     55 273.6 179.1 178.9922 4.552355e-05 27.75659 0.1074366  0.0244955478  0.005263210   1.022996e-03      0.0002198050         0  5.812245e-03    0.001231662      1.786185e-04            3.785070e-05
39  2013-08-02 15:45:15     56 273.9 179.1 178.9899 4.552355e-05 27.75435 0.1074366  0.0243978995  0.005263207   1.018918e-03      0.0002198049         0  6.117751e-03    0.001229839      1.880071e-04            3.779469e-05
40  2013-08-02 15:45:30     57 274.4 179.2 179.0877 4.552355e-05 27.85210 0.1074366  0.0286471754  0.005263357   1.196379e-03      0.0002198111         1  6.626928e-03    0.001226814      2.036548e-04            3.770171e-05
41  2013-08-02 15:45:45     58 274.6 179.3 179.1854 4.552355e-05 27.94986 0.1074366  0.0328964513  0.005263507   1.373839e-03      0.0002198174         1  6.830598e-03    0.001225608      2.099139e-04            3.766465e-05
42  2013-08-02 15:46:00     59 275.1 179.4 179.2832 4.552355e-05 28.04761 0.1074366  0.0371457272  0.005263658   1.551300e-03      0.0002198237         1  7.339775e-03    0.001222604      2.255616e-04            3.757234e-05
43  2013-08-02 15:46:15     60 275.3 179.2 179.0809 4.552355e-05 27.84536 0.1074366  0.0283542305  0.005263346   1.184145e-03      0.0002198107         1  7.543445e-03    0.001221407      2.318207e-04            3.753555e-05
44  2013-08-02 15:46:30     61 275.8 179.4 179.2787 4.552355e-05 28.04312 0.1074366  0.0369504306  0.005263651   1.543144e-03      0.0002198234         1  8.052622e-03    0.001218425      2.474684e-04            3.744391e-05
45  2013-08-02 15:46:45     62 276.0 179.1 178.9764 4.552355e-05 27.74087 0.1074366  0.0238120097  0.005263186   9.944499e-04      0.0002198040         1  8.256292e-03    0.001217236      2.537275e-04            3.740738e-05
46  2013-08-02 15:47:00     63 276.6 179.3 179.1742 4.552355e-05 27.93862 0.1074366  0.0324082098  0.005263490   1.353449e-03      0.0002198167         1  8.867304e-03    0.001213686      2.725047e-04            3.729828e-05
47  2013-08-02 15:47:15     64 276.7 179.1 178.9720 4.552355e-05 27.73638 0.1074366  0.0236167131  0.005263179   9.862938e-04      0.0002198037         1  8.969140e-03    0.001213097      2.756343e-04            3.728017e-05
48  2013-08-02 15:47:30     65 277.3 179.2 179.0697 4.552355e-05 27.83413 0.1074366  0.0278659890  0.005263329   1.163754e-03      0.0002198100         1  9.580152e-03    0.001209573      2.944115e-04            3.717189e-05
49  2013-08-02 15:47:45     66 277.5 179.3 179.1675 4.552355e-05 27.93188 0.1074366  0.0321152649  0.005263479   1.341215e-03      0.0002198162         1  9.783822e-03    0.001208404      3.006706e-04            3.713595e-05
50  2013-08-02 15:48:00     67 278.0 179.4 179.2652 4.552355e-05 28.02964 0.1074366  0.0363645408  0.005263630   1.518675e-03      0.0002198225         1  1.029300e-02    0.001205492      3.163183e-04            3.704646e-05
51  2013-08-02 15:48:15     68 278.3 179.5 179.3630 4.552355e-05 28.12739 0.1074366  0.0406138167  0.005263781   1.696136e-03      0.0002198289         1  1.059850e-02    0.001203752      3.257070e-04            3.699300e-05
52  2013-08-02 15:48:30     69 278.7 179.4 179.2607 4.552355e-05 28.02514 0.1074366  0.0361692442  0.005263623   1.510519e-03      0.0002198222         1  1.100585e-02    0.001201442      3.382251e-04            3.692201e-05
53  2013-08-02 15:48:45     70 279.1 179.4 179.2585 4.552355e-05 28.02290 0.1074366  0.0360715959  0.005263620   1.506441e-03      0.0002198221         1  1.141319e-02    0.001199143      3.507433e-04            3.685134e-05
54  2013-08-02 15:49:00     71 279.4 179.2 179.0562 4.552355e-05 27.82065 0.1074366  0.0272800993  0.005263308   1.139286e-03      0.0002198091         1  1.171869e-02    0.001197425      3.601319e-04            3.679855e-05
55  2013-08-02 15:49:15     72 279.9 179.3 179.1540 4.552355e-05 27.91841 0.1074366  0.0315293752  0.005263458   1.316747e-03      0.0002198154         1  1.222787e-02    0.001194575      3.757796e-04            3.671097e-05
56  2013-08-02 15:49:30     73 280.1 179.1 178.9517 4.552355e-05 27.71616 0.1074366  0.0227378785  0.005263148   9.495915e-04      0.0002198024         1  1.243154e-02    0.001193440      3.820387e-04            3.667608e-05
57  2013-08-02 15:49:45     74 280.6 179.3 179.1495 4.552355e-05 27.91391 0.1074366  0.0313340786  0.005263452   1.308591e-03      0.0002198151         1  1.294072e-02    0.001190613      3.976864e-04            3.658922e-05
58  2013-08-02 15:50:00     75 280.8 179.3 179.1472 4.552355e-05 27.91167 0.1074366  0.0312364303  0.005263448   1.304513e-03      0.0002198149         1  1.314439e-02    0.001189487      4.039455e-04            3.655462e-05
59  2013-08-02 15:50:15     76 281.4 179.3 179.1450 4.552355e-05 27.90942 0.1074366  0.0311387820  0.005263445   1.300434e-03      0.0002198148         1  1.375540e-02    0.001186126      4.227228e-04            3.645133e-05
60  2013-08-02 15:50:30     77 281.4 179.2 179.0428 4.552355e-05 27.80717 0.1074366  0.0266942095  0.005263288   1.114818e-03      0.0002198082         1  1.375540e-02    0.001186126      4.227228e-04            3.645133e-05
61  2013-08-02 15:50:45     78 282.0 179.5 179.3405 4.552355e-05 28.10493 0.1074366  0.0396373338  0.005263746   1.655356e-03      0.0002198274         1  1.436641e-02    0.001182789      4.415000e-04            3.634878e-05
62  2013-08-02 15:51:00     79 282.1 179.3 179.1383 4.552355e-05 27.90268 0.1074366  0.0308458371  0.005263434   1.288200e-03      0.0002198144         1  1.446825e-02    0.001182236      4.446296e-04            3.633177e-05
63  2013-08-02 15:51:15     80 282.8 179.3 179.1360 4.552355e-05 27.90043 0.1074366  0.0307481888  0.005263431   1.284122e-03      0.0002198142         1  1.518109e-02    0.001178379      4.665364e-04            3.621324e-05
64  2013-08-02 15:51:30     81 282.8 179.6 179.4338 4.552355e-05 28.19819 0.1074366  0.0436913131  0.005263891   1.824660e-03      0.0002198334         1  1.518109e-02    0.001178379      4.665364e-04            3.621324e-05
65  2013-08-02 15:51:45     82 283.4 179.4 179.2315 4.552355e-05 27.99594 0.1074366  0.0348998164  0.005263578   1.457505e-03      0.0002198204         1  1.579211e-02    0.001175100      4.853136e-04            3.611248e-05
66  2013-08-02 15:52:00     83 283.6 179.4 179.2293 4.552355e-05 27.99370 0.1074366  0.0348021681  0.005263574   1.453427e-03      0.0002198202         1  1.599578e-02    0.001174013      4.915727e-04            3.607907e-05
67  2013-08-02 15:52:15     84 284.1 179.6 179.4270 4.552355e-05 28.19145 0.1074366  0.0433983682  0.005263881   1.812426e-03      0.0002198330         1  1.650495e-02    0.001171307      5.072204e-04            3.599591e-05
68  2013-08-02 15:52:30     85 284.3 179.6 179.4248 4.552355e-05 28.18920 0.1074366  0.0433007199  0.005263877   1.808348e-03      0.0002198329         1  1.670862e-02    0.001170229      5.134795e-04            3.596280e-05
69  2013-08-02 15:52:45     86 284.8 179.7 179.5225 4.552355e-05 28.28696 0.1074366  0.0475499958  0.005264029   1.985808e-03      0.0002198392         1  1.721780e-02    0.001167548      5.291272e-04            3.588040e-05
70  2013-08-02 15:53:00     87 285.1 179.6 179.4203 4.552355e-05 28.18471 0.1074366  0.0431054233  0.005263870   1.800192e-03      0.0002198326         1  1.752331e-02    0.001165948      5.385158e-04            3.583123e-05
71  2013-08-02 15:53:15     88 285.5 179.4 179.2180 4.552355e-05 27.98246 0.1074366  0.0343139266  0.005263557   1.433037e-03      0.0002198195         1  1.793065e-02    0.001163825      5.510340e-04            3.576597e-05
72  2013-08-02 15:53:30     89 285.8 179.4 179.2158 4.552355e-05 27.98022 0.1074366  0.0342162783  0.005263554   1.428959e-03      0.0002198193         1  1.823615e-02    0.001162240      5.604226e-04            3.571726e-05
73  2013-08-02 15:53:45     90 286.2 179.6 179.4136 4.552355e-05 28.17797 0.1074366  0.0428124784  0.005263860   1.787958e-03      0.0002198321         1  1.864349e-02    0.001160136      5.729408e-04            3.565262e-05
74  2013-08-02 15:54:00     91 286.7 179.7 179.5113 4.552355e-05 28.27572 0.1074366  0.0470617543  0.005264012   1.965418e-03      0.0002198385         1  1.915267e-02    0.001157524      5.885885e-04            3.557233e-05
75  2013-08-02 15:54:15     92 286.9 179.4 179.2091 4.552355e-05 27.97348 0.1074366  0.0339233334  0.005263543   1.416724e-03      0.0002198189         1  1.935634e-02    0.001156484      5.948476e-04            3.554037e-05
76  2013-08-02 15:54:30     93 287.3 179.4 179.2068 4.552355e-05 27.97123 0.1074366  0.0338256851  0.005263540   1.412646e-03      0.0002198188         1  1.976368e-02    0.001154413      6.073658e-04            3.547673e-05
77  2013-08-02 15:54:45     94 287.6 179.4 179.2046 4.552355e-05 27.96899 0.1074366  0.0337280368  0.005263536   1.408568e-03      0.0002198186         1  2.006919e-02    0.001152867      6.167544e-04            3.542923e-05
78  2013-08-02 15:55:00     95 288.2 179.6 179.4023 4.552355e-05 28.16674 0.1074366  0.0423242369  0.005263842   1.767567e-03      0.0002198314         1  2.068020e-02    0.001149796      6.355317e-04            3.533486e-05
79  2013-08-02 15:55:15     96 288.4 179.4 179.2001 4.552355e-05 27.96449 0.1074366  0.0335327402  0.005263529   1.400412e-03      0.0002198183         1  2.088387e-02    0.001148779      6.417907e-04            3.530358e-05
80  2013-08-02 15:55:30     97 288.9 179.4 179.1978 4.552355e-05 27.96225 0.1074366  0.0334350919  0.005263526   1.396334e-03      0.0002198182         1  2.139305e-02    0.001146247      6.574385e-04            3.522580e-05
81  2013-08-02 15:55:45     98 289.3 179.4 179.1956 4.552355e-05 27.96000 0.1074366  0.0333374436  0.005263522   1.392256e-03      0.0002198180         1  2.180039e-02    0.001144236      6.699566e-04            3.516399e-05
82  2013-08-02 15:56:00     99 289.6 179.4 179.1933 4.552355e-05 27.95775 0.1074366  0.0332397953  0.005263519   1.388178e-03      0.0002198179         1  2.210589e-02    0.001142736      6.793453e-04            3.511788e-05
83  2013-08-02 15:56:15    100 290.1 179.6 179.3911 4.552355e-05 28.15551 0.1074366  0.0418359954  0.005263825   1.747177e-03      0.0002198307         1  2.261507e-02    0.001140250      6.949930e-04            3.504149e-05
84  2013-08-02 15:56:30    101 290.4 179.5 179.2888 4.552355e-05 28.05326 0.1074366  0.0373914229  0.005263666   1.561561e-03      0.0002198241         1  2.292058e-02    0.001138768      7.043816e-04            3.499594e-05
85  2013-08-02 15:56:45    102 290.9 179.7 179.4866 4.552355e-05 28.25101 0.1074366  0.0459876230  0.005263973   1.920560e-03      0.0002198369         1  2.342975e-02    0.001136313      7.200293e-04            3.492050e-05
86  2013-08-02 15:57:00    103 291.2 179.7 179.4843 4.552355e-05 28.24877 0.1074366  0.0458899747  0.005263970   1.916482e-03      0.0002198367         1  2.373526e-02    0.001134850      7.294179e-04            3.487553e-05
87  2013-08-02 15:57:15    104 291.6 179.7 179.4821 4.552355e-05 28.24652 0.1074366  0.0457923264  0.005263966   1.912404e-03      0.0002198366         1  2.414260e-02    0.001132909      7.419361e-04            3.481589e-05
88  2013-08-02 15:57:30    105 292.1 179.7 179.4799 4.552355e-05 28.24428 0.1074366  0.0456946781  0.005263963   1.908326e-03      0.0002198364         1  2.465178e-02    0.001130501      7.575838e-04            3.474188e-05
89  2013-08-02 15:57:45    106 292.3 179.4 179.1776 4.552355e-05 27.94203 0.1074366  0.0325562573  0.005263495   1.359632e-03      0.0002198169         1  2.485545e-02    0.001129543      7.638429e-04            3.471245e-05
90  2013-08-02 15:58:00    107 293.0 179.5 179.2754 4.552355e-05 28.03978 0.1074366  0.0368055331  0.005263646   1.537092e-03      0.0002198232         1  2.556830e-02    0.001126216      7.857497e-04            3.461020e-05
91  2013-08-02 15:58:15    108 293.3 179.7 179.4731 4.552355e-05 28.23754 0.1074366  0.0454017332  0.005263952   1.896092e-03      0.0002198360         1  2.587380e-02    0.001124802      7.951383e-04            3.456675e-05
92  2013-08-02 15:58:30    109 293.7 179.8 179.5709 4.552355e-05 28.33529 0.1074366  0.0496510091  0.005264105   2.073552e-03      0.0002198424         1  2.628114e-02    0.001122928      8.076565e-04            3.450915e-05
93  2013-08-02 15:58:45    110 294.2 179.6 179.3686 4.552355e-05 28.13304 0.1074366  0.0408595124  0.005263790   1.706397e-03      0.0002198292         1  2.679032e-02    0.001120603      8.233042e-04            3.443771e-05
94  2013-08-02 15:59:00    111 294.5 179.4 179.1664 4.552355e-05 27.93080 0.1074366  0.0320680158  0.005263478   1.339242e-03      0.0002198162         1  2.709582e-02    0.001119218      8.326928e-04            3.439515e-05
95  2013-08-02 15:59:15    112 295.0 179.6 179.3641 4.552355e-05 28.12855 0.1074366  0.0406642159  0.005263783   1.698241e-03      0.0002198289         1  2.760500e-02    0.001116926      8.483405e-04            3.432470e-05
96  2013-08-02 15:59:30    113 295.3 179.7 179.4619 4.552355e-05 28.22630 0.1074366  0.0449134918  0.005263935   1.875701e-03      0.0002198353         1  2.791051e-02    0.001115560      8.577292e-04            3.428274e-05
97  2013-08-02 15:59:45    114 295.7 179.6 179.3596 4.552355e-05 28.12406 0.1074366  0.0404689193  0.005263776   1.690085e-03      0.0002198286         1  2.831785e-02    0.001113751      8.702473e-04            3.422713e-05
98  2013-08-02 16:00:00    115 296.3 179.7 179.4574 4.552355e-05 28.22181 0.1074366  0.0447181952  0.005263928   1.867545e-03      0.0002198350         1  2.892886e-02    0.001111062      8.890246e-04            3.414449e-05
99  2013-08-02 16:00:15    116 296.4 179.6 179.3551 4.552355e-05 28.11957 0.1074366  0.0402736227  0.005263769   1.681929e-03      0.0002198283         1  2.903070e-02    0.001110616      8.921541e-04            3.413080e-05
100 2013-08-02 16:00:30    117 297.0 179.7 179.4529 4.552355e-05 28.21732 0.1074366  0.0445228986  0.005263921   1.859389e-03      0.0002198347         1  2.964171e-02    0.001107962      9.109314e-04            3.404923e-05
101 2013-08-02 16:00:45    118 297.4 179.8 179.5507 4.552355e-05 28.31507 0.1074366  0.0487721745  0.005264073   2.036850e-03      0.0002198410         1  3.004905e-02    0.001106209      9.234496e-04            3.399536e-05
102 2013-08-02 16:01:00    119 297.7 180.0 179.7484 4.552355e-05 28.51283 0.1074366  0.0573683746  0.005264383   2.395849e-03      0.0002198540         1  3.035455e-02    0.001104903      9.328382e-04            3.395523e-05
103 2013-08-02 16:01:15    120 298.1 179.9 179.6462 4.552355e-05 28.41058 0.1074366  0.0529238021  0.005264222   2.210232e-03      0.0002198473         1  3.076190e-02    0.001103174      9.453564e-04            3.390209e-05
104 2013-08-02 16:01:30    121 298.4 179.9 179.6439 4.552355e-05 28.40833 0.1074366  0.0528261538  0.005264219   2.206154e-03      0.0002198471         1  3.106740e-02    0.001101886      9.547450e-04            3.386250e-05
105 2013-08-02 16:01:45    122 299.0 179.7 179.4417 4.552355e-05 28.20609 0.1074366  0.0440346571  0.005263903   1.838999e-03      0.0002198340         1  3.167841e-02    0.001099333      9.735222e-04            3.378404e-05
106 2013-08-02 16:02:00    123 299.2 179.6 179.3394 4.552355e-05 28.10384 0.1074366  0.0395900846  0.005263745   1.653382e-03      0.0002198273         1  3.188208e-02    0.001098488      9.797813e-04            3.375809e-05
107 2013-08-02 16:02:15    124 299.8 179.7 179.4372 4.552355e-05 28.20159 0.1074366  0.0438393605  0.005263896   1.830843e-03      0.0002198337         1  3.249310e-02    0.001095976      9.985586e-04            3.368089e-05
108 2013-08-02 16:02:30    125 300.2 180.1 179.8349 4.552355e-05 28.59935 0.1074366  0.0611294090  0.005264519   2.552919e-03      0.0002198597         1  3.290044e-02    0.001094319      1.011077e-03            3.362996e-05
109 2013-08-02 16:02:45    126 300.5 179.7 179.4327 4.552355e-05 28.19710 0.1074366  0.0436440639  0.005263889   1.822687e-03      0.0002198334         1  3.320594e-02    0.001093085      1.020465e-03            3.359203e-05
110 2013-08-02 16:03:00    127 301.0 179.9 179.6304 4.552355e-05 28.39486 0.1074366  0.0522402640  0.005264198   2.181686e-03      0.0002198463         1  3.371512e-02    0.001091046      1.036113e-03            3.352937e-05
111 2013-08-02 16:03:15    128 301.2 180.1 179.8282 4.552355e-05 28.59261 0.1074366  0.0608364641  0.005264508   2.540685e-03      0.0002198592         1  3.391879e-02    0.001090236      1.042372e-03            3.350449e-05
112 2013-08-02 16:03:30    129 301.8 180.0 179.7259 4.552355e-05 28.49036 0.1074366  0.0563918916  0.005264348   2.355068e-03      0.0002198525         1  3.452980e-02    0.001087828      1.061149e-03            3.343050e-05
113 2013-08-02 16:03:45    130 302.1 180.1 179.8237 4.552355e-05 28.58812 0.1074366  0.0606411675  0.005264501   2.532529e-03      0.0002198589         1  3.483531e-02    0.001086636      1.070538e-03            3.339387e-05
114 2013-08-02 16:04:00    131 302.5 180.0 179.7214 4.552355e-05 28.48587 0.1074366  0.0561965950  0.005264341   2.346912e-03      0.0002198522         1  3.524265e-02    0.001085060      1.083056e-03            3.334541e-05
115 2013-08-02 16:04:15    132 303.1 180.0 179.7192 4.552355e-05 28.48362 0.1074366  0.0560989467  0.005264337   2.342834e-03      0.0002198521         1  3.585366e-02    0.001082721      1.101833e-03            3.327355e-05
116 2013-08-02 16:04:30    133 303.2 180.2 179.9170 4.552355e-05 28.68138 0.1074366  0.0646951468  0.005264649   2.701833e-03      0.0002198651         1  3.595550e-02    0.001082335      1.104963e-03            3.326166e-05
117 2013-08-02 16:04:45    134 303.8 179.9 179.6147 4.552355e-05 28.37913 0.1074366  0.0515567259  0.005264173   2.153140e-03      0.0002198452         1  3.656651e-02    0.001080034      1.123740e-03            3.319096e-05
118 2013-08-02 16:05:00    135 304.1 180.0 179.7125 4.552355e-05 28.47688 0.1074366  0.0558060018  0.005264326   2.330600e-03      0.0002198516         1  3.687201e-02    0.001078895      1.133129e-03            3.315598e-05
119 2013-08-02 16:05:15    136 304.5 179.9 179.6102 4.552355e-05 28.37464 0.1074366  0.0513614293  0.005264166   2.144984e-03      0.0002198449         1  3.727936e-02    0.001077391      1.145647e-03            3.310973e-05
120 2013-08-02 16:05:30    137 304.9 179.9 179.6080 4.552355e-05 28.37239 0.1074366  0.0512637810  0.005264163   2.140905e-03      0.0002198448         1  3.768670e-02    0.001075900      1.158165e-03            3.306392e-05
121 2013-08-02 16:05:45    138 305.2 180.0 179.7057 4.552355e-05 28.47014 0.1074366  0.0555130569  0.005264316   2.318366e-03      0.0002198512         1  3.799220e-02    0.001074792      1.167554e-03            3.302987e-05
122 2013-08-02 16:06:00    139 305.7 179.9 179.6035 4.552355e-05 28.36790 0.1074366  0.0510684844  0.005264156   2.132749e-03      0.0002198445         1  3.850138e-02    0.001072963      1.183202e-03            3.297367e-05
123 2013-08-02 16:06:15    140 305.9 180.0 179.7012 4.552355e-05 28.46565 0.1074366  0.0553177603  0.005264309   2.310210e-03      0.0002198509         1  3.870505e-02    0.001072238      1.189461e-03            3.295138e-05
124 2013-08-02 16:06:30    141 306.5 180.1 179.7990 4.552355e-05 28.56341 0.1074366  0.0595670362  0.005264462   2.487670e-03      0.0002198573         1  3.931606e-02    0.001070085      1.208238e-03            3.288522e-05
125 2013-08-02 16:06:45    142 306.7 180.0 179.6967 4.552355e-05 28.46116 0.1074366  0.0551224637  0.005264302   2.302054e-03      0.0002198506         1  3.951973e-02    0.001069375      1.214497e-03            3.286339e-05
126 2013-08-02 16:07:00    143 307.2 179.9 179.5945 4.552355e-05 28.35891 0.1074366  0.0506778912  0.005264142   2.116437e-03      0.0002198439         1  4.002891e-02    0.001067615      1.230145e-03            3.280933e-05
127 2013-08-02 16:07:15    144 307.3 179.9 179.5922 4.552355e-05 28.35667 0.1074366  0.0505802429  0.005264138   2.112359e-03      0.0002198438         1  4.013074e-02    0.001067266      1.233274e-03            3.279860e-05
128 2013-08-02 16:07:30    145 307.9 179.7 179.3900 4.552355e-05 28.15442 0.1074366  0.0417887462  0.005263823   1.745204e-03      0.0002198306         1  4.074176e-02    0.001065192      1.252052e-03            3.273484e-05
129 2013-08-02 16:07:45    146 308.5 180.0 179.6878 4.552355e-05 28.45217 0.1074366  0.0547318705  0.005264288   2.285742e-03      0.0002198500         1  4.135277e-02    0.001063151      1.270829e-03            3.267212e-05
130 2013-08-02 16:08:00    147 308.6 180.1 179.7855 4.552355e-05 28.54993 0.1074366  0.0589811464  0.005264441   2.463202e-03      0.0002198564         1  4.145460e-02    0.001062814      1.273958e-03            3.266177e-05
131 2013-08-02 16:08:15    148 308.9 179.8 179.4833 4.552355e-05 28.24768 0.1074366  0.0458427255  0.005263968   1.914508e-03      0.0002198367         1  4.176011e-02    0.001061809      1.283347e-03            3.263089e-05
132 2013-08-02 16:08:30    149 309.3 179.7 179.3810 4.552355e-05 28.14543 0.1074366  0.0413981531  0.005263809   1.728892e-03      0.0002198300         1  4.216745e-02    0.001060483      1.295865e-03            3.259012e-05
133 2013-08-02 16:08:45    150 309.6 179.6 179.2788 4.552355e-05 28.04319 0.1074366  0.0369535806  0.005263651   1.543275e-03      0.0002198234         1  4.247296e-02    0.001059498      1.305254e-03            3.255986e-05
134 2013-08-02 16:09:00    151 310.0 179.7 179.3765 4.552355e-05 28.14094 0.1074366  0.0412028565  0.005263802   1.720736e-03      0.0002198297         1  4.288030e-02    0.001058198      1.317772e-03            3.251991e-05
135 2013-08-02 16:09:15    152 310.3 179.9 179.5743 4.552355e-05 28.33870 0.1074366  0.0497990566  0.005264110   2.079735e-03      0.0002198426         1  4.318580e-02    0.001057233      1.327161e-03            3.249027e-05
136 2013-08-02 16:09:30    153 310.6 180.0 179.6720 4.552355e-05 28.43645 0.1074366  0.0540483324  0.005264263   2.257195e-03      0.0002198490         1  4.349131e-02    0.001056277      1.336549e-03            3.246089e-05
137 2013-08-02 16:09:45    154 311.1 180.1 179.7698 4.552355e-05 28.53420 0.1074366  0.0582976083  0.005264416   2.434656e-03      0.0002198554         1  4.400049e-02    0.001054703      1.352197e-03            3.241251e-05
138 2013-08-02 16:10:00    155 311.3 180.0 179.6675 4.552355e-05 28.43196 0.1074366  0.0538530359  0.005264256   2.249039e-03      0.0002198487         1  4.420416e-02    0.001054080      1.358456e-03            3.239337e-05
139 2013-08-02 16:10:15    156 311.8 180.0 179.6653 4.552355e-05 28.42971 0.1074366  0.0537553876  0.005264252   2.244961e-03      0.0002198485         1  4.471333e-02    0.001052540      1.374104e-03            3.234603e-05
140 2013-08-02 16:10:30    157 312.0 179.7 179.3630 4.552355e-05 28.12746 0.1074366  0.0406169667  0.005263781   1.696268e-03      0.0002198289         1  4.491700e-02    0.001051931      1.380363e-03            3.232731e-05
141 2013-08-02 16:10:45    158 312.6 179.9 179.5608 4.552355e-05 28.32522 0.1074366  0.0492131668  0.005264089   2.055267e-03      0.0002198417         1  4.552802e-02    0.001050126      1.399140e-03            3.227186e-05
142 2013-08-02 16:11:00    159 312.7 180.2 179.8586 4.552355e-05 28.62297 0.1074366  0.0621562911  0.005264556   2.595804e-03      0.0002198612         1  4.562985e-02    0.001049829      1.402270e-03            3.226273e-05
143 2013-08-02 16:11:15    160 313.3 180.0 179.6563 4.552355e-05 28.42072 0.1074366  0.0533647944  0.005264238   2.228649e-03      0.0002198479         1  4.624086e-02    0.001048066      1.421047e-03            3.220854e-05
144 2013-08-02 16:11:30    161 313.5 179.9 179.5541 4.552355e-05 28.31848 0.1074366  0.0489202219  0.005264078   2.043033e-03      0.0002198413         1  4.644453e-02    0.001047486      1.427306e-03            3.219073e-05
145 2013-08-02 16:11:45    162 314.0 179.7 179.3518 4.552355e-05 28.11623 0.1074366  0.0401287252  0.005263764   1.675877e-03      0.0002198281         1  4.695371e-02    0.001046054      1.442954e-03            3.214671e-05
146 2013-08-02 16:12:00    163 314.2 179.9 179.5496 4.552355e-05 28.31399 0.1074366  0.0487249253  0.005264071   2.034876e-03      0.0002198410         1  4.715738e-02    0.001045488      1.449213e-03            3.212932e-05
147 2013-08-02 16:12:15    164 314.7 180.0 179.6473 4.552355e-05 28.41174 0.1074366  0.0529742012  0.005264224   2.212337e-03      0.0002198474         1  4.766656e-02    0.001044091      1.464860e-03            3.208638e-05
148 2013-08-02 16:12:30    165 315.0 179.8 179.4451 4.552355e-05 28.20949 0.1074366  0.0441827045  0.005263909   1.845182e-03      0.0002198342         1  4.797206e-02    0.001043264      1.474249e-03            3.206098e-05
149 2013-08-02 16:12:45    166 315.4 180.0 179.6428 4.552355e-05 28.40725 0.1074366  0.0527789046  0.005264217   2.204181e-03      0.0002198471         1  4.837940e-02    0.001042177      1.486767e-03            3.202755e-05
150 2013-08-02 16:13:00    167 315.7 180.0 179.6406 4.552355e-05 28.40500 0.1074366  0.0526812563  0.005264214   2.200103e-03      0.0002198469         1  4.868491e-02    0.001041371      1.496156e-03            3.200280e-05
151 2013-08-02 16:13:15    168 316.1 180.0 179.6383 4.552355e-05 28.40275 0.1074366  0.0525836080  0.005264210   2.196025e-03      0.0002198468         1  4.909225e-02    0.001040311      1.508674e-03            3.197023e-05
152 2013-08-02 16:13:30    169 316.4 180.0 179.6361 4.552355e-05 28.40051 0.1074366  0.0524859597  0.005264207   2.191947e-03      0.0002198466         1  4.939776e-02    0.001039527      1.518063e-03            3.194613e-05
153 2013-08-02 16:13:45    170 316.8 179.9 179.5338 4.552355e-05 28.29826 0.1074366  0.0480413872  0.005264047   2.006330e-03      0.0002198399         1  4.980510e-02    0.001038496      1.530581e-03            3.191444e-05
154 2013-08-02 16:14:00    171 317.1 179.9 179.5316 4.552355e-05 28.29601 0.1074366  0.0479437389  0.005264043   2.002252e-03      0.0002198398         1  5.011060e-02    0.001037733      1.539969e-03            3.189099e-05
155 2013-08-02 16:14:15    172 317.4 179.9 179.5293 4.552355e-05 28.29377 0.1074366  0.0478460906  0.005264040   1.998174e-03      0.0002198397         1  5.041611e-02    0.001036979      1.549358e-03            3.186783e-05
156 2013-08-02 16:14:30    173 317.9 180.0 179.6271 4.552355e-05 28.39152 0.1074366  0.0520953665  0.005264193   2.175635e-03      0.0002198460         1  5.092529e-02    0.001035743      1.565006e-03            3.182985e-05
157 2013-08-02 16:14:45    174 318.1 179.8 179.4249 4.552355e-05 28.18928 0.1074366  0.0433038698  0.005263877   1.808479e-03      0.0002198329         1  5.112896e-02    0.001035256      1.571265e-03            3.181488e-05
158 2013-08-02 16:15:00    175 318.6 180.2 179.8226 4.552355e-05 28.58703 0.1074366  0.0605939183  0.005264500   2.530556e-03      0.0002198589         1  5.163813e-02    0.001034056      1.586913e-03            3.177800e-05
159 2013-08-02 16:15:15    176 318.8 180.0 179.6204 4.552355e-05 28.38478 0.1074366  0.0518024216  0.005264182   2.163400e-03      0.0002198456         1  5.184181e-02    0.001033583      1.593172e-03            3.176347e-05
160 2013-08-02 16:15:30    177 319.4 179.8 179.4181 4.552355e-05 28.18254 0.1074366  0.0430109249  0.005263867   1.796245e-03      0.0002198324         1  5.245282e-02    0.001032190      1.611949e-03            3.172064e-05
161 2013-08-02 16:15:45    178 319.5 179.9 179.5159 4.552355e-05 28.28029 0.1074366  0.0472602008  0.005264019   1.973706e-03      0.0002198388         1  5.255465e-02    0.001031961      1.615078e-03            3.171361e-05
162 2013-08-02 16:16:00    179 320.1 179.9 179.5136 4.552355e-05 28.27804 0.1074366  0.0471625525  0.005264015   1.969628e-03      0.0002198386         1  5.316566e-02    0.001030611      1.633856e-03            3.167212e-05
163 2013-08-02 16:16:15    180 320.3 180.3 179.9114 4.552355e-05 28.67580 0.1074366  0.0644526010  0.005264640   2.691704e-03      0.0002198647         1  5.336933e-02    0.001030169      1.640115e-03            3.165854e-05
164 2013-08-02 16:16:30    181 320.8 180.1 179.7091 4.552355e-05 28.47355 0.1074366  0.0556611043  0.005264321   2.324549e-03      0.0002198514         1  5.387851e-02    0.001029083      1.655762e-03            3.162516e-05
165 2013-08-02 16:16:45    182 320.9 180.1 179.7069 4.552355e-05 28.47130 0.1074366  0.0555634560  0.005264318   2.320471e-03      0.0002198513         1  5.398035e-02    0.001028869      1.658892e-03            3.161858e-05
166 2013-08-02 16:17:00    183 321.5 180.3 179.9046 4.552355e-05 28.66906 0.1074366  0.0641596561  0.005264629   2.679470e-03      0.0002198643         1  5.459136e-02    0.001027606      1.677669e-03            3.157977e-05
167 2013-08-02 16:17:15    184 321.8 179.9 179.5024 4.552355e-05 28.26681 0.1074366  0.0466743110  0.005263998   1.949238e-03      0.0002198379         1  5.489686e-02    0.001026989      1.687058e-03            3.156080e-05
168 2013-08-02 16:17:30    185 322.2 180.2 179.8001 4.552355e-05 28.56457 0.1074366  0.0596174353  0.005264464   2.489775e-03      0.0002198574         1  5.530421e-02    0.001026180      1.699576e-03            3.153596e-05
169 2013-08-02 16:17:45    186 322.4 180.4 179.9979 4.552355e-05 28.76232 0.1074366  0.0682136354  0.005264777   2.848774e-03      0.0002198704         1  5.550788e-02    0.001025782      1.705835e-03            3.152374e-05
170 2013-08-02 16:18:00    187 322.9 180.1 179.6957 4.552355e-05 28.46007 0.1074366  0.0550752145  0.005264300   2.300081e-03      0.0002198505         1  5.601705e-02    0.001024806      1.721483e-03            3.149374e-05
171 2013-08-02 16:18:15    188 323.1 180.4 179.9934 4.552355e-05 28.75783 0.1074366  0.0680183388  0.005264770   2.840618e-03      0.0002198701         1  5.622072e-02    0.001024423      1.727742e-03            3.148197e-05
172 2013-08-02 16:18:30    189 323.6 180.4 179.9912 4.552355e-05 28.75558 0.1074366  0.0679206905  0.005264766   2.836540e-03      0.0002198700         1  5.672990e-02    0.001023484      1.743390e-03            3.145310e-05
173 2013-08-02 16:18:45    190 323.6 180.1 179.6889 4.552355e-05 28.45333 0.1074366  0.0547822697  0.005264289   2.287846e-03      0.0002198501         1  5.672990e-02    0.001023484      1.743390e-03            3.145310e-05
174 2013-08-02 16:19:00    191 324.2 180.3 179.8867 4.552355e-05 28.65109 0.1074366  0.0633784697  0.005264601   2.646846e-03      0.0002198631         1  5.734091e-02    0.001022392      1.762167e-03            3.141955e-05
175 2013-08-02 16:19:15    192 324.4 180.3 179.8844 4.552355e-05 28.64884 0.1074366  0.0632808214  0.005264597   2.642768e-03      0.0002198629         1  5.754458e-02    0.001022037      1.768426e-03            3.140862e-05
176 2013-08-02 16:19:30    193 324.9 180.4 179.9822 4.552355e-05 28.74659 0.1074366  0.0675300973  0.005264752   2.820228e-03      0.0002198694         1  5.805376e-02    0.001021166      1.784074e-03            3.138188e-05
177 2013-08-02 16:19:45    194 325.0 180.5 180.0799 4.552355e-05 28.84435 0.1074366  0.0717793732  0.005264907   2.997689e-03      0.0002198759         1  5.815559e-02    0.001020996      1.787203e-03            3.137663e-05
178 2013-08-02 16:20:00    195 325.6 180.6 180.1777 4.552355e-05 28.94210 0.1074366  0.0760286491  0.005265062   3.175149e-03      0.0002198824         1  5.876661e-02    0.001019993      1.805981e-03            3.134583e-05
179 2013-08-02 16:20:15    196 325.8 180.1 179.6754 4.552355e-05 28.43986 0.1074366  0.0541963799  0.005264268   2.263378e-03      0.0002198492         1  5.897028e-02    0.001019668      1.812240e-03            3.133582e-05
180 2013-08-02 16:20:30    197 326.3 180.3 179.8732 4.552355e-05 28.63761 0.1074366  0.0627925800  0.005264579   2.622377e-03      0.0002198622         1  5.947945e-02    0.001018873      1.827887e-03            3.131139e-05
181 2013-08-02 16:20:45    198 326.4 180.5 180.0709 4.552355e-05 28.83536 0.1074366  0.0713887800  0.005264893   2.981376e-03      0.0002198753         1  5.958129e-02    0.001018717      1.831017e-03            3.130660e-05
182 2013-08-02 16:21:00    199 327.0 180.5 180.0687 4.552355e-05 28.83312 0.1074366  0.0712911318  0.005264889   2.977298e-03      0.0002198751         1  6.019230e-02    0.001017804      1.849794e-03            3.127856e-05
183 2013-08-02 16:21:15    200 327.2 180.3 179.8664 4.552355e-05 28.63087 0.1074366  0.0624996351  0.005264569   2.610143e-03      0.0002198617         1  6.039597e-02    0.001017509      1.856053e-03            3.126948e-05
184 2013-08-02 16:21:30    201 327.6 180.1 179.6642 4.552355e-05 28.42862 0.1074366  0.0537081384  0.005264251   2.242988e-03      0.0002198485         1  6.080331e-02    0.001016931      1.868571e-03            3.125172e-05
185 2013-08-02 16:21:45    202 327.9 180.3 179.8620 4.552355e-05 28.62638 0.1074366  0.0623043385  0.005264562   2.601987e-03      0.0002198614         1  6.110882e-02    0.001016509      1.877960e-03            3.123875e-05
186 2013-08-02 16:22:00    203 328.3 180.2 179.7597 4.552355e-05 28.52413 0.1074366  0.0578597660  0.005264401   2.416371e-03      0.0002198547         1  6.151616e-02    0.001015961      1.890478e-03            3.122192e-05
187 2013-08-02 16:22:15    204 328.8 180.3 179.8575 4.552355e-05 28.62188 0.1074366  0.0621090419  0.005264555   2.593831e-03      0.0002198611         1  6.202534e-02    0.001015301      1.906126e-03            3.120163e-05
188 2013-08-02 16:22:30    205 329.0 180.3 179.8552 4.552355e-05 28.61964 0.1074366  0.0620113936  0.005264551   2.589753e-03      0.0002198610         1  6.222901e-02    0.001015045      1.912385e-03            3.119375e-05
189 2013-08-02 16:22:45    206 329.5 180.3 179.8530 4.552355e-05 28.61739 0.1074366  0.0619137453  0.005264547   2.585675e-03      0.0002198609         1  6.273818e-02    0.001014422      1.928033e-03            3.117463e-05
190 2013-08-02 16:23:00    207 329.8 180.3 179.8507 4.552355e-05 28.61514 0.1074366  0.0618160970  0.005264544   2.581597e-03      0.0002198607         1  6.304369e-02    0.001014062      1.937421e-03            3.116356e-05
191 2013-08-02 16:23:15    208 330.4 180.4 179.9485 4.552355e-05 28.71290 0.1074366  0.0660653729  0.005264698   2.759057e-03      0.0002198672         1  6.365470e-02    0.001013371      1.956199e-03            3.114232e-05
192 2013-08-02 16:23:30    209 330.4 180.3 179.8462 4.552355e-05 28.61065 0.1074366  0.0616208004  0.005264537   2.573441e-03      0.0002198604         1  6.365470e-02    0.001013371      1.956199e-03            3.114232e-05
193 2013-08-02 16:23:45    210 330.9 180.2 179.7440 4.552355e-05 28.50841 0.1074366  0.0571762279  0.005264376   2.387824e-03      0.0002198537         1  6.416388e-02    0.001012825      1.971846e-03            3.112555e-05
194 2013-08-02 16:24:00    211 331.0 180.3 179.8417 4.552355e-05 28.60616 0.1074366  0.0614255038  0.005264530   2.565285e-03      0.0002198601         1  6.426571e-02    0.001012720      1.974976e-03            3.112230e-05
195 2013-08-02 16:24:15    212 331.7 180.2 179.7395 4.552355e-05 28.50391 0.1074366  0.0569809313  0.005264369   2.379668e-03      0.0002198534         1  6.497856e-02    0.001012009      1.996883e-03            3.110046e-05
196 2013-08-02 16:24:30    213 331.7 180.3 179.8372 4.552355e-05 28.60167 0.1074366  0.0612302072  0.005264523   2.557129e-03      0.0002198598         1  6.497856e-02    0.001012009      1.996883e-03            3.110046e-05
197 2013-08-02 16:24:45    214 332.3 180.3 179.8350 4.552355e-05 28.59942 0.1074366  0.0611325589  0.005264519   2.553051e-03      0.0002198597         1  6.558957e-02    0.001011443      2.015660e-03            3.108306e-05
198 2013-08-02 16:25:00    215 332.4 180.5 180.0328 4.552355e-05 28.79717 0.1074366  0.0697287590  0.005264832   2.912050e-03      0.0002198727         1  6.569141e-02    0.001011352      2.018789e-03            3.108028e-05

$dryleafvolt
            timestamp record LWSmV  SEmV    CSEmV     CSEmV.sd   loadmV loadmV.sd
1 2013-08-02 15:35:00     15 264.4 178.7 178.6820 4.552355e-05 27.44645 0.1074366
2 2013-08-02 15:35:15     16 264.4 178.1 178.0798 4.552355e-05 26.84420 0.1074366
3 2013-08-02 15:35:30     17 264.4 178.6 178.5775 4.552355e-05 27.34196 0.1074366
4 2013-08-02 15:35:45     18 264.5 178.4 178.3753 4.552355e-05 27.13971 0.1074366

$runtime
Time difference of 49.25 mins

$startcalibvolt
            timestamp record LWSmV  SEmV    CSEmV     CSEmV.sd   loadmV loadmV.sd
1 2013-08-02 15:33:30      9 264.4 273.8 273.7955 4.552355e-05 122.5599 0.1074366
2 2013-08-02 15:33:45     10 264.4 274.0 273.9933 4.552355e-05 122.7577 0.1074366
3 2013-08-02 15:34:00     11 264.4 273.8 273.7910 4.552355e-05 122.5554 0.1074366
4 2013-08-02 15:34:15     12 264.4 273.8 273.7888 4.552355e-05 122.5532 0.1074366
5 2013-08-02 15:34:30     13 264.4 273.9 273.8865 4.552355e-05 122.6509 0.1074366

$endcalibvolt
            timestamp record LWSmV  SEmV
1 2013-08-02 16:28:30    229 265.1 274.4
2 2013-08-02 16:28:45    230 265.1 274.3
3 2013-08-02 16:29:00    231 265.1 274.4

$lastLWSvolt
[1] 330.1

$maxLWSvolt
[1] 332.9

$species
[1] "dougfir"

$trial
[1] "3"

$replicate
[1] "1"

$isvertical
[1] FALSE

$conversionfactor
         avg        stdev
1 0.04346924 1.703351e-05

$LWSwatermass
         avg       stdev
1 0.06027105 0.003813264

$dryleafmass
       avg      stdev
1 1.182063 0.00238059

$lwsmodel

Call:
lm(formula = LWSsurfacedensity ~ record, data = rd[rd$runfilter == 
    1, ])

Coefficients:
(Intercept)       record  
 -4.636e-04    1.168e-05  


$leafmodel

Call:
lm(formula = surfacedensity ~ record, data = rd[rd$runfilter == 
    1, ])

Coefficients:
(Intercept)       record  
  8.097e-04    8.819e-06  


