$name
[1] "dougfir5"

$leafarea
[1] 14.27141

$startbasevolt
            timestamp record LWSmV  SEmV CSEmV CSEmV.sd      loadmV  loadmV.sd
1 2013-08-03 13:22:15      3 263.8 142.4 142.4        0 -0.21253863 0.09864221
2 2013-08-03 13:22:30      4 263.8 142.5 142.5        0 -0.11253863 0.09864221
3 2013-08-03 13:22:45      5 263.8 142.7 142.7        0  0.08746137 0.09864221
4 2013-08-03 13:23:00      6 263.8 142.6 142.6        0 -0.01253863 0.09864221
5 2013-08-03 13:23:15      7 263.8 142.8 142.8        0  0.18746137 0.09864221
6 2013-08-03 13:23:30      8 263.8 142.6 142.6        0 -0.01253863 0.09864221
7 2013-08-03 13:23:45      9 263.8 142.7 142.7        0  0.08746137 0.09864221
8 2013-08-03 13:24:00     10 263.8 142.6 142.6        0 -0.01253863 0.09864221

$endbasevolt
            timestamp record LWSmV  SEmV    CSEmV     CSEmV.sd      loadmV  loadmV.sd
1 2013-08-03 14:18:45    229 265.1 142.7 142.6927 3.941145e-05  0.08012878 0.09864222
2 2013-08-03 14:19:00    230 265.1 142.6 142.5926 3.941145e-05 -0.01990470 0.09864222
3 2013-08-03 14:19:15    231 265.1 142.6 142.5926 3.941145e-05 -0.01993819 0.09864222
4 2013-08-03 14:19:30    232 265.1 142.6 142.5926 3.941145e-05 -0.01997167 0.09864222
5 2013-08-03 14:19:45    233 265.1 142.6 142.5925 3.941145e-05 -0.02000515 0.09864222

$dryragvolt
            timestamp record LWSmV  SEmV    CSEmV     CSEmV.sd   loadmV  loadmV.sd
1 2013-08-03 14:15:00    214 314.6 283.9 283.8932 3.941145e-05 141.2806 0.09864222
2 2013-08-03 14:15:15    215 314.1 283.8 283.7931 3.941145e-05 141.1806 0.09864222
3 2013-08-03 14:15:30    216 314.0 283.8 283.7931 3.941145e-05 141.1806 0.09864222

$wetragvolt
            timestamp record LWSmV  SEmV    CSEmV     CSEmV.sd   loadmV  loadmV.sd
1 2013-08-03 14:16:15    219 265.6 284.8 284.7930 3.941145e-05 142.1805 0.09864222
2 2013-08-03 14:16:30    220 265.1 284.6 284.5930 3.941145e-05 141.9804 0.09864222
3 2013-08-03 14:16:45    221 265.1 284.7 284.6929 3.941145e-05 142.0804 0.09864222
4 2013-08-03 14:17:00    222 265.1 284.6 284.5929 3.941145e-05 141.9804 0.09864222

$rundata
              timestamp record LWSmV  SEmV    CSEmV     CSEmV.sd   loadmV  loadmV.sd   watermass watermass.sd surfacedensity surfacedensity.sd runfilter      LWSwater LWSwater.stdev LWSsurfacedensity LWSsurfacedensity.stdev
1   2013-08-03 13:27:30     24 263.8 158.6 158.5995 3.941145e-05 15.98699 0.09864222 0.005442486  0.004816742   0.0003813558      0.0003375098         0 -4.167615e-03    0.001294075     -1.280767e-04            3.976874e-05
2   2013-08-03 13:27:45     25 263.8 158.7 158.6995 3.941145e-05 16.08696 0.09864222 0.009796767  0.004816824   0.0006864609      0.0003375155         0 -4.167615e-03    0.001294075     -1.280767e-04            3.976874e-05
3   2013-08-03 13:28:00     26 263.8 158.7 158.6995 3.941145e-05 16.08693 0.09864222 0.009795308  0.004816824   0.0006863587      0.0003375155         0 -4.167615e-03    0.001294075     -1.280767e-04            3.976874e-05
4   2013-08-03 13:28:15     27 263.8 158.7 158.6994 3.941145e-05 16.08689 0.09864222 0.009793850  0.004816824   0.0006862565      0.0003375155         0 -4.167615e-03    0.001294075     -1.280767e-04            3.976874e-05
5   2013-08-03 13:28:30     28 263.8 158.9 158.8994 3.941145e-05 16.28686 0.09864222 0.018503870  0.004816989   0.0012965689      0.0003375271         0 -4.167615e-03    0.001294075     -1.280767e-04            3.976874e-05
6   2013-08-03 13:28:45     29 263.8 158.8 158.7994 3.941145e-05 16.18683 0.09864222 0.014146672  0.004816906   0.0009912594      0.0003375213         0 -4.167615e-03    0.001294075     -1.280767e-04            3.976874e-05
7   2013-08-03 13:29:00     30 263.8 158.9 158.8993 3.941145e-05 16.28679 0.09864222 0.018500953  0.004816989   0.0012963645      0.0003375271         0 -4.167615e-03    0.001294075     -1.280767e-04            3.976874e-05
8   2013-08-03 13:29:15     31 264.0 158.9 158.8993 3.941145e-05 16.28676 0.09864222 0.018499495  0.004816989   0.0012962623      0.0003375271         0 -3.963945e-03    0.001292748     -1.218176e-04            3.972797e-05
9   2013-08-03 13:29:30     32 264.4 158.9 158.8993 3.941145e-05 16.28672 0.09864222 0.018498036  0.004816989   0.0012961601      0.0003375271         0 -3.556603e-03    0.001290101     -1.092994e-04            3.964662e-05
10  2013-08-03 13:29:45     33 264.4 159.0 158.9992 3.941145e-05 16.38669 0.09864222 0.022852317  0.004817073   0.0016012652      0.0003375330         0 -3.556603e-03    0.001290101     -1.092994e-04            3.964662e-05
11  2013-08-03 13:30:00     34 264.4 159.0 158.9992 3.941145e-05 16.38666 0.09864222 0.022850858  0.004817073   0.0016011630      0.0003375330         0 -3.556603e-03    0.001290101     -1.092994e-04            3.964662e-05
12  2013-08-03 13:30:15     35 264.5 158.9 158.8992 3.941145e-05 16.28662 0.09864222 0.018493661  0.004816989   0.0012958535      0.0003375271         0 -3.454768e-03    0.001289440     -1.061699e-04            3.962632e-05
13  2013-08-03 13:30:30     36 265.1 159.0 158.9991 3.941145e-05 16.38659 0.09864222 0.022847942  0.004817073   0.0016009586      0.0003375330         0 -2.843756e-03    0.001285489     -8.739263e-05            3.950488e-05
14  2013-08-03 13:30:45     37 265.1 159.0 158.9991 3.941145e-05 16.38656 0.09864222 0.022846483  0.004817073   0.0016008564      0.0003375330         0 -2.843756e-03    0.001285489     -8.739263e-05            3.950488e-05
15  2013-08-03 13:31:00     38 265.1 158.7 158.6991 3.941145e-05 16.08652 0.09864222 0.009777808  0.004816823   0.0006851324      0.0003375155         0 -2.843756e-03    0.001285489     -8.739263e-05            3.950488e-05
16  2013-08-03 13:31:15     39 265.1 158.9 158.8990 3.941145e-05 16.28649 0.09864222 0.018487827  0.004816989   0.0012954448      0.0003375271         0 -2.843756e-03    0.001285489     -8.739263e-05            3.950488e-05
17  2013-08-03 13:31:30     40 265.1 159.0 158.9990 3.941145e-05 16.38646 0.09864222 0.022842108  0.004817073   0.0016005499      0.0003375330         0 -2.843756e-03    0.001285489     -8.739263e-05            3.950488e-05
18  2013-08-03 13:31:45     41 265.7 159.0 158.9990 3.941145e-05 16.38642 0.09864222 0.022840650  0.004817073   0.0016004477      0.0003375330         0 -2.232744e-03    0.001281556     -6.861538e-05            3.938403e-05
19  2013-08-03 13:32:00     42 265.8 159.0 158.9989 3.941145e-05 16.38639 0.09864222 0.022839191  0.004817073   0.0016003455      0.0003375330         0 -2.130909e-03    0.001280903     -6.548584e-05            3.936394e-05
20  2013-08-03 13:32:15     43 265.8 159.0 158.9989 3.941145e-05 16.38636 0.09864222 0.022837733  0.004817073   0.0016002433      0.0003375330         0 -2.130909e-03    0.001280903     -6.548584e-05            3.936394e-05
21  2013-08-03 13:32:30     44 266.0 159.0 158.9989 3.941145e-05 16.38632 0.09864222 0.022836274  0.004817073   0.0016001411      0.0003375330         0 -1.927238e-03    0.001279597     -5.922675e-05            3.932383e-05
22  2013-08-03 13:32:45     45 266.5 159.1 159.0988 3.941145e-05 16.48629 0.09864222 0.027190555  0.004817157   0.0019052462      0.0003375389         0 -1.418062e-03    0.001276343     -4.357904e-05            3.922382e-05
23  2013-08-03 13:33:00     46 266.5 159.3 159.2988 3.941145e-05 16.68626 0.09864222 0.035900575  0.004817326   0.0025155585      0.0003375508         0 -1.418062e-03    0.001276343     -4.357904e-05            3.922382e-05
24  2013-08-03 13:33:15     47 266.5 159.1 159.0988 3.941145e-05 16.48622 0.09864222 0.027187638  0.004817157   0.0019050418      0.0003375389         0 -1.418062e-03    0.001276343     -4.357904e-05            3.922382e-05
25  2013-08-03 13:33:30     48 267.1 159.2 159.1987 3.941145e-05 16.58619 0.09864222 0.031541919  0.004817241   0.0022101469      0.0003375448         0 -8.070501e-04    0.001272456     -2.480179e-05            3.910438e-05
26  2013-08-03 13:33:45     49 267.1 159.0 158.9987 3.941145e-05 16.38616 0.09864222 0.022828983  0.004817072   0.0015996302      0.0003375330         0 -8.070501e-04    0.001272456     -2.480179e-05            3.910438e-05
27  2013-08-03 13:34:00     50 267.2 159.0 158.9987 3.941145e-05 16.38612 0.09864222 0.022827524  0.004817072   0.0015995280      0.0003375330         0 -7.052148e-04    0.001271811     -2.167224e-05            3.908453e-05
28  2013-08-03 13:34:15     51 267.8 159.0 158.9986 3.941145e-05 16.38609 0.09864222 0.022826066  0.004817072   0.0015994258      0.0003375330         0 -9.420292e-05    0.001267947     -2.894988e-06            3.896579e-05
29  2013-08-03 13:34:30     52 267.8 159.0 158.9986 3.941145e-05 16.38606 0.09864222 0.022824607  0.004817072   0.0015993236      0.0003375330         0 -9.420292e-05    0.001267947     -2.894988e-06            3.896579e-05
30  2013-08-03 13:34:45     53 268.0 159.0 158.9986 3.941145e-05 16.38602 0.09864222 0.022823149  0.004817072   0.0015992214      0.0003375330         0  1.094677e-04    0.001266664      3.364097e-06            3.892635e-05
31  2013-08-03 13:35:00     54 268.5 159.1 159.0985 3.941145e-05 16.48599 0.09864222 0.027177430  0.004817156   0.0019043265      0.0003375389         0  6.186443e-04    0.001263465      1.901181e-05            3.882805e-05
32  2013-08-03 13:35:15     55 268.5 159.1 159.0985 3.941145e-05 16.48595 0.09864222 0.027175971  0.004817156   0.0019042243      0.0003375389         0  6.186443e-04    0.001263465      1.901181e-05            3.882805e-05
33  2013-08-03 13:35:30     56 269.0 159.1 159.0985 3.941145e-05 16.48592 0.09864222 0.027174513  0.004817156   0.0019041221      0.0003375388         0  1.127821e-03    0.001260280      3.465952e-05            3.873018e-05
34  2013-08-03 13:35:45     57 269.2 158.9 158.8984 3.941145e-05 16.28589 0.09864222 0.018461576  0.004816989   0.0012936054      0.0003375271         0  1.331491e-03    0.001259010      4.091861e-05            3.869116e-05
35  2013-08-03 13:36:00     58 269.3 159.1 159.0984 3.941145e-05 16.48585 0.09864222 0.027171596  0.004817156   0.0019039177      0.0003375388         0  1.433327e-03    0.001258376      4.404815e-05            3.867167e-05
36  2013-08-03 13:36:15     59 269.9 159.0 158.9984 3.941145e-05 16.38582 0.09864222 0.022814399  0.004817072   0.0015986083      0.0003375329         0  2.044339e-03    0.001254584      6.282540e-05            3.855512e-05
37  2013-08-03 13:36:30     60 269.9 158.9 158.8983 3.941145e-05 16.28579 0.09864222 0.018457201  0.004816988   0.0012932988      0.0003375271         0  2.044339e-03    0.001254584      6.282540e-05            3.855512e-05
38  2013-08-03 13:36:45     61 270.4 159.0 158.9983 3.941145e-05 16.38575 0.09864222 0.022811482  0.004817072   0.0015984039      0.0003375329         0  2.553515e-03    0.001251439      7.847311e-05            3.845849e-05
39  2013-08-03 13:37:00     62 270.5 159.0 158.9983 3.941145e-05 16.38572 0.09864222 0.022810023  0.004817072   0.0015983017      0.0003375329         0  2.655350e-03    0.001250812      8.160266e-05            3.843921e-05
40  2013-08-03 13:37:15     63 270.8 159.1 159.0982 3.941145e-05 16.48569 0.09864222 0.027164304  0.004817156   0.0019034068      0.0003375388         0  2.960856e-03    0.001248934      9.099128e-05            3.838150e-05
41  2013-08-03 13:37:30     64 271.2 159.0 158.9982 3.941145e-05 16.38565 0.09864222 0.022807107  0.004817072   0.0015980973      0.0003375329         0  3.368198e-03    0.001246438      1.035095e-04            3.830479e-05
42  2013-08-03 13:37:45     65 271.3 158.9 158.8982 3.941145e-05 16.28562 0.09864222 0.018449909  0.004816988   0.0012927878      0.0003375271         0  3.470033e-03    0.001245815      1.066390e-04            3.828566e-05
43  2013-08-03 13:38:00     66 271.9 158.9 158.8981 3.941145e-05 16.28559 0.09864222 0.018448451  0.004816988   0.0012926856      0.0003375271         0  4.081045e-03    0.001242093      1.254163e-04            3.817126e-05
44  2013-08-03 13:38:15     67 271.9 159.0 158.9981 3.941145e-05 16.38555 0.09864222 0.022802731  0.004817072   0.0015977907      0.0003375329         0  4.081045e-03    0.001242093      1.254163e-04            3.817126e-05
45  2013-08-03 13:38:30     68 272.4 159.0 158.9981 3.941145e-05 16.38552 0.09864222 0.022801273  0.004817072   0.0015976885      0.0003375329         0  4.590221e-03    0.001239007      1.410640e-04            3.807642e-05
46  2013-08-03 13:38:45     69 272.6 159.0 158.9980 3.941145e-05 16.38549 0.09864222 0.022799815  0.004817072   0.0015975864      0.0003375329         0  4.793892e-03    0.001237777      1.473230e-04            3.803862e-05
47  2013-08-03 13:39:00     70 272.9 159.2 159.1980 3.941145e-05 16.58545 0.09864222 0.031509834  0.004817241   0.0022078987      0.0003375448         0  5.099398e-03    0.001235936      1.567117e-04            3.798205e-05
48  2013-08-03 13:39:15     71 273.3 159.2 159.1980 3.941145e-05 16.58542 0.09864222 0.031508376  0.004817241   0.0022077965      0.0003375448         0  5.506739e-03    0.001233490      1.692298e-04            3.790688e-05
49  2013-08-03 13:39:30     72 273.4 159.2 159.1979 3.941145e-05 16.58539 0.09864222 0.031506918  0.004817241   0.0022076943      0.0003375447         0  5.608574e-03    0.001232880      1.723594e-04            3.788814e-05
50  2013-08-03 13:39:45     73 273.9 159.2 159.1979 3.941145e-05 16.58535 0.09864222 0.031505459  0.004817240   0.0022075921      0.0003375447         0  6.117751e-03    0.001229839      1.880071e-04            3.779469e-05
51  2013-08-03 13:40:00     74 274.0 159.2 159.1979 3.941145e-05 16.58532 0.09864222 0.031504001  0.004817240   0.0022074899      0.0003375447         1  6.219586e-03    0.001229233      1.911366e-04            3.777606e-05
52  2013-08-03 13:40:15     75 274.6 159.4 159.3978 3.941145e-05 16.78529 0.09864222 0.040214020  0.004817411   0.0028178023      0.0003375567         1  6.830598e-03    0.001225608      2.099139e-04            3.766465e-05
53  2013-08-03 13:40:30     76 274.6 159.3 159.2978 3.941145e-05 16.68525 0.09864222 0.035856823  0.004817326   0.0025124928      0.0003375507         1  6.830598e-03    0.001225608      2.099139e-04            3.766465e-05
54  2013-08-03 13:40:45     77 275.1 159.3 159.2978 3.941145e-05 16.68522 0.09864222 0.035855365  0.004817326   0.0025123907      0.0003375507         1  7.339775e-03    0.001222604      2.255616e-04            3.757234e-05
55  2013-08-03 13:41:00     78 275.3 159.4 159.3977 3.941145e-05 16.78518 0.09864222 0.040209645  0.004817411   0.0028174957      0.0003375567         1  7.543445e-03    0.001221407      2.318207e-04            3.753555e-05
56  2013-08-03 13:41:15     79 275.6 159.4 159.3977 3.941145e-05 16.78515 0.09864222 0.040208187  0.004817411   0.0028173935      0.0003375567         1  7.848951e-03    0.001219616      2.412093e-04            3.748050e-05
57  2013-08-03 13:41:30     80 276.0 159.4 159.3977 3.941145e-05 16.78512 0.09864222 0.040206728  0.004817411   0.0028172914      0.0003375567         1  8.256292e-03    0.001217236      2.537275e-04            3.740738e-05
58  2013-08-03 13:41:45     81 276.1 159.2 159.1976 3.941145e-05 16.58508 0.09864222 0.031493792  0.004817240   0.0022067746      0.0003375447         1  8.358128e-03    0.001216643      2.568570e-04            3.738915e-05
59  2013-08-03 13:42:00     82 276.7 159.4 159.3976 3.941145e-05 16.78505 0.09864222 0.040203812  0.004817411   0.0028170870      0.0003375567         1  8.969140e-03    0.001213097      2.756343e-04            3.728017e-05
60  2013-08-03 13:42:15     83 276.7 159.4 159.3976 3.941145e-05 16.78502 0.09864222 0.040202353  0.004817411   0.0028169848      0.0003375567         1  8.969140e-03    0.001213097      2.756343e-04            3.728017e-05
61  2013-08-03 13:42:30     84 277.3 159.4 159.3975 3.941145e-05 16.78498 0.09864222 0.040200895  0.004817411   0.0028168826      0.0003375567         1  9.580152e-03    0.001209573      2.944115e-04            3.717189e-05
62  2013-08-03 13:42:45     85 277.3 159.3 159.2975 3.941145e-05 16.68495 0.09864222 0.035843697  0.004817325   0.0025115731      0.0003375507         1  9.580152e-03    0.001209573      2.944115e-04            3.717189e-05
63  2013-08-03 13:43:00     86 277.9 159.3 159.2975 3.941145e-05 16.68492 0.09864222 0.035842239  0.004817325   0.0025114709      0.0003375507         1  1.019116e-02    0.001206073      3.131888e-04            3.706432e-05
64  2013-08-03 13:43:15     87 278.0 159.3 159.2974 3.941145e-05 16.68488 0.09864222 0.035840781  0.004817325   0.0025113688      0.0003375507         1  1.029300e-02    0.001205492      3.163183e-04            3.704646e-05
65  2013-08-03 13:43:30     88 278.5 159.3 159.2974 3.941145e-05 16.68485 0.09864222 0.035839322  0.004817325   0.0025112666      0.0003375507         1  1.080218e-02    0.001202596      3.319660e-04            3.695747e-05
66  2013-08-03 13:43:45     89 278.7 159.4 159.3974 3.941145e-05 16.78482 0.09864222 0.040193603  0.004817411   0.0028163716      0.0003375567         1  1.100585e-02    0.001201442      3.382251e-04            3.692201e-05
67  2013-08-03 13:44:00     90 279.0 159.5 159.4973 3.941145e-05 16.88478 0.09864222 0.044547884  0.004817497   0.0031214767      0.0003375627         1  1.131135e-02    0.001199716      3.476138e-04            3.686898e-05
68  2013-08-03 13:44:15     91 279.4 159.4 159.3973 3.941145e-05 16.78475 0.09864222 0.040190686  0.004817411   0.0028161673      0.0003375567         1  1.171869e-02    0.001197425      3.601319e-04            3.679855e-05
69  2013-08-03 13:44:30     92 279.6 159.5 159.4973 3.941145e-05 16.88472 0.09864222 0.044544967  0.004817497   0.0031212723      0.0003375627         1  1.192236e-02    0.001196283      3.663910e-04            3.676345e-05
70  2013-08-03 13:44:45     93 280.1 159.4 159.3972 3.941145e-05 16.78468 0.09864222 0.040187769  0.004817411   0.0028159629      0.0003375567         1  1.243154e-02    0.001193440      3.820387e-04            3.667608e-05
71  2013-08-03 13:45:00     94 280.1 159.4 159.3972 3.941145e-05 16.78465 0.09864222 0.040186311  0.004817411   0.0028158607      0.0003375567         1  1.243154e-02    0.001193440      3.820387e-04            3.667608e-05
72  2013-08-03 13:45:15     95 280.7 159.3 159.2972 3.941145e-05 16.68462 0.09864222 0.035829113  0.004817325   0.0025105512      0.0003375507         1  1.304255e-02    0.001190050      4.008160e-04            3.657191e-05
73  2013-08-03 13:45:30     96 280.8 159.4 159.3971 3.941145e-05 16.78458 0.09864222 0.040183394  0.004817411   0.0028156563      0.0003375567         1  1.314439e-02    0.001189487      4.039455e-04            3.655462e-05
74  2013-08-03 13:45:45     97 281.4 159.4 159.3971 3.941145e-05 16.78455 0.09864222 0.040181936  0.004817411   0.0028155541      0.0003375567         1  1.375540e-02    0.001186126      4.227228e-04            3.645133e-05
75  2013-08-03 13:46:00     98 281.4 159.5 159.4971 3.941145e-05 16.88451 0.09864222 0.044536216  0.004817497   0.0031206592      0.0003375627         1  1.375540e-02    0.001186126      4.227228e-04            3.645133e-05
76  2013-08-03 13:46:15     99 281.8 159.5 159.4970 3.941145e-05 16.88448 0.09864222 0.044534758  0.004817497   0.0031205570      0.0003375627         1  1.416274e-02    0.001183899      4.352409e-04            3.638288e-05
77  2013-08-03 13:46:30    100 282.1 159.4 159.3970 3.941145e-05 16.78445 0.09864222 0.040177561  0.004817411   0.0028152476      0.0003375567         1  1.446825e-02    0.001182236      4.446296e-04            3.633177e-05
78  2013-08-03 13:46:45    101 282.3 159.5 159.4970 3.941145e-05 16.88441 0.09864222 0.044531841  0.004817497   0.0031203526      0.0003375627         1  1.467192e-02    0.001181130      4.508887e-04            3.629779e-05
79  2013-08-03 13:47:00    102 282.8 159.5 159.4969 3.941145e-05 16.88438 0.09864222 0.044530383  0.004817497   0.0031202504      0.0003375627         1  1.518109e-02    0.001178379      4.665364e-04            3.621324e-05
80  2013-08-03 13:47:15    103 282.8 159.5 159.4969 3.941145e-05 16.88435 0.09864222 0.044528924  0.004817497   0.0031201483      0.0003375627         1  1.518109e-02    0.001178379      4.665364e-04            3.621324e-05
81  2013-08-03 13:47:30    104 283.4 159.5 159.4969 3.941145e-05 16.88431 0.09864222 0.044527466  0.004817497   0.0031200461      0.0003375627         1  1.579211e-02    0.001175100      4.853136e-04            3.611248e-05
82  2013-08-03 13:47:45    105 283.5 159.3 159.2968 3.941145e-05 16.68428 0.09864222 0.035814530  0.004817325   0.0025095293      0.0003375506         1  1.589394e-02    0.001174556      4.884432e-04            3.609576e-05
83  2013-08-03 13:48:00    106 284.0 159.5 159.4968 3.941145e-05 16.88425 0.09864222 0.044524549  0.004817497   0.0031198417      0.0003375627         1  1.640312e-02    0.001171847      5.040909e-04            3.601250e-05
84  2013-08-03 13:48:15    107 284.1 159.4 159.3968 3.941145e-05 16.78421 0.09864222 0.040167352  0.004817410   0.0028145322      0.0003375566         1  1.650495e-02    0.001171307      5.072204e-04            3.599591e-05
85  2013-08-03 13:48:30    108 284.4 159.5 159.4967 3.941145e-05 16.88418 0.09864222 0.044521632  0.004817496   0.0031196373      0.0003375627         1  1.681046e-02    0.001169692      5.166091e-04            3.594627e-05
86  2013-08-03 13:48:45    109 284.8 159.4 159.3967 3.941145e-05 16.78415 0.09864222 0.040164435  0.004817410   0.0028143278      0.0003375566         1  1.721780e-02    0.001167548      5.291272e-04            3.588040e-05
87  2013-08-03 13:49:00    110 285.0 159.4 159.3967 3.941145e-05 16.78411 0.09864222 0.040162977  0.004817410   0.0028142257      0.0003375566         1  1.742147e-02    0.001166481      5.353863e-04            3.584760e-05
88  2013-08-03 13:49:15    111 285.5 159.4 159.3966 3.941145e-05 16.78408 0.09864222 0.040161518  0.004817410   0.0028141235      0.0003375566         1  1.793065e-02    0.001163825      5.510340e-04            3.576597e-05
89  2013-08-03 13:49:30    112 285.5 159.4 159.3966 3.941145e-05 16.78405 0.09864222 0.040160060  0.004817410   0.0028140213      0.0003375566         1  1.793065e-02    0.001163825      5.510340e-04            3.576597e-05
90  2013-08-03 13:49:45    113 286.1 159.5 159.4966 3.941145e-05 16.88401 0.09864222 0.044514340  0.004817496   0.0031191264      0.0003375627         1  1.854166e-02    0.001160661      5.698113e-04            3.566875e-05
91  2013-08-03 13:50:00    114 286.2 159.4 159.3965 3.941145e-05 16.78398 0.09864222 0.040157143  0.004817410   0.0028138169      0.0003375566         1  1.864349e-02    0.001160136      5.729408e-04            3.565262e-05
92  2013-08-03 13:50:15    115 286.8 159.4 159.3965 3.941145e-05 16.78395 0.09864222 0.040155685  0.004817410   0.0028137147      0.0003375566         1  1.925451e-02    0.001157003      5.917181e-04            3.555634e-05
93  2013-08-03 13:50:30    116 286.9 159.5 159.4965 3.941145e-05 16.88391 0.09864222 0.044509965  0.004817496   0.0031188198      0.0003375627         1  1.935634e-02    0.001156484      5.948476e-04            3.554037e-05
94  2013-08-03 13:50:45    117 287.1 159.5 159.4964 3.941145e-05 16.88388 0.09864222 0.044508507  0.004817496   0.0031187176      0.0003375627         1  1.956001e-02    0.001155447      6.011067e-04            3.550851e-05
95  2013-08-03 13:51:00    118 287.5 159.5 159.4964 3.941145e-05 16.88385 0.09864222 0.044507049  0.004817496   0.0031186154      0.0003375627         1  1.996735e-02    0.001153382      6.136249e-04            3.544504e-05
96  2013-08-03 13:51:15    119 287.7 159.5 159.4964 3.941145e-05 16.88381 0.09864222 0.044505590  0.004817496   0.0031185132      0.0003375627         1  2.017102e-02    0.001152354      6.198840e-04            3.541345e-05
97  2013-08-03 13:51:30    120 288.2 159.4 159.3963 3.941145e-05 16.78378 0.09864222 0.040148393  0.004817410   0.0028132038      0.0003375566         1  2.068020e-02    0.001149796      6.355317e-04            3.533486e-05
98  2013-08-03 13:51:45    121 288.2 159.5 159.4963 3.941145e-05 16.88374 0.09864222 0.044502673  0.004817496   0.0031183088      0.0003375627         1  2.068020e-02    0.001149796      6.355317e-04            3.533486e-05
99  2013-08-03 13:52:00    122 288.8 159.5 159.4963 3.941145e-05 16.88371 0.09864222 0.044501215  0.004817496   0.0031182067      0.0003375627         1  2.129121e-02    0.001146752      6.543089e-04            3.524131e-05
100 2013-08-03 13:52:15    123 288.9 159.6 159.5962 3.941145e-05 16.98368 0.09864222 0.048855496  0.004817583   0.0034233117      0.0003375687         1  2.139305e-02    0.001146247      6.574385e-04            3.522580e-05
101 2013-08-03 13:52:30    124 289.3 159.4 159.3962 3.941145e-05 16.78364 0.09864222 0.040142559  0.004817410   0.0028127950      0.0003375566         1  2.180039e-02    0.001144236      6.699566e-04            3.516399e-05
102 2013-08-03 13:52:45    125 289.6 159.5 159.4961 3.941145e-05 16.88361 0.09864222 0.044496840  0.004817496   0.0031179001      0.0003375626         1  2.210589e-02    0.001142736      6.793453e-04            3.511788e-05
103 2013-08-03 13:53:00    126 289.7 159.4 159.3961 3.941145e-05 16.78358 0.09864222 0.040139642  0.004817410   0.0028125906      0.0003375566         1  2.220773e-02    0.001142237      6.824748e-04            3.510255e-05
104 2013-08-03 13:53:15    127 290.3 159.5 159.4961 3.941145e-05 16.88354 0.09864222 0.044493923  0.004817496   0.0031176957      0.0003375626         1  2.281874e-02    0.001139261      7.012521e-04            3.501110e-05
105 2013-08-03 13:53:30    128 290.3 159.5 159.4960 3.941145e-05 16.88351 0.09864222 0.044492465  0.004817496   0.0031175935      0.0003375626         1  2.281874e-02    0.001139261      7.012521e-04            3.501110e-05
106 2013-08-03 13:53:45    129 290.8 159.5 159.4960 3.941145e-05 16.88348 0.09864222 0.044491006  0.004817496   0.0031174913      0.0003375626         1  2.332792e-02    0.001136803      7.168998e-04            3.493554e-05
107 2013-08-03 13:54:00    130 290.9 159.5 159.4960 3.941145e-05 16.88344 0.09864222 0.044489548  0.004817496   0.0031173891      0.0003375626         1  2.342975e-02    0.001136313      7.200293e-04            3.492050e-05
108 2013-08-03 13:54:15    131 291.3 159.5 159.4959 3.941145e-05 16.88341 0.09864222 0.044488089  0.004817496   0.0031172869      0.0003375626         1  2.383709e-02    0.001134363      7.325475e-04            3.486058e-05
109 2013-08-03 13:54:30    132 291.6 159.6 159.5959 3.941145e-05 16.98338 0.09864222 0.048842370  0.004817582   0.0034223920      0.0003375687         1  2.414260e-02    0.001132909      7.419361e-04            3.481589e-05
110 2013-08-03 13:54:45    133 291.8 159.6 159.5959 3.941145e-05 16.98334 0.09864222 0.048840912  0.004817582   0.0034222898      0.0003375687         1  2.434627e-02    0.001131943      7.481952e-04            3.478621e-05
111 2013-08-03 13:55:00    134 292.3 159.7 159.6958 3.941145e-05 17.08331 0.09864222 0.053195192  0.004817670   0.0037273949      0.0003375748         1  2.485545e-02    0.001129543      7.638429e-04            3.471245e-05
112 2013-08-03 13:55:15    135 292.4 159.6 159.5958 3.941145e-05 16.98328 0.09864222 0.048837995  0.004817582   0.0034220855      0.0003375687         1  2.495728e-02    0.001129065      7.669724e-04            3.469777e-05
113 2013-08-03 13:55:30    136 292.9 159.6 159.5958 3.941145e-05 16.98324 0.09864222 0.048836536  0.004817582   0.0034219833      0.0003375687         1  2.546646e-02    0.001126689      7.826202e-04            3.462474e-05
114 2013-08-03 13:55:45    137 293.0 159.6 159.5957 3.941145e-05 16.98321 0.09864222 0.048835078  0.004817582   0.0034218811      0.0003375687         1  2.556830e-02    0.001126216      7.857497e-04            3.461020e-05
115 2013-08-03 13:56:00    138 293.6 159.5 159.4957 3.941145e-05 16.88318 0.09864222 0.044477881  0.004817496   0.0031165716      0.0003375626         1  2.617931e-02    0.001123395      8.045270e-04            3.452351e-05
116 2013-08-03 13:56:15    139 293.7 159.6 159.5957 3.941145e-05 16.98314 0.09864222 0.048832161  0.004817582   0.0034216767      0.0003375687         1  2.628114e-02    0.001122928      8.076565e-04            3.450915e-05
117 2013-08-03 13:56:30    140 294.0 159.6 159.5956 3.941145e-05 16.98311 0.09864222 0.048830703  0.004817582   0.0034215745      0.0003375687         1  2.658665e-02    0.001121531      8.170451e-04            3.446621e-05
118 2013-08-03 13:56:45    141 294.3 159.7 159.6956 3.941145e-05 17.08308 0.09864222 0.053184984  0.004817669   0.0037266796      0.0003375748         1  2.689215e-02    0.001120141      8.264337e-04            3.442350e-05
119 2013-08-03 13:57:00    142 294.6 159.6 159.5956 3.941145e-05 16.98304 0.09864222 0.048827786  0.004817582   0.0034213701      0.0003375687         1  2.719766e-02    0.001118758      8.358224e-04            3.438101e-05
120 2013-08-03 13:57:15    143 295.0 159.5 159.4955 3.941145e-05 16.88301 0.09864222 0.044470589  0.004817495   0.0031160607      0.0003375626         1  2.760500e-02    0.001116926      8.483405e-04            3.432470e-05
121 2013-08-03 13:57:30    144 295.1 159.5 159.4955 3.941145e-05 16.88297 0.09864222 0.044469130  0.004817495   0.0031159585      0.0003375626         1  2.770684e-02    0.001116470      8.514701e-04            3.431069e-05
122 2013-08-03 13:57:45    145 295.7 159.5 159.4955 3.941145e-05 16.88294 0.09864222 0.044467672  0.004817495   0.0031158563      0.0003375626         1  2.831785e-02    0.001113751      8.702473e-04            3.422713e-05
123 2013-08-03 13:58:00    146 295.7 159.5 159.4954 3.941145e-05 16.88291 0.09864222 0.044466213  0.004817495   0.0031157541      0.0003375626         1  2.831785e-02    0.001113751      8.702473e-04            3.422713e-05
124 2013-08-03 13:58:15    147 296.3 159.6 159.5954 3.941145e-05 16.98287 0.09864222 0.048820494  0.004817582   0.0034208592      0.0003375687         1  2.892886e-02    0.001111062      8.890246e-04            3.414449e-05
125 2013-08-03 13:58:30    148 296.4 159.5 159.4954 3.941145e-05 16.88284 0.09864222 0.044463297  0.004817495   0.0031155497      0.0003375626         1  2.903070e-02    0.001110616      8.921541e-04            3.413080e-05
126 2013-08-03 13:58:45    149 296.8 159.6 159.5953 3.941145e-05 16.98281 0.09864222 0.048817577  0.004817582   0.0034206548      0.0003375687         1  2.943804e-02    0.001108843      9.046723e-04            3.407632e-05
127 2013-08-03 13:59:00    150 297.1 159.8 159.7953 3.941145e-05 17.18277 0.09864222 0.057527597  0.004817757   0.0040309672      0.0003375809         1  2.974354e-02    0.001107523      9.140609e-04            3.403573e-05
128 2013-08-03 13:59:15    151 297.6 159.7 159.6953 3.941145e-05 17.08274 0.09864222 0.053170400  0.004817669   0.0037256577      0.0003375748         1  3.025272e-02    0.001105338      9.297086e-04            3.396858e-05
129 2013-08-03 13:59:30    152 297.7 159.7 159.6952 3.941145e-05 17.08271 0.09864222 0.053168941  0.004817669   0.0037255555      0.0003375748         1  3.035455e-02    0.001104903      9.328382e-04            3.395523e-05
130 2013-08-03 13:59:45    153 297.9 159.6 159.5952 3.941145e-05 16.98267 0.09864222 0.048811744  0.004817582   0.0034202460      0.0003375687         1  3.055823e-02    0.001104037      9.390973e-04            3.392861e-05
131 2013-08-03 14:00:00    154 298.4 159.6 159.5952 3.941145e-05 16.98264 0.09864222 0.048810285  0.004817582   0.0034201438      0.0003375687         1  3.106740e-02    0.001101886      9.547450e-04            3.386250e-05
132 2013-08-03 14:00:15    155 298.5 159.6 159.5951 3.941145e-05 16.98261 0.09864222 0.048808827  0.004817582   0.0034200417      0.0003375687         1  3.116924e-02    0.001101458      9.578745e-04            3.384936e-05
133 2013-08-03 14:00:30    156 299.1 159.6 159.5951 3.941145e-05 16.98257 0.09864222 0.048807369  0.004817582   0.0034199395      0.0003375687         1  3.178025e-02    0.001098910      9.766518e-04            3.377105e-05
134 2013-08-03 14:00:45    157 299.1 159.5 159.4951 3.941145e-05 16.88254 0.09864222 0.044450171  0.004817495   0.0031146300      0.0003375626         1  3.178025e-02    0.001098910      9.766518e-04            3.377105e-05
135 2013-08-03 14:01:00    158 299.6 159.6 159.5950 3.941145e-05 16.98251 0.09864222 0.048804452  0.004817582   0.0034197351      0.0003375687         1  3.228943e-02    0.001096810      9.922995e-04            3.370652e-05
136 2013-08-03 14:01:15    159 299.8 159.6 159.5950 3.941145e-05 16.98247 0.09864222 0.048802993  0.004817582   0.0034196329      0.0003375687         1  3.249310e-02    0.001095976      9.985586e-04            3.368089e-05
137 2013-08-03 14:01:30    160 300.2 159.6 159.5950 3.941145e-05 16.98244 0.09864222 0.048801535  0.004817582   0.0034195307      0.0003375686         1  3.290044e-02    0.001094319      1.011077e-03            3.362996e-05
138 2013-08-03 14:01:45    161 300.5 159.8 159.7949 3.941145e-05 17.18241 0.09864222 0.057511555  0.004817756   0.0040298431      0.0003375809         1  3.320594e-02    0.001093085      1.020465e-03            3.359203e-05
139 2013-08-03 14:02:00    162 300.7 159.7 159.6949 3.941145e-05 17.08237 0.09864222 0.053154357  0.004817669   0.0037245336      0.0003375748         1  3.340961e-02    0.001092266      1.026724e-03            3.356689e-05
140 2013-08-03 14:02:15    163 301.1 159.6 159.5949 3.941145e-05 16.98234 0.09864222 0.048797160  0.004817582   0.0034192241      0.0003375686         1  3.381696e-02    0.001090640      1.039243e-03            3.351691e-05
141 2013-08-03 14:02:30    164 301.3 159.7 159.6948 3.941145e-05 17.08231 0.09864222 0.053151440  0.004817669   0.0037243292      0.0003375747         1  3.402063e-02    0.001089833      1.045502e-03            3.349209e-05
142 2013-08-03 14:02:45    165 301.8 159.6 159.5948 3.941145e-05 16.98227 0.09864222 0.048794243  0.004817581   0.0034190198      0.0003375686         1  3.452980e-02    0.001087828      1.061149e-03            3.343050e-05
143 2013-08-03 14:03:00    166 301.8 159.7 159.6948 3.941145e-05 17.08224 0.09864222 0.053148524  0.004817669   0.0037241248      0.0003375747         1  3.452980e-02    0.001087828      1.061149e-03            3.343050e-05
144 2013-08-03 14:03:15    167 302.5 159.6 159.5947 3.941145e-05 16.98220 0.09864222 0.048791326  0.004817581   0.0034188154      0.0003375686         1  3.524265e-02    0.001085060      1.083056e-03            3.334541e-05
145 2013-08-03 14:03:30    168 302.5 159.7 159.6947 3.941145e-05 17.08217 0.09864222 0.053145607  0.004817669   0.0037239205      0.0003375747         1  3.524265e-02    0.001085060      1.083056e-03            3.334541e-05
146 2013-08-03 14:03:45    169 303.1 159.7 159.6947 3.941145e-05 17.08214 0.09864222 0.053144148  0.004817669   0.0037238183      0.0003375747         1  3.585366e-02    0.001082721      1.101833e-03            3.327355e-05
147 2013-08-03 14:04:00    170 303.2 159.8 159.7946 3.941145e-05 17.18210 0.09864222 0.057498429  0.004817756   0.0040289234      0.0003375809         1  3.595550e-02    0.001082335      1.104963e-03            3.326166e-05
148 2013-08-03 14:04:15    171 303.5 159.9 159.8946 3.941145e-05 17.28207 0.09864222 0.061852710  0.004817844   0.0043340284      0.0003375871         1  3.626100e-02    0.001081180      1.114352e-03            3.322619e-05
149 2013-08-03 14:04:30    172 303.9 159.9 159.8946 3.941145e-05 17.28204 0.09864222 0.061851251  0.004817844   0.0043339262      0.0003375871         1  3.666834e-02    0.001079653      1.126870e-03            3.317927e-05
150 2013-08-03 14:04:45    173 304.0 159.8 159.7945 3.941145e-05 17.18200 0.09864222 0.057494054  0.004817756   0.0040286168      0.0003375809         1  3.677018e-02    0.001079274      1.129999e-03            3.316761e-05
151 2013-08-03 14:05:00    174 304.5 159.8 159.7945 3.941145e-05 17.18197 0.09864222 0.057492596  0.004817756   0.0040285146      0.0003375809         1  3.727936e-02    0.001077391      1.145647e-03            3.310973e-05
152 2013-08-03 14:05:15    175 304.5 159.8 159.7945 3.941145e-05 17.18194 0.09864222 0.057491137  0.004817756   0.0040284124      0.0003375809         1  3.727936e-02    0.001077391      1.145647e-03            3.310973e-05
153 2013-08-03 14:05:30    176 305.1 159.9 159.8944 3.941145e-05 17.28190 0.09864222 0.061845418  0.004817844   0.0043335175      0.0003375870         1  3.789037e-02    0.001075160      1.164424e-03            3.304119e-05
154 2013-08-03 14:05:45    177 305.2 159.8 159.7944 3.941145e-05 17.18187 0.09864222 0.057488220  0.004817756   0.0040282080      0.0003375809         1  3.799220e-02    0.001074792      1.167554e-03            3.302987e-05
155 2013-08-03 14:06:00    178 305.7 159.7 159.6944 3.941145e-05 17.08184 0.09864222 0.053131023  0.004817668   0.0037228986      0.0003375747         1  3.850138e-02    0.001072963      1.183202e-03            3.297367e-05
156 2013-08-03 14:06:15    179 305.9 159.7 159.6943 3.941145e-05 17.08180 0.09864222 0.053129565  0.004817668   0.0037227964      0.0003375747         1  3.870505e-02    0.001072238      1.189461e-03            3.295138e-05
157 2013-08-03 14:06:30    180 306.1 159.7 159.6943 3.941145e-05 17.08177 0.09864222 0.053128106  0.004817668   0.0037226942      0.0003375747         1  3.890872e-02    0.001071517      1.195720e-03            3.292922e-05
158 2013-08-03 14:06:45    181 306.6 159.7 159.6943 3.941145e-05 17.08174 0.09864222 0.053126648  0.004817668   0.0037225920      0.0003375747         1  3.941790e-02    0.001069729      1.211367e-03            3.287429e-05
159 2013-08-03 14:07:00    182 306.7 159.7 159.6942 3.941145e-05 17.08170 0.09864222 0.053125189  0.004817668   0.0037224898      0.0003375747         1  3.951973e-02    0.001069375      1.214497e-03            3.286339e-05
160 2013-08-03 14:07:15    183 307.2 159.8 159.7942 3.941145e-05 17.18167 0.09864222 0.057479470  0.004817756   0.0040275949      0.0003375809         1  4.002891e-02    0.001067615      1.230145e-03            3.280933e-05
161 2013-08-03 14:07:30    184 307.3 159.8 159.7942 3.941145e-05 17.18164 0.09864222 0.057478012  0.004817756   0.0040274927      0.0003375809         1  4.013074e-02    0.001067266      1.233274e-03            3.279860e-05
162 2013-08-03 14:07:45    185 307.8 159.9 159.8941 3.941145e-05 17.28160 0.09864222 0.061832292  0.004817844   0.0043325978      0.0003375870         1  4.063992e-02    0.001065535      1.248922e-03            3.274539e-05
163 2013-08-03 14:08:00    186 308.2 159.8 159.7941 3.941145e-05 17.18157 0.09864222 0.057475095  0.004817756   0.0040272883      0.0003375808         1  4.104726e-02    0.001064167      1.261440e-03            3.270335e-05
164 2013-08-03 14:08:15    187 308.6 159.7 159.6941 3.941145e-05 17.08154 0.09864222 0.053117897  0.004817668   0.0037219789      0.0003375747         1  4.145460e-02    0.001062814      1.273958e-03            3.266177e-05
165 2013-08-03 14:08:30    188 308.6 159.8 159.7940 3.941145e-05 17.18150 0.09864222 0.057472178  0.004817756   0.0040270839      0.0003375808         1  4.145460e-02    0.001062814      1.273958e-03            3.266177e-05
166 2013-08-03 14:08:45    189 308.9 159.8 159.7940 3.941145e-05 17.18147 0.09864222 0.057470720  0.004817756   0.0040269817      0.0003375808         1  4.176011e-02    0.001061809      1.283347e-03            3.263089e-05
167 2013-08-03 14:09:00    190 309.3 159.8 159.7940 3.941145e-05 17.18143 0.09864222 0.057469261  0.004817756   0.0040268796      0.0003375808         1  4.216745e-02    0.001060483      1.295865e-03            3.259012e-05
168 2013-08-03 14:09:15    191 309.5 159.7 159.6939 3.941145e-05 17.08140 0.09864222 0.053112064  0.004817668   0.0037215701      0.0003375747         0  4.237112e-02    0.001059825      1.302124e-03            3.256992e-05
169 2013-08-03 14:09:30    192 310.0 159.6 159.5939 3.941145e-05 16.98137 0.09864222 0.048754866  0.004817581   0.0034162606      0.0003375686         0  4.288030e-02    0.001058198      1.317772e-03            3.251991e-05
170 2013-08-03 14:09:45    193 310.0 159.7 159.6939 3.941145e-05 17.08133 0.09864222 0.053109147  0.004817668   0.0037213657      0.0003375747         0  4.288030e-02    0.001058198      1.317772e-03            3.251991e-05
171 2013-08-03 14:10:00    194 310.6 159.6 159.5938 3.941145e-05 16.98130 0.09864222 0.048751950  0.004817581   0.0034160562      0.0003375686         0  4.349131e-02    0.001056277      1.336549e-03            3.246089e-05
172 2013-08-03 14:10:15    195 310.7 159.7 159.6938 3.941145e-05 17.08127 0.09864222 0.053106230  0.004817668   0.0037211613      0.0003375747         0  4.359314e-02    0.001055960      1.339679e-03            3.245115e-05
173 2013-08-03 14:10:30    196 311.1 159.7 159.6938 3.941145e-05 17.08123 0.09864222 0.053104772  0.004817668   0.0037210591      0.0003375747         0  4.400049e-02    0.001054703      1.352197e-03            3.241251e-05
174 2013-08-03 14:10:45    197 311.3 159.7 159.6937 3.941145e-05 17.08120 0.09864222 0.053103313  0.004817668   0.0037209570      0.0003375747         0  4.420416e-02    0.001054080      1.358456e-03            3.239337e-05
175 2013-08-03 14:11:00    198 311.7 159.5 159.4937 3.941145e-05 16.88117 0.09864222 0.044390377  0.004817494   0.0031104402      0.0003375625         0  4.461150e-02    0.001052846      1.370974e-03            3.235544e-05
176 2013-08-03 14:11:15    199 312.0 159.5 159.4937 3.941145e-05 16.88113 0.09864222 0.044388919  0.004817494   0.0031103380      0.0003375625         0  4.491700e-02    0.001051931      1.380363e-03            3.232731e-05
177 2013-08-03 14:11:30    200 312.2 159.6 159.5936 3.941145e-05 16.98110 0.09864222 0.048743199  0.004817580   0.0034154431      0.0003375686         0  4.512067e-02    0.001051325      1.386622e-03            3.230871e-05
178 2013-08-03 14:11:45    201 312.7 159.6 159.5936 3.941145e-05 16.98107 0.09864222 0.048741741  0.004817580   0.0034153409      0.0003375686         0  4.562985e-02    0.001049829      1.402270e-03            3.226273e-05
179 2013-08-03 14:12:00    202 312.7 159.5 159.4936 3.941145e-05 16.88103 0.09864222 0.044384543  0.004817494   0.0031100315      0.0003375625         0  4.562985e-02    0.001049829      1.402270e-03            3.226273e-05
180 2013-08-03 14:12:15    203 313.3 159.6 159.5935 3.941145e-05 16.98100 0.09864222 0.048738824  0.004817580   0.0034151365      0.0003375686         0  4.624086e-02    0.001048066      1.421047e-03            3.220854e-05
181 2013-08-03 14:12:30    204 313.4 159.6 159.5935 3.941145e-05 16.98097 0.09864222 0.048737366  0.004817580   0.0034150343      0.0003375686         0  4.634270e-02    0.001047776      1.424176e-03            3.219962e-05
182 2013-08-03 14:12:45    205 313.8 159.6 159.5935 3.941145e-05 16.98093 0.09864222 0.048735907  0.004817580   0.0034149322      0.0003375686         0  4.675004e-02    0.001046624      1.436695e-03            3.216423e-05
183 2013-08-03 14:13:00    206 314.1 159.5 159.4934 3.941145e-05 16.88090 0.09864222 0.044378710  0.004817494   0.0031096227      0.0003375625         0  4.705555e-02    0.001045771      1.446083e-03            3.213800e-05
184 2013-08-03 14:13:15    207 314.3 159.6 159.5934 3.941145e-05 16.98087 0.09864222 0.048732990  0.004817580   0.0034147278      0.0003375686         0  4.725922e-02    0.001045207      1.452342e-03            3.212067e-05
185 2013-08-03 14:13:30    208 314.7 159.6 159.5934 3.941145e-05 16.98083 0.09864222 0.048731532  0.004817580   0.0034146256      0.0003375686         0  4.766656e-02    0.001044091      1.464860e-03            3.208638e-05
186 2013-08-03 14:13:45    209 314.9 159.6 159.5933 3.941145e-05 16.98080 0.09864222 0.048730074  0.004817580   0.0034145234      0.0003375685         0  4.787023e-02    0.001043539      1.471119e-03            3.206942e-05
187 2013-08-03 14:14:00    210 315.4 159.6 159.5933 3.941145e-05 16.98076 0.09864222 0.048728615  0.004817580   0.0034144212      0.0003375685         0  4.837940e-02    0.001042177      1.486767e-03            3.202755e-05

$dryleafvolt
            timestamp record LWSmV  SEmV    CSEmV     CSEmV.sd   loadmV  loadmV.sd
1 2013-08-03 13:26:45     21 263.8 158.3 158.2996 3.941145e-05 15.68709 0.09864222
2 2013-08-03 13:27:00     22 263.8 158.4 158.3996 3.941145e-05 15.78706 0.09864222
3 2013-08-03 13:27:15     23 263.8 158.6 158.5996 3.941145e-05 15.98703 0.09864222
4 2013-08-03 13:27:30     24 263.8 158.6 158.5995 3.941145e-05 15.98699 0.09864222

$runtime
Time difference of 46.5 mins

$startcalibvolt
            timestamp record LWSmV  SEmV    CSEmV     CSEmV.sd   loadmV  loadmV.sd
1 2013-08-03 13:24:45     13 263.8 264.9 264.8999 3.941145e-05 122.2874 0.09864222
2 2013-08-03 13:25:00     14 263.8 264.9 264.8999 3.941145e-05 122.2873 0.09864222
3 2013-08-03 13:25:15     15 263.8 265.0 264.9998 3.941145e-05 122.3873 0.09864222
4 2013-08-03 13:25:30     16 263.8 265.1 265.0998 3.941145e-05 122.4873 0.09864222
5 2013-08-03 13:25:45     17 263.8 265.0 264.9998 3.941145e-05 122.3872 0.09864222

$endcalibvolt
            timestamp record LWSmV  SEmV
1 2013-08-03 14:17:30    224 265.1 265.3
2 2013-08-03 14:17:45    225 265.1 265.3
3 2013-08-03 14:18:00    226 265.1 265.4
4 2013-08-03 14:18:15    227 265.1 265.2

$lastLWSvolt
[1] 314

$maxLWSvolt
[1] 315.5

$species
[1] "dougfir"

$trial
[1] "5"

$replicate
[1] "1"

$isvertical
[1] FALSE

$conversionfactor
         avg       stdev
1 0.04355739 1.57027e-05

$LWSwatermass
         avg       stdev
1 0.03665278 0.003281607

$dryleafmass
        avg      stdev
1 0.6909092 0.00216269

$lwsmodel

Call:
lm(formula = LWSsurfacedensity ~ record, data = rd[rd$runfilter == 
    1, ])

Coefficients:
(Intercept)       record  
 -5.042e-04    9.462e-06  


$leafmodel

Call:
lm(formula = surfacedensity ~ record, data = rd[rd$runfilter == 
    1, ])

Coefficients:
(Intercept)       record  
  1.580e-03    1.283e-05  


