$name
[1] "dougfir6"

$leafarea
[1] 13.66592

$startbasevolt
            timestamp record LWSmV  SEmV CSEmV CSEmV.sd      loadmV loadmV.sd
1 2013-10-12 12:59:45      2 265.1 150.3 150.3        0 -0.06515152 0.1128938
2 2013-10-12 13:00:00      3 265.1 150.4 150.4        0  0.03484848 0.1128938
3 2013-10-12 13:00:15      4 265.1 150.3 150.3        0 -0.06515152 0.1128938
4 2013-10-12 13:00:30      5 265.1 150.4 150.4        0  0.03484848 0.1128938
5 2013-10-12 13:00:45      6 265.1 150.4 150.4        0  0.03484848 0.1128938

$endbasevolt
            timestamp record LWSmV  SEmV    CSEmV     CSEmV.sd      loadmV loadmV.sd
1 2013-10-12 13:57:00    231 265.8 151.1 150.4929 4.532648e-05  0.12770563 0.1128938
2 2013-10-12 13:57:15    232 265.8 151.1 150.4902 4.532648e-05  0.12500722 0.1128938
3 2013-10-12 13:57:30    233 265.8 151.1 150.4875 4.532648e-05  0.12230880 0.1128938
4 2013-10-12 13:57:45    234 265.8 151.0 150.3848 4.532648e-05  0.01961039 0.1128938
5 2013-10-12 13:58:00    235 265.8 150.8 150.1821 4.532648e-05 -0.18308802 0.1128938
6 2013-10-12 13:58:15    236 265.8 150.8 150.1794 4.532648e-05 -0.18578644 0.1128938

$dryragvolt
            timestamp record LWSmV  SEmV    CSEmV     CSEmV.sd   loadmV loadmV.sd
1 2013-10-12 13:52:45    214 520.7 305.2 304.6387 4.532648e-05 154.2736 0.1128938
2 2013-10-12 13:53:00    215 520.2 305.0 304.4360 4.532648e-05 154.0709 0.1128938
3 2013-10-12 13:53:15    216 520.0 305.0 304.4333 4.532648e-05 154.0682 0.1128938

$wetragvolt
            timestamp record LWSmV  SEmV    CSEmV     CSEmV.sd   loadmV loadmV.sd
1 2013-10-12 13:54:00    219 266.5 311.6 311.0252 4.532648e-05 160.6601 0.1128938
2 2013-10-12 13:54:15    220 266.3 311.4 310.8225 4.532648e-05 160.4574 0.1128938
3 2013-10-12 13:54:30    221 265.8 311.2 310.6198 4.532648e-05 160.2547 0.1128938
4 2013-10-12 13:54:45    222 265.8 311.2 310.6171 4.532648e-05 160.2520 0.1128938

$rundata
              timestamp record LWSmV  SEmV    CSEmV     CSEmV.sd   loadmV loadmV.sd   watermass watermass.sd surfacedensity surfacedensity.sd runfilter      LWSwater LWSwater.stdev LWSsurfacedensity LWSsurfacedensity.stdev
1   2013-10-12 13:06:00     27 265.1 162.9 162.8433 4.532648e-05 12.47818 0.1128938 0.015042855  0.005112697   0.0011007567      0.0003741202         0 -0.0028437563    0.001285489     -8.739263e-05            3.950488e-05
2   2013-10-12 13:06:15     28 265.6 162.8 162.7406 4.532648e-05 12.37548 0.1128938 0.010569462  0.005112616   0.0007734174      0.0003741143         0 -0.0023345797    0.001282210     -7.174492e-05            3.940413e-05
3   2013-10-12 13:06:30     29 265.8 162.8 162.7379 4.532648e-05 12.37278 0.1128938 0.010451923  0.005112614   0.0007648165      0.0003741141         0 -0.0021309091    0.001280903     -6.548584e-05            3.936394e-05
4   2013-10-12 13:06:45     30 266.5 162.9 162.8352 4.532648e-05 12.47009 0.1128938 0.014690238  0.005112691   0.0010749541      0.0003741197         0 -0.0014180619    0.001276343     -4.357904e-05            3.922382e-05
5   2013-10-12 13:07:00     31 267.0 162.8 162.7325 4.532648e-05 12.36739 0.1128938 0.010216845  0.005112610   0.0007476148      0.0003741138         0 -0.0009088854    0.001273103     -2.793133e-05            3.912424e-05
6   2013-10-12 13:07:15     32 267.7 163.0 162.9298 4.532648e-05 12.56469 0.1128938 0.018811015  0.005112765   0.0013764907      0.0003741252         0 -0.0001960382    0.001268590     -6.024531e-06            3.898554e-05
7   2013-10-12 13:07:30     33 268.4 162.8 162.7271 4.532648e-05 12.36199 0.1128938 0.009981767  0.005112606   0.0007304130      0.0003741135         0  0.0005168089    0.001264103      1.588227e-05            3.884768e-05
8   2013-10-12 13:07:45     34 269.2 162.9 162.8244 4.532648e-05 12.45929 0.1128938 0.014220083  0.005112682   0.0010405505      0.0003741191         0  0.0013314914    0.001259010      4.091861e-05            3.869116e-05
9   2013-10-12 13:08:00     35 270.1 162.9 162.8217 4.532648e-05 12.45659 0.1128938 0.014102544  0.005112680   0.0010319497      0.0003741189         0  0.0022480092    0.001253324      6.908449e-05            3.851641e-05
10  2013-10-12 13:08:15     36 271.0 162.9 162.8190 4.532648e-05 12.45390 0.1128938 0.013985005  0.005112678   0.0010233488      0.0003741188         0  0.0031645270    0.001247685      9.725037e-05            3.834311e-05
11  2013-10-12 13:08:30     37 272.0 162.8 162.7163 4.532648e-05 12.35120 0.1128938 0.009511612  0.005112597   0.0006960095      0.0003741129         0  0.0041828801    0.001241474      1.285458e-04            3.815226e-05
12  2013-10-12 13:08:45     38 273.0 163.0 162.9137 4.532648e-05 12.54850 0.1128938 0.018105781  0.005112753   0.0013248854      0.0003741242         0  0.0052012332    0.001235323      1.598412e-04            3.796323e-05
13  2013-10-12 13:09:00     39 274.1 162.9 162.8110 4.532648e-05 12.44580 0.1128938 0.013632388  0.005112672   0.0009975462      0.0003741183         1  0.0063214216    0.001228627      1.942662e-04            3.775744e-05
14  2013-10-12 13:09:15     40 275.1 163.0 162.9083 4.532648e-05 12.54310 0.1128938 0.017870704  0.005112748   0.0013076837      0.0003741239         1  0.0073397747    0.001222604      2.255616e-04            3.757234e-05
15  2013-10-12 13:09:30     41 276.3 163.2 163.1056 4.532648e-05 12.74040 0.1128938 0.026464873  0.005112906   0.0019365596      0.0003741354         1  0.0085617984    0.001215458      2.631161e-04            3.735274e-05
16  2013-10-12 13:09:45     42 277.3 163.2 163.1029 4.532648e-05 12.73771 0.1128938 0.026347334  0.005112904   0.0019279588      0.0003741353         1  0.0095801515    0.001209573      2.944115e-04            3.717189e-05
17  2013-10-12 13:10:00     43 278.4 163.1 163.0002 4.532648e-05 12.63501 0.1128938 0.021873941  0.005112821   0.0016006195      0.0003741293         1  0.0107003399    0.001203174      3.288365e-04            3.697522e-05
18  2013-10-12 13:10:15     44 279.4 163.2 163.0975 4.532648e-05 12.73231 0.1128938 0.026112257  0.005112899   0.0019107570      0.0003741350         1  0.0117186930    0.001197425      3.601319e-04            3.679855e-05
19  2013-10-12 13:10:30     45 280.5 163.1 162.9948 4.532648e-05 12.62961 0.1128938 0.021638863  0.005112817   0.0015834177      0.0003741289         1  0.0128388814    0.001191177      3.945569e-04            3.660655e-05
20  2013-10-12 13:10:45     46 281.7 163.4 163.2921 4.532648e-05 12.92691 0.1128938 0.034588887  0.005113057   0.0025310321      0.0003741465         1  0.0140609051    0.001184455      4.321114e-04            3.639996e-05
21  2013-10-12 13:11:00     47 282.8 163.3 163.1894 4.532648e-05 12.82421 0.1128938 0.030115494  0.005112974   0.0022036928      0.0003741404         1  0.0151810936    0.001178379      4.665364e-04            3.621324e-05
22  2013-10-12 13:11:15     48 283.9 163.2 163.0867 4.532648e-05 12.72152 0.1128938 0.025642101  0.005112891   0.0018763535      0.0003741343         1  0.0163012820    0.001172387      5.009613e-04            3.602911e-05
23  2013-10-12 13:11:30     49 285.1 163.2 163.0840 4.532648e-05 12.71882 0.1128938 0.025524562  0.005112889   0.0018677526      0.0003741342         1  0.0175233057    0.001165948      5.385158e-04            3.583123e-05
24  2013-10-12 13:11:45     50 286.2 163.1 162.9813 4.532648e-05 12.61612 0.1128938 0.021051169  0.005112806   0.0015404133      0.0003741282         1  0.0186434941    0.001160136      5.729408e-04            3.565262e-05
25  2013-10-12 13:12:00     51 287.4 163.0 162.8786 4.532648e-05 12.51342 0.1128938 0.016577775  0.005112725   0.0012130740      0.0003741222         1  0.0198655178    0.001153897      6.104953e-04            3.546087e-05
26  2013-10-12 13:12:15     52 288.5 163.1 162.9759 4.532648e-05 12.61072 0.1128938 0.020816091  0.005112802   0.0015232116      0.0003741278         1  0.0209857062    0.001148271      6.449203e-04            3.528798e-05
27  2013-10-12 13:12:30     53 289.7 163.3 163.1732 4.532648e-05 12.80802 0.1128938 0.029410261  0.005112960   0.0021520875      0.0003741394         1  0.0222077299    0.001142237      6.824748e-04            3.510255e-05
28  2013-10-12 13:12:45     54 290.8 163.3 163.1705 4.532648e-05 12.80532 0.1128938 0.029292722  0.005112958   0.0021434866      0.0003741393         1  0.0233279183    0.001136803      7.168998e-04            3.493554e-05
29  2013-10-12 13:13:00     55 291.9 163.5 163.3678 4.532648e-05 13.00263 0.1128938 0.037886891  0.005113119   0.0027723626      0.0003741510         1  0.0244481067    0.001131462      7.513247e-04            3.477141e-05
30  2013-10-12 13:13:15     56 293.2 163.4 163.2651 4.532648e-05 12.89993 0.1128938 0.033413498  0.005113035   0.0024450233      0.0003741449         1  0.0257719658    0.001125272      7.920088e-04            3.458121e-05
31  2013-10-12 13:13:30     57 294.3 163.2 163.0624 4.532648e-05 12.69723 0.1128938 0.024584250  0.005112871   0.0017989456      0.0003741329         1  0.0268921542    0.001120141      8.264337e-04            3.442350e-05
32  2013-10-12 13:13:45     58 295.6 163.4 163.2597 4.532648e-05 12.89453 0.1128938 0.033178420  0.005113031   0.0024278215      0.0003741446         1  0.0282160132    0.001114202      8.671178e-04            3.424100e-05
33  2013-10-12 13:14:00     59 296.8 163.5 163.3570 4.532648e-05 12.99183 0.1128938 0.037416736  0.005113110   0.0027379591      0.0003741504         1  0.0294380369    0.001108843      9.046723e-04            3.407632e-05
34  2013-10-12 13:14:15     60 298.0 163.5 163.3543 4.532648e-05 12.98913 0.1128938 0.037299197  0.005113108   0.0027293582      0.0003741502         1  0.0306600606    0.001103605      9.422268e-04            3.391534e-05
35  2013-10-12 13:14:30     61 299.2 163.5 163.3516 4.532648e-05 12.98644 0.1128938 0.037181658  0.005113106   0.0027207573      0.0003741501         1  0.0318820844    0.001098488      9.797813e-04            3.375809e-05
36  2013-10-12 13:14:45     62 300.5 163.5 163.3489 4.532648e-05 12.98374 0.1128938 0.037064119  0.005113104   0.0027121564      0.0003741499         1  0.0332059434    0.001093085      1.020465e-03            3.359203e-05
37  2013-10-12 13:15:00     63 301.8 163.6 163.4462 4.532648e-05 13.08104 0.1128938 0.041302434  0.005113184   0.0030222940      0.0003741558         1  0.0345298024    0.001087828      1.061149e-03            3.343050e-05
38  2013-10-12 13:15:15     64 303.0 163.6 163.4435 4.532648e-05 13.07834 0.1128938 0.041184895  0.005113181   0.0030136931      0.0003741556         1  0.0357518261    0.001083109      1.098704e-03            3.328545e-05
39  2013-10-12 13:15:30     65 304.3 163.6 163.4408 4.532648e-05 13.07564 0.1128938 0.041067356  0.005113179   0.0030050922      0.0003741555         1  0.0370756852    0.001078141      1.139388e-03            3.313280e-05
40  2013-10-12 13:15:45     66 305.6 163.8 163.6381 4.532648e-05 13.27294 0.1128938 0.049661526  0.005113343   0.0036339682      0.0003741675         1  0.0383995442    0.001073327      1.180072e-03            3.298485e-05
41  2013-10-12 13:16:00     67 306.8 163.8 163.6354 4.532648e-05 13.27025 0.1128938 0.049543987  0.005113341   0.0036253673      0.0003741673         1  0.0396215679    0.001069021      1.217627e-03            3.285252e-05
42  2013-10-12 13:16:15     68 308.2 163.8 163.6327 4.532648e-05 13.26755 0.1128938 0.049426448  0.005113339   0.0036167664      0.0003741671         1  0.0410472622    0.001064167      1.261440e-03            3.270335e-05
43  2013-10-12 13:16:30     69 309.3 163.8 163.6300 4.532648e-05 13.26485 0.1128938 0.049308909  0.005113337   0.0036081655      0.0003741670         1  0.0421674507    0.001060483      1.295865e-03            3.259012e-05
44  2013-10-12 13:16:45     70 310.5 163.7 163.5273 4.532648e-05 13.16215 0.1128938 0.044835516  0.005113251   0.0032808263      0.0003741607         1  0.0433894744    0.001056595      1.333420e-03            3.247065e-05
45  2013-10-12 13:17:00     71 311.7 163.9 163.7246 4.532648e-05 13.35945 0.1128938 0.053429686  0.005113416   0.0039097022      0.0003741728         1  0.0446114981    0.001052846      1.370974e-03            3.235544e-05
46  2013-10-12 13:17:15     72 313.0 164.0 163.8219 4.532648e-05 13.45675 0.1128938 0.057668001  0.005113499   0.0042198397      0.0003741788         1  0.0459353571    0.001048943      1.411658e-03            3.223550e-05
47  2013-10-12 13:17:30     73 314.4 164.0 163.8192 4.532648e-05 13.45405 0.1128938 0.057550462  0.005113496   0.0042112389      0.0003741787         1  0.0473610515    0.001044926      1.455472e-03            3.211205e-05
48  2013-10-12 13:17:45     74 315.7 163.9 163.7165 4.532648e-05 13.35136 0.1128938 0.053077069  0.005113409   0.0038838996      0.0003741723         1  0.0486849105    0.001041371      1.496156e-03            3.200280e-05
49  2013-10-12 13:18:00     75 317.1 164.0 163.8138 4.532648e-05 13.44866 0.1128938 0.057315385  0.005113492   0.0041940371      0.0003741783         1  0.0501106048    0.001037733      1.539969e-03            3.189099e-05
50  2013-10-12 13:18:15     76 318.4 164.2 164.0111 4.532648e-05 13.64596 0.1128938 0.065909554  0.005113661   0.0048229131      0.0003741907         1  0.0514344638    0.001034533      1.580653e-03            3.179266e-05
51  2013-10-12 13:18:30     77 319.8 164.1 163.9084 4.532648e-05 13.54326 0.1128938 0.061436161  0.005113572   0.0044955738      0.0003741842         1  0.0528601582    0.001031281      1.624467e-03            3.169272e-05
52  2013-10-12 13:18:45     78 321.1 164.0 163.8057 4.532648e-05 13.44056 0.1128938 0.056962768  0.005113485   0.0041682345      0.0003741778         1  0.0541840172    0.001028443      1.665151e-03            3.160552e-05
53  2013-10-12 13:19:00     79 322.4 164.2 164.0030 4.532648e-05 13.63786 0.1128938 0.065556938  0.005113654   0.0047971104      0.0003741902         1  0.0555078762    0.001025782      1.705835e-03            3.152374e-05
54  2013-10-12 13:19:15     80 323.7 164.2 164.0003 4.532648e-05 13.63517 0.1128938 0.065439399  0.005113651   0.0047885095      0.0003741900         1  0.0568317353    0.001023299      1.746519e-03            3.144743e-05
55  2013-10-12 13:19:30     81 325.0 164.4 164.1976 4.532648e-05 13.83247 0.1128938 0.074033568  0.005113822   0.0054173855      0.0003742025         1  0.0581555943    0.001020996      1.787203e-03            3.137663e-05
56  2013-10-12 13:19:45     82 326.2 164.4 164.1949 4.532648e-05 13.82977 0.1128938 0.073916029  0.005113820   0.0054087846      0.0003742023         1  0.0593776180    0.001019029      1.824758e-03            3.131621e-05
57  2013-10-12 13:20:00     83 327.6 164.3 164.0922 4.532648e-05 13.72707 0.1128938 0.069442636  0.005113731   0.0050814453      0.0003741958         1  0.0608033123    0.001016931      1.868571e-03            3.125172e-05
58  2013-10-12 13:20:15     84 328.9 164.2 163.9895 4.532648e-05 13.62437 0.1128938 0.064969243  0.005113642   0.0047541060      0.0003741893         1  0.0621271714    0.001015172      1.909255e-03            3.119767e-05
59  2013-10-12 13:20:30     85 330.4 164.1 163.8868 4.532648e-05 13.52167 0.1128938 0.060495850  0.005113554   0.0044267667      0.0003741829         1  0.0636547010    0.001013371      1.956199e-03            3.114232e-05
60  2013-10-12 13:20:45     86 331.6 164.1 163.8841 4.532648e-05 13.51898 0.1128938 0.060378311  0.005113552   0.0044181659      0.0003741827         1  0.0648767247    0.001012107      1.993753e-03            3.110348e-05
61  2013-10-12 13:21:00     87 333.0 164.1 163.8814 4.532648e-05 13.51628 0.1128938 0.060260772  0.005113549   0.0044095650      0.0003741825         1  0.0663024191    0.001010832      2.037567e-03            3.106430e-05
62  2013-10-12 13:21:15     88 334.3 164.3 164.0787 4.532648e-05 13.71358 0.1128938 0.068854942  0.005113719   0.0050384409      0.0003741949         1  0.0676262781    0.001009842      2.078251e-03            3.103386e-05
63  2013-10-12 13:21:30     89 335.8 164.3 164.0760 4.532648e-05 13.71088 0.1128938 0.068737403  0.005113717   0.0050298401      0.0003741948         1  0.0691538077    0.001008930      2.125194e-03            3.100585e-05
64  2013-10-12 13:21:45     90 337.2 164.3 164.0733 4.532648e-05 13.70818 0.1128938 0.068619864  0.005113714   0.0050212392      0.0003741946         1  0.0705795021    0.001008305      2.169007e-03            3.098662e-05
65  2013-10-12 13:22:00     91 338.5 164.3 164.0706 4.532648e-05 13.70548 0.1128938 0.068502325  0.005113712   0.0050126383      0.0003741944         1  0.0719033611    0.001007918      2.209691e-03            3.097475e-05
66  2013-10-12 13:22:15     92 340.0 164.5 164.2679 4.532648e-05 13.90278 0.1128938 0.077096495  0.005113884   0.0056415143      0.0003742070         1  0.0734308908    0.001007706      2.256635e-03            3.096821e-05
67  2013-10-12 13:22:30     93 341.5 164.4 164.1652 4.532648e-05 13.80009 0.1128938 0.072623101  0.005113794   0.0053141750      0.0003742004         1  0.0749584204    0.001007743      2.303578e-03            3.096936e-05
68  2013-10-12 13:22:45     94 342.9 164.4 164.1625 4.532648e-05 13.79739 0.1128938 0.072505562  0.005113792   0.0053055741      0.0003742003         1  0.0763841147    0.001008003      2.347391e-03            3.097736e-05
69  2013-10-12 13:23:00     95 344.5 164.3 164.0598 4.532648e-05 13.69469 0.1128938 0.068032169  0.005113703   0.0049782348      0.0003741938         1  0.0780134797    0.001008567      2.397464e-03            3.099469e-05
70  2013-10-12 13:23:15     96 346.1 164.3 164.0571 4.532648e-05 13.69199 0.1128938 0.067914630  0.005113700   0.0049696339      0.0003741936         1  0.0796428447    0.001009415      2.447537e-03            3.102075e-05
71  2013-10-12 13:23:30     97 347.6 164.4 164.1544 4.532648e-05 13.78929 0.1128938 0.072152946  0.005113785   0.0052797714      0.0003741998         1  0.0811703743    0.001010467      2.494480e-03            3.105307e-05
72  2013-10-12 13:23:45     98 349.1 164.7 164.4517 4.532648e-05 14.08659 0.1128938 0.085102970  0.005114047   0.0062273858      0.0003742189         1  0.0826979040    0.001011767      2.541423e-03            3.109301e-05
73  2013-10-12 13:24:00     99 350.6 164.7 164.4490 4.532648e-05 14.08390 0.1128938 0.084985431  0.005114044   0.0062187849      0.0003742187         1  0.0842254336    0.001013313      2.588366e-03            3.114054e-05
74  2013-10-12 13:24:15    100 352.1 164.6 164.3463 4.532648e-05 13.98120 0.1128938 0.080512037  0.005113953   0.0058914456      0.0003742121         1  0.0857529632    0.001015106      2.635309e-03            3.119563e-05
75  2013-10-12 13:24:30    101 353.6 164.6 164.3437 4.532648e-05 13.97850 0.1128938 0.080394499  0.005113951   0.0058828448      0.0003742119         1  0.0872804929    0.001017143      2.682252e-03            3.125823e-05
76  2013-10-12 13:24:45    102 355.0 164.6 164.3410 4.532648e-05 13.97580 0.1128938 0.080276960  0.005113948   0.0058742439      0.0003742117         1  0.0887061872    0.001019264      2.726066e-03            3.132341e-05
77  2013-10-12 13:25:00    103 356.5 164.7 164.4383 4.532648e-05 14.07310 0.1128938 0.084515275  0.005114035   0.0061843814      0.0003742180         1  0.0902337169    0.001021769      2.773009e-03            3.140041e-05
78  2013-10-12 13:25:15    104 358.1 164.9 164.6356 4.532648e-05 14.27040 0.1128938 0.093109445  0.005114211   0.0068132574      0.0003742310         1  0.0918630818    0.001024706      2.823082e-03            3.149067e-05
79  2013-10-12 13:25:30    105 359.8 164.7 164.4329 4.532648e-05 14.06771 0.1128938 0.084280197  0.005114030   0.0061671797      0.0003742177         1  0.0935942821    0.001028123      2.876284e-03            3.159568e-05
80  2013-10-12 13:25:45    106 361.4 164.6 164.3302 4.532648e-05 13.96501 0.1128938 0.079806804  0.005113939   0.0058398404      0.0003742110         1  0.0952236471    0.001031615      2.926357e-03            3.170300e-05
81  2013-10-12 13:26:00    107 363.1 164.5 164.2275 4.532648e-05 13.86231 0.1128938 0.075333411  0.005113849   0.0055125011      0.0003742044         1  0.0969548473    0.001035616      2.979559e-03            3.182595e-05
82  2013-10-12 13:26:15    108 364.8 164.7 164.4248 4.532648e-05 14.05961 0.1128938 0.083927580  0.005114023   0.0061413770      0.0003742172         1  0.0986860476    0.001039913      3.032761e-03            3.195799e-05
83  2013-10-12 13:26:30    109 366.5 164.7 164.4221 4.532648e-05 14.05691 0.1128938 0.083810041  0.005114020   0.0061327762      0.0003742170         1  0.1004172479    0.001044502      3.085963e-03            3.209902e-05
84  2013-10-12 13:26:45    110 368.4 164.6 164.3194 4.532648e-05 13.95421 0.1128938 0.079336648  0.005113929   0.0058054369      0.0003742103         1  0.1023521187    0.001049972      3.145425e-03            3.226711e-05
85  2013-10-12 13:27:00    111 370.1 164.6 164.3167 4.532648e-05 13.95152 0.1128938 0.079219109  0.005113927   0.0057968360      0.0003742102         1  0.1040833190    0.001055167      3.198627e-03            3.242676e-05
86  2013-10-12 13:27:15    112 372.0 164.8 164.5140 4.532648e-05 14.14882 0.1128938 0.087813279  0.005114102   0.0064257119      0.0003742230         1  0.1060181899    0.001061303      3.258088e-03            3.261535e-05
87  2013-10-12 13:27:30    113 373.9 164.8 164.5113 4.532648e-05 14.14612 0.1128938 0.087695740  0.005114100   0.0064171111      0.0003742228         1  0.1079530608    0.001067784      3.317550e-03            3.281449e-05
88  2013-10-12 13:27:45    114 375.8 164.7 164.4086 4.532648e-05 14.04342 0.1128938 0.083222347  0.005114008   0.0060897718      0.0003742161         1  0.1098879317    0.001074601      3.377011e-03            3.302400e-05
89  2013-10-12 13:28:00    115 377.5 164.7 164.4059 4.532648e-05 14.04072 0.1128938 0.083104808  0.005114006   0.0060811709      0.0003742159         1  0.1116191319    0.001080981      3.430213e-03            3.322007e-05
90  2013-10-12 13:28:15    116 379.3 164.7 164.4032 4.532648e-05 14.03802 0.1128938 0.082987269  0.005114003   0.0060725700      0.0003742158         1  0.1134521675    0.001088020      3.486545e-03            3.343639e-05
91  2013-10-12 13:28:30    117 381.0 164.8 164.5005 4.532648e-05 14.13532 0.1128938 0.087225584  0.005114090   0.0063827075      0.0003742221         1  0.1151833678    0.001094931      3.539747e-03            3.364876e-05
92  2013-10-12 13:28:45    118 383.0 164.8 164.4978 4.532648e-05 14.13263 0.1128938 0.087108045  0.005114088   0.0063741067      0.0003742219         1  0.1172200740    0.001103381      3.602338e-03            3.390845e-05
93  2013-10-12 13:29:00    119 385.1 164.6 164.2951 4.532648e-05 13.92993 0.1128938 0.078278798  0.005113908   0.0057280290      0.0003742088         1  0.1193586155    0.001112618      3.668058e-03            3.419232e-05
94  2013-10-12 13:29:15    120 386.9 164.9 164.5924 4.532648e-05 14.22723 0.1128938 0.091228822  0.005114172   0.0066756433      0.0003742281         1  0.1211916511    0.001120826      3.724390e-03            3.444455e-05
95  2013-10-12 13:29:30    121 388.8 164.8 164.4897 4.532648e-05 14.12453 0.1128938 0.086755429  0.005114080   0.0063483040      0.0003742214         1  0.1231265219    0.001129773      3.783851e-03            3.471952e-05
96  2013-10-12 13:29:45    122 390.8 164.7 164.3870 4.532648e-05 14.02183 0.1128938 0.082282035  0.005113989   0.0060209647      0.0003742147         1  0.1251632281    0.001139499      3.846442e-03            3.501840e-05
97  2013-10-12 13:30:00    123 392.9 164.8 164.4843 4.532648e-05 14.11913 0.1128938 0.086520351  0.005114075   0.0063311023      0.0003742210         1  0.1273017696    0.001150041      3.912163e-03            3.534239e-05
98  2013-10-12 13:30:15    124 395.3 164.9 164.5816 4.532648e-05 14.21644 0.1128938 0.090758666  0.005114163   0.0066412398      0.0003742274         1  0.1297458171    0.001162493      3.987272e-03            3.572505e-05
99  2013-10-12 13:30:30    125 397.6 164.7 164.3789 4.532648e-05 14.01374 0.1128938 0.081929419  0.005113982   0.0059951621      0.0003742142         1  0.1320880292    0.001174817      4.059251e-03            3.610379e-05
100 2013-10-12 13:30:45    126 399.4 164.7 164.3762 4.532648e-05 14.01104 0.1128938 0.081811880  0.005113979   0.0059865612      0.0003742140         1  0.1339210648    0.001184722      4.115583e-03            3.640818e-05
101 2013-10-12 13:31:00    127 401.2 164.8 164.4735 4.532648e-05 14.10834 0.1128938 0.086050195  0.005114066   0.0062966988      0.0003742203         1  0.1357541004    0.001194848      4.171915e-03            3.671937e-05
102 2013-10-12 13:31:15    128 403.6 164.9 164.5708 4.532648e-05 14.20564 0.1128938 0.090288511  0.005114153   0.0066068363      0.0003742267         1  0.1381981478    0.001208685      4.247024e-03            3.714458e-05
103 2013-10-12 13:31:30    129 405.8 165.0 164.6681 4.532648e-05 14.30294 0.1128938 0.094526826  0.005114240   0.0069169738      0.0003742331         1  0.1404385246    0.001221694      4.315874e-03            3.754438e-05
104 2013-10-12 13:31:45    130 407.9 165.1 164.7654 4.532648e-05 14.40025 0.1128938 0.098765141  0.005114329   0.0072271114      0.0003742396         1  0.1425770661    0.001234394      4.381594e-03            3.793467e-05
105 2013-10-12 13:32:00    131 410.0 165.1 164.7627 4.532648e-05 14.39755 0.1128938 0.098647602  0.005114326   0.0072185105      0.0003742394         1  0.1447156076    0.001247361      4.447314e-03            3.833315e-05
106 2013-10-12 13:32:15    132 412.0 165.0 164.6600 4.532648e-05 14.29485 0.1128938 0.094174209  0.005114233   0.0068911712      0.0003742326         1  0.1467523138    0.001259950      4.509905e-03            3.872004e-05
107 2013-10-12 13:32:30    133 413.8 165.0 164.6573 4.532648e-05 14.29215 0.1128938 0.094056670  0.005114231   0.0068825703      0.0003742324         1  0.1485853494    0.001271475      4.566237e-03            3.907423e-05
108 2013-10-12 13:32:45    134 415.6 165.2 164.8546 4.532648e-05 14.48945 0.1128938 0.102650840  0.005114410   0.0075114463      0.0003742455         1  0.1504183850    0.001283180      4.622569e-03            3.943392e-05
109 2013-10-12 13:33:00    135 417.4 165.2 164.8519 4.532648e-05 14.48675 0.1128938 0.102533301  0.005114408   0.0075028454      0.0003742453         1  0.1522514205    0.001295058      4.678900e-03            3.979897e-05
110 2013-10-12 13:33:15    136 419.1 165.1 164.7492 4.532648e-05 14.38405 0.1128938 0.098059908  0.005114314   0.0071755061      0.0003742385         1  0.1539826208    0.001306433      4.732103e-03            4.014853e-05
111 2013-10-12 13:33:30    137 420.7 165.2 164.8465 4.532648e-05 14.48136 0.1128938 0.102298223  0.005114403   0.0074856436      0.0003742450         1  0.1556119858    0.001317273      4.782175e-03            4.048166e-05
112 2013-10-12 13:33:45    138 422.1 165.2 164.8438 4.532648e-05 14.47866 0.1128938 0.102180684  0.005114400   0.0074770428      0.0003742448         1  0.1570376801    0.001326863      4.825989e-03            4.077637e-05
113 2013-10-12 13:34:00    139 423.6 165.2 164.8411 4.532648e-05 14.47596 0.1128938 0.102063145  0.005114398   0.0074684419      0.0003742446         1  0.1585652098    0.001337244      4.872932e-03            4.109538e-05
114 2013-10-12 13:34:15    140 425.1 165.1 164.7384 4.532648e-05 14.37326 0.1128938 0.097589752  0.005114304   0.0071411026      0.0003742378         1  0.1600927394    0.001347731      4.919875e-03            4.141768e-05
115 2013-10-12 13:34:30    141 426.5 165.3 164.9357 4.532648e-05 14.57056 0.1128938 0.106183922  0.005114484   0.0077699785      0.0003742510         1  0.1615184337    0.001357614      4.963689e-03            4.172139e-05
116 2013-10-12 13:34:45    142 427.9 165.3 164.9330 4.532648e-05 14.56786 0.1128938 0.106066383  0.005114482   0.0077613777      0.0003742508         1  0.1629441281    0.001367586      5.007502e-03            4.202784e-05
117 2013-10-12 13:35:00    143 429.3 165.2 164.8303 4.532648e-05 14.46517 0.1128938 0.101592990  0.005114388   0.0074340384      0.0003742439         1  0.1643698224    0.001377645      5.051316e-03            4.233696e-05
118 2013-10-12 13:35:15    144 430.7 165.2 164.8276 4.532648e-05 14.46247 0.1128938 0.101475451  0.005114385   0.0074254375      0.0003742437         1  0.1657955167    0.001387789      5.095130e-03            4.264871e-05
119 2013-10-12 13:35:30    145 432.0 165.1 164.7249 4.532648e-05 14.35977 0.1128938 0.097002057  0.005114292   0.0070980982      0.0003742369         1  0.1671193758    0.001397283      5.135814e-03            4.294048e-05
120 2013-10-12 13:35:45    146 433.3 165.2 164.8222 4.532648e-05 14.45707 0.1128938 0.101240373  0.005114380   0.0074082357      0.0003742433         1  0.1684432348    0.001406848      5.176498e-03            4.323442e-05
121 2013-10-12 13:36:00    147 434.9 165.3 164.9195 4.532648e-05 14.55437 0.1128938 0.105478688  0.005114470   0.0077183733      0.0003742499         1  0.1700725998    0.001418715      5.226570e-03            4.359910e-05
122 2013-10-12 13:36:15    148 436.1 165.4 165.0168 4.532648e-05 14.65167 0.1128938 0.109717004  0.005114559   0.0080285108      0.0003742564         1  0.1712946235    0.001427682      5.264125e-03            4.387467e-05
123 2013-10-12 13:36:30    149 437.6 165.2 164.8141 4.532648e-05 14.44898 0.1128938 0.100887756  0.005114373   0.0073824331      0.0003742428         1  0.1728221531    0.001438969      5.311068e-03            4.422156e-05
124 2013-10-12 13:36:45    150 438.9 165.2 164.8114 4.532648e-05 14.44628 0.1128938 0.100770217  0.005114371   0.0073738322      0.0003742426         1  0.1741460122    0.001448822      5.351752e-03            4.452433e-05
125 2013-10-12 13:37:00    151 440.4 165.2 164.8087 4.532648e-05 14.44358 0.1128938 0.100652678  0.005114368   0.0073652314      0.0003742424         1  0.1756735418    0.001460268      5.398695e-03            4.487609e-05
126 2013-10-12 13:37:15    152 441.8 165.3 164.9060 4.532648e-05 14.54088 0.1128938 0.104890994  0.005114457   0.0076753689      0.0003742490         1  0.1770992361    0.001471026      5.442509e-03            4.520669e-05
127 2013-10-12 13:37:30    153 443.1 165.5 165.1033 4.532648e-05 14.73818 0.1128938 0.113485163  0.005114640   0.0083042448      0.0003742623         1  0.1784230952    0.001481077      5.483193e-03            4.551559e-05
128 2013-10-12 13:37:45    154 444.4 165.5 165.1006 4.532648e-05 14.73548 0.1128938 0.113367625  0.005114637   0.0082956440      0.0003742621         1  0.1797469542    0.001491188      5.523877e-03            4.582632e-05
129 2013-10-12 13:38:00    155 445.9 165.4 164.9979 4.532648e-05 14.63278 0.1128938 0.108894231  0.005114542   0.0079683047      0.0003742552         1  0.1812744838    0.001502927      5.570820e-03            4.618705e-05
130 2013-10-12 13:38:15    156 447.2 165.3 164.8952 4.532648e-05 14.53009 0.1128938 0.104420838  0.005114447   0.0076409654      0.0003742482         1  0.1825983429    0.001513161      5.611504e-03            4.650157e-05
131 2013-10-12 13:38:30    157 448.8 165.4 164.9925 4.532648e-05 14.62739 0.1128938 0.108659153  0.005114537   0.0079511029      0.0003742548         1  0.1842277078    0.001525833      5.661577e-03            4.689100e-05
132 2013-10-12 13:38:45    158 450.2 165.4 164.9898 4.532648e-05 14.62469 0.1128938 0.108541614  0.005114534   0.0079425020      0.0003742546         1  0.1856534022    0.001536989      5.705390e-03            4.723382e-05
133 2013-10-12 13:39:00    159 451.7 165.5 165.0871 4.532648e-05 14.72199 0.1128938 0.112779930  0.005114625   0.0082526396      0.0003742612         1  0.1871809318    0.001549009      5.752333e-03            4.760322e-05
134 2013-10-12 13:39:15    160 453.2 165.4 164.9844 4.532648e-05 14.61929 0.1128938 0.108306537  0.005114529   0.0079253003      0.0003742542         1  0.1887084615    0.001561098      5.799277e-03            4.797474e-05
135 2013-10-12 13:39:30    161 454.5 165.6 165.1817 4.532648e-05 14.81659 0.1128938 0.116900706  0.005114713   0.0085541762      0.0003742677         1  0.1900323205    0.001571630      5.839961e-03            4.829839e-05
136 2013-10-12 13:39:45    162 456.0 165.5 165.0790 4.532648e-05 14.71390 0.1128938 0.112427313  0.005114617   0.0082268369      0.0003742607         1  0.1915598501    0.001583843      5.886904e-03            4.867373e-05
137 2013-10-12 13:40:00    163 457.8 165.4 164.9763 4.532648e-05 14.61120 0.1128938 0.107953920  0.005114522   0.0078994976      0.0003742537         1  0.1933928857    0.001598584      5.943236e-03            4.912674e-05
138 2013-10-12 13:40:15    164 459.3 165.5 165.0737 4.532648e-05 14.70850 0.1128938 0.112192235  0.005114612   0.0082096352      0.0003742603         1  0.1949204154    0.001610937      5.990179e-03            4.950637e-05
139 2013-10-12 13:40:30    165 460.5 165.5 165.0710 4.532648e-05 14.70580 0.1128938 0.112074696  0.005114610   0.0082010343      0.0003742601         1  0.1961424391    0.001620864      6.027733e-03            4.981143e-05
140 2013-10-12 13:40:45    166 461.8 165.6 165.1683 4.532648e-05 14.80310 0.1128938 0.116313012  0.005114700   0.0085111718      0.0003742667         1  0.1974662981    0.001631661      6.068417e-03            5.014324e-05
141 2013-10-12 13:41:00    167 463.1 165.6 165.1656 4.532648e-05 14.80040 0.1128938 0.116195473  0.005114698   0.0085025710      0.0003742666         1  0.1987901571    0.001642503      6.109101e-03            5.047642e-05
142 2013-10-12 13:41:15    168 464.7 165.7 165.2629 4.532648e-05 14.89771 0.1128938 0.120433788  0.005114789   0.0088127085      0.0003742732         1  0.2004195221    0.001655905      6.159174e-03            5.088830e-05
143 2013-10-12 13:41:30    169 466.1 165.8 165.3602 4.532648e-05 14.99501 0.1128938 0.124672104  0.005114881   0.0091228460      0.0003742800         1  0.2018452164    0.001667685      6.202988e-03            5.125032e-05
144 2013-10-12 13:41:45    170 467.5 165.7 165.2575 4.532648e-05 14.89231 0.1128938 0.120198710  0.005114784   0.0087955067      0.0003742729         1  0.2032709108    0.001679514      6.246801e-03            5.161382e-05
145 2013-10-12 13:42:00    171 468.8 165.7 165.2548 4.532648e-05 14.88961 0.1128938 0.120081171  0.005114781   0.0087869059      0.0003742727         1  0.2045947698    0.001690539      6.287485e-03            5.195264e-05
146 2013-10-12 13:42:15    172 470.3 165.7 165.2521 4.532648e-05 14.88691 0.1128938 0.119963633  0.005114779   0.0087783050      0.0003742725         1  0.2061222994    0.001703310      6.334428e-03            5.234512e-05
147 2013-10-12 13:42:30    173 471.6 165.7 165.2494 4.532648e-05 14.88421 0.1128938 0.119846094  0.005114776   0.0087697041      0.0003742723         1  0.2074461585    0.001714420      6.375112e-03            5.268655e-05
148 2013-10-12 13:42:45    174 472.9 165.8 165.3467 4.532648e-05 14.98152 0.1128938 0.124084409  0.005114868   0.0090798416      0.0003742790         1  0.2087700175    0.001725568      6.415796e-03            5.302915e-05
149 2013-10-12 13:43:00    175 474.3 165.7 165.2440 4.532648e-05 14.87882 0.1128938 0.119611016  0.005114771   0.0087525024      0.0003742719         1  0.2101957118    0.001737616      6.459610e-03            5.339939e-05
150 2013-10-12 13:43:15    176 475.3 165.9 165.4413 4.532648e-05 15.07612 0.1128938 0.128205186  0.005114958   0.0093813783      0.0003742856         1  0.2112140649    0.001746248      6.490905e-03            5.366465e-05
151 2013-10-12 13:43:30    177 476.5 165.9 165.4386 4.532648e-05 15.07342 0.1128938 0.128087647  0.005114955   0.0093727774      0.0003742854         1  0.2124360886    0.001756634      6.528460e-03            5.398382e-05
152 2013-10-12 13:43:45    178 477.7 165.8 165.3359 4.532648e-05 14.97072 0.1128938 0.123614253  0.005114858   0.0090454381      0.0003742783         1  0.2136581124    0.001767050      6.566015e-03            5.430393e-05
153 2013-10-12 13:44:00    179 478.8 165.7 165.2332 4.532648e-05 14.86802 0.1128938 0.119140860  0.005114761   0.0087180988      0.0003742712         1  0.2147783008    0.001776624      6.600439e-03            5.459816e-05
154 2013-10-12 13:44:15    180 480.0 165.6 165.1305 4.532648e-05 14.76532 0.1128938 0.114667467  0.005114665   0.0083907596      0.0003742642         1  0.2160003245    0.001787097      6.637994e-03            5.491999e-05
155 2013-10-12 13:44:30    181 481.2 165.5 165.0278 4.532648e-05 14.66263 0.1128938 0.110194073  0.005114569   0.0080634203      0.0003742572         1  0.2172223482    0.001797598      6.675549e-03            5.524271e-05
156 2013-10-12 13:44:45    182 482.4 165.7 165.2251 4.532648e-05 14.85993 0.1128938 0.118788243  0.005114753   0.0086922962      0.0003742706         1  0.2184443719    0.001808127      6.713103e-03            5.556630e-05
157 2013-10-12 13:45:00    183 483.6 165.6 165.1224 4.532648e-05 14.75723 0.1128938 0.114314850  0.005114657   0.0083649569      0.0003742636         1  0.2196663956    0.001818685      6.750658e-03            5.589074e-05
158 2013-10-12 13:45:15    184 484.7 165.6 165.1197 4.532648e-05 14.75453 0.1128938 0.114197311  0.005114655   0.0083563560      0.0003742634         1  0.2207865840    0.001828386      6.785082e-03            5.618887e-05
159 2013-10-12 13:45:30    185 485.7 165.6 165.1170 4.532648e-05 14.75183 0.1128938 0.114079772  0.005114652   0.0083477552      0.0003742632         1  0.2218049371    0.001837225      6.816378e-03            5.646050e-05
160 2013-10-12 13:45:45    186 486.9 165.5 165.0143 4.532648e-05 14.64913 0.1128938 0.109606379  0.005114557   0.0080204159      0.0003742563         1  0.2230269609    0.001847856      6.853932e-03            5.678721e-05
161 2013-10-12 13:46:00    187 488.0 165.6 165.1116 4.532648e-05 14.74644 0.1128938 0.113844694  0.005114647   0.0083305534      0.0003742629         1  0.2241471493    0.001857624      6.888357e-03            5.708739e-05
162 2013-10-12 13:46:15    188 489.1 165.6 165.1089 4.532648e-05 14.74374 0.1128938 0.113727155  0.005114645   0.0083219525      0.0003742627         1  0.2252673377    0.001867413      6.922782e-03            5.738822e-05
163 2013-10-12 13:46:30    189 490.2 165.7 165.2062 4.532648e-05 14.84104 0.1128938 0.117965471  0.005114736   0.0086320901      0.0003742693         1  0.2263875261    0.001877223      6.957207e-03            5.768971e-05
164 2013-10-12 13:46:45    190 491.2 165.7 165.2035 4.532648e-05 14.83834 0.1128938 0.117847932  0.005114733   0.0086234892      0.0003742692         1  0.2274058792    0.001886160      6.988503e-03            5.796434e-05
165 2013-10-12 13:47:00    191 492.4 165.6 165.1008 4.532648e-05 14.73564 0.1128938 0.113374539  0.005114637   0.0082961499      0.0003742621         1  0.2286279029    0.001896906      7.026057e-03            5.829459e-05
166 2013-10-12 13:47:15    192 493.4 165.8 165.2981 4.532648e-05 14.93294 0.1128938 0.121968708  0.005114822   0.0089250258      0.0003742757         1  0.2296462560    0.001905880      7.057353e-03            5.857036e-05
167 2013-10-12 13:47:30    193 494.4 165.6 165.0954 4.532648e-05 14.73025 0.1128938 0.113139461  0.005114632   0.0082789481      0.0003742618         1  0.2306646091    0.001914870      7.088648e-03            5.884664e-05
168 2013-10-12 13:47:45    194 495.7 165.6 165.0927 4.532648e-05 14.72755 0.1128938 0.113021922  0.005114630   0.0082703473      0.0003742616         1  0.2319884681    0.001926581      7.129332e-03            5.920654e-05
169 2013-10-12 13:48:00    195 497.1 165.7 165.1900 4.532648e-05 14.82485 0.1128938 0.117260237  0.005114721   0.0085804848      0.0003742682         1  0.2334141625    0.001939223      7.173146e-03            5.959505e-05
170 2013-10-12 13:48:15    196 498.1 165.6 165.0873 4.532648e-05 14.72215 0.1128938 0.112786844  0.005114625   0.0082531455      0.0003742612         1  0.2344325156    0.001948272      7.204441e-03            5.987313e-05
171 2013-10-12 13:48:30    197 499.4 165.8 165.2846 4.532648e-05 14.91945 0.1128938 0.121381014  0.005114809   0.0088820215      0.0003742747         1  0.2357563746    0.001960058      7.245125e-03            6.023534e-05
172 2013-10-12 13:48:45    198 501.1 165.9 165.3819 4.532648e-05 15.01675 0.1128938 0.125619329  0.005114901   0.0091921590      0.0003742815         1  0.2374875748    0.001975509      7.298327e-03            6.071018e-05
173 2013-10-12 13:49:00    199 502.4 165.8 165.2792 4.532648e-05 14.91405 0.1128938 0.121145936  0.005114804   0.0088648197      0.0003742744         1  0.2388114339    0.001987354      7.339011e-03            6.107419e-05
174 2013-10-12 13:49:15    200 503.8 165.7 165.1765 4.532648e-05 14.81136 0.1128938 0.116672543  0.005114708   0.0085374804      0.0003742673         1  0.2402371282    0.002000137      7.382825e-03            6.146703e-05
175 2013-10-12 13:49:30    201 504.7 165.9 165.3738 4.532648e-05 15.00866 0.1128938 0.125266712  0.005114894   0.0091663564      0.0003742809         1  0.2411536460    0.002008369      7.410991e-03            6.172002e-05
176 2013-10-12 13:49:45    202 505.9 165.9 165.3711 4.532648e-05 15.00596 0.1128938 0.125149173  0.005114891   0.0091577555      0.0003742807         1  0.2423756697    0.002019364      7.448545e-03            6.205789e-05
177 2013-10-12 13:50:00    203 507.1 165.8 165.2684 4.532648e-05 14.90326 0.1128938 0.120675780  0.005114794   0.0088304162      0.0003742736         1  0.2435976934    0.002030378      7.486100e-03            6.239637e-05
178 2013-10-12 13:50:15    204 508.6 165.7 165.1657 4.532648e-05 14.80056 0.1128938 0.116202387  0.005114698   0.0085030769      0.0003742666         1  0.2451252231    0.002044173      7.533043e-03            6.282031e-05
179 2013-10-12 13:50:30    205 509.7 165.8 165.2630 4.532648e-05 14.89786 0.1128938 0.120440702  0.005114789   0.0088132144      0.0003742732         1  0.2462454115    0.002054308      7.567468e-03            6.313179e-05
180 2013-10-12 13:50:45    206 511.0 165.7 165.1603 4.532648e-05 14.79517 0.1128938 0.115967309  0.005114693   0.0084858751      0.0003742662         1  0.2475692705    0.002066307      7.608152e-03            6.350053e-05
181 2013-10-12 13:51:00    207 512.5 165.8 165.2576 4.532648e-05 14.89247 0.1128938 0.120205624  0.005114784   0.0087960127      0.0003742729         1  0.2490968002    0.002080179      7.655095e-03            6.392683e-05
182 2013-10-12 13:51:15    208 514.4 165.8 165.2549 4.532648e-05 14.88977 0.1128938 0.120088086  0.005114781   0.0087874118      0.0003742727         1  0.2510316711    0.002097791      7.714557e-03            6.446806e-05
183 2013-10-12 13:51:30    209 515.6 165.8 165.2522 4.532648e-05 14.88707 0.1128938 0.119970547  0.005114779   0.0087788109      0.0003742725         1  0.2522536948    0.002108937      7.752111e-03            6.481059e-05
184 2013-10-12 13:51:45    210 517.0 165.9 165.3495 4.532648e-05 14.98437 0.1128938 0.124208862  0.005114871   0.0090889485      0.0003742792         1  0.2536793891    0.002121963      7.795925e-03            6.521090e-05
185 2013-10-12 13:52:00    211 518.4 166.0 165.4468 4.532648e-05 15.08167 0.1128938 0.128447177  0.005114963   0.0093990860      0.0003742860         1  0.2551050834    0.002135012      7.839738e-03            6.561192e-05
186 2013-10-12 13:52:15    212 519.6 166.0 165.4441 4.532648e-05 15.07898 0.1128938 0.128329638  0.005114960   0.0093904851      0.0003742858         1  0.2563271072    0.002146215      7.877293e-03            6.595621e-05

$dryleafvolt
             timestamp record LWSmV  SEmV    CSEmV     CSEmV.sd   loadmV loadmV.sd
1  2013-10-12 13:03:00     15 265.1 162.6 162.5757 4.532648e-05 12.21056 0.1128938
2  2013-10-12 13:03:15     16 265.1 162.1 162.0730 4.532648e-05 11.70786 0.1128938
3  2013-10-12 13:03:30     17 265.1 162.3 162.2703 4.532648e-05 11.90517 0.1128938
4  2013-10-12 13:03:45     18 265.1 162.5 162.4676 4.532648e-05 12.10247 0.1128938
5  2013-10-12 13:04:00     19 265.1 162.6 162.5649 4.532648e-05 12.19977 0.1128938
6  2013-10-12 13:04:15     20 265.1 162.5 162.4622 4.532648e-05 12.09707 0.1128938
7  2013-10-12 13:04:30     21 265.1 162.6 162.5595 4.532648e-05 12.19437 0.1128938
8  2013-10-12 13:04:45     22 265.1 162.6 162.5568 4.532648e-05 12.19167 0.1128938
9  2013-10-12 13:05:00     23 265.1 162.5 162.4541 4.532648e-05 12.08898 0.1128938
10 2013-10-12 13:05:15     24 265.1 162.6 162.5514 4.532648e-05 12.18628 0.1128938
11 2013-10-12 13:05:30     25 265.1 162.6 162.5487 4.532648e-05 12.18358 0.1128938
12 2013-10-12 13:05:45     26 265.1 162.6 162.5460 4.532648e-05 12.18088 0.1128938
13 2013-10-12 13:06:00     27 265.1 162.9 162.8433 4.532648e-05 12.47818 0.1128938

$runtime
Time difference of 46.25 mins

$startcalibvolt
            timestamp record LWSmV  SEmV    CSEmV     CSEmV.sd   loadmV loadmV.sd
1 2013-10-12 13:01:15      8 265.1 272.6 272.5946 4.532648e-05 122.2295 0.1128938
2 2013-10-12 13:01:30      9 265.1 272.6 272.5919 4.532648e-05 122.2268 0.1128938
3 2013-10-12 13:01:45     10 265.1 272.8 272.7892 4.532648e-05 122.4241 0.1128938
4 2013-10-12 13:02:00     11 265.1 272.8 272.7865 4.532648e-05 122.4214 0.1128938
5 2013-10-12 13:02:15     12 265.1 272.9 272.8838 4.532648e-05 122.5187 0.1128938

$endcalibvolt
            timestamp record LWSmV  SEmV
1 2013-10-12 13:55:15    224 265.8 273.8
2 2013-10-12 13:55:30    225 265.8 273.9
3 2013-10-12 13:55:45    226 265.8 273.8
4 2013-10-12 13:56:00    227 265.8 273.8
5 2013-10-12 13:56:15    228 265.8 273.8
6 2013-10-12 13:56:30    229 265.8 273.7

$lastLWSvolt
[1] 520

$maxLWSvolt
[1] 520.7

$species
[1] "dougfir"

$trial
[1] "6"

$replicate
[1] "1"

$isvertical
[1] FALSE

$conversionfactor
         avg        stdev
1 0.04355854 1.797234e-05

$LWSwatermass
        avg       stdev
1 0.2730464 0.003757484

$dryleafmass
        avg       stdev
1 0.5284886 0.001381187

$lwsmodel

Call:
lm(formula = LWSsurfacedensity ~ record, data = rd[rd$runfilter == 
    1, ])

Coefficients:
(Intercept)       record  
  -0.001878     0.000047  


$leafmodel

Call:
lm(formula = surfacedensity ~ record, data = rd[rd$runfilter == 
    1, ])

Coefficients:
(Intercept)       record  
  6.891e-04    4.433e-05  


