$name
[1] "dougfir2"

$leafarea
[1] 39.99054

$startbasevolt
            timestamp record LWSmV  SEmV CSEmV CSEmV.sd        loadmV  loadmV.sd
1 2013-08-03 10:33:45      2 263.1 152.4 152.4        0 -0.0993303571 0.07434238
2 2013-08-03 10:34:00      3 263.1 152.5 152.5        0  0.0006696429 0.07434238
3 2013-08-03 10:34:15      4 263.1 152.6 152.6        0  0.1006696429 0.07434238
4 2013-08-03 10:34:30      5 263.1 152.5 152.5        0  0.0006696429 0.07434238
5 2013-08-03 10:34:45      6 263.1 152.4 152.4        0 -0.0993303571 0.07434238
6 2013-08-03 10:35:00      7 263.1 152.6 152.6        0  0.1006696429 0.07434238

$endbasevolt
            timestamp record LWSmV  SEmV    CSEmV     CSEmV.sd      loadmV  loadmV.sd
1 2013-08-03 11:30:00    227 264.4 152.4 152.5473 3.168397e-05  0.04799107 0.07434239
2 2013-08-03 11:30:15    228 264.4 152.4 152.5480 3.168397e-05  0.04866071 0.07434239
3 2013-08-03 11:30:30    229 264.4 152.3 152.4487 3.168397e-05 -0.05066964 0.07434239
4 2013-08-03 11:30:45    230 264.4 152.3 152.4493 3.168397e-05 -0.05000000 0.07434239

$dryragvolt
            timestamp record LWSmV  SEmV    CSEmV     CSEmV.sd   loadmV  loadmV.sd
1 2013-08-03 11:26:30    213 315.4 258.5 258.6379 3.168397e-05 106.1386 0.07434239
2 2013-08-03 11:26:45    214 314.8 258.3 258.4386 3.168397e-05 105.9393 0.07434239
3 2013-08-03 11:27:00    215 314.6 258.4 258.5393 3.168397e-05 106.0400 0.07434239

$wetragvolt
            timestamp record LWSmV  SEmV    CSEmV     CSEmV.sd   loadmV  loadmV.sd
1 2013-08-03 11:27:45    218 265.8 259.5 259.6413 3.168397e-05 107.1420 0.07434239
2 2013-08-03 11:28:00    219 265.2 259.6 259.7420 3.168397e-05 107.2426 0.07434239
3 2013-08-03 11:28:15    220 265.1 259.4 259.5426 3.168397e-05 107.0433 0.07434239

$rundata
              timestamp record LWSmV  SEmV    CSEmV     CSEmV.sd   loadmV  loadmV.sd     watermass watermass.sd surfacedensity surfacedensity.sd runfilter      LWSwater LWSwater.stdev LWSsurfacedensity LWSsurfacedensity.stdev
1   2013-08-03 10:38:15     20 263.1 217.5 217.5087 3.168397e-05 65.00937 0.07434239 -0.0008123071  0.003707883  -2.031248e-05      9.271900e-05         0 -2.001481e-02    0.003304233     -6.150831e-04            1.015437e-04
2   2013-08-03 10:38:30     21 263.1 217.7 217.7094 3.168397e-05 65.21004 0.07434239  0.0079229097  0.003708375   1.981196e-04      9.273131e-05         0 -2.001481e-02    0.003304233     -6.150831e-04            1.015437e-04
3   2013-08-03 10:38:45     22 263.1 217.7 217.7100 3.168397e-05 65.21071 0.07434239  0.0079520595  0.003708377   1.988485e-04      9.273135e-05         0 -2.001481e-02    0.003304233     -6.150831e-04            1.015437e-04
4   2013-08-03 10:39:00     23 263.1 217.7 217.7107 3.168397e-05 65.21138 0.07434239  0.0079812092  0.003708378   1.995775e-04      9.273140e-05         0 -2.001481e-02    0.003304233     -6.150831e-04            1.015437e-04
5   2013-08-03 10:39:15     24 263.1 217.8 217.8114 3.168397e-05 65.31205 0.07434239  0.0123633925  0.003708626   3.091580e-04      9.273758e-05         0 -2.001481e-02    0.003304233     -6.150831e-04            1.015437e-04
6   2013-08-03 10:39:30     25 263.1 217.7 217.7121 3.168397e-05 65.21272 0.07434239  0.0080395088  0.003708381   2.010353e-04      9.273148e-05         0 -2.001481e-02    0.003304233     -6.150831e-04            1.015437e-04
7   2013-08-03 10:39:45     26 263.1 217.9 217.9127 3.168397e-05 65.41339 0.07434239  0.0167747256  0.003708875   4.194674e-04      9.274382e-05         0 -2.001481e-02    0.003304233     -6.150831e-04            1.015437e-04
8   2013-08-03 10:40:00     27 263.5 218.1 218.1134 3.168397e-05 65.61406 0.07434239  0.0255099425  0.003709370   6.378995e-04      9.275621e-05         0 -1.957576e-02    0.003297218     -6.015906e-04            1.013281e-04
9   2013-08-03 10:40:15     28 263.8 218.0 218.0141 3.168397e-05 65.51473 0.07434239  0.0211860587  0.003709125   5.297768e-04      9.275007e-05         0 -1.924647e-02    0.003291960     -5.914712e-04            1.011666e-04
10  2013-08-03 10:40:30     29 263.8 218.2 218.2147 3.168397e-05 65.71540 0.07434239  0.0299212755  0.003709621   7.482089e-04      9.276247e-05         0 -1.924647e-02    0.003291960     -5.914712e-04            1.011666e-04
11  2013-08-03 10:40:45     30 263.8 218.2 218.2154 3.168397e-05 65.71607 0.07434239  0.0299504253  0.003709623   7.489378e-04      9.276251e-05         0 -1.924647e-02    0.003291960     -5.914712e-04            1.011666e-04
12  2013-08-03 10:41:00     31 263.8 218.1 218.1161 3.168397e-05 65.61674 0.07434239  0.0256265416  0.003709377   6.408152e-04      9.275637e-05         0 -1.924647e-02    0.003291960     -5.914712e-04            1.011666e-04
13  2013-08-03 10:41:15     32 264.0 218.3 218.3167 3.168397e-05 65.81741 0.07434239  0.0343617584  0.003709874   8.592473e-04      9.276879e-05         0 -1.902695e-02    0.003288456     -5.847249e-04            1.010589e-04
14  2013-08-03 10:41:30     33 264.4 218.3 218.3174 3.168397e-05 65.81808 0.07434239  0.0343909082  0.003709875   8.599762e-04      9.276883e-05         0 -1.858790e-02    0.003281452     -5.712324e-04            1.008436e-04
15  2013-08-03 10:41:45     34 264.4 218.3 218.3181 3.168397e-05 65.81875 0.07434239  0.0344200580  0.003709877   8.607051e-04      9.276887e-05         0 -1.858790e-02    0.003281452     -5.712324e-04            1.008436e-04
16  2013-08-03 10:42:00     35 264.6 218.4 218.4187 3.168397e-05 65.91942 0.07434239  0.0388022413  0.003710127   9.702856e-04      9.277512e-05         0 -1.836838e-02    0.003277952     -5.644861e-04            1.007361e-04
17  2013-08-03 10:42:15     36 265.1 218.4 218.4194 3.168397e-05 65.92009 0.07434239  0.0388313910  0.003710128   9.710145e-04      9.277516e-05         0 -1.781957e-02    0.003269208     -5.476204e-04            1.004674e-04
18  2013-08-03 10:42:30     37 265.1 218.5 218.5201 3.168397e-05 66.02076 0.07434239  0.0432135744  0.003710378   1.080595e-03      9.278141e-05         0 -1.781957e-02    0.003269208     -5.476204e-04            1.004674e-04
19  2013-08-03 10:42:45     38 265.1 218.6 218.6208 3.168397e-05 66.12143 0.07434239  0.0475957577  0.003710629   1.190176e-03      9.278767e-05         0 -1.781957e-02    0.003269208     -5.476204e-04            1.004674e-04
20  2013-08-03 10:43:00     39 265.1 218.4 218.4214 3.168397e-05 65.92210 0.07434239  0.0389188404  0.003710133   9.732013e-04      9.277528e-05         0 -1.781957e-02    0.003269208     -5.476204e-04            1.004674e-04
21  2013-08-03 10:43:15     40 265.6 218.6 218.6221 3.168397e-05 66.12277 0.07434239  0.0476540572  0.003710632   1.191633e-03      9.278776e-05         0 -1.727076e-02    0.003260472     -5.307547e-04            1.001989e-04
22  2013-08-03 10:43:30     41 265.8 218.6 218.6228 3.168397e-05 66.12344 0.07434239  0.0476832070  0.003710634   1.192362e-03      9.278780e-05         0 -1.705123e-02    0.003256979     -5.240084e-04            1.000916e-04
23  2013-08-03 10:43:45     42 265.8 218.5 218.5234 3.168397e-05 66.02411 0.07434239  0.0433593232  0.003710387   1.084240e-03      9.278162e-05         0 -1.705123e-02    0.003256979     -5.240084e-04            1.000916e-04
24  2013-08-03 10:44:00     43 266.2 218.4 218.4241 3.168397e-05 65.92478 0.07434239  0.0390354395  0.003710140   9.761169e-04      9.277545e-05         0 -1.661219e-02    0.003249999     -5.105159e-04            9.987704e-05
25  2013-08-03 10:44:15     44 266.5 218.6 218.6248 3.168397e-05 66.12545 0.07434239  0.0477706563  0.003710639   1.194549e-03      9.278792e-05         0 -1.628290e-02    0.003244767     -5.003965e-04            9.971625e-05
26  2013-08-03 10:44:30     45 266.5 218.6 218.6254 3.168397e-05 66.12612 0.07434239  0.0477998061  0.003710641   1.195278e-03      9.278797e-05         0 -1.628290e-02    0.003244767     -5.003965e-04            9.971625e-05
27  2013-08-03 10:44:45     46 266.9 218.6 218.6261 3.168397e-05 66.12679 0.07434239  0.0478289559  0.003710642   1.196007e-03      9.278801e-05         0 -1.584385e-02    0.003237796     -4.869039e-04            9.950202e-05
28  2013-08-03 10:45:00     47 267.2 218.5 218.5268 3.168397e-05 66.02746 0.07434239  0.0435050721  0.003710395   1.087884e-03      9.278183e-05         0 -1.551457e-02    0.003232571     -4.767845e-04            9.934145e-05
29  2013-08-03 10:45:15     48 267.2 218.5 218.5275 3.168397e-05 66.02812 0.07434239  0.0435342219  0.003710397   1.088613e-03      9.278187e-05         0 -1.551457e-02    0.003232571     -4.767845e-04            9.934145e-05
30  2013-08-03 10:45:30     49 267.7 218.6 218.6281 3.168397e-05 66.12879 0.07434239  0.0479164052  0.003710647   1.198194e-03      9.278813e-05         0 -1.496576e-02    0.003223869     -4.599188e-04            9.907404e-05
31  2013-08-03 10:45:45     50 267.8 218.6 218.6288 3.168397e-05 66.12946 0.07434239  0.0479455550  0.003710649   1.198923e-03      9.278818e-05         0 -1.485600e-02    0.003222130     -4.565457e-04            9.902059e-05
32  2013-08-03 10:46:00     51 267.9 218.7 218.7295 3.168397e-05 66.23013 0.07434239  0.0523277383  0.003710900   1.308503e-03      9.279445e-05         0 -1.474624e-02    0.003220391     -4.531726e-04            9.896715e-05
33  2013-08-03 10:46:15     52 268.5 218.5 218.5301 3.168397e-05 66.03080 0.07434239  0.0436508210  0.003710403   1.091529e-03      9.278204e-05         0 -1.408766e-02    0.003209964     -4.329338e-04            9.864672e-05
34  2013-08-03 10:46:30     53 268.5 218.8 218.8308 3.168397e-05 66.33147 0.07434239  0.0567390714  0.003711153   1.418812e-03      9.280077e-05         0 -1.408766e-02    0.003209964     -4.329338e-04            9.864672e-05
35  2013-08-03 10:46:45     54 269.0 218.7 218.7315 3.168397e-05 66.23214 0.07434239  0.0524151876  0.003710905   1.310690e-03      9.279457e-05         0 -1.353886e-02    0.003201285     -4.160681e-04            9.837999e-05
36  2013-08-03 10:47:00     55 269.2 218.8 218.8321 3.168397e-05 66.33281 0.07434239  0.0567973709  0.003711156   1.420270e-03      9.280085e-05         0 -1.331933e-02    0.003197816     -4.093218e-04            9.827338e-05
37  2013-08-03 10:47:15     56 269.3 218.8 218.8328 3.168397e-05 66.33348 0.07434239  0.0568265207  0.003711158   1.420999e-03      9.280090e-05         0 -1.320957e-02    0.003196081     -4.059487e-04            9.822008e-05
38  2013-08-03 10:47:30     57 269.9 218.9 218.9335 3.168397e-05 66.43415 0.07434239  0.0612087040  0.003711409   1.530580e-03      9.280719e-05         0 -1.255100e-02    0.003185684     -3.857098e-04            9.790055e-05
39  2013-08-03 10:47:45     58 269.9 218.9 218.9342 3.168397e-05 66.43482 0.07434239  0.0612378538  0.003711411   1.531309e-03      9.280723e-05         0 -1.255100e-02    0.003185684     -3.857098e-04            9.790055e-05
40  2013-08-03 10:48:00     59 270.3 218.9 218.9348 3.168397e-05 66.43549 0.07434239  0.0612670036  0.003711412   1.532038e-03      9.280727e-05         0 -1.211195e-02    0.003178759     -3.722173e-04            9.768774e-05
41  2013-08-03 10:48:15     60 270.6 218.8 218.8355 3.168397e-05 66.33616 0.07434239  0.0569431198  0.003711164   1.423915e-03      9.280106e-05         0 -1.178267e-02    0.003173569     -3.620979e-04            9.752825e-05
42  2013-08-03 10:48:30     61 270.7 218.9 218.9362 3.168397e-05 66.43683 0.07434239  0.0613253031  0.003711416   1.533495e-03      9.280735e-05         0 -1.167290e-02    0.003171840     -3.587248e-04            9.747510e-05
43  2013-08-03 10:48:45     62 271.2 219.1 219.1368 3.168397e-05 66.63750 0.07434239  0.0700605200  0.003711918   1.751928e-03      9.281992e-05         0 -1.112409e-02    0.003163199     -3.418591e-04            9.720955e-05
44  2013-08-03 10:49:00     63 271.3 219.1 219.1375 3.168397e-05 66.63817 0.07434239  0.0700896697  0.003711920   1.752656e-03      9.281996e-05         0 -1.101433e-02    0.003161472     -3.384859e-04            9.715648e-05
45  2013-08-03 10:49:15     64 271.9 219.0 219.0382 3.168397e-05 66.53884 0.07434239  0.0657657860  0.003711671   1.644534e-03      9.281374e-05         0 -1.035576e-02    0.003151117     -3.182471e-04            9.683825e-05
46  2013-08-03 10:49:30     65 271.9 219.1 219.1388 3.168397e-05 66.63951 0.07434239  0.0701479693  0.003711923   1.754114e-03      9.282005e-05         0 -1.035576e-02    0.003151117     -3.182471e-04            9.683825e-05
47  2013-08-03 10:49:45     66 272.3 219.1 219.1395 3.168397e-05 66.64018 0.07434239  0.0701771191  0.003711925   1.754843e-03      9.282009e-05         0 -9.916714e-03    0.003144220     -3.047546e-04            9.662631e-05
48  2013-08-03 10:50:00     67 272.6 219.2 219.2402 3.168397e-05 66.74085 0.07434239  0.0745593024  0.003712178   1.864424e-03      9.282641e-05         0 -9.587428e-03    0.003139052     -2.946352e-04            9.646748e-05
49  2013-08-03 10:50:15     68 272.7 219.1 219.1408 3.168397e-05 66.64152 0.07434239  0.0702354186  0.003711928   1.756301e-03      9.282017e-05         0 -9.477666e-03    0.003137330     -2.912620e-04            9.641456e-05
50  2013-08-03 10:50:30     69 273.3 219.1 219.1415 3.168397e-05 66.64219 0.07434239  0.0702645684  0.003711930   1.757030e-03      9.282022e-05         0 -8.819095e-03    0.003127005     -2.710232e-04            9.609727e-05
51  2013-08-03 10:50:45     70 273.3 219.1 219.1422 3.168397e-05 66.64286 0.07434239  0.0702937182  0.003711932   1.757759e-03      9.282026e-05         0 -8.819095e-03    0.003127005     -2.710232e-04            9.609727e-05
52  2013-08-03 10:51:00     71 273.8 219.2 219.2429 3.168397e-05 66.74353 0.07434239  0.0746759015  0.003712185   1.867339e-03      9.282658e-05         0 -8.270286e-03    0.003118411     -2.541575e-04            9.583317e-05
53  2013-08-03 10:51:15     72 274.0 219.2 219.2435 3.168397e-05 66.74420 0.07434239  0.0747050513  0.003712186   1.868068e-03      9.282662e-05         1 -8.050762e-03    0.003114977     -2.474112e-04            9.572762e-05
54  2013-08-03 10:51:30     73 274.3 219.3 219.3442 3.168397e-05 66.84487 0.07434239  0.0790872346  0.003712439   1.977649e-03      9.283295e-05         1 -7.721476e-03    0.003109827     -2.372918e-04            9.556936e-05
55  2013-08-03 10:51:45     74 274.6 219.3 219.3449 3.168397e-05 66.84554 0.07434239  0.0791163844  0.003712441   1.978378e-03      9.283299e-05         1 -7.392191e-03    0.003104681     -2.271724e-04            9.541122e-05
56  2013-08-03 10:52:00     75 274.7 219.3 219.3455 3.168397e-05 66.84621 0.07434239  0.0791455341  0.003712443   1.979107e-03      9.283303e-05         1 -7.282429e-03    0.003102966     -2.237993e-04            9.535852e-05
57  2013-08-03 10:52:15     76 275.3 219.4 219.4462 3.168397e-05 66.94687 0.07434239  0.0835277174  0.003712696   2.088687e-03      9.283937e-05         1 -6.623858e-03    0.003092687     -2.035605e-04            9.504261e-05
58  2013-08-03 10:52:30     77 275.3 219.3 219.3469 3.168397e-05 66.84754 0.07434239  0.0792038337  0.003712446   1.980564e-03      9.283311e-05         1 -6.623858e-03    0.003092687     -2.035605e-04            9.504261e-05
59  2013-08-03 10:52:45     78 275.8 219.2 219.2475 3.168397e-05 66.74821 0.07434239  0.0748799499  0.003712196   1.872442e-03      9.282687e-05         1 -6.075049e-03    0.003084131     -1.866948e-04            9.477968e-05
60  2013-08-03 10:53:00     79 276.0 219.4 219.4482 3.168397e-05 66.94888 0.07434239  0.0836151668  0.003712701   2.090874e-03      9.283949e-05         1 -5.855525e-03    0.003080711     -1.799485e-04            9.467458e-05
61  2013-08-03 10:53:15     80 276.3 219.5 219.5489 3.168397e-05 67.04955 0.07434239  0.0879973501  0.003712955   2.200454e-03      9.284584e-05         1 -5.526239e-03    0.003075584     -1.698291e-04            9.451704e-05
62  2013-08-03 10:53:30     81 276.7 219.5 219.5496 3.168397e-05 67.05022 0.07434239  0.0880264999  0.003712957   2.201183e-03      9.284588e-05         1 -5.087192e-03    0.003068754     -1.563366e-04            9.430714e-05
63  2013-08-03 10:53:45     82 276.8 219.5 219.5502 3.168397e-05 67.05089 0.07434239  0.0880556496  0.003712958   2.201912e-03      9.284592e-05         1 -4.977430e-03    0.003067048     -1.529634e-04            9.425469e-05
64  2013-08-03 10:54:00     83 277.4 219.4 219.4509 3.168397e-05 66.95156 0.07434239  0.0837317659  0.003712708   2.093790e-03      9.283966e-05         1 -4.318859e-03    0.003056817     -1.327246e-04            9.394028e-05
65  2013-08-03 10:54:15     84 277.4 219.6 219.6516 3.168397e-05 67.15223 0.07434239  0.0924669827  0.003713214   2.312222e-03      9.285232e-05         1 -4.318859e-03    0.003056817     -1.327246e-04            9.394028e-05
66  2013-08-03 10:54:30     85 277.9 219.5 219.5522 3.168397e-05 67.05290 0.07434239  0.0881430990  0.003712963   2.204099e-03      9.284605e-05         1 -3.770049e-03    0.003048302     -1.158589e-04            9.367861e-05
67  2013-08-03 10:54:45     86 278.0 219.4 219.4529 3.168397e-05 66.95357 0.07434239  0.0838192152  0.003712713   2.095976e-03      9.283979e-05         1 -3.660288e-03    0.003046600     -1.124858e-04            9.362631e-05
68  2013-08-03 10:55:00     87 278.5 219.6 219.6536 3.168397e-05 67.15424 0.07434239  0.0925544321  0.003713219   2.314408e-03      9.285245e-05         1 -3.111478e-03    0.003038097     -9.562011e-05            9.336500e-05
69  2013-08-03 10:55:15     88 278.7 219.7 219.7542 3.168397e-05 67.25491 0.07434239  0.0969366154  0.003713474   2.423989e-03      9.285881e-05         1 -2.891955e-03    0.003034699     -8.887383e-05            9.326057e-05
70  2013-08-03 10:55:30     89 279.0 219.7 219.7549 3.168397e-05 67.25558 0.07434239  0.0969657651  0.003713475   2.424718e-03      9.285886e-05         1 -2.562669e-03    0.003029604     -7.875442e-05            9.310401e-05
71  2013-08-03 10:55:45     90 279.4 219.7 219.7556 3.168397e-05 67.25625 0.07434239  0.0969949149  0.003713477   2.425447e-03      9.285890e-05         1 -2.123621e-03    0.003022817     -6.526188e-05            9.289543e-05
72  2013-08-03 10:56:00     91 279.6 219.7 219.7562 3.168397e-05 67.25692 0.07434239  0.0970240647  0.003713479   2.426176e-03      9.285894e-05         1 -1.904098e-03    0.003019426     -5.851560e-05            9.279122e-05
73  2013-08-03 10:56:15     92 280.1 219.8 219.8569 3.168397e-05 67.35759 0.07434239  0.1014062480  0.003713734   2.535756e-03      9.286532e-05         1 -1.355288e-03    0.003010956     -4.164992e-05            9.253091e-05
74  2013-08-03 10:56:30     93 280.1 219.8 219.8576 3.168397e-05 67.35826 0.07434239  0.1014353978  0.003713735   2.536485e-03      9.286536e-05         1 -1.355288e-03    0.003010956     -4.164992e-05            9.253091e-05
75  2013-08-03 10:56:45     94 280.7 219.8 219.8583 3.168397e-05 67.35893 0.07434239  0.1014645476  0.003713737   2.537214e-03      9.286540e-05         1 -6.967173e-04    0.003000805     -2.141110e-05            9.221897e-05
76  2013-08-03 10:57:00     95 280.8 219.9 219.9589 3.168397e-05 67.45960 0.07434239  0.1058467309  0.003713992   2.646795e-03      9.287178e-05         1 -5.869554e-04    0.002999115     -1.803797e-05            9.216702e-05
77  2013-08-03 10:57:15     96 281.3 219.9 219.9596 3.168397e-05 67.46027 0.07434239  0.1058758806  0.003713994   2.647523e-03      9.287183e-05         1 -3.814611e-05    0.002990670     -1.172284e-06            9.190748e-05
78  2013-08-03 10:57:30     97 281.4 219.9 219.9603 3.168397e-05 67.46094 0.07434239  0.1059050304  0.003713996   2.648252e-03      9.287187e-05         1  7.161575e-05    0.002988982      2.200853e-06            9.185562e-05
79  2013-08-03 10:57:45     98 281.8 220.0 220.0609 3.168397e-05 67.56161 0.07434239  0.1102872137  0.003714251   2.757833e-03      9.287826e-05         1  5.106632e-04    0.002982235      1.569340e-05            9.164827e-05
80  2013-08-03 10:58:00     99 282.1 220.0 220.0616 3.168397e-05 67.56228 0.07434239  0.1103163635  0.003714253   2.758562e-03      9.287830e-05         1  8.399488e-04    0.002977179      2.581281e-05            9.149290e-05
81  2013-08-03 10:58:15    100 282.4 219.8 219.8623 3.168397e-05 67.36295 0.07434239  0.1016394462  0.003713747   2.541587e-03      9.286565e-05         1  1.169234e-03    0.002972127      3.593222e-05            9.133765e-05
82  2013-08-03 10:58:30    101 282.8 219.8 219.8629 3.168397e-05 67.36362 0.07434239  0.1016685960  0.003713749   2.542316e-03      9.286570e-05         1  1.608282e-03    0.002965397      4.942476e-05            9.113083e-05
83  2013-08-03 10:58:45    102 282.9 219.8 219.8636 3.168397e-05 67.36429 0.07434239  0.1016977458  0.003713751   2.543045e-03      9.286574e-05         1  1.718044e-03    0.002963716      5.279790e-05            9.107916e-05
84  2013-08-03 10:59:00    103 283.5 219.7 219.7643 3.168397e-05 67.26496 0.07434239  0.0973738620  0.003713499   2.434923e-03      9.285945e-05         1  2.376615e-03    0.002953637      7.303672e-05            9.076941e-05
85  2013-08-03 10:59:15    104 283.5 219.8 219.8650 3.168397e-05 67.36562 0.07434239  0.1017560453  0.003713754   2.544503e-03      9.286582e-05         1  2.376615e-03    0.002953637      7.303672e-05            9.076941e-05
86  2013-08-03 10:59:30    105 284.1 219.9 219.9656 3.168397e-05 67.46629 0.07434239  0.1061382286  0.003714009   2.654084e-03      9.287221e-05         1  3.035186e-03    0.002943573      9.327554e-05            9.046015e-05
87  2013-08-03 10:59:45    106 284.2 220.0 220.0663 3.168397e-05 67.56696 0.07434239  0.1105204120  0.003714265   2.763664e-03      9.287860e-05         1  3.144948e-03    0.002941898      9.664868e-05            9.040866e-05
88  2013-08-03 11:00:00    107 284.7 219.9 219.9670 3.168397e-05 67.46763 0.07434239  0.1061965282  0.003714013   2.655542e-03      9.287229e-05         1  3.693757e-03    0.002933526      1.135144e-04            9.015139e-05
89  2013-08-03 11:00:15    108 284.8 220.0 220.0676 3.168397e-05 67.56830 0.07434239  0.1105787115  0.003714268   2.765122e-03      9.287869e-05         1  3.803519e-03    0.002931853      1.168875e-04            9.009997e-05
90  2013-08-03 11:00:30    109 285.3 220.1 220.1683 3.168397e-05 67.66897 0.07434239  0.1149608948  0.003714524   2.874703e-03      9.288509e-05         1  4.352328e-03    0.002923495      1.337532e-04            8.984311e-05
91  2013-08-03 11:00:45    110 285.5 220.0 220.0690 3.168397e-05 67.56964 0.07434239  0.1106370111  0.003714272   2.766580e-03      9.287877e-05         1  4.571852e-03    0.002920155      1.404995e-04            8.974047e-05
92  2013-08-03 11:01:00    111 285.8 220.0 220.0696 3.168397e-05 67.57031 0.07434239  0.1106661608  0.003714274   2.767309e-03      9.287881e-05         1  4.901138e-03    0.002915148      1.506189e-04            8.958660e-05
93  2013-08-03 11:01:15    112 286.2 219.8 219.8703 3.168397e-05 67.37098 0.07434239  0.1019892436  0.003713768   2.550334e-03      9.286616e-05         1  5.340185e-03    0.002908479      1.641114e-04            8.938164e-05
94  2013-08-03 11:01:30    113 286.5 219.7 219.7710 3.168397e-05 67.27165 0.07434239  0.0976653598  0.003713516   2.442212e-03      9.285987e-05         1  5.669471e-03    0.002903481      1.742308e-04            8.922807e-05
95  2013-08-03 11:01:45    114 286.9 219.9 219.9717 3.168397e-05 67.47232 0.07434239  0.1064005767  0.003714025   2.660644e-03      9.287259e-05         1  6.108518e-03    0.002896825      1.877234e-04            8.902351e-05
96  2013-08-03 11:02:00    115 286.9 219.8 219.8723 3.168397e-05 67.37299 0.07434239  0.1020766929  0.003713773   2.552521e-03      9.286629e-05         1  6.108518e-03    0.002896825      1.877234e-04            8.902351e-05
97  2013-08-03 11:02:15    116 287.5 219.9 219.9730 3.168397e-05 67.47366 0.07434239  0.1064588762  0.003714028   2.662102e-03      9.287268e-05         1  6.767089e-03    0.002886854      2.079622e-04            8.871710e-05
98  2013-08-03 11:02:30    117 287.6 220.0 220.0737 3.168397e-05 67.57433 0.07434239  0.1108410595  0.003714284   2.771682e-03      9.287907e-05         1  6.876851e-03    0.002885194      2.113353e-04            8.866608e-05
99  2013-08-03 11:02:45    118 288.2 220.1 220.1743 3.168397e-05 67.67500 0.07434239  0.1152232428  0.003714540   2.881263e-03      9.288547e-05         1  7.535422e-03    0.002875243      2.315741e-04            8.836028e-05
100 2013-08-03 11:03:00    119 288.2 220.2 220.2750 3.168397e-05 67.77567 0.07434239  0.1196054261  0.003714796   2.990843e-03      9.289188e-05         1  7.535422e-03    0.002875243      2.315741e-04            8.836028e-05
101 2013-08-03 11:03:15    120 288.7 220.2 220.2757 3.168397e-05 67.77634 0.07434239  0.1196345759  0.003714798   2.991572e-03      9.289193e-05         1  8.084232e-03    0.002866964      2.484398e-04            8.810584e-05
102 2013-08-03 11:03:30    121 288.9 220.1 220.1763 3.168397e-05 67.67701 0.07434239  0.1153106922  0.003714545   2.883450e-03      9.288560e-05         1  8.303755e-03    0.002863656      2.551861e-04            8.800417e-05
103 2013-08-03 11:03:45    122 289.4 220.3 220.3770 3.168397e-05 67.87768 0.07434239  0.1240459090  0.003715056   3.101882e-03      9.289839e-05         1  8.852565e-03    0.002855393      2.720518e-04            8.775025e-05
104 2013-08-03 11:04:00    123 289.6 220.3 220.3777 3.168397e-05 67.87835 0.07434239  0.1240750588  0.003715058   3.102611e-03      9.289843e-05         1  9.072088e-03    0.002852092      2.787980e-04            8.764879e-05
105 2013-08-03 11:04:15    124 289.9 220.3 220.3783 3.168397e-05 67.87902 0.07434239  0.1241042085  0.003715060   3.103339e-03      9.289848e-05         1  9.401374e-03    0.002847143      2.889175e-04            8.749671e-05
106 2013-08-03 11:04:30    125 290.3 220.3 220.3790 3.168397e-05 67.87969 0.07434239  0.1241333583  0.003715062   3.104068e-03      9.289852e-05         1  9.840421e-03    0.002840551      3.024100e-04            8.729414e-05
107 2013-08-03 11:04:45    126 290.5 220.3 220.3797 3.168397e-05 67.88036 0.07434239  0.1241625081  0.003715063   3.104797e-03      9.289856e-05         1  1.005995e-02    0.002837259      3.091563e-04            8.719295e-05
108 2013-08-03 11:05:00    127 291.0 220.4 220.4804 3.168397e-05 67.98103 0.07434239  0.1285446914  0.003715320   3.214378e-03      9.290499e-05         1  1.060875e-02    0.002829035      3.260220e-04            8.694024e-05
109 2013-08-03 11:05:15    128 291.1 220.3 220.3810 3.168397e-05 67.88170 0.07434239  0.1242208077  0.003715067   3.106255e-03      9.289865e-05         1  1.071852e-02    0.002827392      3.293951e-04            8.688974e-05
110 2013-08-03 11:05:30    129 291.6 220.3 220.3817 3.168397e-05 67.88237 0.07434239  0.1242499574  0.003715068   3.106984e-03      9.289869e-05         1  1.126733e-02    0.002819184      3.462608e-04            8.663749e-05
111 2013-08-03 11:05:45    130 291.7 220.3 220.3824 3.168397e-05 67.88304 0.07434239  0.1242791072  0.003715070   3.107713e-03      9.289873e-05         1  1.137709e-02    0.002817544      3.496339e-04            8.658709e-05
112 2013-08-03 11:06:00    131 292.3 220.4 220.4830 3.168397e-05 67.98371 0.07434239  0.1286612905  0.003715327   3.217293e-03      9.290516e-05         1  1.203566e-02    0.002807714      3.698727e-04            8.628499e-05
113 2013-08-03 11:06:15    132 292.3 220.4 220.4837 3.168397e-05 67.98437 0.07434239  0.1286904403  0.003715329   3.218022e-03      9.290521e-05         1  1.203566e-02    0.002807714      3.698727e-04            8.628499e-05
114 2013-08-03 11:06:30    133 292.9 220.4 220.4844 3.168397e-05 67.98504 0.07434239  0.1287195901  0.003715331   3.218751e-03      9.290525e-05         1  1.269423e-02    0.002797902      3.901116e-04            8.598346e-05
115 2013-08-03 11:06:45    134 293.0 220.4 220.4850 3.168397e-05 67.98571 0.07434239  0.1287487399  0.003715332   3.219480e-03      9.290529e-05         1  1.280399e-02    0.002796268      3.934847e-04            8.593326e-05
116 2013-08-03 11:07:00    135 293.5 220.5 220.5857 3.168397e-05 68.08638 0.07434239  0.1331309232  0.003715590   3.329061e-03      9.291173e-05         1  1.335280e-02    0.002788109      4.103504e-04            8.568250e-05
117 2013-08-03 11:07:15    136 293.7 220.5 220.5864 3.168397e-05 68.08705 0.07434239  0.1331600729  0.003715592   3.329790e-03      9.291177e-05         1  1.357232e-02    0.002784848      4.170966e-04            8.558231e-05
118 2013-08-03 11:07:30    137 294.0 220.4 220.4871 3.168397e-05 67.98772 0.07434239  0.1288361892  0.003715338   3.221667e-03      9.290542e-05         1  1.390161e-02    0.002779962      4.272161e-04            8.543214e-05
119 2013-08-03 11:07:45    138 294.4 220.2 220.2877 3.168397e-05 67.78839 0.07434239  0.1201592719  0.003714829   3.004693e-03      9.289270e-05         1  1.434066e-02    0.002773454      4.407086e-04            8.523215e-05
120 2013-08-03 11:08:00    139 294.6 220.4 220.4884 3.168397e-05 67.98906 0.07434239  0.1288944887  0.003715341   3.223125e-03      9.290551e-05         1  1.456018e-02    0.002770203      4.474549e-04            8.513225e-05
121 2013-08-03 11:08:15    140 295.0 220.4 220.4891 3.168397e-05 67.98973 0.07434239  0.1289236385  0.003715343   3.223854e-03      9.290555e-05         1  1.499923e-02    0.002763708      4.609474e-04            8.493264e-05
122 2013-08-03 11:08:30    141 295.1 220.4 220.4897 3.168397e-05 67.99040 0.07434239  0.1289527883  0.003715344   3.224583e-03      9.290559e-05         1  1.510899e-02    0.002762086      4.643206e-04            8.488278e-05
123 2013-08-03 11:08:45    142 295.7 220.5 220.5904 3.168397e-05 68.09107 0.07434239  0.1333349716  0.003715602   3.334163e-03      9.291203e-05         1  1.576756e-02    0.002752362      4.845594e-04            8.458397e-05
124 2013-08-03 11:09:00    143 295.7 220.3 220.3911 3.168397e-05 67.89174 0.07434239  0.1246580543  0.003715092   3.117189e-03      9.289929e-05         1  1.576756e-02    0.002752362      4.845594e-04            8.458397e-05
125 2013-08-03 11:09:15    144 296.3 220.5 220.5917 3.168397e-05 68.09241 0.07434239  0.1333932712  0.003715605   3.335621e-03      9.291212e-05         1  1.642613e-02    0.002742659      5.047982e-04            8.428576e-05
126 2013-08-03 11:09:30    145 296.4 220.5 220.5924 3.168397e-05 68.09308 0.07434239  0.1334224209  0.003715607   3.336350e-03      9.291216e-05         1  1.653590e-02    0.002741043      5.081713e-04            8.423611e-05
127 2013-08-03 11:09:45    146 296.8 220.6 220.6931 3.168397e-05 68.19375 0.07434239  0.1378046042  0.003715865   3.445930e-03      9.291861e-05         1  1.697494e-02    0.002734587      5.216639e-04            8.403771e-05
128 2013-08-03 11:10:00    147 297.1 220.5 220.5938 3.168397e-05 68.09442 0.07434239  0.1334807205  0.003715611   3.337808e-03      9.291225e-05         1  1.730423e-02    0.002729751      5.317833e-04            8.388909e-05
129 2013-08-03 11:10:15    148 297.5 220.5 220.5944 3.168397e-05 68.09509 0.07434239  0.1335098703  0.003715612   3.338537e-03      9.291229e-05         1  1.774328e-02    0.002723310      5.452758e-04            8.369116e-05
130 2013-08-03 11:10:30    149 297.8 220.5 220.5951 3.168397e-05 68.09576 0.07434239  0.1335390200  0.003715614   3.339266e-03      9.291233e-05         1  1.807256e-02    0.002718486      5.553952e-04            8.354289e-05
131 2013-08-03 11:10:45    150 297.9 220.6 220.6958 3.168397e-05 68.19643 0.07434239  0.1379212034  0.003715872   3.448846e-03      9.291878e-05         1  1.818232e-02    0.002716879      5.587684e-04            8.349351e-05
132 2013-08-03 11:11:00    151 298.4 220.7 220.7964 3.168397e-05 68.29710 0.07434239  0.1423033867  0.003716130   3.558427e-03      9.292524e-05         1  1.873113e-02    0.002708852      5.756341e-04            8.324683e-05
133 2013-08-03 11:11:15    152 298.5 220.6 220.6971 3.168397e-05 68.19777 0.07434239  0.1379795029  0.003715875   3.450304e-03      9.291887e-05         1  1.884089e-02    0.002707248      5.790072e-04            8.319755e-05
134 2013-08-03 11:11:30    153 299.1 220.7 220.7978 3.168397e-05 68.29844 0.07434239  0.1423616862  0.003716134   3.559884e-03      9.292533e-05         1  1.949947e-02    0.002697638      5.992460e-04            8.290222e-05
135 2013-08-03 11:11:45    154 299.1 220.7 220.7984 3.168397e-05 68.29911 0.07434239  0.1423908360  0.003716135   3.560613e-03      9.292537e-05         1  1.949947e-02    0.002697638      5.992460e-04            8.290222e-05
136 2013-08-03 11:12:00    155 299.5 220.7 220.7991 3.168397e-05 68.29978 0.07434239  0.1424199858  0.003716137   3.561342e-03      9.292541e-05         1  1.993851e-02    0.002691243      6.127386e-04            8.270569e-05
137 2013-08-03 11:12:15    156 299.8 220.6 220.6998 3.168397e-05 68.20045 0.07434239  0.1380961020  0.003715882   3.453220e-03      9.291904e-05         1  2.026780e-02    0.002686453      6.228580e-04            8.255848e-05
138 2013-08-03 11:12:30    157 300.0 220.7 220.8004 3.168397e-05 68.30112 0.07434239  0.1424782853  0.003716141   3.562800e-03      9.292550e-05         1  2.048732e-02    0.002683262      6.296042e-04            8.246043e-05
139 2013-08-03 11:12:45    158 300.5 220.8 220.9011 3.168397e-05 68.40179 0.07434239  0.1468604686  0.003716399   3.672381e-03      9.293197e-05         1  2.103613e-02    0.002675296      6.464699e-04            8.221562e-05
140 2013-08-03 11:13:00    159 300.5 220.7 220.8018 3.168397e-05 68.30246 0.07434239  0.1425365849  0.003716144   3.564258e-03      9.292559e-05         1  2.103613e-02    0.002675296      6.464699e-04            8.221562e-05
141 2013-08-03 11:13:15    160 301.1 220.7 220.8025 3.168397e-05 68.30312 0.07434239  0.1425657347  0.003716146   3.564987e-03      9.292563e-05         1  2.169470e-02    0.002665756      6.667087e-04            8.192245e-05
142 2013-08-03 11:13:30    161 301.2 220.6 220.7031 3.168397e-05 68.20379 0.07434239  0.1382418509  0.003715891   3.456864e-03      9.291925e-05         1  2.180446e-02    0.002664169      6.700819e-04            8.187365e-05
143 2013-08-03 11:13:45    162 301.7 220.5 220.6038 3.168397e-05 68.10446 0.07434239  0.1339179672  0.003715636   3.348741e-03      9.291289e-05         1  2.235327e-02    0.002656238      6.869476e-04            8.162993e-05
144 2013-08-03 11:14:00    163 301.8 220.6 220.7045 3.168397e-05 68.20513 0.07434239  0.1383001505  0.003715894   3.458322e-03      9.291934e-05         1  2.246304e-02    0.002654654      6.903207e-04            8.158124e-05
145 2013-08-03 11:14:15    164 302.2 220.6 220.7051 3.168397e-05 68.20580 0.07434239  0.1383293002  0.003715896   3.459051e-03      9.291938e-05         1  2.290208e-02    0.002648323      7.038132e-04            8.138668e-05
146 2013-08-03 11:14:30    165 302.5 220.5 220.6058 3.168397e-05 68.10647 0.07434239  0.1340054165  0.003715641   3.350928e-03      9.291302e-05         1  2.323137e-02    0.002643581      7.139327e-04            8.124095e-05
147 2013-08-03 11:14:45    166 302.8 220.7 220.8065 3.168397e-05 68.30714 0.07434239  0.1427406333  0.003716156   3.569360e-03      9.292589e-05         1  2.356065e-02    0.002638844      7.240521e-04            8.109540e-05
148 2013-08-03 11:15:00    167 303.2 220.8 220.9071 3.168397e-05 68.40781 0.07434239  0.1471228166  0.003716415   3.678941e-03      9.293236e-05         1  2.399970e-02    0.002632538      7.375446e-04            8.090158e-05
149 2013-08-03 11:15:15    168 303.2 220.8 220.9078 3.168397e-05 68.40848 0.07434239  0.1471519664  0.003716416   3.679670e-03      9.293240e-05         1  2.399970e-02    0.002632538      7.375446e-04            8.090158e-05
150 2013-08-03 11:15:30    169 303.8 220.9 221.0085 3.168397e-05 68.50915 0.07434239  0.1515341497  0.003716675   3.789250e-03      9.293888e-05         1  2.465827e-02    0.002623096      7.577834e-04            8.061144e-05
151 2013-08-03 11:15:45    170 303.9 220.8 220.9092 3.168397e-05 68.40982 0.07434239  0.1472102660  0.003716420   3.681128e-03      9.293248e-05         1  2.476803e-02    0.002621525      7.611566e-04            8.056315e-05
152 2013-08-03 11:16:00    171 304.4 220.7 220.8098 3.168397e-05 68.31049 0.07434239  0.1428863822  0.003716165   3.573005e-03      9.292610e-05         1  2.531684e-02    0.002613677      7.780223e-04            8.032199e-05
153 2013-08-03 11:16:15    172 304.6 220.7 220.8105 3.168397e-05 68.31116 0.07434239  0.1429155320  0.003716166   3.573734e-03      9.292614e-05         1  2.553637e-02    0.002610543      7.847685e-04            8.022566e-05
154 2013-08-03 11:16:30    173 304.9 220.8 220.9112 3.168397e-05 68.41183 0.07434239  0.1472977153  0.003716425   3.683314e-03      9.293261e-05         1  2.586565e-02    0.002605846      7.948879e-04            8.008131e-05
155 2013-08-03 11:16:45    174 305.2 220.8 220.9118 3.168397e-05 68.41250 0.07434239  0.1473268651  0.003716427   3.684043e-03      9.293266e-05         1  2.619494e-02    0.002601155      8.050073e-04            7.993714e-05
156 2013-08-03 11:17:00    175 305.4 221.0 221.1125 3.168397e-05 68.61317 0.07434239  0.1560620819  0.003716944   3.902475e-03      9.294558e-05         1  2.641446e-02    0.002598030      8.117536e-04            7.984113e-05
157 2013-08-03 11:17:15    176 305.9 221.0 221.1132 3.168397e-05 68.61384 0.07434239  0.1560912317  0.003716945   3.903204e-03      9.294562e-05         1  2.696327e-02    0.002590231      8.286193e-04            7.960144e-05
158 2013-08-03 11:17:30    177 306.0 220.9 221.0138 3.168397e-05 68.51451 0.07434239  0.1517673479  0.003716689   3.795082e-03      9.293922e-05         1  2.707303e-02    0.002588673      8.319924e-04            7.955356e-05
159 2013-08-03 11:17:45    178 306.6 220.9 221.0145 3.168397e-05 68.51518 0.07434239  0.1517964977  0.003716691   3.795811e-03      9.293926e-05         1  2.773161e-02    0.002579339      8.522313e-04            7.926671e-05
160 2013-08-03 11:18:00    179 306.6 221.1 221.2152 3.168397e-05 68.71585 0.07434239  0.1605317146  0.003717209   4.014243e-03      9.295221e-05         1  2.773161e-02    0.002579339      8.522313e-04            7.926671e-05
161 2013-08-03 11:18:15    180 307.2 221.1 221.2158 3.168397e-05 68.71652 0.07434239  0.1605608643  0.003717210   4.014972e-03      9.295225e-05         1  2.839018e-02    0.002570029      8.724701e-04            7.898060e-05
162 2013-08-03 11:18:30    181 307.3 221.0 221.1165 3.168397e-05 68.61719 0.07434239  0.1562369806  0.003716954   3.906849e-03      9.294584e-05         1  2.849994e-02    0.002568479      8.758432e-04            7.893298e-05
163 2013-08-03 11:18:45    182 307.7 221.3 221.4172 3.168397e-05 68.91786 0.07434239  0.1693252309  0.003717731   4.234133e-03      9.296527e-05         1  2.893899e-02    0.002562288      8.893358e-04            7.874273e-05
164 2013-08-03 11:19:00    183 308.1 221.3 221.4179 3.168397e-05 68.91853 0.07434239  0.1693543807  0.003717733   4.234861e-03      9.296531e-05         1  2.937803e-02    0.002556108      9.028283e-04            7.855281e-05
165 2013-08-03 11:19:15    184 308.6 220.9 221.0185 3.168397e-05 68.51920 0.07434239  0.1519713964  0.003716701   3.800184e-03      9.293952e-05         1  2.992684e-02    0.002548399      9.196940e-04            7.831587e-05
166 2013-08-03 11:19:30    185 308.6 221.1 221.2192 3.168397e-05 68.71987 0.07434239  0.1607066132  0.003717219   4.018616e-03      9.295247e-05         1  2.992684e-02    0.002548399      9.196940e-04            7.831587e-05
167 2013-08-03 11:19:45    186 308.8 221.1 221.2199 3.168397e-05 68.72054 0.07434239  0.1607357630  0.003717221   4.019345e-03      9.295251e-05         1  3.014637e-02    0.002545319      9.264403e-04            7.822125e-05
168 2013-08-03 11:20:00    187 309.3 221.1 221.2205 3.168397e-05 68.72121 0.07434239  0.1607649128  0.003717222   4.020074e-03      9.295255e-05         1  3.069518e-02    0.002537633      9.433059e-04            7.798505e-05
169 2013-08-03 11:20:15    188 309.4 221.0 221.1212 3.168397e-05 68.62187 0.07434239  0.1564410290  0.003716966   3.911951e-03      9.294614e-05         1  3.080494e-02    0.002536098      9.466791e-04            7.793787e-05
170 2013-08-03 11:20:30    189 310.0 220.9 221.0219 3.168397e-05 68.52254 0.07434239  0.1521171453  0.003716710   3.803829e-03      9.293974e-05         1  3.146351e-02    0.002526902      9.669179e-04            7.765527e-05
171 2013-08-03 11:20:45    190 310.0 221.2 221.3225 3.168397e-05 68.82321 0.07434239  0.1652053956  0.003717486   4.131112e-03      9.295914e-05         1  3.146351e-02    0.002526902      9.669179e-04            7.765527e-05
172 2013-08-03 11:21:00    191 310.5 221.1 221.2232 3.168397e-05 68.72388 0.07434239  0.1608815119  0.003717229   4.022990e-03      9.295272e-05         1  3.201232e-02    0.002519258      9.837836e-04            7.742035e-05
173 2013-08-03 11:21:15    192 310.7 221.1 221.2239 3.168397e-05 68.72455 0.07434239  0.1609106617  0.003717231   4.023719e-03      9.295277e-05         1  3.223184e-02    0.002516206      9.905299e-04            7.732654e-05
174 2013-08-03 11:21:30    193 311.0 221.0 221.1246 3.168397e-05 68.62522 0.07434239  0.1565867779  0.003716975   3.915596e-03      9.294636e-05         1  3.256113e-02    0.002511632      1.000649e-03            7.718598e-05
175 2013-08-03 11:21:45    194 311.4 221.0 221.1252 3.168397e-05 68.62589 0.07434239  0.1566159277  0.003716976   3.916325e-03      9.294640e-05         1  3.300017e-02    0.002505544      1.014142e-03            7.699888e-05
176 2013-08-03 11:22:00    195 311.5 221.1 221.2259 3.168397e-05 68.72656 0.07434239  0.1609981110  0.003717236   4.025905e-03      9.295290e-05         1  3.310994e-02    0.002504023      1.017515e-03            7.695216e-05
177 2013-08-03 11:22:15    196 312.0 221.2 221.3266 3.168397e-05 68.82723 0.07434239  0.1653802943  0.003717496   4.135486e-03      9.295940e-05         1  3.365875e-02    0.002496433      1.034381e-03            7.671889e-05
178 2013-08-03 11:22:30    197 312.1 221.0 221.1272 3.168397e-05 68.62790 0.07434239  0.1567033770  0.003716982   3.918512e-03      9.294653e-05         1  3.376851e-02    0.002494917      1.037754e-03            7.667230e-05
179 2013-08-03 11:22:45    198 312.7 221.0 221.1279 3.168397e-05 68.62857 0.07434239  0.1567325268  0.003716983   3.919240e-03      9.294657e-05         1  3.442708e-02    0.002485837      1.057993e-03            7.639325e-05
180 2013-08-03 11:23:00    199 312.7 220.9 221.0286 3.168397e-05 68.52924 0.07434239  0.1524086431  0.003716727   3.811118e-03      9.294017e-05         1  3.442708e-02    0.002485837      1.057993e-03            7.639325e-05
181 2013-08-03 11:23:15    200 313.1 221.1 221.2292 3.168397e-05 68.72991 0.07434239  0.1611438599  0.003717245   4.029550e-03      9.295311e-05         1  3.486613e-02    0.002479798      1.071485e-03            7.620767e-05
182 2013-08-03 11:23:30    201 313.4 221.0 221.1299 3.168397e-05 68.63058 0.07434239  0.1568199761  0.003716988   3.921427e-03      9.294670e-05         1  3.519541e-02    0.002475276      1.081605e-03            7.606873e-05
183 2013-08-03 11:23:45    202 313.7 221.2 221.3306 3.168397e-05 68.83125 0.07434239  0.1655551930  0.003717507   4.139859e-03      9.295966e-05         1  3.552470e-02    0.002470762      1.091724e-03            7.592999e-05
184 2013-08-03 11:24:00    203 314.1 221.0 221.1312 3.168397e-05 68.63192 0.07434239  0.1568782757  0.003716992   3.922885e-03      9.294679e-05         1  3.596374e-02    0.002464753      1.105216e-03            7.574532e-05
185 2013-08-03 11:24:15    204 314.2 221.1 221.2319 3.168397e-05 68.73259 0.07434239  0.1612604590  0.003717252   4.032466e-03      9.295329e-05         1  3.607351e-02    0.002463252      1.108590e-03            7.569921e-05
186 2013-08-03 11:24:30    205 314.7 221.4 221.5326 3.168397e-05 69.03326 0.07434239  0.1743487094  0.003718030   4.359749e-03      9.297275e-05         1  3.662232e-02    0.002455762      1.125455e-03            7.546902e-05
187 2013-08-03 11:24:45    206 314.8 221.3 221.4333 3.168397e-05 68.93393 0.07434239  0.1700248256  0.003717773   4.251627e-03      9.296631e-05         1  3.673208e-02    0.002454266      1.128828e-03            7.542305e-05
188 2013-08-03 11:25:00    207 315.4 221.1 221.2339 3.168397e-05 68.73460 0.07434239  0.1613479083  0.003717257   4.034652e-03      9.295342e-05         1  3.739065e-02    0.002445308      1.149067e-03            7.514774e-05
189 2013-08-03 11:25:15    208 315.4 221.2 221.3346 3.168397e-05 68.83527 0.07434239  0.1657300916  0.003717517   4.144233e-03      9.295992e-05         1  3.739065e-02    0.002445308      1.149067e-03            7.514774e-05
190 2013-08-03 11:25:30    209 315.8 221.0 221.1353 3.168397e-05 68.63594 0.07434239  0.1570531744  0.003717002   3.927259e-03      9.294705e-05         1  3.782970e-02    0.002439351      1.162560e-03            7.496468e-05

$dryleafvolt
            timestamp record LWSmV  SEmV    CSEmV     CSEmV.sd   loadmV  loadmV.sd
1 2013-08-03 10:37:15     16 263.1 217.5 217.5060 3.168397e-05 65.00670 0.07434239
2 2013-08-03 10:37:30     17 263.1 217.4 217.4067 3.168397e-05 64.90737 0.07434239
3 2013-08-03 10:37:45     18 263.1 217.7 217.7074 3.168397e-05 65.20804 0.07434239
4 2013-08-03 10:38:00     19 263.1 217.5 217.5080 3.168397e-05 65.00871 0.07434239
5 2013-08-03 10:38:15     20 263.1 217.5 217.5087 3.168397e-05 65.00937 0.07434239

$runtime
Time difference of 47.25 mins

$startcalibvolt
            timestamp record LWSmV  SEmV    CSEmV     CSEmV.sd   loadmV  loadmV.sd
1 2013-08-03 10:35:30      9 263.1 274.8 274.8013 3.168397e-05 122.3020 0.07434239
2 2013-08-03 10:35:45     10 263.1 274.9 274.9020 3.168397e-05 122.4027 0.07434239
3 2013-08-03 10:36:00     11 263.1 275.0 275.0027 3.168397e-05 122.5033 0.07434239
4 2013-08-03 10:36:15     12 263.1 275.1 275.1033 3.168397e-05 122.6040 0.07434239
5 2013-08-03 10:36:30     13 263.1 274.9 274.9040 3.168397e-05 122.4047 0.07434239

$endcalibvolt
            timestamp record LWSmV  SEmV
1 2013-08-03 11:28:45    222 265.0 275.2
2 2013-08-03 11:29:00    223 264.5 275.2
3 2013-08-03 11:29:15    224 264.4 275.1
4 2013-08-03 11:29:30    225 264.4 275.2

$lastLWSvolt
[1] 314.6

$maxLWSvolt
[1] 316.1

$species
[1] "dougfir"

$trial
[1] "2"

$replicate
[1] "1"

$isvertical
[1] FALSE

$conversionfactor
         avg        stdev
1 0.04353034 1.181975e-05

$LWSwatermass
         avg       stdev
1 0.04802912 0.002642337

$dryleafmass
       avg       stdev
1 2.830692 0.001638689

$lwsmodel

Call:
lm(formula = LWSsurfacedensity ~ record, data = rd[rd$runfilter == 
    1, ])

Coefficients:
(Intercept)       record  
 -9.961e-04    1.036e-05  


$leafmodel

Call:
lm(formula = surfacedensity ~ record, data = rd[rd$runfilter == 
    1, ])

Coefficients:
(Intercept)       record  
  9.770e-04    1.587e-05  


