$name
[1] "dougfir4"

$leafarea
[1] 66.2706

$startbasevolt
            timestamp record LWSmV  SEmV CSEmV CSEmV.sd      loadmV loadmV.sd
1 2013-08-03 11:33:45      2 264.4 150.3 150.3        0  0.08336853 0.0690775
2 2013-08-03 11:34:00      3 264.4 150.3 150.3        0  0.08336853 0.0690775
3 2013-08-03 11:34:15      4 264.3 150.1 150.1        0 -0.11663147 0.0690775
4 2013-08-03 11:34:30      5 264.4 150.2 150.2        0 -0.01663147 0.0690775
5 2013-08-03 11:34:45      6 264.3 150.2 150.2        0 -0.01663147 0.0690775

$endbasevolt
            timestamp record LWSmV  SEmV    CSEmV     CSEmV.sd      loadmV  loadmV.sd
1 2013-08-03 12:29:00    223 264.9 149.6 150.2579 3.066456e-05  0.04124183 0.06907751
2 2013-08-03 12:29:15    224 264.8 149.5 150.1609 3.066456e-05 -0.05572650 0.06907751
3 2013-08-03 12:29:30    225 264.7 149.5 150.1639 3.066456e-05 -0.05269482 0.06907751
4 2013-08-03 12:29:45    226 264.6 149.6 150.2670 3.066456e-05  0.05033685 0.06907751

$dryragvolt
            timestamp record LWSmV  SEmV    CSEmV     CSEmV.sd   loadmV  loadmV.sd
1 2013-08-03 12:25:15    208 315.4 281.4 282.0124 3.066456e-05 131.7958 0.06907751
2 2013-08-03 12:25:30    209 315.1 281.2 281.8154 3.066456e-05 131.5988 0.06907751
3 2013-08-03 12:25:45    210 314.7 281.2 281.8185 3.066456e-05 131.6018 0.06907751

$wetragvolt
            timestamp record LWSmV  SEmV    CSEmV     CSEmV.sd   loadmV  loadmV.sd
1 2013-08-03 12:26:45    214 265.1 282.1 282.7306 3.066456e-05 132.5140 0.06907751
2 2013-08-03 12:27:00    215 265.1 282.1 282.7336 3.066456e-05 132.5170 0.06907751
3 2013-08-03 12:27:15    216 265.1 282.1 282.7367 3.066456e-05 132.5200 0.06907751
4 2013-08-03 12:27:30    217 265.1 281.9 282.5397 3.066456e-05 132.3231 0.06907751

$rundata
              timestamp record LWSmV  SEmV    CSEmV     CSEmV.sd   loadmV  loadmV.sd    watermass watermass.sd surfacedensity surfacedensity.sd runfilter      LWSwater LWSwater.stdev LWSsurfacedensity LWSsurfacedensity.stdev
1   2013-08-03 11:38:30     21 264.4 220.4 220.4455 3.066456e-05 70.22884 0.06907751 -0.002565735  0.003388105  -3.871603e-05      5.112531e-05         0 -3.556603e-03    0.001290101     -1.092994e-04            3.964662e-05
2   2013-08-03 11:38:45     22 264.4 220.6 220.6485 3.066456e-05 70.43188 0.06907751  0.006250438  0.003388525   9.431690e-05      5.113164e-05         0 -3.556603e-03    0.001290101     -1.092994e-04            3.964662e-05
3   2013-08-03 11:39:00     23 264.4 220.7 220.7515 3.066456e-05 70.53491 0.06907751  0.010724346  0.003388738   1.618266e-04      5.113486e-05         0 -3.556603e-03    0.001290101     -1.092994e-04            3.964662e-05
4   2013-08-03 11:39:15     24 264.4 220.9 220.9546 3.066456e-05 70.73794 0.06907751  0.019540518  0.003389159   2.948595e-04      5.114121e-05         0 -3.556603e-03    0.001290101     -1.092994e-04            3.964662e-05
5   2013-08-03 11:39:30     25 264.4 220.8 220.8576 3.066456e-05 70.64097 0.06907751  0.015329897  0.003388958   2.313227e-04      5.113818e-05         0 -3.556603e-03    0.001290101     -1.092994e-04            3.964662e-05
6   2013-08-03 11:39:45     26 264.4 220.6 220.6606 3.066456e-05 70.44400 0.06907751  0.006777011  0.003388550   1.022627e-04      5.113202e-05         0 -3.556603e-03    0.001290101     -1.092994e-04            3.964662e-05
7   2013-08-03 11:40:00     27 264.8 220.8 220.8637 3.066456e-05 70.64703 0.06907751  0.015593183  0.003388970   2.352956e-04      5.113837e-05         0 -3.149262e-03    0.001287462     -9.678126e-05            3.956552e-05
8   2013-08-03 11:40:15     28 265.1 220.8 220.8667 3.066456e-05 70.65007 0.06907751  0.015724827  0.003388977   2.372821e-04      5.113846e-05         0 -2.843756e-03    0.001285489     -8.739263e-05            3.950488e-05
9   2013-08-03 11:40:30     29 265.1 221.0 221.0697 3.066456e-05 70.85310 0.06907751  0.024540999  0.003389399   3.703150e-04      5.114483e-05         0 -2.843756e-03    0.001285489     -8.739263e-05            3.950488e-05
10  2013-08-03 11:40:45     30 265.1 220.9 220.9728 3.066456e-05 70.75613 0.06907751  0.020330378  0.003389197   3.067782e-04      5.114179e-05         0 -2.843756e-03    0.001285489     -8.739263e-05            3.950488e-05
11  2013-08-03 11:41:00     31 265.1 220.9 220.9758 3.066456e-05 70.75916 0.06907751  0.020462021  0.003389203   3.087647e-04      5.114188e-05         0 -2.843756e-03    0.001285489     -8.739263e-05            3.950488e-05
12  2013-08-03 11:41:15     32 265.1 220.8 220.8788 3.066456e-05 70.66219 0.06907751  0.016251400  0.003389002   2.452279e-04      5.113884e-05         0 -2.843756e-03    0.001285489     -8.739263e-05            3.950488e-05
13  2013-08-03 11:41:30     33 265.3 220.9 220.9819 3.066456e-05 70.76522 0.06907751  0.020725308  0.003389216   3.127376e-04      5.114207e-05         0 -2.640086e-03    0.001284176     -8.113355e-05            3.946453e-05
14  2013-08-03 11:41:45     34 265.8 220.8 220.8849 3.066456e-05 70.66826 0.06907751  0.016514687  0.003389015   2.492008e-04      5.113903e-05         0 -2.130909e-03    0.001280903     -6.548584e-05            3.936394e-05
15  2013-08-03 11:42:00     35 265.8 221.0 221.0879 3.066456e-05 70.87129 0.06907751  0.025330859  0.003389436   3.822337e-04      5.114540e-05         0 -2.130909e-03    0.001280903     -6.548584e-05            3.936394e-05
16  2013-08-03 11:42:15     36 265.8 221.1 221.1910 3.066456e-05 70.97432 0.06907751  0.029804767  0.003389651   4.497434e-04      5.114864e-05         0 -2.130909e-03    0.001280903     -6.548584e-05            3.936394e-05
17  2013-08-03 11:42:30     37 266.1 221.2 221.2940 3.066456e-05 71.07735 0.06907751  0.034278675  0.003389866   5.172531e-04      5.115188e-05         0 -1.825403e-03    0.001278945     -5.609721e-05            3.930379e-05
18  2013-08-03 11:42:45     38 266.5 221.3 221.3970 3.066456e-05 71.18038 0.06907751  0.038752583  0.003390081   5.847628e-04      5.115512e-05         0 -1.418062e-03    0.001276343     -4.357904e-05            3.922382e-05
19  2013-08-03 11:43:00     39 266.5 221.3 221.4000 3.066456e-05 71.18341 0.06907751  0.038884226  0.003390087   5.867492e-04      5.115522e-05         0 -1.418062e-03    0.001276343     -4.357904e-05            3.922382e-05
20  2013-08-03 11:43:15     40 266.5 221.3 221.4031 3.066456e-05 71.18645 0.06907751  0.039015870  0.003390094   5.887357e-04      5.115532e-05         0 -1.418062e-03    0.001276343     -4.357904e-05            3.922382e-05
21  2013-08-03 11:43:30     41 267.1 221.3 221.4061 3.066456e-05 71.18948 0.06907751  0.039147513  0.003390100   5.907221e-04      5.115541e-05         0 -8.070501e-04    0.001272456     -2.480179e-05            3.910438e-05
22  2013-08-03 11:43:45     42 267.1 221.1 221.2091 3.066456e-05 70.99251 0.06907751  0.030594627  0.003389689   4.616621e-04      5.114921e-05         0 -8.070501e-04    0.001272456     -2.480179e-05            3.910438e-05
23  2013-08-03 11:44:00     43 267.2 221.1 221.2122 3.066456e-05 70.99554 0.06907751  0.030726270  0.003389695   4.636486e-04      5.114930e-05         0 -7.052148e-04    0.001271811     -2.167224e-05            3.908453e-05
24  2013-08-03 11:44:15     44 267.7 221.2 221.3152 3.066456e-05 71.09857 0.06907751  0.035200178  0.003389910   5.311583e-04      5.115255e-05         0 -1.960382e-04    0.001268590     -6.024531e-06            3.898554e-05
25  2013-08-03 11:44:30     45 267.8 221.2 221.3182 3.066456e-05 71.10160 0.06907751  0.035331822  0.003389916   5.331447e-04      5.115264e-05         0 -9.420292e-05    0.001267947     -2.894988e-06            3.896579e-05
26  2013-08-03 11:44:45     46 267.8 221.1 221.2213 3.066456e-05 71.00464 0.06907751  0.031121200  0.003389714   4.696079e-04      5.114959e-05         0 -9.420292e-05    0.001267947     -2.894988e-06            3.896579e-05
27  2013-08-03 11:45:00     47 268.4 221.1 221.2243 3.066456e-05 71.00767 0.06907751  0.031252844  0.003389721   4.715944e-04      5.114969e-05         0  5.168089e-04    0.001264103      1.588227e-05            3.884768e-05
28  2013-08-03 11:45:15     48 268.5 221.1 221.2273 3.066456e-05 71.01070 0.06907751  0.031384487  0.003389727   4.735808e-04      5.114978e-05         0  6.186443e-04    0.001263465      1.901181e-05            3.882805e-05
29  2013-08-03 11:45:30     49 268.7 221.2 221.3304 3.066456e-05 71.11373 0.06907751  0.035858395  0.003389942   5.410905e-04      5.115302e-05         0  8.223149e-04    0.001262189      2.527089e-05            3.878885e-05
30  2013-08-03 11:45:45     50 269.2 221.3 221.4334 3.066456e-05 71.21676 0.06907751  0.040332303  0.003390157   6.086002e-04      5.115627e-05         0  1.331491e-03    0.001259010      4.091861e-05            3.869116e-05
31  2013-08-03 11:46:00     51 269.2 221.3 221.4364 3.066456e-05 71.21979 0.06907751  0.040463946  0.003390163   6.105867e-04      5.115637e-05         0  1.331491e-03    0.001259010      4.091861e-05            3.869116e-05
32  2013-08-03 11:46:15     52 269.6 221.5 221.6395 3.066456e-05 71.42283 0.06907751  0.049280119  0.003390588   7.436196e-04      5.116278e-05         0  1.738833e-03    0.001256477      5.343678e-05            3.861332e-05
33  2013-08-03 11:46:30     53 269.9 221.5 221.6425 3.066456e-05 71.42586 0.06907751  0.049411762  0.003390595   7.456060e-04      5.116288e-05         0  2.044339e-03    0.001254584      6.282540e-05            3.855512e-05
34  2013-08-03 11:46:45     54 269.9 221.6 221.7455 3.066456e-05 71.52889 0.06907751  0.053885670  0.003390811   8.131157e-04      5.116614e-05         0  2.044339e-03    0.001254584      6.282540e-05            3.855512e-05
35  2013-08-03 11:47:00     55 270.5 221.5 221.6486 3.066456e-05 71.43192 0.06907751  0.049675048  0.003390608   7.495789e-04      5.116307e-05         0  2.655350e-03    0.001250812      8.160266e-05            3.843921e-05
36  2013-08-03 11:47:15     56 270.5 221.6 221.7516 3.066456e-05 71.53495 0.06907751  0.054148956  0.003390824   8.170886e-04      5.116633e-05         0  2.655350e-03    0.001250812      8.160266e-05            3.843921e-05
37  2013-08-03 11:47:30     57 270.9 221.4 221.5546 3.066456e-05 71.33798 0.06907751  0.045596071  0.003390411   6.880286e-04      5.116010e-05         0  3.062692e-03    0.001248309      9.412083e-05            3.836229e-05
38  2013-08-03 11:47:45     58 271.2 221.4 221.5576 3.066456e-05 71.34102 0.06907751  0.045727714  0.003390417   6.900150e-04      5.116020e-05         0  3.368198e-03    0.001246438      1.035095e-04            3.830479e-05
39  2013-08-03 11:48:00     59 271.3 221.4 221.5607 3.066456e-05 71.34405 0.06907751  0.045859357  0.003390423   6.920015e-04      5.116029e-05         0  3.470033e-03    0.001245815      1.066390e-04            3.828566e-05
40  2013-08-03 11:48:15     60 271.9 221.4 221.5637 3.066456e-05 71.34708 0.06907751  0.045991000  0.003390430   6.939879e-04      5.116039e-05         0  4.081045e-03    0.001242093      1.254163e-04            3.817126e-05
41  2013-08-03 11:48:30     61 271.9 221.6 221.7667 3.066456e-05 71.55011 0.06907751  0.054807173  0.003390856   8.270209e-04      5.116681e-05         0  4.081045e-03    0.001242093      1.254163e-04            3.817126e-05
42  2013-08-03 11:48:45     62 272.3 221.8 221.9698 3.066456e-05 71.75314 0.06907751  0.063623345  0.003391283   9.600538e-04      5.117326e-05         0  4.488386e-03    0.001239623      1.379344e-04            3.809535e-05
43  2013-08-03 11:49:00     63 272.6 221.8 221.9728 3.066456e-05 71.75617 0.06907751  0.063754989  0.003391289   9.620403e-04      5.117335e-05         0  4.793892e-03    0.001237777      1.473230e-04            3.803862e-05
44  2013-08-03 11:49:15     64 272.8 221.8 221.9758 3.066456e-05 71.75921 0.06907751  0.063886632  0.003391295   9.640267e-04      5.117345e-05         0  4.997563e-03    0.001236549      1.535821e-04            3.800089e-05
45  2013-08-03 11:49:30     65 273.3 221.8 221.9789 3.066456e-05 71.76224 0.06907751  0.064018275  0.003391302   9.660132e-04      5.117354e-05         0  5.506739e-03    0.001233490      1.692298e-04            3.790688e-05
46  2013-08-03 11:49:45     66 273.3 221.8 221.9819 3.066456e-05 71.76527 0.06907751  0.064149919  0.003391308   9.679996e-04      5.117364e-05         0  5.506739e-03    0.001233490      1.692298e-04            3.790688e-05
47  2013-08-03 11:50:00     67 273.9 222.0 222.1849 3.066456e-05 71.96830 0.06907751  0.072966091  0.003391736   1.101033e-03      5.118010e-05         0  6.117751e-03    0.001229839      1.880071e-04            3.779469e-05
48  2013-08-03 11:50:15     68 273.9 221.8 221.9880 3.066456e-05 71.77133 0.06907751  0.064413205  0.003391321   9.719725e-04      5.117383e-05         0  6.117751e-03    0.001229839      1.880071e-04            3.779469e-05
49  2013-08-03 11:50:30     69 274.4 221.8 221.9910 3.066456e-05 71.77436 0.06907751  0.064544849  0.003391327   9.739590e-04      5.117393e-05         1  6.626928e-03    0.001226814      2.036548e-04            3.770171e-05
50  2013-08-03 11:50:45     70 274.6 221.8 221.9940 3.066456e-05 71.77740 0.06907751  0.064676492  0.003391334   9.759454e-04      5.117403e-05         1  6.830598e-03    0.001225608      2.099139e-04            3.766465e-05
51  2013-08-03 11:51:00     71 274.8 221.7 221.8971 3.066456e-05 71.68043 0.06907751  0.060465871  0.003391129   9.124086e-04      5.117095e-05         1  7.034269e-03    0.001224404      2.161730e-04            3.762767e-05
52  2013-08-03 11:51:15     72 275.3 221.9 222.1001 3.066456e-05 71.88346 0.06907751  0.069282043  0.003391557   1.045442e-03      5.117740e-05         1  7.543445e-03    0.001221407      2.318207e-04            3.753555e-05
53  2013-08-03 11:51:30     73 275.3 221.8 222.0031 3.066456e-05 71.78649 0.06907751  0.065071422  0.003391353   9.819048e-04      5.117431e-05         1  7.543445e-03    0.001221407      2.318207e-04            3.753555e-05
54  2013-08-03 11:51:45     74 276.0 221.8 222.0062 3.066456e-05 71.78952 0.06907751  0.065203065  0.003391359   9.838912e-04      5.117441e-05         1  8.256292e-03    0.001217236      2.537275e-04            3.740738e-05
55  2013-08-03 11:52:00     75 276.0 221.9 222.1092 3.066456e-05 71.89255 0.06907751  0.069676973  0.003391576   1.051401e-03      5.117769e-05         1  8.256292e-03    0.001217236      2.537275e-04            3.740738e-05
56  2013-08-03 11:52:15     76 276.5 221.9 222.1122 3.066456e-05 71.89559 0.06907751  0.069808616  0.003391583   1.053387e-03      5.117779e-05         1  8.765469e-03    0.001214276      2.693752e-04            3.731642e-05
57  2013-08-03 11:52:30     77 276.6 222.0 222.2152 3.066456e-05 71.99862 0.06907751  0.074282524  0.003391800   1.120897e-03      5.118107e-05         1  8.867304e-03    0.001213686      2.725047e-04            3.729828e-05
58  2013-08-03 11:52:45     78 277.1 221.9 222.1183 3.066456e-05 71.90165 0.06907751  0.070071903  0.003391596   1.057360e-03      5.117798e-05         1  9.376481e-03    0.001210745      2.881525e-04            3.720790e-05
59  2013-08-03 11:53:00     79 277.3 221.9 222.1213 3.066456e-05 71.90468 0.06907751  0.070203546  0.003391602   1.059347e-03      5.117808e-05         1  9.580152e-03    0.001209573      2.944115e-04            3.717189e-05
60  2013-08-03 11:53:15     80 277.5 222.0 222.2243 3.066456e-05 72.00771 0.06907751  0.074677454  0.003391819   1.126856e-03      5.118136e-05         1  9.783822e-03    0.001208404      3.006706e-04            3.713595e-05
61  2013-08-03 11:53:30     81 278.0 222.1 222.3274 3.066456e-05 72.11074 0.06907751  0.079151362  0.003392037   1.194366e-03      5.118464e-05         1  1.029300e-02    0.001205492      3.163183e-04            3.704646e-05
62  2013-08-03 11:53:45     82 278.1 221.9 222.1304 3.066456e-05 71.91378 0.06907751  0.070598476  0.003391621   1.065306e-03      5.117836e-05         1  1.039483e-02    0.001204911      3.194479e-04            3.702862e-05
63  2013-08-03 11:54:00     83 278.7 222.0 222.2334 3.066456e-05 72.01681 0.06907751  0.075072384  0.003391839   1.132816e-03      5.118165e-05         1  1.100585e-02    0.001201442      3.382251e-04            3.692201e-05
64  2013-08-03 11:54:15     84 278.7 222.2 222.4365 3.066456e-05 72.21984 0.06907751  0.083888557  0.003392268   1.265849e-03      5.118813e-05         1  1.100585e-02    0.001201442      3.382251e-04            3.692201e-05
65  2013-08-03 11:54:30     85 279.2 222.2 222.4395 3.066456e-05 72.22287 0.06907751  0.084020200  0.003392275   1.267835e-03      5.118823e-05         1  1.151502e-02    0.001198569      3.538728e-04            3.683372e-05
66  2013-08-03 11:54:45     86 279.4 222.4 222.6425 3.066456e-05 72.42590 0.06907751  0.092836373  0.003392706   1.400868e-03      5.119473e-05         1  1.171869e-02    0.001197425      3.601319e-04            3.679855e-05
67  2013-08-03 11:55:00     87 279.8 222.1 222.3456 3.066456e-05 72.12893 0.06907751  0.079941222  0.003392076   1.206285e-03      5.118523e-05         1  1.212603e-02    0.001195144      3.726501e-04            3.672844e-05
68  2013-08-03 11:55:15     88 280.0 222.2 222.4486 3.066456e-05 72.23197 0.06907751  0.084415130  0.003392294   1.273794e-03      5.118852e-05         1  1.232970e-02    0.001194007      3.789092e-04            3.669352e-05
69  2013-08-03 11:55:30     89 280.3 222.2 222.4516 3.066456e-05 72.23500 0.06907751  0.084546773  0.003392300   1.275781e-03      5.118862e-05         1  1.263521e-02    0.001192307      3.882978e-04            3.664128e-05
70  2013-08-03 11:55:45     90 280.7 222.4 222.6547 3.066456e-05 72.43803 0.06907751  0.093362946  0.003392731   1.408814e-03      5.119512e-05         1  1.304255e-02    0.001190050      4.008160e-04            3.657191e-05
71  2013-08-03 11:56:00     91 281.0 222.3 222.5577 3.066456e-05 72.34106 0.06907751  0.089152325  0.003392525   1.345277e-03      5.119201e-05         1  1.334806e-02    0.001188364      4.102046e-04            3.652011e-05
72  2013-08-03 11:56:15     92 281.4 222.3 222.5607 3.066456e-05 72.34409 0.06907751  0.089283968  0.003392532   1.347264e-03      5.119211e-05         1  1.375540e-02    0.001186126      4.227228e-04            3.645133e-05
73  2013-08-03 11:56:30     93 281.5 222.3 222.5638 3.066456e-05 72.34712 0.06907751  0.089415611  0.003392538   1.349250e-03      5.119220e-05         1  1.385723e-02    0.001185568      4.258523e-04            3.643418e-05
74  2013-08-03 11:56:45     94 282.1 222.4 222.6668 3.066456e-05 72.45016 0.06907751  0.093889519  0.003392757   1.416760e-03      5.119551e-05         1  1.446825e-02    0.001182236      4.446296e-04            3.633177e-05
75  2013-08-03 11:57:00     95 282.1 222.5 222.7698 3.066456e-05 72.55319 0.06907751  0.098363427  0.003392976   1.484269e-03      5.119881e-05         1  1.446825e-02    0.001182236      4.446296e-04            3.633177e-05
76  2013-08-03 11:57:15     96 282.8 222.5 222.7729 3.066456e-05 72.55622 0.06907751  0.098495070  0.003392983   1.486256e-03      5.119891e-05         1  1.518109e-02    0.001178379      4.665364e-04            3.621324e-05
77  2013-08-03 11:57:30     97 282.8 222.4 222.6759 3.066456e-05 72.45925 0.06907751  0.094284449  0.003392776   1.422719e-03      5.119580e-05         1  1.518109e-02    0.001178379      4.665364e-04            3.621324e-05
78  2013-08-03 11:57:45     98 283.3 222.5 222.7789 3.066456e-05 72.56228 0.06907751  0.098758357  0.003392996   1.490229e-03      5.119910e-05         1  1.569027e-02    0.001175645      4.821841e-04            3.612922e-05
79  2013-08-03 11:58:00     99 283.5 222.5 222.7819 3.066456e-05 72.56531 0.06907751  0.098890000  0.003393002   1.492215e-03      5.119920e-05         1  1.589394e-02    0.001174556      4.884432e-04            3.609576e-05
80  2013-08-03 11:58:15    100 284.0 222.5 222.7850 3.066456e-05 72.56835 0.06907751  0.099021644  0.003393008   1.494202e-03      5.119930e-05         1  1.640312e-02    0.001171847      5.040909e-04            3.601250e-05
81  2013-08-03 11:58:30    101 284.1 222.4 222.6880 3.066456e-05 72.47138 0.06907751  0.094811022  0.003392802   1.430665e-03      5.119619e-05         1  1.650495e-02    0.001171307      5.072204e-04            3.599591e-05
82  2013-08-03 11:58:45    102 284.6 222.6 222.8910 3.066456e-05 72.67441 0.06907751  0.103627195  0.003393234   1.563698e-03      5.120271e-05         1  1.701413e-02    0.001168619      5.228681e-04            3.591329e-05
83  2013-08-03 11:59:00    103 284.8 222.5 222.7941 3.066456e-05 72.57744 0.06907751  0.099416574  0.003393028   1.500161e-03      5.119959e-05         1  1.721780e-02    0.001167548      5.291272e-04            3.588040e-05
84  2013-08-03 11:59:15    104 285.2 222.5 222.7971 3.066456e-05 72.58047 0.06907751  0.099548217  0.003393034   1.502147e-03      5.119969e-05         1  1.762514e-02    0.001165416      5.416454e-04            3.581488e-05
85  2013-08-03 11:59:30    105 285.5 222.5 222.8001 3.066456e-05 72.58350 0.06907751  0.099679860  0.003393041   1.504134e-03      5.119979e-05         1  1.793065e-02    0.001163825      5.510340e-04            3.576597e-05
86  2013-08-03 11:59:45    106 285.8 222.5 222.8032 3.066456e-05 72.58654 0.06907751  0.099811504  0.003393047   1.506120e-03      5.119988e-05         1  1.823615e-02    0.001162240      5.604226e-04            3.571726e-05
87  2013-08-03 12:00:00    107 286.2 222.6 222.9062 3.066456e-05 72.68957 0.06907751  0.104285411  0.003393267   1.573630e-03      5.120320e-05         1  1.864349e-02    0.001160136      5.729408e-04            3.565262e-05
88  2013-08-03 12:00:15    108 286.5 222.7 223.0092 3.066456e-05 72.79260 0.06907751  0.108759319  0.003393487   1.641140e-03      5.120651e-05         1  1.894900e-02    0.001158567      5.823294e-04            3.560438e-05
89  2013-08-03 12:00:30    109 286.8 222.5 222.8123 3.066456e-05 72.59563 0.06907751  0.100206433  0.003393067   1.512080e-03      5.120018e-05         1  1.925451e-02    0.001157003      5.917181e-04            3.555634e-05
90  2013-08-03 12:00:45    110 287.0 222.5 222.8153 3.066456e-05 72.59866 0.06907751  0.100338077  0.003393073   1.514066e-03      5.120027e-05         1  1.945818e-02    0.001155965      5.979772e-04            3.552443e-05
91  2013-08-03 12:01:00    111 287.5 222.7 223.0183 3.066456e-05 72.80169 0.06907751  0.109154249  0.003393506   1.647099e-03      5.120681e-05         1  1.996735e-02    0.001153382      6.136249e-04            3.544504e-05
92  2013-08-03 12:01:15    112 287.6 222.6 222.9214 3.066456e-05 72.70473 0.06907751  0.104943628  0.003393299   1.583562e-03      5.120368e-05         1  2.006919e-02    0.001152867      6.167544e-04            3.542923e-05
93  2013-08-03 12:01:30    113 288.2 222.5 222.8244 3.066456e-05 72.60776 0.06907751  0.100733007  0.003393092   1.520025e-03      5.120057e-05         1  2.068020e-02    0.001149796      6.355317e-04            3.533486e-05
94  2013-08-03 12:01:45    114 288.2 222.5 222.8274 3.066456e-05 72.61079 0.06907751  0.100864650  0.003393099   1.522012e-03      5.120066e-05         1  2.068020e-02    0.001149796      6.355317e-04            3.533486e-05
95  2013-08-03 12:02:00    115 288.8 222.5 222.8305 3.066456e-05 72.61382 0.06907751  0.100996293  0.003393105   1.523998e-03      5.120076e-05         1  2.129121e-02    0.001146752      6.543089e-04            3.524131e-05
96  2013-08-03 12:02:15    116 288.9 222.6 222.9335 3.066456e-05 72.71685 0.06907751  0.105470201  0.003393325   1.591508e-03      5.120407e-05         1  2.139305e-02    0.001146247      6.574385e-04            3.522580e-05
97  2013-08-03 12:02:30    117 289.4 222.7 223.0365 3.066456e-05 72.81988 0.06907751  0.109944109  0.003393545   1.659018e-03      5.120739e-05         1  2.190222e-02    0.001143735      6.730862e-04            3.514860e-05
98  2013-08-03 12:02:45    118 289.6 222.7 223.0395 3.066456e-05 72.82292 0.06907751  0.110075752  0.003393551   1.661004e-03      5.120749e-05         1  2.210589e-02    0.001142736      6.793453e-04            3.511788e-05
99  2013-08-03 12:03:00    119 289.9 222.7 223.0426 3.066456e-05 72.82595 0.06907751  0.110207396  0.003393558   1.662991e-03      5.120759e-05         1  2.241140e-02    0.001141242      6.887339e-04            3.507198e-05
100 2013-08-03 12:03:15    120 290.2 222.7 223.0456 3.066456e-05 72.82898 0.06907751  0.110339039  0.003393564   1.664977e-03      5.120768e-05         1  2.271691e-02    0.001139755      6.981225e-04            3.502629e-05
101 2013-08-03 12:03:30    121 290.6 222.7 223.0486 3.066456e-05 72.83201 0.06907751  0.110470682  0.003393571   1.666964e-03      5.120778e-05         1  2.312425e-02    0.001137784      7.106407e-04            3.496570e-05
102 2013-08-03 12:03:45    122 290.9 222.6 222.9517 3.066456e-05 72.73504 0.06907751  0.106260061  0.003393364   1.603427e-03      5.120466e-05         1  2.342975e-02    0.001136313      7.200293e-04            3.492050e-05
103 2013-08-03 12:04:00    123 291.2 222.8 223.1547 3.066456e-05 72.93807 0.06907751  0.115076234  0.003393797   1.736460e-03      5.121120e-05         1  2.373526e-02    0.001134850      7.294179e-04            3.487553e-05
104 2013-08-03 12:04:15    124 291.6 222.9 223.2577 3.066456e-05 73.04111 0.06907751  0.119550142  0.003394018   1.803969e-03      5.121453e-05         1  2.414260e-02    0.001132909      7.419361e-04            3.481589e-05
105 2013-08-03 12:04:30    125 291.7 222.8 223.1608 3.066456e-05 72.94414 0.06907751  0.115339520  0.003393810   1.740433e-03      5.121140e-05         1  2.424444e-02    0.001132426      7.450656e-04            3.480104e-05
106 2013-08-03 12:04:45    126 292.3 222.9 223.2638 3.066456e-05 73.04717 0.06907751  0.119813428  0.003394031   1.807942e-03      5.121473e-05         1  2.485545e-02    0.001129543      7.638429e-04            3.471245e-05
107 2013-08-03 12:05:00    127 292.4 223.1 223.4668 3.066456e-05 73.25020 0.06907751  0.128629601  0.003394466   1.940975e-03      5.122130e-05         1  2.495728e-02    0.001129065      7.669724e-04            3.469777e-05
108 2013-08-03 12:05:15    128 293.0 223.1 223.4699 3.066456e-05 73.25323 0.06907751  0.128761244  0.003394473   1.942962e-03      5.122140e-05         1  2.556830e-02    0.001126216      7.857497e-04            3.461020e-05
109 2013-08-03 12:05:30    129 293.0 223.2 223.5729 3.066456e-05 73.35626 0.06907751  0.133235152  0.003394694   2.010471e-03      5.122474e-05         1  2.556830e-02    0.001126216      7.857497e-04            3.461020e-05
110 2013-08-03 12:05:45    130 293.6 223.0 223.3759 3.066456e-05 73.15930 0.06907751  0.124682266  0.003394271   1.881411e-03      5.121835e-05         1  2.617931e-02    0.001123395      8.045270e-04            3.452351e-05
111 2013-08-03 12:06:00    131 293.7 223.0 223.3790 3.066456e-05 73.16233 0.06907751  0.124813909  0.003394278   1.883398e-03      5.121845e-05         1  2.628114e-02    0.001122928      8.076565e-04            3.450915e-05
112 2013-08-03 12:06:15    132 294.2 223.1 223.4820 3.066456e-05 73.26536 0.06907751  0.129287817  0.003394499   1.950907e-03      5.122179e-05         1  2.679032e-02    0.001120603      8.233042e-04            3.443771e-05
113 2013-08-03 12:06:30    133 294.3 223.2 223.5850 3.066456e-05 73.36839 0.06907751  0.133761725  0.003394720   2.018417e-03      5.122513e-05         1  2.689215e-02    0.001120141      8.264337e-04            3.442350e-05
114 2013-08-03 12:06:45    134 294.9 223.1 223.4881 3.066456e-05 73.27142 0.06907751  0.129551104  0.003394512   1.954880e-03      5.122199e-05         1  2.750317e-02    0.001117383      8.452110e-04            3.433874e-05
115 2013-08-03 12:07:00    135 295.0 223.3 223.6911 3.066456e-05 73.47445 0.06907751  0.138367276  0.003394949   2.087913e-03      5.122858e-05         1  2.760500e-02    0.001116926      8.483405e-04            3.432470e-05
116 2013-08-03 12:07:15    136 295.4 223.1 223.4941 3.066456e-05 73.27749 0.06907751  0.129814391  0.003394525   1.958853e-03      5.122218e-05         1  2.801234e-02    0.001115107      8.608587e-04            3.426880e-05
117 2013-08-03 12:07:30    137 295.7 223.1 223.4971 3.066456e-05 73.28052 0.06907751  0.129946034  0.003394531   1.960840e-03      5.122228e-05         1  2.831785e-02    0.001113751      8.702473e-04            3.422713e-05
118 2013-08-03 12:07:45    138 296.1 223.1 223.5002 3.066456e-05 73.28355 0.06907751  0.130077677  0.003394538   1.962826e-03      5.122238e-05         1  2.872519e-02    0.001111955      8.827655e-04            3.417194e-05
119 2013-08-03 12:08:00    139 296.4 223.2 223.6032 3.066456e-05 73.38658 0.06907751  0.134551585  0.003394760   2.030336e-03      5.122572e-05         1  2.903070e-02    0.001110616      8.921541e-04            3.413080e-05
120 2013-08-03 12:08:15    140 296.6 223.2 223.6062 3.066456e-05 73.38961 0.06907751  0.134683228  0.003394766   2.032322e-03      5.122582e-05         1  2.923437e-02    0.001109728      8.984132e-04            3.410351e-05
121 2013-08-03 12:08:30    141 297.0 223.2 223.6093 3.066456e-05 73.39264 0.06907751  0.134814872  0.003394773   2.034309e-03      5.122592e-05         1  2.964171e-02    0.001107962      9.109314e-04            3.404923e-05
122 2013-08-03 12:08:45    142 297.4 223.3 223.7123 3.066456e-05 73.49568 0.06907751  0.139288780  0.003394994   2.101818e-03      5.122927e-05         1  3.004905e-02    0.001106209      9.234496e-04            3.399536e-05
123 2013-08-03 12:09:00    143 297.7 223.1 223.5153 3.066456e-05 73.29871 0.06907751  0.130735894  0.003394571   1.972758e-03      5.122287e-05         1  3.035455e-02    0.001104903      9.328382e-04            3.395523e-05
124 2013-08-03 12:09:15    144 297.9 223.1 223.5184 3.066456e-05 73.30174 0.06907751  0.130867537  0.003394577   1.974745e-03      5.122297e-05         1  3.055823e-02    0.001104037      9.390973e-04            3.392861e-05
125 2013-08-03 12:09:30    145 298.4 223.4 223.8214 3.066456e-05 73.60477 0.06907751  0.144025974  0.003395230   2.173301e-03      5.123282e-05         1  3.106740e-02    0.001101886      9.547450e-04            3.386250e-05
126 2013-08-03 12:09:45    146 298.5 223.4 223.8244 3.066456e-05 73.60780 0.06907751  0.144157617  0.003395236   2.175288e-03      5.123291e-05         1  3.116924e-02    0.001101458      9.578745e-04            3.384936e-05
127 2013-08-03 12:10:00    147 299.1 223.4 223.8275 3.066456e-05 73.61083 0.06907751  0.144289261  0.003395243   2.177274e-03      5.123301e-05         1  3.178025e-02    0.001098910      9.766518e-04            3.377105e-05
128 2013-08-03 12:10:15    148 299.1 223.5 223.9305 3.066456e-05 73.71387 0.06907751  0.148763169  0.003395465   2.244784e-03      5.123637e-05         1  3.178025e-02    0.001098910      9.766518e-04            3.377105e-05
129 2013-08-03 12:10:30    149 299.7 223.5 223.9335 3.066456e-05 73.71690 0.06907751  0.148894812  0.003395472   2.246770e-03      5.123647e-05         1  3.239126e-02    0.001096393      9.954290e-04            3.369369e-05
130 2013-08-03 12:10:45    150 299.8 223.4 223.8366 3.066456e-05 73.61993 0.06907751  0.144684191  0.003395262   2.183233e-03      5.123331e-05         1  3.249310e-02    0.001095976      9.985586e-04            3.368089e-05
131 2013-08-03 12:11:00    151 300.4 223.5 223.9396 3.066456e-05 73.72296 0.06907751  0.149158099  0.003395485   2.250743e-03      5.123667e-05         1  3.310411e-02    0.001093495      1.017336e-03            3.360465e-05
132 2013-08-03 12:11:15    152 300.4 223.4 223.8426 3.066456e-05 73.62599 0.06907751  0.144947477  0.003395275   2.187206e-03      5.123351e-05         1  3.310411e-02    0.001093495      1.017336e-03            3.360465e-05
133 2013-08-03 12:11:30    153 300.9 223.5 223.9457 3.066456e-05 73.72902 0.06907751  0.149421385  0.003395498   2.254716e-03      5.123686e-05         1  3.361328e-02    0.001091452      1.032984e-03            3.354185e-05
134 2013-08-03 12:11:45    154 301.1 223.6 224.0487 3.066456e-05 73.83206 0.06907751  0.153895293  0.003395721   2.322226e-03      5.124023e-05         1  3.381696e-02    0.001090640      1.039243e-03            3.351691e-05
135 2013-08-03 12:12:00    155 301.6 223.4 223.8517 3.066456e-05 73.63509 0.06907751  0.145342407  0.003395295   2.193166e-03      5.123380e-05         1  3.432613e-02    0.001088627      1.054890e-03            3.345505e-05
136 2013-08-03 12:12:15    156 301.8 223.5 223.9548 3.066456e-05 73.73812 0.06907751  0.149816315  0.003395518   2.260675e-03      5.123716e-05         1  3.452980e-02    0.001087828      1.061149e-03            3.343050e-05
137 2013-08-03 12:12:30    157 302.2 223.6 224.0578 3.066456e-05 73.84115 0.06907751  0.154290223  0.003395740   2.328185e-03      5.124052e-05         1  3.493714e-02    0.001086241      1.073668e-03            3.338171e-05
138 2013-08-03 12:12:45    158 302.5 223.6 224.0608 3.066456e-05 73.84418 0.06907751  0.154421866  0.003395747   2.330171e-03      5.124062e-05         1  3.524265e-02    0.001085060      1.083056e-03            3.334541e-05
139 2013-08-03 12:13:00    159 302.9 223.7 224.1638 3.066456e-05 73.94721 0.06907751  0.158895774  0.003395970   2.397681e-03      5.124399e-05         1  3.564999e-02    0.001083497      1.095574e-03            3.329739e-05
140 2013-08-03 12:13:15    160 303.2 223.6 224.0669 3.066456e-05 73.85025 0.06907751  0.154685153  0.003395760   2.334144e-03      5.124082e-05         1  3.595550e-02    0.001082335      1.104963e-03            3.326166e-05
141 2013-08-03 12:13:30    161 303.4 223.6 224.0699 3.066456e-05 73.85328 0.06907751  0.154816796  0.003395767   2.336131e-03      5.124092e-05         1  3.615917e-02    0.001081564      1.111222e-03            3.323798e-05
142 2013-08-03 12:13:45    162 303.8 223.5 223.9729 3.066456e-05 73.75631 0.06907751  0.150606175  0.003395557   2.272594e-03      5.123775e-05         1  3.656651e-02    0.001080034      1.123740e-03            3.319096e-05
143 2013-08-03 12:14:00    163 304.1 223.6 224.0760 3.066456e-05 73.85934 0.06907751  0.155080083  0.003395780   2.340104e-03      5.124112e-05         1  3.687201e-02    0.001078895      1.133129e-03            3.315598e-05
144 2013-08-03 12:14:15    164 304.5 223.6 224.0790 3.066456e-05 73.86237 0.06907751  0.155211726  0.003395786   2.342090e-03      5.124122e-05         1  3.727936e-02    0.001077391      1.145647e-03            3.310973e-05
145 2013-08-03 12:14:30    165 304.6 223.7 224.1820 3.066456e-05 73.96540 0.06907751  0.159685634  0.003396010   2.409600e-03      5.124458e-05         1  3.738119e-02    0.001077017      1.148777e-03            3.309823e-05
146 2013-08-03 12:14:45    166 305.2 223.8 224.2851 3.066456e-05 74.06844 0.06907751  0.164159542  0.003396233   2.477109e-03      5.124796e-05         1  3.799220e-02    0.001074792      1.167554e-03            3.302987e-05
147 2013-08-03 12:15:00    167 305.2 223.8 224.2881 3.066456e-05 74.07147 0.06907751  0.164291185  0.003396240   2.479096e-03      5.124806e-05         1  3.799220e-02    0.001074792      1.167554e-03            3.302987e-05
148 2013-08-03 12:15:15    168 305.8 223.7 224.1911 3.066456e-05 73.97450 0.06907751  0.160080564  0.003396029   2.415559e-03      5.124488e-05         1  3.860321e-02    0.001072600      1.186331e-03            3.296251e-05
149 2013-08-03 12:15:30    169 305.9 223.8 224.2942 3.066456e-05 74.07753 0.06907751  0.164554472  0.003396253   2.483069e-03      5.124825e-05         1  3.870505e-02    0.001072238      1.189461e-03            3.295138e-05
150 2013-08-03 12:15:45    170 306.4 223.8 224.2972 3.066456e-05 74.08056 0.06907751  0.164686115  0.003396259   2.485055e-03      5.124835e-05         1  3.921423e-02    0.001070442      1.205108e-03            3.289618e-05
151 2013-08-03 12:16:00    171 306.6 223.7 224.2002 3.066456e-05 73.98359 0.06907751  0.160475494  0.003396049   2.421519e-03      5.124518e-05         1  3.941790e-02    0.001069729      1.211367e-03            3.287429e-05
152 2013-08-03 12:16:15    172 307.0 223.6 224.1033 3.066456e-05 73.88663 0.06907751  0.156264873  0.003395839   2.357982e-03      5.124201e-05         1  3.982524e-02    0.001068316      1.223886e-03            3.283087e-05
153 2013-08-03 12:16:30    173 307.2 223.9 224.4063 3.066456e-05 74.18966 0.06907751  0.169423310  0.003396496   2.556538e-03      5.125193e-05         1  4.002891e-02    0.001067615      1.230145e-03            3.280933e-05
154 2013-08-03 12:16:45    174 307.5 223.8 224.3093 3.066456e-05 74.09269 0.06907751  0.165212689  0.003396286   2.493001e-03      5.124875e-05         1  4.033442e-02    0.001066571      1.239533e-03            3.277723e-05
155 2013-08-03 12:17:00    175 308.0 223.9 224.4124 3.066456e-05 74.19572 0.06907751  0.169686597  0.003396510   2.560511e-03      5.125213e-05         1  4.084359e-02    0.001064849      1.255181e-03            3.272431e-05
156 2013-08-03 12:17:15    176 308.5 223.9 224.4154 3.066456e-05 74.19875 0.06907751  0.169818240  0.003396516   2.562497e-03      5.125223e-05         1  4.135277e-02    0.001063151      1.270829e-03            3.267212e-05
157 2013-08-03 12:17:30    177 308.6 224.0 224.5184 3.066456e-05 74.30178 0.06907751  0.174292148  0.003396740   2.630007e-03      5.125561e-05         1  4.145460e-02    0.001062814      1.273958e-03            3.266177e-05
158 2013-08-03 12:17:45    178 308.7 224.1 224.6214 3.066456e-05 74.40482 0.06907751  0.178766056  0.003396965   2.697517e-03      5.125900e-05         1  4.155644e-02    0.001062478      1.277088e-03            3.265145e-05
159 2013-08-03 12:18:00    179 309.3 223.9 224.4245 3.066456e-05 74.20785 0.06907751  0.170213170  0.003396536   2.568457e-03      5.125253e-05         1  4.216745e-02    0.001060483      1.295865e-03            3.259012e-05
160 2013-08-03 12:18:15    180 309.3 224.1 224.6275 3.066456e-05 74.41088 0.06907751  0.179029342  0.003396978   2.701490e-03      5.125920e-05         1  4.216745e-02    0.001060483      1.295865e-03            3.259012e-05
161 2013-08-03 12:18:30    181 309.9 223.8 224.3305 3.066456e-05 74.11391 0.06907751  0.166134192  0.003396332   2.506906e-03      5.124945e-05         1  4.277846e-02    0.001058522      1.314642e-03            3.252986e-05
162 2013-08-03 12:18:45    182 310.0 223.9 224.4336 3.066456e-05 74.21694 0.06907751  0.170608100  0.003396556   2.574416e-03      5.125283e-05         1  4.288030e-02    0.001058198      1.317772e-03            3.251991e-05
163 2013-08-03 12:19:00    183 310.5 224.0 224.5366 3.066456e-05 74.31997 0.06907751  0.175082008  0.003396780   2.641926e-03      5.125621e-05         1  4.338947e-02    0.001056595      1.333420e-03            3.247065e-05
164 2013-08-03 12:19:15    184 310.6 223.9 224.4396 3.066456e-05 74.22301 0.06907751  0.170871386  0.003396569   2.578389e-03      5.125302e-05         1  4.349131e-02    0.001056277      1.336549e-03            3.246089e-05
165 2013-08-03 12:19:30    185 311.2 223.9 224.4427 3.066456e-05 74.22604 0.06907751  0.171003030  0.003396575   2.580375e-03      5.125312e-05         1  4.410232e-02    0.001054391      1.355326e-03            3.240292e-05
166 2013-08-03 12:19:45    186 311.3 223.7 224.2457 3.066456e-05 74.02907 0.06907751  0.162450144  0.003396148   2.451315e-03      5.124667e-05         1  4.420416e-02    0.001054080      1.358456e-03            3.239337e-05
167 2013-08-03 12:20:00    187 311.8 223.8 224.3487 3.066456e-05 74.13210 0.06907751  0.166924052  0.003396371   2.518825e-03      5.125004e-05         1  4.471333e-02    0.001052540      1.374104e-03            3.234603e-05
168 2013-08-03 12:20:15    188 312.0 223.8 224.3518 3.066456e-05 74.13513 0.06907751  0.167055695  0.003396378   2.520811e-03      5.125014e-05         1  4.491700e-02    0.001051931      1.380363e-03            3.232731e-05
169 2013-08-03 12:20:30    189 312.4 223.9 224.4548 3.066456e-05 74.23816 0.06907751  0.171529603  0.003396602   2.588321e-03      5.125352e-05         1  4.532435e-02    0.001050724      1.392881e-03            3.229022e-05
170 2013-08-03 12:20:45    190 312.7 223.9 224.4578 3.066456e-05 74.24120 0.06907751  0.171661246  0.003396608   2.590308e-03      5.125362e-05         1  4.562985e-02    0.001049829      1.402270e-03            3.226273e-05
171 2013-08-03 12:21:00    191 313.0 223.9 224.4609 3.066456e-05 74.24423 0.06907751  0.171792890  0.003396615   2.592294e-03      5.125372e-05         1  4.593536e-02    0.001048943      1.411658e-03            3.223550e-05
172 2013-08-03 12:21:15    192 313.4 223.8 224.3639 3.066456e-05 74.14726 0.06907751  0.167582268  0.003396404   2.528757e-03      5.125054e-05         1  4.634270e-02    0.001047776      1.424176e-03            3.219962e-05
173 2013-08-03 12:21:30    193 313.6 223.9 224.4669 3.066456e-05 74.25029 0.06907751  0.172056176  0.003396628   2.596267e-03      5.125392e-05         1  4.654637e-02    0.001047198      1.430435e-03            3.218186e-05
174 2013-08-03 12:21:45    194 314.0 224.1 224.6700 3.066456e-05 74.45332 0.06907751  0.180872349  0.003397071   2.729300e-03      5.126059e-05         1  4.695371e-02    0.001046054      1.442954e-03            3.214671e-05
175 2013-08-03 12:22:00    195 314.1 223.9 224.4730 3.066456e-05 74.25635 0.06907751  0.172319463  0.003396641   2.600240e-03      5.125412e-05         1  4.705555e-02    0.001045771      1.446083e-03            3.213800e-05
176 2013-08-03 12:22:15    196 314.7 224.0 224.5760 3.066456e-05 74.35939 0.06907751  0.176793371  0.003396866   2.667750e-03      5.125750e-05         1  4.766656e-02    0.001044091      1.464860e-03            3.208638e-05
177 2013-08-03 12:22:30    197 314.8 223.9 224.4790 3.066456e-05 74.26242 0.06907751  0.172582750  0.003396655   2.604213e-03      5.125432e-05         1  4.776839e-02    0.001043814      1.467990e-03            3.207788e-05
178 2013-08-03 12:22:45    198 315.4 224.1 224.6821 3.066456e-05 74.46545 0.06907751  0.181398922  0.003397097   2.737246e-03      5.126099e-05         1  4.837940e-02    0.001042177      1.486767e-03            3.202755e-05
179 2013-08-03 12:23:00    199 315.4 224.2 224.7851 3.066456e-05 74.56848 0.06907751  0.185872830  0.003397322   2.804755e-03      5.126439e-05         1  4.837940e-02    0.001042177      1.486767e-03            3.202755e-05
180 2013-08-03 12:23:15    200 315.8 224.1 224.6881 3.066456e-05 74.47151 0.06907751  0.181662209  0.003397110   2.741219e-03      5.126119e-05         1  4.878675e-02    0.001041105      1.499285e-03            3.199461e-05
181 2013-08-03 12:23:30    201 316.1 224.2 224.7912 3.066456e-05 74.57454 0.06907751  0.186136117  0.003397335   2.808728e-03      5.126459e-05         1  4.909225e-02    0.001040311      1.508674e-03            3.197023e-05
182 2013-08-03 12:23:45    202 316.3 224.2 224.7942 3.066456e-05 74.57758 0.06907751  0.186267760  0.003397342   2.810715e-03      5.126469e-05         1  4.929592e-02    0.001039788      1.514933e-03            3.195414e-05
183 2013-08-03 12:24:00    203 316.8 224.2 224.7972 3.066456e-05 74.58061 0.06907751  0.186399403  0.003397348   2.812701e-03      5.126479e-05         1  4.980510e-02    0.001038496      1.530581e-03            3.191444e-05

$dryleafvolt
            timestamp record LWSmV  SEmV    CSEmV     CSEmV.sd   loadmV  loadmV.sd
1 2013-08-03 11:37:15     16 264.4 220.1 220.1303 3.066456e-05 69.91369 0.06907751
2 2013-08-03 11:37:30     17 264.4 220.6 220.6333 3.066456e-05 70.41672 0.06907751
3 2013-08-03 11:37:45     18 264.4 220.6 220.6364 3.066456e-05 70.41975 0.06907751
4 2013-08-03 11:38:00     19 264.4 220.5 220.5394 3.066456e-05 70.32278 0.06907751
5 2013-08-03 11:38:15     20 264.4 220.6 220.6424 3.066456e-05 70.42581 0.06907751
6 2013-08-03 11:38:30     21 264.4 220.4 220.4455 3.066456e-05 70.22884 0.06907751

$runtime
Time difference of 45.5 mins

$startcalibvolt
            timestamp record LWSmV  SEmV    CSEmV     CSEmV.sd   loadmV  loadmV.sd
1 2013-08-03 11:35:15      8 264.4 272.7 272.7061 3.066456e-05 122.4894 0.06907751
2 2013-08-03 11:35:30      9 264.4 272.9 272.9091 3.066456e-05 122.6925 0.06907751
3 2013-08-03 11:35:45     10 264.4 273.1 273.1121 3.066456e-05 122.8955 0.06907751
4 2013-08-03 11:36:00     11 264.3 272.9 272.9152 3.066456e-05 122.6985 0.06907751
5 2013-08-03 11:36:15     12 264.3 273.1 273.1182 3.066456e-05 122.9016 0.06907751
6 2013-08-03 11:36:30     13 264.3 273.0 273.0212 3.066456e-05 122.8046 0.06907751

$endcalibvolt
            timestamp record LWSmV  SEmV
1 2013-08-03 12:28:00    219 265.1 272.2
2 2013-08-03 12:28:15    220 265.1 272.1
3 2013-08-03 12:28:30    221 265.0 272.1

$lastLWSvolt
[1] 314.7

$maxLWSvolt
[1] 317.4

$species
[1] "dougfir"

$trial
[1] "4"

$replicate
[1] "1"

$isvertical
[1] FALSE

$conversionfactor
         avg        stdev
1 0.04342265 9.976229e-06

$LWSwatermass
         avg       stdev
1 0.03487009 0.002290941

$dryleafmass
       avg       stdev
1 3.052088 0.001411106

$lwsmodel

Call:
lm(formula = LWSsurfacedensity ~ record, data = rd[rd$runfilter == 
    1, ])

Coefficients:
(Intercept)       record  
 -4.960e-04    9.984e-06  


$leafmodel

Call:
lm(formula = surfacedensity ~ record, data = rd[rd$runfilter == 
    1, ])

Coefficients:
(Intercept)       record  
  7.096e-05    1.379e-05  


