$name
[1] "dougfir1"

$leafarea
[1] 30.75163

$startbasevolt
            timestamp record LWSmV  SEmV CSEmV CSEmV.sd       loadmV  loadmV.sd
1 2013-08-02 13:38:15      2 263.7 150.2 150.2        0  0.003875969 0.06217669
2 2013-08-02 13:38:30      3 263.7 150.3 150.3        0  0.103875969 0.06217669
3 2013-08-02 13:38:45      4 263.7 150.1 150.1        0 -0.096124031 0.06217669
4 2013-08-02 13:39:00      5 263.7 150.2 150.2        0  0.003875969 0.06217669
5 2013-08-02 13:39:15      6 263.7 150.2 150.2        0  0.003875969 0.06217669

$endbasevolt
            timestamp record LWSmV  SEmV    CSEmV     CSEmV.sd      loadmV loadmV.sd
1 2013-08-02 14:32:00    217 264.4 149.4 150.1360 2.830608e-05 -0.06007752 0.0621767
2 2013-08-02 14:32:15    218 264.4 149.5 150.2395 2.830608e-05  0.04341085 0.0621767
3 2013-08-02 14:32:30    219 264.4 149.4 150.1430 2.830608e-05 -0.05310078 0.0621767
4 2013-08-02 14:32:45    220 264.4 149.5 150.2465 2.830608e-05  0.05038760 0.0621767

$dryragvolt
            timestamp record LWSmV  SEmV    CSEmV     CSEmV.sd   loadmV loadmV.sd
1 2013-08-02 14:28:45    204 332.4 252.6 253.2907 2.830608e-05 103.0946 0.0621767
2 2013-08-02 14:29:00    205 331.9 252.6 253.2942 2.830608e-05 103.0981 0.0621767
3 2013-08-02 14:29:15    206 331.7 252.4 253.0977 2.830608e-05 102.9016 0.0621767

$wetragvolt
            timestamp record LWSmV  SEmV    CSEmV     CSEmV.sd   loadmV loadmV.sd
1 2013-08-02 14:30:00    209 265.5 254.0 254.7081 2.830608e-05 104.5120 0.0621767
2 2013-08-02 14:30:15    210 265.1 254.1 254.8116 2.830608e-05 104.6155 0.0621767
3 2013-08-02 14:30:30    211 264.5 253.9 254.6151 2.830608e-05 104.4190 0.0621767

$rundata
              timestamp record LWSmV  SEmV    CSEmV     CSEmV.sd   loadmV loadmV.sd    watermass watermass.sd surfacedensity surfacedensity.sd runfilter      LWSwater LWSwater.stdev LWSsurfacedensity LWSsurfacedensity.stdev
1   2013-08-02 13:42:30     19 263.7 180.7 180.7453 2.830608e-05 30.54922 0.0621767 -0.006862112  0.002969275  -2.231463e-04      9.655666e-05         0 -4.269451e-03    0.001294739     -1.312062e-04            3.978915e-05
2   2013-08-02 13:42:45     20 263.8   NaN      NaN 2.830608e-05      NaN 0.0621767          NaN          NaN            NaN               NaN         0 -4.167615e-03    0.001294075     -1.280767e-04            3.976874e-05
3   2013-08-02 13:43:00     21 263.9 180.8 180.8523 2.830608e-05 30.65620 0.0621767 -0.002214399  0.002969453  -7.200916e-05      9.656246e-05         0 -4.065780e-03    0.001293411     -1.249471e-04            3.974835e-05
4   2013-08-02 13:43:15     22 264.2 180.8 180.8558 2.830608e-05 30.65969 0.0621767 -0.002062843  0.002969459  -6.708077e-05      9.656265e-05         0 -3.760274e-03    0.001291423     -1.155585e-04            3.968726e-05
5   2013-08-02 13:43:30     23 264.4 180.8 180.8593 2.830608e-05 30.66318 0.0621767 -0.001911288  0.002969465  -6.215239e-05      9.656284e-05         0 -3.556603e-03    0.001290101     -1.092994e-04            3.964662e-05
6   2013-08-02 13:43:45     24 264.4 181.0 181.0628 2.830608e-05 30.86667 0.0621767  0.006929470  0.002969806   2.253366e-04      9.657392e-05         0 -3.556603e-03    0.001290101     -1.092994e-04            3.964662e-05
7   2013-08-02 13:44:00     25 264.4 181.1 181.1663 2.830608e-05 30.97016 0.0621767  0.011425626  0.002969980   3.715454e-04      9.657958e-05         0 -3.556603e-03    0.001290101     -1.092994e-04            3.964662e-05
8   2013-08-02 13:44:15     26 264.6 180.9 180.9698 2.830608e-05 30.77364 0.0621767  0.002887981  0.002969650   9.391308e-05      9.656884e-05         0 -3.352933e-03    0.001288780     -1.030403e-04            3.960604e-05
9   2013-08-02 13:44:30     27 265.1 180.9 180.9733 2.830608e-05 30.77713 0.0621767  0.003039537  0.002969655   9.884147e-05      9.656903e-05         0 -2.843756e-03    0.001285489     -8.739263e-05            3.950488e-05
10  2013-08-02 13:44:45     28 265.1 181.1 181.1767 2.830608e-05 30.98062 0.0621767  0.011880294  0.002969997   3.863305e-04      9.658015e-05         0 -2.843756e-03    0.001285489     -8.739263e-05            3.950488e-05
11  2013-08-02 13:45:00     29 265.1 180.8 180.8802 2.830608e-05 30.68411 0.0621767 -0.001001953  0.002969500  -3.258209e-05      9.656397e-05         0 -2.843756e-03    0.001285489     -8.739263e-05            3.950488e-05
12  2013-08-02 13:45:15     30 265.3 180.9 180.9837 2.830608e-05 30.78760 0.0621767  0.003494204  0.002969673   1.136266e-04      9.656960e-05         0 -2.640086e-03    0.001284176     -8.113355e-05            3.946453e-05
13  2013-08-02 13:45:30     31 265.8 181.1 181.1872 2.830608e-05 30.99109 0.0621767  0.012334961  0.002970015   4.011157e-04      9.658073e-05         0 -2.130909e-03    0.001280903     -6.548584e-05            3.936394e-05
14  2013-08-02 13:45:45     32 265.8 180.9 180.9907 2.830608e-05 30.79457 0.0621767  0.003797316  0.002969685   1.234834e-04      9.656998e-05         0 -2.130909e-03    0.001280903     -6.548584e-05            3.936394e-05
15  2013-08-02 13:46:00     33 266.2 181.0 181.0942 2.830608e-05 30.89806 0.0621767  0.008293472  0.002969858   2.696921e-04      9.657563e-05         0 -1.723568e-03    0.001278294     -5.296767e-05            3.928377e-05
16  2013-08-02 13:46:15     34 266.5 181.0 181.0977 2.830608e-05 30.90155 0.0621767  0.008445028  0.002969864   2.746205e-04      9.657582e-05         0 -1.418062e-03    0.001276343     -4.357904e-05            3.922382e-05
17  2013-08-02 13:46:30     35 266.6 181.1 181.2012 2.830608e-05 31.00504 0.0621767  0.012941185  0.002970039   4.208292e-04      9.658149e-05         0 -1.316227e-03    0.001275694     -4.044950e-05            3.920387e-05
18  2013-08-02 13:46:45     36 267.1 181.0 181.1047 2.830608e-05 30.90853 0.0621767  0.008748140  0.002969876   2.844772e-04      9.657620e-05         0 -8.070501e-04    0.001272456     -2.480179e-05            3.910438e-05
19  2013-08-02 13:47:00     37 267.2 181.1 181.2081 2.830608e-05 31.01202 0.0621767  0.013244297  0.002970050   4.306860e-04      9.658187e-05         0 -7.052148e-04    0.001271811     -2.167224e-05            3.908453e-05
20  2013-08-02 13:47:15     38 267.8 181.1 181.2116 2.830608e-05 31.01550 0.0621767  0.013395852  0.002970056   4.356143e-04      9.658206e-05         0 -9.420292e-05    0.001267947     -2.894988e-06            3.896579e-05
21  2013-08-02 13:47:30     39 267.8 181.3 181.4151 2.830608e-05 31.21899 0.0621767  0.022236610  0.002970401   7.231034e-04      9.659327e-05         0 -9.420292e-05    0.001267947     -2.894988e-06            3.896579e-05
22  2013-08-02 13:47:45     40 268.4 180.9 181.0186 2.830608e-05 30.82248 0.0621767  0.005009763  0.002969731   1.629105e-04      9.657150e-05         0  5.168089e-04    0.001264103      1.588227e-05            3.884768e-05
23  2013-08-02 13:48:00     41 268.5 181.1 181.2221 2.830608e-05 31.02597 0.0621767  0.013850520  0.002970074   4.503995e-04      9.658264e-05         0  6.186443e-04    0.001263465      1.901181e-05            3.882805e-05
24  2013-08-02 13:48:15     42 269.1 181.3 181.4256 2.830608e-05 31.22946 0.0621767  0.022691277  0.002970419   7.378885e-04      9.659385e-05         0  1.229656e-03    0.001259645      3.778906e-05            3.871066e-05
25  2013-08-02 13:48:30     43 269.2 181.3 181.4291 2.830608e-05 31.23295 0.0621767  0.022842833  0.002970424   7.428169e-04      9.659404e-05         0  1.331491e-03    0.001259010      4.091861e-05            3.869116e-05
26  2013-08-02 13:48:45     44 269.8 181.2 181.3326 2.830608e-05 31.13643 0.0621767  0.018649788  0.002970261   6.064650e-04      9.658871e-05         0  1.942503e-03    0.001255214      5.969586e-05            3.857450e-05
27  2013-08-02 13:49:00     45 270.0 181.4 181.5360 2.830608e-05 31.33992 0.0621767  0.027490546  0.002970607   8.939540e-04      9.659996e-05         0  2.146174e-03    0.001253954      6.595494e-05            3.853576e-05
28  2013-08-02 13:49:15     46 270.5 181.4 181.5395 2.830608e-05 31.34341 0.0621767  0.027642101  0.002970613   8.988824e-04      9.660015e-05         0  2.655350e-03    0.001250812      8.160266e-05            3.843921e-05
29  2013-08-02 13:49:30     47 270.7 181.3 181.4430 2.830608e-05 31.24690 0.0621767  0.023449056  0.002970448   7.625304e-04      9.659481e-05         0  2.859021e-03    0.001249559      8.786174e-05            3.840072e-05
30  2013-08-02 13:49:45     48 271.2 181.3 181.4465 2.830608e-05 31.25039 0.0621767  0.023600612  0.002970454   7.674588e-04      9.659500e-05         0  3.368198e-03    0.001246438      1.035095e-04            3.830479e-05
31  2013-08-02 13:50:00     49 271.6 181.3 181.4500 2.830608e-05 31.25388 0.0621767  0.023752168  0.002970460   7.723872e-04      9.659520e-05         0  3.775539e-03    0.001243951      1.160276e-04            3.822838e-05
32  2013-08-02 13:50:15     50 271.9 181.3 181.4535 2.830608e-05 31.25736 0.0621767  0.023903724  0.002970466   7.773156e-04      9.659539e-05         0  4.081045e-03    0.001242093      1.254163e-04            3.817126e-05
33  2013-08-02 13:50:30     51 272.4 181.4 181.5570 2.830608e-05 31.36085 0.0621767  0.028399881  0.002970642   9.235243e-04      9.660112e-05         0  4.590221e-03    0.001239007      1.410640e-04            3.807642e-05
34  2013-08-02 13:50:45     52 272.6 181.4 181.5605 2.830608e-05 31.36434 0.0621767  0.028551436  0.002970648   9.284527e-04      9.660132e-05         0  4.793892e-03    0.001237777      1.473230e-04            3.803862e-05
35  2013-08-02 13:51:00     53 273.2 181.3 181.4640 2.830608e-05 31.26783 0.0621767  0.024358391  0.002970484   7.921007e-04      9.659597e-05         0  5.404904e-03    0.001234101      1.661003e-04            3.792565e-05
36  2013-08-02 13:51:15     54 273.3 181.4 181.5674 2.830608e-05 31.37132 0.0621767  0.028854548  0.002970660   9.383094e-04      9.660170e-05         0  5.506739e-03    0.001233490      1.692298e-04            3.790688e-05
37  2013-08-02 13:51:30     55 273.9 181.3 181.4709 2.830608e-05 31.27481 0.0621767  0.024661503  0.002970496   8.019575e-04      9.659635e-05         0  6.117751e-03    0.001229839      1.880071e-04            3.779469e-05
38  2013-08-02 13:51:45     56 274.2 181.3 181.4744 2.830608e-05 31.27829 0.0621767  0.024813059  0.002970502   8.068859e-04      9.659655e-05         1  6.423257e-03    0.001228022      1.973957e-04            3.773885e-05
39  2013-08-02 13:52:00     57 274.6 181.1 181.2779 2.830608e-05 31.08178 0.0621767  0.016275413  0.002970168   5.292536e-04      9.658571e-05         1  6.830598e-03    0.001225608      2.099139e-04            3.766465e-05
40  2013-08-02 13:52:15     58 275.0 181.5 181.6814 2.830608e-05 31.48527 0.0621767  0.033805372  0.002970855   1.099303e-03      9.660804e-05         1  7.237939e-03    0.001223203      2.224321e-04            3.759077e-05
41  2013-08-02 13:52:30     59 275.3 181.4 181.5849 2.830608e-05 31.38876 0.0621767  0.029612327  0.002970690   9.629514e-04      9.660267e-05         1  7.543445e-03    0.001221407      2.318207e-04            3.753555e-05
42  2013-08-02 13:52:45     60 275.9 181.2 181.3884 2.830608e-05 31.19225 0.0621767  0.021074682  0.002970355   6.853191e-04      9.659179e-05         1  8.154457e-03    0.001217830      2.505979e-04            3.742563e-05
43  2013-08-02 13:53:00     61 276.1 181.3 181.4919 2.830608e-05 31.29574 0.0621767  0.025570838  0.002970531   8.315278e-04      9.659751e-05         1  8.358128e-03    0.001216643      2.568570e-04            3.738915e-05
44  2013-08-02 13:53:15     62 276.6 181.4 181.5953 2.830608e-05 31.39922 0.0621767  0.030066995  0.002970708   9.777365e-04      9.660325e-05         1  8.867304e-03    0.001213686      2.725047e-04            3.729828e-05
45  2013-08-02 13:53:30     63 277.0 181.5 181.6988 2.830608e-05 31.50271 0.0621767  0.034563151  0.002970885   1.123945e-03      9.660901e-05         1  9.274646e-03    0.001211332      2.850229e-04            3.722594e-05
46  2013-08-02 13:53:45     64 277.3 181.3 181.5023 2.830608e-05 31.30620 0.0621767  0.026025506  0.002970549   8.463130e-04      9.659809e-05         1  9.580152e-03    0.001209573      2.944115e-04            3.717189e-05
47  2013-08-02 13:54:00     65 277.8 181.5 181.7058 2.830608e-05 31.50969 0.0621767  0.034866263  0.002970897   1.133802e-03      9.660940e-05         1  1.008933e-02    0.001206655      3.100593e-04            3.708220e-05
48  2013-08-02 13:54:15     66 278.1 181.4 181.6093 2.830608e-05 31.41318 0.0621767  0.030673218  0.002970732   9.974500e-04      9.660403e-05         1  1.039483e-02    0.001204911      3.194479e-04            3.702862e-05
49  2013-08-02 13:54:30     67 278.7 181.5 181.7128 2.830608e-05 31.51667 0.0621767  0.035169375  0.002970909   1.143659e-03      9.660979e-05         1  1.100585e-02    0.001201442      3.382251e-04            3.692201e-05
50  2013-08-02 13:54:45     68 278.9 181.3 181.5163 2.830608e-05 31.32016 0.0621767  0.026631729  0.002970573   8.660265e-04      9.659887e-05         1  1.120952e-02    0.001200291      3.444842e-04            3.688663e-05
51  2013-08-02 13:55:00     69 279.4 181.4 181.6198 2.830608e-05 31.42364 0.0621767  0.031127886  0.002970750   1.012235e-03      9.660461e-05         1  1.171869e-02    0.001197425      3.601319e-04            3.679855e-05
52  2013-08-02 13:55:15     70 279.8 181.3 181.5233 2.830608e-05 31.32713 0.0621767  0.026934841  0.002970585   8.758833e-04      9.659925e-05         1  1.212603e-02    0.001195144      3.726501e-04            3.672844e-05
53  2013-08-02 13:55:30     71 280.1 181.4 181.6267 2.830608e-05 31.43062 0.0621767  0.031430997  0.002970761   1.022092e-03      9.660500e-05         1  1.243154e-02    0.001193440      3.820387e-04            3.667608e-05
54  2013-08-02 13:55:45     72 280.7 181.3 181.5302 2.830608e-05 31.33411 0.0621767  0.027237952  0.002970597   8.857400e-04      9.659964e-05         1  1.304255e-02    0.001190050      4.008160e-04            3.657191e-05
55  2013-08-02 13:56:00     73 281.0 181.3 181.5337 2.830608e-05 31.33760 0.0621767  0.027389508  0.002970603   8.906684e-04      9.659983e-05         1  1.334806e-02    0.001188364      4.102046e-04            3.652011e-05
56  2013-08-02 13:56:15     74 281.4 181.2 181.4372 2.830608e-05 31.24109 0.0621767  0.023196463  0.002970438   7.543165e-04      9.659449e-05         1  1.375540e-02    0.001186126      4.227228e-04            3.645133e-05
57  2013-08-02 13:56:30     75 281.8 181.3 181.5407 2.830608e-05 31.34457 0.0621767  0.027692620  0.002970615   9.005252e-04      9.660022e-05         1  1.416274e-02    0.001183899      4.352409e-04            3.638288e-05
58  2013-08-02 13:56:45     76 282.1 181.3 181.5442 2.830608e-05 31.34806 0.0621767  0.027844176  0.002970620   9.054536e-04      9.660041e-05         1  1.446825e-02    0.001182236      4.446296e-04            3.633177e-05
59  2013-08-02 13:57:00     77 282.7 181.3 181.5477 2.830608e-05 31.35155 0.0621767  0.027995732  0.002970626   9.103819e-04      9.660061e-05         1  1.507926e-02    0.001178928      4.634068e-04            3.623011e-05
60  2013-08-02 13:57:15     78 282.9 181.3 181.5512 2.830608e-05 31.35504 0.0621767  0.028147288  0.002970632   9.153103e-04      9.660080e-05         1  1.528293e-02    0.001177831      4.696659e-04            3.619639e-05
61  2013-08-02 13:57:30     79 283.4 181.3 181.5547 2.830608e-05 31.35853 0.0621767  0.028298843  0.002970638   9.202387e-04      9.660099e-05         1  1.579211e-02    0.001175100      4.853136e-04            3.611248e-05
62  2013-08-02 13:57:45     80 283.8 181.3 181.5581 2.830608e-05 31.36202 0.0621767  0.028450399  0.002970644   9.251671e-04      9.660119e-05         1  1.619945e-02    0.001172928      4.978318e-04            3.604574e-05
63  2013-08-02 13:58:00     81 284.1 181.4 181.6616 2.830608e-05 31.46550 0.0621767  0.032946556  0.002970821   1.071376e-03      9.660694e-05         1  1.650495e-02    0.001171307      5.072204e-04            3.599591e-05
64  2013-08-02 13:58:15     82 284.8 181.5 181.7651 2.830608e-05 31.56899 0.0621767  0.037442712  0.002970999   1.217585e-03      9.661271e-05         1  1.721780e-02    0.001167548      5.291272e-04            3.588040e-05
65  2013-08-02 13:58:30     83 285.1 181.5 181.7686 2.830608e-05 31.57248 0.0621767  0.037594268  0.002971005   1.222513e-03      9.661290e-05         1  1.752331e-02    0.001165948      5.385158e-04            3.583123e-05
66  2013-08-02 13:58:45     84 285.5 181.4 181.6721 2.830608e-05 31.47597 0.0621767  0.033401223  0.002970839   1.086161e-03      9.660752e-05         1  1.793065e-02    0.001163825      5.510340e-04            3.576597e-05
67  2013-08-02 13:59:00     85 286.0 181.6 181.8756 2.830608e-05 31.67946 0.0621767  0.042241981  0.002971189   1.373650e-03      9.661889e-05         1  1.843982e-02    0.001161187      5.666817e-04            3.568490e-05
68  2013-08-02 13:59:15     86 286.4 181.5 181.7791 2.830608e-05 31.58295 0.0621767  0.038048936  0.002971023   1.237298e-03      9.661349e-05         1  1.884716e-02    0.001159089      5.791999e-04            3.562044e-05
69  2013-08-02 13:59:30     87 286.8 181.6 181.8826 2.830608e-05 31.68643 0.0621767  0.042545092  0.002971201   1.383507e-03      9.661928e-05         1  1.925451e-02    0.001157003      5.917181e-04            3.555634e-05
70  2013-08-02 13:59:45     88 287.3 181.6 181.8860 2.830608e-05 31.68992 0.0621767  0.042696648  0.002971207   1.388435e-03      9.661947e-05         1  1.976368e-02    0.001154413      6.073658e-04            3.547673e-05
71  2013-08-02 14:00:00     89 287.6 181.5 181.7895 2.830608e-05 31.59341 0.0621767  0.038503603  0.002971040   1.252083e-03      9.661407e-05         1  2.006919e-02    0.001152867      6.167544e-04            3.542923e-05
72  2013-08-02 14:00:15     90 288.2 181.5 181.7930 2.830608e-05 31.59690 0.0621767  0.038655159  0.002971046   1.257012e-03      9.661427e-05         1  2.068020e-02    0.001149796      6.355317e-04            3.533486e-05
73  2013-08-02 14:00:30     91 288.5 181.6 181.8965 2.830608e-05 31.70039 0.0621767  0.043151316  0.002971225   1.403220e-03      9.662006e-05         1  2.098571e-02    0.001148271      6.449203e-04            3.528798e-05
74  2013-08-02 14:00:45     92 288.9 181.6 181.9000 2.830608e-05 31.70388 0.0621767  0.043302872  0.002971231   1.408149e-03      9.662026e-05         1  2.139305e-02    0.001146247      6.574385e-04            3.522580e-05
75  2013-08-02 14:01:00     93 289.4 181.8 182.1035 2.830608e-05 31.90736 0.0621767  0.052143629  0.002971583   1.695638e-03      9.663170e-05         1  2.190222e-02    0.001143735      6.730862e-04            3.514860e-05
76  2013-08-02 14:01:15     94 289.7 181.8 182.1070 2.830608e-05 31.91085 0.0621767  0.052295185  0.002971589   1.700566e-03      9.663190e-05         1  2.220773e-02    0.001142237      6.824748e-04            3.510255e-05
77  2013-08-02 14:01:30     95 290.2 181.8 182.1105 2.830608e-05 31.91434 0.0621767  0.052446741  0.002971595   1.705494e-03      9.663210e-05         1  2.271691e-02    0.001139755      6.981225e-04            3.502629e-05
78  2013-08-02 14:01:45     96 290.5 181.8 182.1140 2.830608e-05 31.91783 0.0621767  0.052598296  0.002971601   1.710423e-03      9.663229e-05         1  2.302241e-02    0.001138276      7.075111e-04            3.498081e-05
79  2013-08-02 14:02:00     97 290.9 181.8 182.1174 2.830608e-05 31.92132 0.0621767  0.052749852  0.002971607   1.715351e-03      9.663249e-05         1  2.342975e-02    0.001136313      7.200293e-04            3.492050e-05
80  2013-08-02 14:02:15     98 291.4 181.8 182.1209 2.830608e-05 31.92481 0.0621767  0.052901408  0.002971613   1.720280e-03      9.663269e-05         1  2.393893e-02    0.001133878      7.356770e-04            3.484566e-05
81  2013-08-02 14:02:30     99 291.7 181.6 181.9244 2.830608e-05 31.72829 0.0621767  0.044363762  0.002971273   1.442647e-03      9.662163e-05         1  2.424444e-02    0.001132426      7.450656e-04            3.480104e-05
82  2013-08-02 14:02:45    100 292.3 181.8 182.1279 2.830608e-05 31.93178 0.0621767  0.053204520  0.002971625   1.730136e-03      9.663308e-05         1  2.485545e-02    0.001129543      7.638429e-04            3.471245e-05
83  2013-08-02 14:03:00    101 292.6 181.7 182.0314 2.830608e-05 31.83527 0.0621767  0.049011475  0.002971458   1.593784e-03      9.662764e-05         1  2.516095e-02    0.001128112      7.732315e-04            3.466848e-05
84  2013-08-02 14:03:15    102 293.0 181.6 181.9349 2.830608e-05 31.73876 0.0621767  0.044818430  0.002971291   1.457433e-03      9.662221e-05         1  2.556830e-02    0.001126216      7.857497e-04            3.461020e-05
85  2013-08-02 14:03:30    103 293.5 181.7 182.0384 2.830608e-05 31.84225 0.0621767  0.049314587  0.002971470   1.603641e-03      9.662803e-05         1  2.607747e-02    0.001123863      8.013974e-04            3.453790e-05
86  2013-08-02 14:03:45    104 293.7 181.6 181.9419 2.830608e-05 31.74574 0.0621767  0.045121542  0.002971303   1.467289e-03      9.662260e-05         1  2.628114e-02    0.001122928      8.076565e-04            3.450915e-05
87  2013-08-02 14:04:00    105 294.3 181.6 181.9453 2.830608e-05 31.74922 0.0621767  0.045273097  0.002971309   1.472218e-03      9.662280e-05         1  2.689215e-02    0.001120141      8.264337e-04            3.442350e-05
88  2013-08-02 14:04:15    106 294.7 181.6 181.9488 2.830608e-05 31.75271 0.0621767  0.045424653  0.002971315   1.477146e-03      9.662300e-05         1  2.729950e-02    0.001118299      8.389519e-04            3.436689e-05
89  2013-08-02 14:04:30    107 295.0 181.4 181.7523 2.830608e-05 31.55620 0.0621767  0.036887008  0.002970977   1.199514e-03      9.661199e-05         1  2.760500e-02    0.001116926      8.483405e-04            3.432470e-05
90  2013-08-02 14:04:45    108 295.6 181.4 181.7558 2.830608e-05 31.55969 0.0621767  0.037038563  0.002970983   1.204442e-03      9.661219e-05         1  2.821601e-02    0.001114202      8.671178e-04            3.424100e-05
91  2013-08-02 14:05:00    109 295.9 181.5 181.8593 2.830608e-05 31.66318 0.0621767  0.041534720  0.002971161   1.350651e-03      9.661797e-05         1  2.852152e-02    0.001112851      8.765064e-04            3.419948e-05
92  2013-08-02 14:05:15    110 296.4 181.7 182.0628 2.830608e-05 31.86667 0.0621767  0.050375477  0.002971512   1.638140e-03      9.662941e-05         1  2.903070e-02    0.001110616      8.921541e-04            3.413080e-05
93  2013-08-02 14:05:30    111 296.8 181.6 181.9663 2.830608e-05 31.77016 0.0621767  0.046182433  0.002971345   1.501788e-03      9.662398e-05         1  2.943804e-02    0.001108843      9.046723e-04            3.407632e-05
94  2013-08-02 14:05:45    112 297.1 181.5 181.8698 2.830608e-05 31.67364 0.0621767  0.041989388  0.002971179   1.365436e-03      9.661856e-05         1  2.974354e-02    0.001107523      9.140609e-04            3.403573e-05
95  2013-08-02 14:06:00    113 297.7 181.7 182.0733 2.830608e-05 31.87713 0.0621767  0.050830145  0.002971530   1.652925e-03      9.663000e-05         1  3.035455e-02    0.001104903      9.328382e-04            3.395523e-05
96  2013-08-02 14:06:15    114 297.9 181.5 181.8767 2.830608e-05 31.68062 0.0621767  0.042292499  0.002971191   1.375293e-03      9.661895e-05         1  3.055823e-02    0.001104037      9.390973e-04            3.392861e-05
97  2013-08-02 14:06:30    115 298.4 181.6 181.9802 2.830608e-05 31.78411 0.0621767  0.046788656  0.002971369   1.521501e-03      9.662476e-05         1  3.106740e-02    0.001101886      9.547450e-04            3.386250e-05
98  2013-08-02 14:06:45    116 298.8 181.9 182.2837 2.830608e-05 32.08760 0.0621767  0.059974014  0.002971896   1.950271e-03      9.664190e-05         1  3.147474e-02    0.001100180      9.672632e-04            3.381009e-05
99  2013-08-02 14:07:00    117 299.1 181.8 182.1872 2.830608e-05 31.99109 0.0621767  0.055780969  0.002971728   1.813919e-03      9.663643e-05         1  3.178025e-02    0.001098910      9.766518e-04            3.377105e-05
100 2013-08-02 14:07:15    118 299.6 181.9 182.2907 2.830608e-05 32.09457 0.0621767  0.060277126  0.002971908   1.960128e-03      9.664230e-05         1  3.228943e-02    0.001096810      9.922995e-04            3.370652e-05
101 2013-08-02 14:07:30    119 299.8 181.8 182.1942 2.830608e-05 31.99806 0.0621767  0.056084081  0.002971740   1.823776e-03      9.663683e-05         1  3.249310e-02    0.001095976      9.985586e-04            3.368089e-05
102 2013-08-02 14:07:45    120 300.4 181.8 182.1977 2.830608e-05 32.00155 0.0621767  0.056235637  0.002971746   1.828704e-03      9.663702e-05         1  3.310411e-02    0.001093495      1.017336e-03            3.360465e-05
103 2013-08-02 14:08:00    121 300.7 181.8 182.2012 2.830608e-05 32.00504 0.0621767  0.056387192  0.002971752   1.833632e-03      9.663722e-05         1  3.340961e-02    0.001092266      1.026724e-03            3.356689e-05
104 2013-08-02 14:08:15    122 301.1 181.9 182.3047 2.830608e-05 32.10853 0.0621767  0.060883349  0.002971933   1.979841e-03      9.664309e-05         1  3.381696e-02    0.001090640      1.039243e-03            3.351691e-05
105 2013-08-02 14:08:30    123 301.6 181.9 182.3081 2.830608e-05 32.11202 0.0621767  0.061034905  0.002971939   1.984770e-03      9.664329e-05         1  3.432613e-02    0.001088627      1.054890e-03            3.345505e-05
106 2013-08-02 14:08:45    124 301.9 182.0 182.4116 2.830608e-05 32.21550 0.0621767  0.065531062  0.002972120   2.130978e-03      9.664917e-05         1  3.463164e-02    0.001087430      1.064279e-03            3.341826e-05
107 2013-08-02 14:09:00    125 302.5 182.0 182.4151 2.830608e-05 32.21899 0.0621767  0.065682617  0.002972126   2.135907e-03      9.664937e-05         1  3.524265e-02    0.001085060      1.083056e-03            3.334541e-05
108 2013-08-02 14:09:15    126 302.8 181.9 182.3186 2.830608e-05 32.12248 0.0621767  0.061489572  0.002971957   1.999555e-03      9.664388e-05         1  3.554816e-02    0.001083886      1.092445e-03            3.330935e-05
109 2013-08-02 14:09:30    127 303.2 181.9 182.3221 2.830608e-05 32.12597 0.0621767  0.061641128  0.002971963   2.004483e-03      9.664408e-05         1  3.595550e-02    0.001082335      1.104963e-03            3.326166e-05
110 2013-08-02 14:09:45    128 303.6 182.0 182.4256 2.830608e-05 32.22946 0.0621767  0.066137285  0.002972144   2.150692e-03      9.664997e-05         1  3.636284e-02    0.001080797      1.117481e-03            3.321442e-05
111 2013-08-02 14:10:00    129 303.9 181.9 182.3291 2.830608e-05 32.13295 0.0621767  0.061944240  0.002971975   2.014340e-03      9.664448e-05         1  3.666834e-02    0.001079653      1.126870e-03            3.317927e-05
112 2013-08-02 14:10:15    130 304.5 181.8 182.2326 2.830608e-05 32.03643 0.0621767  0.057751195  0.002971807   1.877988e-03      9.663900e-05         1  3.727936e-02    0.001077391      1.145647e-03            3.310973e-05
113 2013-08-02 14:10:30    131 304.8 181.8 182.2360 2.830608e-05 32.03992 0.0621767  0.057902751  0.002971813   1.882916e-03      9.663920e-05         1  3.758486e-02    0.001076271      1.155036e-03            3.307533e-05
114 2013-08-02 14:10:45    132 305.2 182.0 182.4395 2.830608e-05 32.24341 0.0621767  0.066743508  0.002972169   2.170405e-03      9.665076e-05         1  3.799220e-02    0.001074792      1.167554e-03            3.302987e-05
115 2013-08-02 14:11:00    133 305.8 182.1 182.5430 2.830608e-05 32.34690 0.0621767  0.071239665  0.002972351   2.316614e-03      9.665667e-05         1  3.860321e-02    0.001072600      1.186331e-03            3.296251e-05
116 2013-08-02 14:11:15    134 306.0 182.1 182.5465 2.830608e-05 32.35039 0.0621767  0.071391221  0.002972357   2.321542e-03      9.665687e-05         1  3.880689e-02    0.001071877      1.192590e-03            3.294029e-05
117 2013-08-02 14:11:30    135 306.5 182.0 182.4500 2.830608e-05 32.25388 0.0621767  0.067198176  0.002972187   2.185190e-03      9.665136e-05         1  3.931606e-02    0.001070085      1.208238e-03            3.288522e-05
118 2013-08-02 14:11:45    136 306.9 182.0 182.4535 2.830608e-05 32.25736 0.0621767  0.067349732  0.002972193   2.190119e-03      9.665156e-05         1  3.972340e-02    0.001068668      1.220756e-03            3.284168e-05
119 2013-08-02 14:12:00    137 307.2 182.0 182.4570 2.830608e-05 32.26085 0.0621767  0.067501287  0.002972199   2.195047e-03      9.665176e-05         1  4.002891e-02    0.001067615      1.230145e-03            3.280933e-05
120 2013-08-02 14:12:15    138 307.7 182.1 182.5605 2.830608e-05 32.36434 0.0621767  0.071997444  0.002972381   2.341256e-03      9.665767e-05         1  4.053809e-02    0.001065879      1.245792e-03            3.275598e-05
121 2013-08-02 14:12:30    139 308.3 182.0 182.4640 2.830608e-05 32.26783 0.0621767  0.067804399  0.002972212   2.204904e-03      9.665216e-05         1  4.114910e-02    0.001063827      1.264570e-03            3.269291e-05
122 2013-08-02 14:12:45    140 308.6 182.0 182.4674 2.830608e-05 32.27132 0.0621767  0.067955955  0.002972218   2.209832e-03      9.665236e-05         1  4.145460e-02    0.001062814      1.273958e-03            3.266177e-05
123 2013-08-02 14:13:00    141 308.9 182.1 182.5709 2.830608e-05 32.37481 0.0621767  0.072452112  0.002972400   2.356041e-03      9.665827e-05         1  4.176011e-02    0.001061809      1.283347e-03            3.263089e-05
124 2013-08-02 14:13:15    142 309.3 182.0 182.4744 2.830608e-05 32.27829 0.0621767  0.068259067  0.002972230   2.219689e-03      9.665275e-05         1  4.216745e-02    0.001060483      1.295865e-03            3.259012e-05
125 2013-08-02 14:13:30    143 309.8 182.0 182.4779 2.830608e-05 32.28178 0.0621767  0.068410622  0.002972236   2.224618e-03      9.665295e-05         1  4.267663e-02    0.001058846      1.311513e-03            3.253983e-05
126 2013-08-02 14:13:45    144 310.0 182.1 182.5814 2.830608e-05 32.38527 0.0621767  0.072906779  0.002972418   2.370826e-03      9.665887e-05         1  4.288030e-02    0.001058198      1.317772e-03            3.251991e-05
127 2013-08-02 14:14:00    145 310.6 182.0 182.4849 2.830608e-05 32.28876 0.0621767  0.068713734  0.002972248   2.234474e-03      9.665335e-05         1  4.349131e-02    0.001056277      1.336549e-03            3.246089e-05
128 2013-08-02 14:14:15    146 310.9 182.1 182.5884 2.830608e-05 32.39225 0.0621767  0.073209891  0.002972430   2.380683e-03      9.665927e-05         1  4.379682e-02    0.001055330      1.345938e-03            3.243177e-05
129 2013-08-02 14:14:30    147 311.3 182.1 182.5919 2.830608e-05 32.39574 0.0621767  0.073361447  0.002972437   2.385611e-03      9.665947e-05         1  4.420416e-02    0.001054080      1.358456e-03            3.239337e-05
130 2013-08-02 14:14:45    148 311.8 182.0 182.4953 2.830608e-05 32.29922 0.0621767  0.069168402  0.002972267   2.249259e-03      9.665395e-05         1  4.471333e-02    0.001052540      1.374104e-03            3.234603e-05
131 2013-08-02 14:15:00    149 312.1 182.2 182.6988 2.830608e-05 32.50271 0.0621767  0.078009159  0.002972625   2.536748e-03      9.666561e-05         1  4.501884e-02    0.001051628      1.383492e-03            3.231799e-05
132 2013-08-02 14:15:15    150 312.7 182.1 182.6023 2.830608e-05 32.40620 0.0621767  0.073816114  0.002972455   2.400397e-03      9.666007e-05         1  4.562985e-02    0.001049829      1.402270e-03            3.226273e-05
133 2013-08-02 14:15:30    151 312.9 182.0 182.5058 2.830608e-05 32.30969 0.0621767  0.069623069  0.002972285   2.264045e-03      9.665455e-05         1  4.583352e-02    0.001049237      1.408529e-03            3.224454e-05
134 2013-08-02 14:15:45    152 313.4 182.0 182.5093 2.830608e-05 32.31318 0.0621767  0.069774625  0.002972291   2.268973e-03      9.665475e-05         1  4.634270e-02    0.001047776      1.424176e-03            3.219962e-05
135 2013-08-02 14:16:00    153 313.8 182.2 182.7128 2.830608e-05 32.51667 0.0621767  0.078615382  0.002972650   2.556462e-03      9.666641e-05         1  4.675004e-02    0.001046624      1.436695e-03            3.216423e-05
136 2013-08-02 14:16:15    154 314.0 182.3 182.8163 2.830608e-05 32.62016 0.0621767  0.083111539  0.002972833   2.702671e-03      9.667237e-05         1  4.695371e-02    0.001046054      1.442954e-03            3.214671e-05
137 2013-08-02 14:16:30    155 314.6 182.2 182.7198 2.830608e-05 32.52364 0.0621767  0.078918494  0.002972662   2.566319e-03      9.666681e-05         1  4.756472e-02    0.001044368      1.461731e-03            3.209491e-05
138 2013-08-02 14:16:45    156 314.9 182.2 182.7233 2.830608e-05 32.52713 0.0621767  0.079070050  0.002972668   2.571247e-03      9.666701e-05         1  4.787023e-02    0.001043539      1.471119e-03            3.206942e-05
139 2013-08-02 14:17:00    157 315.4 182.2 182.7267 2.830608e-05 32.53062 0.0621767  0.079221606  0.002972675   2.576176e-03      9.666721e-05         1  4.837940e-02    0.001042177      1.486767e-03            3.202755e-05
140 2013-08-02 14:17:15    158 315.7 182.1 182.6302 2.830608e-05 32.43411 0.0621767  0.075028561  0.002972504   2.439824e-03      9.666167e-05         1  4.868491e-02    0.001041371      1.496156e-03            3.200280e-05
141 2013-08-02 14:17:30    159 316.1 182.1 182.6337 2.830608e-05 32.43760 0.0621767  0.075180117  0.002972510   2.444752e-03      9.666187e-05         1  4.909225e-02    0.001040311      1.508674e-03            3.197023e-05
142 2013-08-02 14:17:45    160 316.7 182.2 182.7372 2.830608e-05 32.54109 0.0621767  0.079676273  0.002972693   2.590961e-03      9.666781e-05         1  4.970326e-02    0.001038752      1.527451e-03            3.192231e-05
143 2013-08-02 14:18:00    161 316.8 182.2 182.7407 2.830608e-05 32.54457 0.0621767  0.079827829  0.002972699   2.595889e-03      9.666801e-05         1  4.980510e-02    0.001038496      1.530581e-03            3.191444e-05
144 2013-08-02 14:18:15    162 317.4 182.3 182.8442 2.830608e-05 32.64806 0.0621767  0.084323986  0.002972883   2.742098e-03      9.667398e-05         1  5.041611e-02    0.001036979      1.549358e-03            3.186783e-05
145 2013-08-02 14:18:30    163 317.8 182.3 182.8477 2.830608e-05 32.65155 0.0621767  0.084475542  0.002972889   2.747026e-03      9.667418e-05         1  5.082345e-02    0.001035988      1.561876e-03            3.183738e-05
146 2013-08-02 14:18:45    164 318.1 182.3 182.8512 2.830608e-05 32.65504 0.0621767  0.084627097  0.002972895   2.751955e-03      9.667438e-05         1  5.112896e-02    0.001035256      1.571265e-03            3.181488e-05
147 2013-08-02 14:19:00    165 318.6 182.3 182.8547 2.830608e-05 32.65853 0.0621767  0.084778653  0.002972901   2.756883e-03      9.667458e-05         1  5.163813e-02    0.001034056      1.586913e-03            3.177800e-05
148 2013-08-02 14:19:15    166 318.8 182.3 182.8581 2.830608e-05 32.66202 0.0621767  0.084930209  0.002972907   2.761811e-03      9.667478e-05         1  5.184181e-02    0.001033583      1.593172e-03            3.176347e-05
149 2013-08-02 14:19:30    167 319.4 182.4 182.9616 2.830608e-05 32.76550 0.0621767  0.089426366  0.002973091   2.908020e-03      9.668077e-05         1  5.245282e-02    0.001032190      1.611949e-03            3.172064e-05
150 2013-08-02 14:19:45    168 319.6 182.4 182.9651 2.830608e-05 32.76899 0.0621767  0.089577922  0.002973098   2.912948e-03      9.668097e-05         1  5.265649e-02    0.001031733      1.618208e-03            3.170662e-05
151 2013-08-02 14:20:00    169 320.1 182.5 183.0686 2.830608e-05 32.87248 0.0621767  0.094074078  0.002973282   3.059157e-03      9.668697e-05         1  5.316566e-02    0.001030611      1.633856e-03            3.167212e-05
152 2013-08-02 14:20:15    170 320.5 182.4 182.9721 2.830608e-05 32.77597 0.0621767  0.089881033  0.002973110   2.922805e-03      9.668137e-05         1  5.357301e-02    0.001029731      1.646374e-03            3.164509e-05
153 2013-08-02 14:20:30    171 320.8 182.4 182.9756 2.830608e-05 32.77946 0.0621767  0.090032589  0.002973116   2.927734e-03      9.668157e-05         1  5.387851e-02    0.001029083      1.655762e-03            3.162516e-05
154 2013-08-02 14:20:45    172 321.4 182.5 183.0791 2.830608e-05 32.88295 0.0621767  0.094528746  0.002973301   3.073942e-03      9.668758e-05         1  5.448952e-02    0.001027814      1.674540e-03            3.158616e-05
155 2013-08-02 14:21:00    173 321.6 182.5 183.0826 2.830608e-05 32.88643 0.0621767  0.094680302  0.002973307   3.078871e-03      9.668778e-05         1  5.469319e-02    0.001027399      1.680799e-03            3.157342e-05
156 2013-08-02 14:21:15    174 322.2 182.6 183.1860 2.830608e-05 32.98992 0.0621767  0.099176458  0.002973493   3.225079e-03      9.669381e-05         1  5.530421e-02    0.001026180      1.699576e-03            3.153596e-05
157 2013-08-02 14:21:30    175 322.4 182.5 183.0895 2.830608e-05 32.89341 0.0621767  0.094983413  0.002973320   3.088727e-03      9.668819e-05         1  5.550788e-02    0.001025782      1.705835e-03            3.152374e-05
158 2013-08-02 14:21:45    176 322.9 182.6 183.1930 2.830608e-05 32.99690 0.0621767  0.099479570  0.002973505   3.234936e-03      9.669421e-05         1  5.601705e-02    0.001024806      1.721483e-03            3.149374e-05
159 2013-08-02 14:22:00    177 323.4 182.4 182.9965 2.830608e-05 32.80039 0.0621767  0.090941924  0.002973154   2.957304e-03      9.668279e-05         1  5.652623e-02    0.001023857      1.737131e-03            3.146455e-05
160 2013-08-02 14:22:15    178 323.6 182.4 183.0000 2.830608e-05 32.80388 0.0621767  0.091093480  0.002973160   2.962232e-03      9.668299e-05         1  5.672990e-02    0.001023484      1.743390e-03            3.145310e-05
161 2013-08-02 14:22:30    179 324.2 182.4 183.0035 2.830608e-05 32.80736 0.0621767  0.091245036  0.002973166   2.967161e-03      9.668319e-05         1  5.734091e-02    0.001022392      1.762167e-03            3.141955e-05
162 2013-08-02 14:22:45    180 324.6 182.5 183.1070 2.830608e-05 32.91085 0.0621767  0.095741192  0.002973351   3.113369e-03      9.668920e-05         1  5.774825e-02    0.001021685      1.774685e-03            3.139783e-05
163 2013-08-02 14:23:00    181 324.9 182.4 183.0105 2.830608e-05 32.81434 0.0621767  0.091548147  0.002973179   2.977017e-03      9.668360e-05         1  5.805376e-02    0.001021166      1.784074e-03            3.138188e-05
164 2013-08-02 14:23:15    182 325.4 182.5 183.1140 2.830608e-05 32.91783 0.0621767  0.096044304  0.002973363   3.123226e-03      9.668961e-05         1  5.856294e-02    0.001020323      1.799721e-03            3.135597e-05
165 2013-08-02 14:23:30    183 325.8 182.4 183.0174 2.830608e-05 32.82132 0.0621767  0.091851259  0.002973191   2.986874e-03      9.668400e-05         1  5.897028e-02    0.001019668      1.812240e-03            3.133582e-05
166 2013-08-02 14:23:45    184 326.3 182.6 183.2209 2.830608e-05 33.02481 0.0621767  0.100692017  0.002973555   3.274363e-03      9.669584e-05         1  5.947945e-02    0.001018873      1.827887e-03            3.131139e-05
167 2013-08-02 14:24:00    185 326.7 182.4 183.0244 2.830608e-05 32.82829 0.0621767  0.092154371  0.002973203   2.996731e-03      9.668441e-05         1  5.988679e-02    0.001018256      1.840405e-03            3.129243e-05
168 2013-08-02 14:24:15    186 327.1 182.6 183.2279 2.830608e-05 33.03178 0.0621767  0.100995128  0.002973568   3.284220e-03      9.669625e-05         1  6.029414e-02    0.001017656      1.852924e-03            3.127401e-05
169 2013-08-02 14:24:30    187 327.6 182.5 183.1314 2.830608e-05 32.93527 0.0621767  0.096802083  0.002973395   3.147868e-03      9.669062e-05         1  6.080331e-02    0.001016931      1.868571e-03            3.125172e-05
170 2013-08-02 14:24:45    188 328.0 182.6 183.2349 2.830608e-05 33.03876 0.0621767  0.101298240  0.002973580   3.294077e-03      9.669666e-05         1  6.121065e-02    0.001016370      1.881090e-03            3.123449e-05
171 2013-08-02 14:25:00    189 328.3 182.4 183.0384 2.830608e-05 32.84225 0.0621767  0.092760594  0.002973228   3.016444e-03      9.668522e-05         1  6.151616e-02    0.001015961      1.890478e-03            3.122192e-05
172 2013-08-02 14:25:15    190 329.0 182.5 183.1419 2.830608e-05 32.94574 0.0621767  0.097256751  0.002973413   3.162653e-03      9.669123e-05         1  6.222901e-02    0.001015045      1.912385e-03            3.119375e-05
173 2013-08-02 14:25:30    191 329.3 182.5 183.1453 2.830608e-05 32.94922 0.0621767  0.097408307  0.002973420   3.167582e-03      9.669144e-05         1  6.253451e-02    0.001014668      1.921774e-03            3.118218e-05
174 2013-08-02 14:25:45    192 329.8 182.8 183.4488 2.830608e-05 33.25271 0.0621767  0.110593665  0.002973966   3.596351e-03      9.670919e-05         1  6.304369e-02    0.001014062      1.937421e-03            3.116356e-05
175 2013-08-02 14:26:00    193 330.3 182.5 183.1523 2.830608e-05 32.95620 0.0621767  0.097711418  0.002973432   3.177438e-03      9.669184e-05         1  6.355287e-02    0.001013484      1.953069e-03            3.114578e-05
176 2013-08-02 14:26:15    194 330.5 182.7 183.3558 2.830608e-05 33.15969 0.0621767  0.106552176  0.002973798   3.464927e-03      9.670373e-05         1  6.375654e-02    0.001013260      1.959328e-03            3.113890e-05
177 2013-08-02 14:26:30    195 331.0 182.7 183.3593 2.830608e-05 33.16318 0.0621767  0.106703732  0.002973804   3.469856e-03      9.670394e-05         1  6.426571e-02    0.001012720      1.974976e-03            3.112230e-05
178 2013-08-02 14:26:45    196 331.4 182.7 183.3628 2.830608e-05 33.16667 0.0621767  0.106855287  0.002973810   3.474784e-03      9.670414e-05         1  6.467305e-02    0.001012307      1.987494e-03            3.110962e-05
179 2013-08-02 14:27:00    197 331.7 182.7 183.3663 2.830608e-05 33.17016 0.0621767  0.107006843  0.002973817   3.479713e-03      9.670434e-05         1  6.497856e-02    0.001012009      1.996883e-03            3.110046e-05
180 2013-08-02 14:27:15    198 332.3 182.8 183.4698 2.830608e-05 33.27364 0.0621767  0.111503000  0.002974003   3.625921e-03      9.671042e-05         1  6.558957e-02    0.001011443      2.015660e-03            3.108306e-05
181 2013-08-02 14:27:30    199 332.5 182.6 183.2733 2.830608e-05 33.07713 0.0621767  0.102965354  0.002973649   3.348289e-03      9.669890e-05         1  6.579324e-02    0.001011263      2.021919e-03            3.107753e-05
182 2013-08-02 14:27:45    200 333.1 182.7 183.3767 2.830608e-05 33.18062 0.0621767  0.107461511  0.002973835   3.494498e-03      9.670496e-05         1  6.640425e-02    0.001010750      2.040696e-03            3.106176e-05

$dryleafvolt
            timestamp record LWSmV  SEmV    CSEmV     CSEmV.sd   loadmV loadmV.sd
1 2013-08-02 13:41:15     14 263.7 180.9 180.9279 2.830608e-05 30.73178 0.0621767
2 2013-08-02 13:41:30     15 263.7 181.2 181.2314 2.830608e-05 31.03527 0.0621767
3 2013-08-02 13:41:45     16 263.7 180.8 180.8349 2.830608e-05 30.63876 0.0621767
4 2013-08-02 13:42:00     17 263.7 180.8 180.8384 2.830608e-05 30.64225 0.0621767
5 2013-08-02 13:42:15     18 263.7 180.8 180.8419 2.830608e-05 30.64574 0.0621767
6 2013-08-02 13:42:30     19 263.7 180.7 180.7453 2.830608e-05 30.54922 0.0621767

$runtime
Time difference of 45.25 mins

$startcalibvolt
            timestamp record LWSmV  SEmV    CSEmV     CSEmV.sd   loadmV loadmV.sd
1 2013-08-02 13:39:45      8 263.7 272.9 272.9070 2.830608e-05 122.7109 0.0621767
2 2013-08-02 13:40:00      9 263.7 272.9 272.9105 2.830608e-05 122.7143 0.0621767
3 2013-08-02 13:40:15     10 263.7 272.8 272.8140 2.830608e-05 122.6178 0.0621767

$endcalibvolt
            timestamp record LWSmV  SEmV
1 2013-08-02 14:31:00    213 264.4 272.3
2 2013-08-02 14:31:15    214 264.4 272.4
3 2013-08-02 14:31:30    215 264.4 272.4

$lastLWSvolt
[1] 329.1

$maxLWSvolt
[1] 333.7

$species
[1] "dougfir"

$trial
[1] "1"

$replicate
[1] "1"

$isvertical
[1] FALSE

$conversionfactor
         avg        stdev
1 0.04344601 1.271275e-05

$LWSwatermass
         avg       stdev
1 0.06447859 0.002205707

$dryleafmass
       avg       stdev
1 1.334104 0.001169866

$lwsmodel

Call:
lm(formula = LWSsurfacedensity ~ record, data = rd[rd$runfilter == 
    1, ])

Coefficients:
(Intercept)       record  
 -5.179e-04    1.276e-05  


$leafmodel

Call:
lm(formula = surfacedensity ~ record, data = rd[rd$runfilter == 
    1, ])

Coefficients:
(Intercept)       record  
 -4.083e-04    1.923e-05  


