$name
[1] "garryoak5"

$leafarea
[1] 31.23267

$startbasevolt
             timestamp record LWSmV  SEmV CSEmV CSEmV.sd     loadmV loadmV.sd
1  2013-08-27 13:29:45      2 263.9 152.4 152.4        0 -0.0486426 0.1214962
2  2013-08-27 13:30:00      3 263.8 152.6 152.6        0  0.1513574 0.1214962
3  2013-08-27 13:30:15      4 263.7 152.6 152.6        0  0.1513574 0.1214962
4  2013-08-27 13:30:30      5 263.8 152.7 152.7        0  0.2513574 0.1214962
5  2013-08-27 13:30:45      6 263.7 152.6 152.6        0  0.1513574 0.1214962
6  2013-08-27 13:31:00      7 263.7 152.7 152.7        0  0.2513574 0.1214962
7  2013-08-27 13:31:15      8 263.7 152.6 152.6        0  0.1513574 0.1214962
8  2013-08-27 13:31:30      9 263.7 152.5 152.5        0  0.0513574 0.1214962
9  2013-08-27 13:31:45     10 263.7 152.6 152.6        0  0.1513574 0.1214962
10 2013-08-27 13:32:00     11 263.7 152.5 152.5        0  0.0513574 0.1214962
11 2013-08-27 13:32:15     12 263.7 152.4 152.4        0 -0.0486426 0.1214962
12 2013-08-27 13:32:30     13 263.7 152.4 152.4        0 -0.0486426 0.1214962
13 2013-08-27 13:32:45     14 263.7 152.4 152.4        0 -0.0486426 0.1214962
14 2013-08-27 13:33:00     15 263.7 152.4 152.4        0 -0.0486426 0.1214962
15 2013-08-27 13:33:15     16 263.7 152.3 152.3        0 -0.1486426 0.1214962
16 2013-08-27 13:33:30     17 263.7 152.3 152.3        0 -0.1486426 0.1214962
17 2013-08-27 13:33:45     18 263.7 152.4 152.4        0 -0.0486426 0.1214962
18 2013-08-27 13:34:00     19 263.7 152.3 152.3        0 -0.1486426 0.1214962
19 2013-08-27 13:34:15     20 263.7 152.2 152.2        0 -0.2486426 0.1214962
20 2013-08-27 13:34:30     21 263.7 152.4 152.4        0 -0.0486426 0.1214962
21 2013-08-27 13:34:45     22 263.7 152.4 152.4        0 -0.0486426 0.1214962
22 2013-08-27 13:35:00     23 263.7 152.3 152.3        0 -0.1486426 0.1214962

$endbasevolt
             timestamp record LWSmV  SEmV    CSEmV    CSEmV.sd       loadmV loadmV.sd
1  2013-08-27 14:51:30    329 265.1 152.4 152.7362 3.54391e-05  0.287589972 0.1214962
2  2013-08-27 14:51:45    330 265.1 152.2 152.5373 3.54391e-05  0.088688771 0.1214962
3  2013-08-27 14:52:00    331 265.1 152.1 152.4384 3.54391e-05 -0.010212429 0.1214962
4  2013-08-27 14:52:15    332 265.1 152.1 152.4395 3.54391e-05 -0.009113630 0.1214962
5  2013-08-27 14:52:30    333 265.1 152.1 152.4406 3.54391e-05 -0.008014831 0.1214962
6  2013-08-27 14:52:45    334 265.1 152.1 152.4417 3.54391e-05 -0.006916032 0.1214962
7  2013-08-27 14:53:00    335 265.1 152.0 152.3428 3.54391e-05 -0.105817232 0.1214962
8  2013-08-27 14:53:15    336 265.1 152.1 152.4439 3.54391e-05 -0.004718433 0.1214962
9  2013-08-27 14:53:30    337 265.1 152.1 152.4450 3.54391e-05 -0.003619634 0.1214962
10 2013-08-27 14:53:45    338 265.1 152.0 152.3461 3.54391e-05 -0.102520835 0.1214962
11 2013-08-27 14:54:00    339 265.1 152.0 152.3472 3.54391e-05 -0.101422035 0.1214962
12 2013-08-27 14:54:15    340 265.1 151.9 152.2483 3.54391e-05 -0.200323236 0.1214962
13 2013-08-27 14:54:30    341 265.0 152.0 152.3494 3.54391e-05 -0.099224437 0.1214962
14 2013-08-27 14:54:45    342 265.0 152.1 152.4505 3.54391e-05  0.001874363 0.1214962
15 2013-08-27 14:55:00    343 265.0 152.1 152.4516 3.54391e-05  0.002973162 0.1214962
16 2013-08-27 14:55:15    344 265.0 152.2 152.5527 3.54391e-05  0.104071961 0.1214962
17 2013-08-27 14:55:30    345 264.9 152.0 152.3538 3.54391e-05 -0.094829240 0.1214962
18 2013-08-27 14:55:45    346 264.9 152.1 152.4549 3.54391e-05  0.006269560 0.1214962
19 2013-08-27 14:56:00    347 264.8 152.1 152.4560 3.54391e-05  0.007368359 0.1214962
20 2013-08-27 14:56:15    348 264.8 152.2 152.5571 3.54391e-05  0.108467158 0.1214962
21 2013-08-27 14:56:30    349 264.8 152.1 152.4582 3.54391e-05  0.009565957 0.1214962

$dryragvolt
            timestamp record LWSmV  SEmV    CSEmV    CSEmV.sd   loadmV loadmV.sd
1 2013-08-27 14:38:00    275 412.8 251.2 251.4769 3.54391e-05 99.02825 0.1214962
2 2013-08-27 14:38:15    276 412.2 251.2 251.4780 3.54391e-05 99.02935 0.1214962
3 2013-08-27 14:38:30    277 411.5 251.2 251.4791 3.54391e-05 99.03045 0.1214962

$wetragvolt
            timestamp record LWSmV  SEmV    CSEmV    CSEmV.sd   loadmV loadmV.sd
1 2013-08-27 14:39:15    280 266.2 255.1 255.3824 3.54391e-05 102.9337 0.1214962
2 2013-08-27 14:39:30    281 265.7 254.9 255.1835 3.54391e-05 102.7348 0.1214962
3 2013-08-27 14:39:45    282 265.7 254.9 255.1846 3.54391e-05 102.7359 0.1214962
4 2013-08-27 14:40:00    283 265.7 254.7 254.9857 3.54391e-05 102.5370 0.1214962
5 2013-08-27 14:40:15    284 265.7 254.6 254.8868 3.54391e-05 102.4381 0.1214962

$rundata
              timestamp record LWSmV  SEmV    CSEmV    CSEmV.sd   loadmV loadmV.sd     watermass watermass.sd surfacedensity surfacedensity.sd runfilter      LWSwater LWSwater.stdev LWSsurfacedensity LWSsurfacedensity.stdev
1   2013-08-27 13:48:15     76 263.7 164.3 164.3582 3.54391e-05 11.90959 0.1214962  0.0036107533  0.005562530   1.156082e-04      0.0001780997         0 -0.0042694506    0.001294739     -1.312062e-04            3.978915e-05
2   2013-08-27 13:48:30     77 264.2 164.2 164.2593 3.54391e-05 11.81069 0.1214962 -0.0006840054  0.005562520  -2.190032e-05      0.0001780994         0 -0.0037602741    0.001291423     -1.155585e-04            3.968726e-05
3   2013-08-27 13:48:45     78 264.4 164.3 164.3604 3.54391e-05 11.91179 0.1214962  0.0037061834  0.005562530   1.186637e-04      0.0001780998         0 -0.0035566034    0.001290101     -1.092994e-04            3.964662e-05
4   2013-08-27 13:49:00     79 264.6 164.2 164.2615 3.54391e-05 11.81289 0.1214962 -0.0005885753  0.005562520  -1.884486e-05      0.0001780994         0 -0.0033529328    0.001288780     -1.030403e-04            3.960604e-05
5   2013-08-27 13:49:15     80 265.1 164.3 164.3626 3.54391e-05 11.91399 0.1214962  0.0038016135  0.005562530   1.217191e-04      0.0001780998         0 -0.0028437563    0.001285489     -8.739263e-05            3.950488e-05
6   2013-08-27 13:49:30     81 265.1 164.3 164.3637 3.54391e-05 11.91509 0.1214962  0.0038493286  0.005562530   1.232469e-04      0.0001780998         0 -0.0028437563    0.001285489     -8.739263e-05            3.950488e-05
7   2013-08-27 13:49:45     82 265.6 164.3 164.3648 3.54391e-05 11.91619 0.1214962  0.0038970437  0.005562531   1.247746e-04      0.0001780998         0 -0.0023345797    0.001282210     -7.174492e-05            3.940413e-05
8   2013-08-27 13:50:00     83 265.9 164.4 164.4659 3.54391e-05 12.01729 0.1214962  0.0082872325  0.005562541   2.653386e-04      0.0001781001         0 -0.0020290738    0.001280250     -6.235629e-05            3.934388e-05
9   2013-08-27 13:50:15     84 266.4 164.3 164.3670 3.54391e-05 11.91838 0.1214962  0.0039924738  0.005562531   1.278301e-04      0.0001780998         0 -0.0015198973    0.001276993     -4.670858e-05            3.924379e-05
10  2013-08-27 13:50:30     85 267.0 164.4 164.4681 3.54391e-05 12.01948 0.1214962  0.0083826626  0.005562541   2.683941e-04      0.0001781001         0 -0.0009088854    0.001273103     -2.793133e-05            3.912424e-05
11  2013-08-27 13:50:45     86 267.5 164.3 164.3692 3.54391e-05 11.92058 0.1214962  0.0040879040  0.005562531   1.308855e-04      0.0001780998         0 -0.0003997088    0.001269876     -1.228362e-05            3.902509e-05
12  2013-08-27 13:51:00     87 268.0 164.3 164.3703 3.54391e-05 11.92168 0.1214962  0.0041356190  0.005562531   1.324133e-04      0.0001780998         0  0.0001094677    0.001266664      3.364097e-06            3.892635e-05
13  2013-08-27 13:51:15     88 268.6 164.3 164.3714 3.54391e-05 11.92278 0.1214962  0.0041833341  0.005562531   1.339410e-04      0.0001780998         0  0.0007204796    0.001262827      2.214135e-05            3.880844e-05
14  2013-08-27 13:51:30     89 269.2 164.4 164.4725 3.54391e-05 12.02388 0.1214962  0.0085735229  0.005562542   2.745050e-04      0.0001781001         0  0.0013314914    0.001259010      4.091861e-05            3.869116e-05
15  2013-08-27 13:51:45     90 269.8 164.5 164.5736 3.54391e-05 12.12498 0.1214962  0.0129637117  0.005562552   4.150690e-04      0.0001781005         0  0.0019425033    0.001255214      5.969586e-05            3.857450e-05
16  2013-08-27 13:52:00     91 270.5 164.6 164.6747 3.54391e-05 12.22608 0.1214962  0.0173539006  0.005562562   5.556330e-04      0.0001781008         0  0.0026553504    0.001250812      8.160266e-05            3.843921e-05
17  2013-08-27 13:52:15     92 271.1 164.6 164.6758 3.54391e-05 12.22717 0.1214962  0.0174016156  0.005562563   5.571608e-04      0.0001781008         0  0.0032663623    0.001247061      1.003799e-04            3.832394e-05
18  2013-08-27 13:52:30     93 271.7 164.5 164.5769 3.54391e-05 12.12827 0.1214962  0.0131068569  0.005562552   4.196522e-04      0.0001781005         0  0.0038773742    0.001243331      1.191572e-04            3.820932e-05
19  2013-08-27 13:52:45     94 272.3 164.6 164.6780 3.54391e-05 12.22937 0.1214962  0.0174970458  0.005562563   5.602162e-04      0.0001781008         0  0.0044883860    0.001239623      1.379344e-04            3.809535e-05
20  2013-08-27 13:53:00     95 273.0 164.7 164.7791 3.54391e-05 12.33047 0.1214962  0.0218872346  0.005562573   7.007802e-04      0.0001781011         0  0.0052012332    0.001235323      1.598412e-04            3.796323e-05
21  2013-08-27 13:53:15     96 273.6 164.7 164.7802 3.54391e-05 12.33157 0.1214962  0.0219349497  0.005562573   7.023080e-04      0.0001781011         0  0.0058122451    0.001231662      1.786185e-04            3.785070e-05
22  2013-08-27 13:53:30     97 274.2 164.7 164.7813 3.54391e-05 12.33267 0.1214962  0.0219826647  0.005562574   7.038357e-04      0.0001781011         1  0.0064232569    0.001228022      1.973957e-04            3.773885e-05
23  2013-08-27 13:53:45     98 274.9 164.7 164.7824 3.54391e-05 12.33377 0.1214962  0.0220303798  0.005562574   7.053634e-04      0.0001781011         1  0.0071361041    0.001223804      2.193025e-04            3.760921e-05
24  2013-08-27 13:54:00     99 275.5 164.8 164.8835 3.54391e-05 12.43487 0.1214962  0.0264205686  0.005562584   8.459274e-04      0.0001781015         1  0.0077471159    0.001220212      2.380798e-04            3.749883e-05
25  2013-08-27 13:54:15    100 276.2 164.7 164.7846 3.54391e-05 12.33596 0.1214962  0.0221258099  0.005562574   7.084189e-04      0.0001781012         1  0.0084599631    0.001216050      2.599866e-04            3.737094e-05
26  2013-08-27 13:54:30    101 276.9 164.8 164.8857 3.54391e-05 12.43706 0.1214962  0.0265159988  0.005562585   8.489829e-04      0.0001781015         1  0.0091728103    0.001211920      2.818934e-04            3.724399e-05
27  2013-08-27 13:54:45    102 277.5 164.7 164.7868 3.54391e-05 12.33816 0.1214962  0.0222212401  0.005562574   7.114743e-04      0.0001781012         1  0.0097838221    0.001208404      3.006706e-04            3.713595e-05
28  2013-08-27 13:55:00    103 278.2 164.8 164.8879 3.54391e-05 12.43926 0.1214962  0.0266114289  0.005562585   8.520383e-04      0.0001781015         1  0.0104966693    0.001204332      3.225774e-04            3.701080e-05
29  2013-08-27 13:55:15    104 278.8 164.8 164.8890 3.54391e-05 12.44036 0.1214962  0.0266591440  0.005562585   8.535661e-04      0.0001781015         1  0.0111076812    0.001200866      3.413547e-04            3.690431e-05
30  2013-08-27 13:55:30    105 279.5 164.9 164.9901 3.54391e-05 12.54146 0.1214962  0.0310493328  0.005562596   9.941301e-04      0.0001781019         1  0.0118205283    0.001196853      3.632615e-04            3.678099e-05
31  2013-08-27 13:55:45    106 280.1 164.8 164.8912 3.54391e-05 12.44256 0.1214962  0.0267545741  0.005562585   8.566215e-04      0.0001781015         1  0.0124315402    0.001193440      3.820387e-04            3.667608e-05
32  2013-08-27 13:56:00    107 280.8 164.9 164.9923 3.54391e-05 12.54366 0.1214962  0.0311447629  0.005562596   9.971855e-04      0.0001781019         1  0.0131443874    0.001189487      4.039455e-04            3.655462e-05
33  2013-08-27 13:56:15    108 281.4 164.8 164.8934 3.54391e-05 12.44476 0.1214962  0.0268500042  0.005562585   8.596770e-04      0.0001781015         1  0.0137553992    0.001186126      4.227228e-04            3.645133e-05
34  2013-08-27 13:56:30    109 282.1 164.8 164.8945 3.54391e-05 12.44585 0.1214962  0.0268977193  0.005562585   8.612047e-04      0.0001781015         1  0.0144682464    0.001182236      4.446296e-04            3.633177e-05
35  2013-08-27 13:56:45    110 282.8 164.8 164.8956 3.54391e-05 12.44695 0.1214962  0.0269454344  0.005562586   8.627325e-04      0.0001781015         1  0.0151810936    0.001178379      4.665364e-04            3.621324e-05
36  2013-08-27 13:57:00    111 283.5 164.8 164.8967 3.54391e-05 12.44805 0.1214962  0.0269931495  0.005562586   8.642602e-04      0.0001781015         1  0.0158939407    0.001174556      4.884432e-04            3.609576e-05
37  2013-08-27 13:57:15    112 284.1 164.8 164.8978 3.54391e-05 12.44915 0.1214962  0.0270408645  0.005562586   8.657879e-04      0.0001781015         1  0.0165049526    0.001171307      5.072204e-04            3.599591e-05
38  2013-08-27 13:57:30    113 284.8 165.0 165.0989 3.54391e-05 12.65025 0.1214962  0.0357735271  0.005562607   1.145388e-03      0.0001781022         1  0.0172177998    0.001167548      5.291272e-04            3.588040e-05
39  2013-08-27 13:57:45    114 285.5 164.9 165.0000 3.54391e-05 12.55135 0.1214962  0.0314787684  0.005562597   1.007880e-03      0.0001781019         1  0.0179306469    0.001163825      5.510340e-04            3.576597e-05
40  2013-08-27 13:58:00    115 286.2 164.8 164.9011 3.54391e-05 12.45245 0.1214962  0.0271840097  0.005562586   8.703711e-04      0.0001781015         1  0.0186434941    0.001160136      5.729408e-04            3.565262e-05
41  2013-08-27 13:58:15    116 286.8 164.9 165.0022 3.54391e-05 12.55355 0.1214962  0.0315741986  0.005562597   1.010935e-03      0.0001781019         1  0.0192545059    0.001157003      5.917181e-04            3.555634e-05
42  2013-08-27 13:58:30    117 287.5 165.1 165.2033 3.54391e-05 12.75464 0.1214962  0.0403068611  0.005562619   1.290535e-03      0.0001781026         1  0.0199673531    0.001153382      6.136249e-04            3.544504e-05
43  2013-08-27 13:58:45    118 288.2 165.2 165.3044 3.54391e-05 12.85574 0.1214962  0.0446970499  0.005562630   1.431099e-03      0.0001781029         1  0.0206802003    0.001149796      6.355317e-04            3.533486e-05
44  2013-08-27 13:59:00    119 288.9 165.4 165.5055 3.54391e-05 13.05684 0.1214962  0.0534297125  0.005562652   1.710700e-03      0.0001781037         1  0.0213930475    0.001146247      6.574385e-04            3.522580e-05
45  2013-08-27 13:59:15    120 289.5 165.2 165.3066 3.54391e-05 12.85794 0.1214962  0.0447924801  0.005562630   1.434155e-03      0.0001781029         1  0.0220040593    0.001143235      6.762157e-04            3.513322e-05
46  2013-08-27 13:59:30    121 290.2 165.3 165.4077 3.54391e-05 12.95904 0.1214962  0.0491826689  0.005562641   1.574719e-03      0.0001781033         1  0.0227169065    0.001139755      6.981225e-04            3.502629e-05
47  2013-08-27 13:59:45    122 290.9 165.3 165.4088 3.54391e-05 12.96014 0.1214962  0.0492303840  0.005562641   1.576247e-03      0.0001781033         1  0.0234297536    0.001136313      7.200293e-04            3.492050e-05
48  2013-08-27 14:00:00    123 291.5 165.4 165.5099 3.54391e-05 13.06124 0.1214962  0.0536205728  0.005562652   1.716811e-03      0.0001781037         1  0.0240407655    0.001133393      7.388066e-04            3.483076e-05
49  2013-08-27 14:00:15    124 292.2 165.3 165.4110 3.54391e-05 12.96234 0.1214962  0.0493258141  0.005562641   1.579302e-03      0.0001781033         1  0.0247536127    0.001130022      7.607134e-04            3.472716e-05
50  2013-08-27 14:00:30    125 292.9 165.4 165.5121 3.54391e-05 13.06343 0.1214962  0.0537160029  0.005562653   1.719866e-03      0.0001781037         1  0.0254664598    0.001126689      7.826202e-04            3.462474e-05
51  2013-08-27 14:00:45    126 293.6 165.5 165.6132 3.54391e-05 13.16453 0.1214962  0.0581061918  0.005562664   1.860430e-03      0.0001781040         1  0.0261793070    0.001123395      8.045270e-04            3.452351e-05
52  2013-08-27 14:01:00    127 294.3 165.4 165.5143 3.54391e-05 13.06563 0.1214962  0.0538114331  0.005562653   1.722922e-03      0.0001781037         1  0.0268921542    0.001120141      8.264337e-04            3.442350e-05
53  2013-08-27 14:01:15    128 295.0 165.4 165.5154 3.54391e-05 13.06673 0.1214962  0.0538591481  0.005562653   1.724449e-03      0.0001781037         1  0.0276050014    0.001116926      8.483405e-04            3.432470e-05
54  2013-08-27 14:01:30    129 295.6 165.5 165.6165 3.54391e-05 13.16783 0.1214962  0.0582493370  0.005562664   1.865013e-03      0.0001781040         1  0.0282160132    0.001114202      8.671178e-04            3.424100e-05
55  2013-08-27 14:01:45    130 296.4 165.5 165.6176 3.54391e-05 13.16893 0.1214962  0.0582970520  0.005562664   1.866541e-03      0.0001781041         1  0.0290306957    0.001110616      8.921541e-04            3.413080e-05
56  2013-08-27 14:02:00    131 297.1 165.4 165.5187 3.54391e-05 13.07003 0.1214962  0.0540022934  0.005562653   1.729032e-03      0.0001781037         1  0.0297435429    0.001107523      9.140609e-04            3.403573e-05
57  2013-08-27 14:02:15    132 297.7 165.5 165.6198 3.54391e-05 13.17113 0.1214962  0.0583924822  0.005562665   1.869596e-03      0.0001781041         1  0.0303545547    0.001104903      9.328382e-04            3.395523e-05
58  2013-08-27 14:02:30    133 298.5 165.4 165.5209 3.54391e-05 13.07223 0.1214962  0.0540977235  0.005562654   1.732088e-03      0.0001781037         1  0.0311692372    0.001101458      9.578745e-04            3.384936e-05
59  2013-08-27 14:02:45    134 299.1 165.4 165.5220 3.54391e-05 13.07332 0.1214962  0.0541454386  0.005562654   1.733616e-03      0.0001781037         1  0.0317802491    0.001098910      9.766518e-04            3.377105e-05
60  2013-08-27 14:03:00    135 299.8 165.5 165.6231 3.54391e-05 13.17442 0.1214962  0.0585356274  0.005562665   1.874180e-03      0.0001781041         1  0.0324930962    0.001095976      9.985586e-04            3.368089e-05
61  2013-08-27 14:03:15    136 300.5 165.6 165.7242 3.54391e-05 13.27552 0.1214962  0.0629258162  0.005562676   2.014744e-03      0.0001781044         1  0.0332059434    0.001093085      1.020465e-03            3.359203e-05
62  2013-08-27 14:03:30    137 301.2 165.7 165.8253 3.54391e-05 13.37662 0.1214962  0.0673160050  0.005562688   2.155308e-03      0.0001781048         1  0.0339187906    0.001090236      1.042372e-03            3.350449e-05
63  2013-08-27 14:03:45    138 301.8 165.7 165.8264 3.54391e-05 13.37772 0.1214962  0.0673637201  0.005562688   2.156835e-03      0.0001781048         1  0.0345298024    0.001087828      1.061149e-03            3.343050e-05
64  2013-08-27 14:04:00    139 302.6 165.9 166.0275 3.54391e-05 13.57882 0.1214962  0.0760963827  0.005562711   2.436436e-03      0.0001781055         1  0.0353444849    0.001084668      1.086186e-03            3.333336e-05
65  2013-08-27 14:04:15    140 303.2 165.7 165.8286 3.54391e-05 13.37992 0.1214962  0.0674591502  0.005562688   2.159891e-03      0.0001781048         1  0.0359554968    0.001082335      1.104963e-03            3.326166e-05
66  2013-08-27 14:04:30    141 303.9 165.7 165.8297 3.54391e-05 13.38102 0.1214962  0.0675068653  0.005562688   2.161419e-03      0.0001781048         1  0.0366683439    0.001079653      1.126870e-03            3.317927e-05
67  2013-08-27 14:04:45    142 304.6 165.7 165.8308 3.54391e-05 13.38211 0.1214962  0.0675545804  0.005562688   2.162946e-03      0.0001781048         1  0.0373811911    0.001077017      1.148777e-03            3.309823e-05
68  2013-08-27 14:05:00    143 305.2 165.8 165.9319 3.54391e-05 13.48321 0.1214962  0.0719447692  0.005562700   2.303510e-03      0.0001781052         1  0.0379922029    0.001074792      1.167554e-03            3.302987e-05
69  2013-08-27 14:05:15    144 305.9 165.7 165.8330 3.54391e-05 13.38431 0.1214962  0.0676500105  0.005562689   2.166002e-03      0.0001781048         1  0.0387050501    0.001072238      1.189461e-03            3.295138e-05
70  2013-08-27 14:05:30    145 306.7 165.7 165.8341 3.54391e-05 13.38541 0.1214962  0.0676977256  0.005562689   2.167530e-03      0.0001781048         1  0.0395197326    0.001069375      1.214497e-03            3.286339e-05
71  2013-08-27 14:05:45    146 307.4 165.8 165.9352 3.54391e-05 13.48651 0.1214962  0.0720879144  0.005562700   2.308094e-03      0.0001781052         1  0.0402325798    0.001066918      1.236404e-03            3.278790e-05
72  2013-08-27 14:06:00    147 308.3 165.9 166.0363 3.54391e-05 13.58761 0.1214962  0.0764781032  0.005562712   2.448658e-03      0.0001781056         1  0.0411490976    0.001063827      1.264570e-03            3.269291e-05
73  2013-08-27 14:06:15    148 308.8 165.9 166.0373 3.54391e-05 13.58871 0.1214962  0.0765258183  0.005562712   2.450185e-03      0.0001781056         1  0.0416582741    0.001062143      1.280217e-03            3.264115e-05
74  2013-08-27 14:06:30    149 309.5 166.0 166.1384 3.54391e-05 13.68981 0.1214962  0.0809160071  0.005562724   2.590749e-03      0.0001781060         1  0.0423711213    0.001059825      1.302124e-03            3.256992e-05
75  2013-08-27 14:06:45    150 310.1 165.9 166.0395 3.54391e-05 13.59090 0.1214962  0.0766212484  0.005562712   2.453241e-03      0.0001781056         1  0.0429821331    0.001057875      1.320901e-03            3.251000e-05
76  2013-08-27 14:07:00    151 310.8 165.9 166.0406 3.54391e-05 13.59200 0.1214962  0.0766689635  0.005562713   2.454768e-03      0.0001781056         1  0.0436949803    0.001055645      1.342808e-03            3.244145e-05
77  2013-08-27 14:07:15    152 311.4 165.9 166.0417 3.54391e-05 13.59310 0.1214962  0.0767166786  0.005562713   2.456296e-03      0.0001781056         1  0.0443059922    0.001053770      1.361585e-03            3.238384e-05
78  2013-08-27 14:07:30    153 312.1 166.0 166.1428 3.54391e-05 13.69420 0.1214962  0.0811068674  0.005562724   2.596860e-03      0.0001781060         1  0.0450188393    0.001051628      1.383492e-03            3.231799e-05
79  2013-08-27 14:07:45    154 312.7 166.2 166.3439 3.54391e-05 13.89530 0.1214962  0.0898395300  0.005562748   2.876461e-03      0.0001781067         1  0.0456298512    0.001049829      1.402270e-03            3.226273e-05
80  2013-08-27 14:08:00    155 313.4 166.2 166.3450 3.54391e-05 13.89640 0.1214962  0.0898872450  0.005562748   2.877988e-03      0.0001781067         1  0.0463426984    0.001047776      1.424176e-03            3.219962e-05
81  2013-08-27 14:08:15    156 314.1 166.0 166.1461 3.54391e-05 13.69750 0.1214962  0.0812500126  0.005562725   2.601443e-03      0.0001781060         1  0.0470555455    0.001045771      1.446083e-03            3.213800e-05
82  2013-08-27 14:08:30    157 314.8 166.2 166.3472 3.54391e-05 13.89860 0.1214962  0.0899826752  0.005562748   2.881044e-03      0.0001781067         1  0.0477683927    0.001043814      1.467990e-03            3.207788e-05
83  2013-08-27 14:08:45    158 315.4 166.2 166.3483 3.54391e-05 13.89970 0.1214962  0.0900303902  0.005562749   2.882571e-03      0.0001781067         1  0.0483794045    0.001042177      1.486767e-03            3.202755e-05
84  2013-08-27 14:09:00    159 316.1 166.2 166.3494 3.54391e-05 13.90079 0.1214962  0.0900781053  0.005562749   2.884099e-03      0.0001781068         1  0.0490922517    0.001040311      1.508674e-03            3.197023e-05
85  2013-08-27 14:09:15    160 316.8 166.2 166.3505 3.54391e-05 13.90189 0.1214962  0.0901258204  0.005562749   2.885627e-03      0.0001781068         1  0.0498050989    0.001038496      1.530581e-03            3.191444e-05
86  2013-08-27 14:09:30    161 317.5 166.2 166.3516 3.54391e-05 13.90299 0.1214962  0.0901735355  0.005562749   2.887155e-03      0.0001781068         1  0.0505179461    0.001036730      1.552488e-03            3.186017e-05
87  2013-08-27 14:09:45    162 318.2 166.4 166.5527 3.54391e-05 14.10409 0.1214962  0.0989061980  0.005562773   3.166755e-03      0.0001781075         1  0.0512307932    0.001035014      1.574394e-03            3.180744e-05
88  2013-08-27 14:10:00    163 318.8 166.3 166.4538 3.54391e-05 14.00519 0.1214962  0.0946114393  0.005562761   3.029246e-03      0.0001781072         1  0.0518418051    0.001033583      1.593172e-03            3.176347e-05
89  2013-08-27 14:10:15    164 319.5 166.3 166.4549 3.54391e-05 14.00629 0.1214962  0.0946591544  0.005562761   3.030774e-03      0.0001781072         1  0.0525546523    0.001031961      1.615078e-03            3.171361e-05
90  2013-08-27 14:10:30    165 320.2 166.3 166.4560 3.54391e-05 14.00739 0.1214962  0.0947068695  0.005562761   3.032302e-03      0.0001781072         1  0.0532674994    0.001030389      1.636985e-03            3.166531e-05
91  2013-08-27 14:10:45    166 320.9 166.4 166.5571 3.54391e-05 14.10849 0.1214962  0.0990970583  0.005562773   3.172866e-03      0.0001781075         1  0.0539803466    0.001028869      1.658892e-03            3.161858e-05
92  2013-08-27 14:11:00    167 321.6 166.3 166.4582 3.54391e-05 14.00958 0.1214962  0.0948022996  0.005562762   3.035357e-03      0.0001781072         1  0.0546931938    0.001027399      1.680799e-03            3.157342e-05
93  2013-08-27 14:11:15    168 322.3 166.3 166.4593 3.54391e-05 14.01068 0.1214962  0.0948500147  0.005562762   3.036885e-03      0.0001781072         1  0.0554060409    0.001025981      1.702706e-03            3.152983e-05
94  2013-08-27 14:11:30    169 323.0 166.2 166.3604 3.54391e-05 13.91178 0.1214962  0.0905552560  0.005562750   2.899376e-03      0.0001781068         1  0.0561188881    0.001024614      1.724612e-03            3.148784e-05
95  2013-08-27 14:11:45    170 323.7 166.3 166.4615 3.54391e-05 14.01288 0.1214962  0.0949454448  0.005562762   3.039940e-03      0.0001781072         1  0.0568317353    0.001023299      1.746519e-03            3.144743e-05
96  2013-08-27 14:12:00    171 324.4 166.5 166.6626 3.54391e-05 14.21398 0.1214962  0.1036781074  0.005562786   3.319541e-03      0.0001781080         1  0.0575445824    0.001022037      1.768426e-03            3.140862e-05
97  2013-08-27 14:12:15    172 325.0 166.5 166.6637 3.54391e-05 14.21508 0.1214962  0.1037258225  0.005562786   3.321068e-03      0.0001781080         1  0.0581555943    0.001020996      1.787203e-03            3.137663e-05
98  2013-08-27 14:12:30    173 325.8 166.4 166.5648 3.54391e-05 14.11618 0.1214962  0.0994310638  0.005562774   3.183560e-03      0.0001781076         1  0.0589702768    0.001019668      1.812240e-03            3.133582e-05
99  2013-08-27 14:12:45    174 326.4 166.4 166.5659 3.54391e-05 14.11728 0.1214962  0.0994787789  0.005562775   3.185088e-03      0.0001781076         1  0.0595812886    0.001018717      1.831017e-03            3.130660e-05
100 2013-08-27 14:13:00    175 327.1 166.4 166.5670 3.54391e-05 14.11837 0.1214962  0.0995264939  0.005562775   3.186615e-03      0.0001781076         1  0.0602941358    0.001017656      1.852924e-03            3.127401e-05
101 2013-08-27 14:13:15    176 327.8 166.5 166.6681 3.54391e-05 14.21947 0.1214962  0.1039166828  0.005562787   3.327179e-03      0.0001781080         1  0.0610069830    0.001016649      1.874830e-03            3.124304e-05
102 2013-08-27 14:13:30    177 328.5 166.4 166.5692 3.54391e-05 14.12057 0.1214962  0.0996219241  0.005562775   3.189671e-03      0.0001781076         1  0.0617198301    0.001015694      1.896737e-03            3.121370e-05
103 2013-08-27 14:13:45    178 329.2 166.5 166.6703 3.54391e-05 14.22167 0.1214962  0.1040121129  0.005562787   3.330235e-03      0.0001781080         1  0.0624326773    0.001014792      1.918644e-03            3.118600e-05
104 2013-08-27 14:14:00    179 330.1 166.5 166.6714 3.54391e-05 14.22277 0.1214962  0.1040598280  0.005562787   3.331763e-03      0.0001781080         1  0.0633491951    0.001013712      1.946810e-03            3.115279e-05
105 2013-08-27 14:14:15    180 330.7 166.6 166.7725 3.54391e-05 14.32387 0.1214962  0.1084500168  0.005562800   3.472327e-03      0.0001781084         1  0.0639602069    0.001013040      1.965587e-03            3.113216e-05
106 2013-08-27 14:14:30    181 331.4 166.4 166.5736 3.54391e-05 14.12497 0.1214962  0.0998127844  0.005562775   3.195782e-03      0.0001781076         1  0.0646730541    0.001012307      1.987494e-03            3.110962e-05
107 2013-08-27 14:14:45    182 332.0 166.6 166.7747 3.54391e-05 14.32607 0.1214962  0.1085454469  0.005562800   3.475382e-03      0.0001781084         1  0.0652840660    0.001011721      2.006271e-03            3.109161e-05
108 2013-08-27 14:15:00    183 332.8 166.5 166.6758 3.54391e-05 14.22717 0.1214962  0.1042506882  0.005562788   3.337874e-03      0.0001781080         1  0.0660987485    0.001011001      2.031308e-03            3.106949e-05
109 2013-08-27 14:15:15    184 333.5 166.5 166.6769 3.54391e-05 14.22826 0.1214962  0.1042984033  0.005562788   3.339401e-03      0.0001781080         1  0.0668115956    0.001010429      2.053214e-03            3.105191e-05
110 2013-08-27 14:15:30    185 334.2 166.6 166.7780 3.54391e-05 14.32936 0.1214962  0.1086885921  0.005562800   3.479965e-03      0.0001781084         1  0.0675244428    0.001009911      2.075121e-03            3.103599e-05
111 2013-08-27 14:15:45    186 334.9 166.7 166.8791 3.54391e-05 14.43046 0.1214962  0.1130787810  0.005562813   3.620529e-03      0.0001781088         1  0.0682372900    0.001009447      2.097028e-03            3.102174e-05
112 2013-08-27 14:16:00    187 335.6 166.7 166.8802 3.54391e-05 14.43156 0.1214962  0.1131264960  0.005562813   3.622057e-03      0.0001781088         1  0.0689501371    0.001009038      2.118935e-03            3.100914e-05
113 2013-08-27 14:16:15    188 336.3 166.7 166.8813 3.54391e-05 14.43266 0.1214962  0.1131742111  0.005562813   3.623585e-03      0.0001781088         1  0.0696629843    0.001008682      2.140842e-03            3.099822e-05
114 2013-08-27 14:16:30    189 337.2 166.7 166.8824 3.54391e-05 14.43376 0.1214962  0.1132219262  0.005562813   3.625112e-03      0.0001781088         1  0.0705795021    0.001008305      2.169007e-03            3.098662e-05
115 2013-08-27 14:16:45    190 337.9 166.7 166.8835 3.54391e-05 14.43486 0.1214962  0.1132696412  0.005562813   3.626640e-03      0.0001781088         1  0.0712923493    0.001008073      2.190914e-03            3.097951e-05
116 2013-08-27 14:17:00    191 338.6 166.8 166.9846 3.54391e-05 14.53596 0.1214962  0.1176598301  0.005562826   3.767204e-03      0.0001781092         1  0.0720051964    0.001007896      2.212821e-03            3.097407e-05
117 2013-08-27 14:17:15    192 339.4 166.8 166.9857 3.54391e-05 14.53705 0.1214962  0.1177075451  0.005562826   3.768732e-03      0.0001781092         1  0.0728198789    0.001007761      2.237857e-03            3.096990e-05
118 2013-08-27 14:17:30    193 340.2 166.9 167.0868 3.54391e-05 14.63815 0.1214962  0.1220977339  0.005562838   3.909296e-03      0.0001781096         1  0.0736345614    0.001007696      2.262894e-03            3.096792e-05
119 2013-08-27 14:17:45    194 341.0 166.7 166.8879 3.54391e-05 14.43925 0.1214962  0.1134605015  0.005562814   3.632751e-03      0.0001781088         1  0.0744492439    0.001007703      2.287930e-03            3.096812e-05
120 2013-08-27 14:18:00    195 341.5 166.7 166.8890 3.54391e-05 14.44035 0.1214962  0.1135082166  0.005562814   3.634279e-03      0.0001781088         1  0.0749584204    0.001007743      2.303578e-03            3.096936e-05
121 2013-08-27 14:18:15    196 342.4 166.8 166.9901 3.54391e-05 14.54145 0.1214962  0.1178984054  0.005562826   3.774843e-03      0.0001781092         1  0.0758749382    0.001007885      2.331744e-03            3.097374e-05
122 2013-08-27 14:18:30    197 343.1 166.8 166.9912 3.54391e-05 14.54255 0.1214962  0.1179461205  0.005562826   3.776371e-03      0.0001781092         1  0.0765877854    0.001008058      2.353650e-03            3.097905e-05
123 2013-08-27 14:18:45    198 343.9 167.0 167.1923 3.54391e-05 14.74365 0.1214962  0.1266787830  0.005562852   4.055971e-03      0.0001781100         1  0.0774024678    0.001008323      2.378687e-03            3.098717e-05
124 2013-08-27 14:19:00    199 344.6 167.0 167.1934 3.54391e-05 14.74475 0.1214962  0.1267264981  0.005562852   4.057499e-03      0.0001781100         1  0.0781153150    0.001008612      2.400594e-03            3.099607e-05
125 2013-08-27 14:19:15    200 345.4 167.0 167.1945 3.54391e-05 14.74584 0.1214962  0.1267742132  0.005562852   4.059026e-03      0.0001781101         1  0.0789299975    0.001009009      2.425630e-03            3.100828e-05
126 2013-08-27 14:19:30    201 346.2 167.0 167.1956 3.54391e-05 14.74694 0.1214962  0.1268219283  0.005562852   4.060554e-03      0.0001781101         1  0.0797446800    0.001009477      2.450666e-03            3.102266e-05
127 2013-08-27 14:19:45    202 346.9 167.0 167.1967 3.54391e-05 14.74804 0.1214962  0.1268696433  0.005562852   4.062082e-03      0.0001781101         1  0.0804575271    0.001009945      2.472573e-03            3.103703e-05
128 2013-08-27 14:20:00    203 347.7 167.1 167.2978 3.54391e-05 14.84914 0.1214962  0.1312598321  0.005562865   4.202646e-03      0.0001781105         1  0.0812722096    0.001010546      2.497609e-03            3.105549e-05
129 2013-08-27 14:20:15    204 348.5 167.1 167.2989 3.54391e-05 14.85024 0.1214962  0.1313075472  0.005562865   4.204174e-03      0.0001781105         1  0.0820868921    0.001011217      2.522646e-03            3.107612e-05
130 2013-08-27 14:20:30    205 349.4 167.1 167.3000 3.54391e-05 14.85134 0.1214962  0.1313552623  0.005562865   4.205701e-03      0.0001781105         1  0.0830034099    0.001012056      2.550812e-03            3.110191e-05
131 2013-08-27 14:20:45    206 350.2 167.0 167.2011 3.54391e-05 14.75244 0.1214962  0.1270605036  0.005562853   4.068193e-03      0.0001781101         1  0.0838180924    0.001012877      2.575848e-03            3.112713e-05
132 2013-08-27 14:21:00    207 351.0 167.0 167.2022 3.54391e-05 14.75354 0.1214962  0.1271082187  0.005562853   4.069720e-03      0.0001781101         1  0.0846327748    0.001013767      2.600884e-03            3.115449e-05
133 2013-08-27 14:21:15    208 351.9 167.0 167.2033 3.54391e-05 14.75464 0.1214962  0.1271559337  0.005562853   4.071248e-03      0.0001781101         1  0.0855492926    0.001014853      2.629050e-03            3.118785e-05
134 2013-08-27 14:21:30    209 352.6 167.2 167.4044 3.54391e-05 14.95573 0.1214962  0.1358885963  0.005562878   4.350848e-03      0.0001781109         1  0.0862621398    0.001015758      2.650957e-03            3.121567e-05
135 2013-08-27 14:21:45    210 353.6 167.3 167.5055 3.54391e-05 15.05683 0.1214962  0.1402787851  0.005562891   4.491412e-03      0.0001781113         1  0.0872804929    0.001017143      2.682252e-03            3.125823e-05
136 2013-08-27 14:22:00    211 354.4 167.3 167.5066 3.54391e-05 15.05793 0.1214962  0.1403265002  0.005562891   4.492940e-03      0.0001781113         1  0.0880951754    0.001018329      2.707289e-03            3.129468e-05
137 2013-08-27 14:22:15    212 355.2 167.2 167.4077 3.54391e-05 14.95903 0.1214962  0.1360317415  0.005562879   4.355432e-03      0.0001781109         1  0.0889098579    0.001019584      2.732325e-03            3.133325e-05
138 2013-08-27 14:22:30    213 356.2 167.2 167.4088 3.54391e-05 14.96013 0.1214962  0.1360794566  0.005562879   4.356959e-03      0.0001781109         1  0.0899282109    0.001021249      2.763620e-03            3.138442e-05
139 2013-08-27 14:22:45    214 357.0 167.0 167.2099 3.54391e-05 14.76123 0.1214962  0.1274422242  0.005562854   4.080415e-03      0.0001781101         1  0.0907428934    0.001022658      2.788657e-03            3.142772e-05
140 2013-08-27 14:23:00    215 357.7 167.1 167.3110 3.54391e-05 14.86233 0.1214962  0.1318324130  0.005562866   4.220979e-03      0.0001781105         1  0.0914557406    0.001023947      2.810564e-03            3.146732e-05
141 2013-08-27 14:23:15    216 358.5 167.2 167.4121 3.54391e-05 14.96343 0.1214962  0.1362226018  0.005562879   4.361543e-03      0.0001781109         1  0.0922704231    0.001025483      2.835600e-03            3.151454e-05
142 2013-08-27 14:23:30    217 359.3 167.2 167.4132 3.54391e-05 14.96452 0.1214962  0.1362703169  0.005562879   4.363070e-03      0.0001781109         1  0.0930851056    0.001027087      2.860636e-03            3.156382e-05
143 2013-08-27 14:23:45    218 360.2 167.3 167.5143 3.54391e-05 15.06562 0.1214962  0.1406605057  0.005562892   4.503634e-03      0.0001781114         1  0.0940016233    0.001028971      2.888802e-03            3.162174e-05
144 2013-08-27 14:24:00    219 361.0 167.4 167.6154 3.54391e-05 15.16672 0.1214962  0.1450506945  0.005562905   4.644198e-03      0.0001781118         1  0.0948163058    0.001030717      2.913839e-03            3.167540e-05
145 2013-08-27 14:24:15    220 361.8 167.5 167.7165 3.54391e-05 15.26782 0.1214962  0.1494408833  0.005562919   4.784762e-03      0.0001781122         1  0.0956309883    0.001032530      2.938875e-03            3.173110e-05
146 2013-08-27 14:24:30    221 362.6 167.6 167.8176 3.54391e-05 15.36892 0.1214962  0.1538310722  0.005562932   4.925326e-03      0.0001781126         1  0.0964456708    0.001034409      2.963911e-03            3.178884e-05
147 2013-08-27 14:24:45    222 363.6 167.5 167.7187 3.54391e-05 15.27002 0.1214962  0.1495363135  0.005562919   4.787818e-03      0.0001781122         1  0.0974640239    0.001036850      2.995207e-03            3.186385e-05
148 2013-08-27 14:25:00    223 364.5 167.7 167.9198 3.54391e-05 15.47112 0.1214962  0.1582689760  0.005562945   5.067418e-03      0.0001781130         1  0.0983805417    0.001039134      3.023373e-03            3.193404e-05
149 2013-08-27 14:25:15    224 365.3 167.6 167.8209 3.54391e-05 15.37222 0.1214962  0.1539742174  0.005562932   4.929910e-03      0.0001781126         1  0.0991952241    0.001041233      3.048409e-03            3.199854e-05
150 2013-08-27 14:25:30    225 366.1 167.6 167.8220 3.54391e-05 15.37331 0.1214962  0.1540219324  0.005562932   4.931437e-03      0.0001781126         1  0.1000099066    0.001043396      3.073445e-03            3.206503e-05
151 2013-08-27 14:25:45    226 366.9 167.5 167.7231 3.54391e-05 15.27441 0.1214962  0.1497271738  0.005562919   4.793929e-03      0.0001781122         1  0.1008245891    0.001045624      3.098482e-03            3.213349e-05
152 2013-08-27 14:26:00    227 368.0 167.5 167.7242 3.54391e-05 15.27551 0.1214962  0.1497748888  0.005562920   4.795456e-03      0.0001781122         1  0.1019447775    0.001048791      3.132906e-03            3.223081e-05
153 2013-08-27 14:26:15    228 369.0 167.5 167.7253 3.54391e-05 15.27661 0.1214962  0.1498226039  0.005562920   4.796984e-03      0.0001781122         1  0.1029631306    0.001051773      3.164202e-03            3.232247e-05
154 2013-08-27 14:26:30    229 369.8 167.8 168.0264 3.54391e-05 15.57771 0.1214962  0.1628977402  0.005562959   5.215621e-03      0.0001781135         1  0.1037778131    0.001054229      3.189238e-03            3.239796e-05
155 2013-08-27 14:26:45    230 370.7 167.5 167.7275 3.54391e-05 15.27881 0.1214962  0.1499180340  0.005562920   4.800040e-03      0.0001781122         1  0.1046943309    0.001057067      3.217404e-03            3.248516e-05
156 2013-08-27 14:27:00    231 371.6 167.6 167.8286 3.54391e-05 15.37991 0.1214962  0.1543082229  0.005562933   4.940604e-03      0.0001781127         1  0.1056108487    0.001059983      3.245570e-03            3.257476e-05
157 2013-08-27 14:27:15    232 372.4 167.7 167.9296 3.54391e-05 15.48101 0.1214962  0.1586984117  0.005562946   5.081168e-03      0.0001781131         1  0.1064255311    0.001062639      3.270606e-03            3.265640e-05
158 2013-08-27 14:27:30    233 373.4 167.8 168.0307 3.54391e-05 15.58211 0.1214962  0.1630886005  0.005562960   5.221732e-03      0.0001781135         1  0.1074438842    0.001066045      3.301902e-03            3.276107e-05
159 2013-08-27 14:27:45    234 374.4 167.9 168.1318 3.54391e-05 15.68320 0.1214962  0.1674787893  0.005562973   5.362296e-03      0.0001781139         1  0.1084622373    0.001069545      3.333197e-03            3.286863e-05
160 2013-08-27 14:28:00    235 375.5 167.7 167.9329 3.54391e-05 15.48430 0.1214962  0.1588415569  0.005562947   5.085751e-03      0.0001781131         1  0.1095824257    0.001073502      3.367622e-03            3.299024e-05
161 2013-08-27 14:28:15    236 376.2 167.9 168.1340 3.54391e-05 15.68540 0.1214962  0.1675742195  0.005562974   5.365351e-03      0.0001781140         1  0.1102952729    0.001076078      3.389529e-03            3.306940e-05
162 2013-08-27 14:28:30    237 377.1 167.8 168.0351 3.54391e-05 15.58650 0.1214962  0.1632794608  0.005562960   5.227843e-03      0.0001781135         1  0.1112117907    0.001079456      3.417695e-03            3.317321e-05
163 2013-08-27 14:28:45    238 378.1 167.8 168.0362 3.54391e-05 15.58760 0.1214962  0.1633271758  0.005562961   5.229370e-03      0.0001781135         1  0.1122301438    0.001083295      3.448990e-03            3.329119e-05
164 2013-08-27 14:29:00    239 379.0 167.9 168.1373 3.54391e-05 15.68870 0.1214962  0.1677173647  0.005562974   5.369934e-03      0.0001781140         1  0.1131466616    0.001086827      3.477156e-03            3.339972e-05
165 2013-08-27 14:29:15    240 379.8 167.9 168.1384 3.54391e-05 15.68980 0.1214962  0.1677650797  0.005562974   5.371462e-03      0.0001781140         1  0.1139613441    0.001090026      3.502193e-03            3.349804e-05
166 2013-08-27 14:29:30    241 380.9 167.9 168.1395 3.54391e-05 15.69090 0.1214962  0.1678127948  0.005562974   5.372990e-03      0.0001781140         1  0.1150815325    0.001094517      3.536617e-03            3.363605e-05
167 2013-08-27 14:29:45    242 381.7 167.8 168.0406 3.54391e-05 15.59199 0.1214962  0.1635180361  0.005562961   5.235481e-03      0.0001781136         1  0.1158962149    0.001097849      3.561654e-03            3.373845e-05
168 2013-08-27 14:30:00    243 382.8 167.8 168.0417 3.54391e-05 15.59309 0.1214962  0.1635657512  0.005562961   5.237009e-03      0.0001781136         1  0.1170164034    0.001102521      3.596079e-03            3.388201e-05
169 2013-08-27 14:30:15    244 383.6 167.9 168.1428 3.54391e-05 15.69419 0.1214962  0.1679559400  0.005562975   5.377573e-03      0.0001781140         1  0.1178310858    0.001105982      3.621115e-03            3.398840e-05
170 2013-08-27 14:30:30    245 384.6 167.9 168.1439 3.54391e-05 15.69529 0.1214962  0.1680036551  0.005562975   5.379101e-03      0.0001781140         1  0.1188494389    0.001110385      3.652411e-03            3.412371e-05
171 2013-08-27 14:30:45    246 385.5 167.9 168.1450 3.54391e-05 15.69639 0.1214962  0.1680513702  0.005562975   5.380628e-03      0.0001781140         1  0.1197659567    0.001114419      3.680576e-03            3.424767e-05
172 2013-08-27 14:31:00    247 386.3 168.0 168.2461 3.54391e-05 15.79749 0.1214962  0.1724415590  0.005562989   5.521192e-03      0.0001781144         1  0.1205806392    0.001118060      3.705613e-03            3.435957e-05
173 2013-08-27 14:31:15    248 387.4 167.9 168.1472 3.54391e-05 15.69859 0.1214962  0.1681468003  0.005562975   5.383684e-03      0.0001781140         1  0.1217008276    0.001123152      3.740038e-03            3.451605e-05
174 2013-08-27 14:31:30    249 388.3 167.8 168.0483 3.54391e-05 15.59969 0.1214962  0.1638520416  0.005562962   5.246175e-03      0.0001781136         1  0.1226173454    0.001127391      3.768204e-03            3.464630e-05
175 2013-08-27 14:31:45    250 389.5 167.9 168.1494 3.54391e-05 15.70078 0.1214962  0.1682422304  0.005562976   5.386739e-03      0.0001781140         1  0.1238393691    0.001133142      3.805758e-03            3.482303e-05
176 2013-08-27 14:32:00    251 390.5 168.0 168.2505 3.54391e-05 15.80188 0.1214962  0.1726324193  0.005562989   5.527303e-03      0.0001781145         1  0.1248577222    0.001138020      3.837054e-03            3.497296e-05
177 2013-08-27 14:32:15    252 391.6 168.1 168.3516 3.54391e-05 15.90298 0.1214962  0.1770226081  0.005563003   5.667867e-03      0.0001781149         1  0.1259779106    0.001143475      3.871479e-03            3.514061e-05
178 2013-08-27 14:32:30    253 392.5 168.2 168.4527 3.54391e-05 16.00408 0.1214962  0.1814127969  0.005563017   5.808431e-03      0.0001781153         1  0.1268944284    0.001148007      3.899644e-03            3.527988e-05
179 2013-08-27 14:32:45    254 393.6 168.1 168.3538 3.54391e-05 15.90518 0.1214962  0.1771180382  0.005563003   5.670923e-03      0.0001781149         1  0.1280146168    0.001153629      3.934069e-03            3.545265e-05
180 2013-08-27 14:33:00    255 394.9 168.3 168.5549 3.54391e-05 16.10628 0.1214962  0.1858507008  0.005563031   5.950523e-03      0.0001781158         1  0.1293384758    0.001160388      3.974753e-03            3.566037e-05
181 2013-08-27 14:33:15    256 395.8 168.4 168.6560 3.54391e-05 16.20738 0.1214962  0.1902408896  0.005563044   6.091087e-03      0.0001781162         1  0.1302549936    0.001165140      4.002919e-03            3.580640e-05
182 2013-08-27 14:33:30    257 397.1 168.3 168.5571 3.54391e-05 16.10848 0.1214962  0.1859461309  0.005563031   5.953579e-03      0.0001781158         1  0.1315788527    0.001172106      4.043603e-03            3.602048e-05
183 2013-08-27 14:33:45    258 398.2 168.2 168.4582 3.54391e-05 16.00958 0.1214962  0.1816513722  0.005563017   5.816070e-03      0.0001781154         1  0.1326990411    0.001178094      4.078028e-03            3.620449e-05
184 2013-08-27 14:34:00    259 399.2 168.3 168.5593 3.54391e-05 16.11067 0.1214962  0.1860415611  0.005563031   5.956634e-03      0.0001781158         1  0.1337173942    0.001183610      4.109324e-03            3.637402e-05
185 2013-08-27 14:34:15    260 400.1 168.4 168.6604 3.54391e-05 16.21177 0.1214962  0.1904317499  0.005563045   6.097198e-03      0.0001781162         1  0.1346339120    0.001188634      4.137490e-03            3.652839e-05
186 2013-08-27 14:34:30    261 401.3 168.3 168.5615 3.54391e-05 16.11287 0.1214962  0.1861369912  0.005563031   5.959690e-03      0.0001781158         1  0.1358559357    0.001195417      4.175044e-03            3.673685e-05
187 2013-08-27 14:34:45    262 402.6 168.5 168.7626 3.54391e-05 16.31397 0.1214962  0.1948696538  0.005563059   6.239290e-03      0.0001781167         1  0.1371797947    0.001202874      4.215728e-03            3.696600e-05
188 2013-08-27 14:35:00    263 403.8 168.5 168.7637 3.54391e-05 16.31507 0.1214962  0.1949173688  0.005563059   6.240818e-03      0.0001781167         1  0.1384018184    0.001209855      4.253283e-03            3.718053e-05
189 2013-08-27 14:35:15    264 405.0 168.4 168.6648 3.54391e-05 16.21617 0.1214962  0.1906226102  0.005563046   6.103309e-03      0.0001781163         1  0.1396238421    0.001216928      4.290837e-03            3.739791e-05
190 2013-08-27 14:35:30    265 406.2 168.5 168.7659 3.54391e-05 16.31727 0.1214962  0.1950127990  0.005563060   6.243873e-03      0.0001781167         1  0.1408458658    0.001224092      4.328392e-03            3.761808e-05
191 2013-08-27 14:35:45    266 407.5 168.4 168.6670 3.54391e-05 16.21837 0.1214962  0.1907180403  0.005563046   6.106364e-03      0.0001781163         1  0.1421697249    0.001231954      4.369076e-03            3.785969e-05
192 2013-08-27 14:36:00    267 408.8 168.6 168.8681 3.54391e-05 16.41946 0.1214962  0.1994507029  0.005563074   6.385965e-03      0.0001781172         1  0.1434935839    0.001239919      4.409760e-03            3.810446e-05
193 2013-08-27 14:36:15    268 410.4 168.7 168.9692 3.54391e-05 16.52056 0.1214962  0.2038408917  0.005563088   6.526529e-03      0.0001781176         1  0.1451229489    0.001249860      4.459832e-03            3.840996e-05
194 2013-08-27 14:36:30    269 411.6 168.7 168.9703 3.54391e-05 16.52166 0.1214962  0.2038886068  0.005563088   6.528056e-03      0.0001781176         1  0.1463449726    0.001257414      4.497387e-03            3.864210e-05
195 2013-08-27 14:36:45    270 413.0 168.5 168.7714 3.54391e-05 16.32276 0.1214962  0.1952513743  0.005563060   6.251512e-03      0.0001781167         0  0.1477706669    0.001266331      4.541201e-03            3.891612e-05

$dryleafvolt
             timestamp record LWSmV  SEmV    CSEmV    CSEmV.sd   loadmV loadmV.sd
1  2013-08-27 13:46:00     67 263.7 164.2 164.2483 3.54391e-05 11.79970 0.1214962
2  2013-08-27 13:46:15     68 263.7 164.1 164.1494 3.54391e-05 11.70080 0.1214962
3  2013-08-27 13:46:30     69 263.7 164.4 164.4505 3.54391e-05 12.00190 0.1214962
4  2013-08-27 13:46:45     70 263.7 164.3 164.3516 3.54391e-05 11.90300 0.1214962
5  2013-08-27 13:47:00     71 263.7 164.1 164.1527 3.54391e-05 11.70410 0.1214962
6  2013-08-27 13:47:15     72 263.7 164.2 164.2538 3.54391e-05 11.80520 0.1214962
7  2013-08-27 13:47:30     73 263.7 164.2 164.2549 3.54391e-05 11.80630 0.1214962
8  2013-08-27 13:47:45     74 263.7 164.2 164.2560 3.54391e-05 11.80740 0.1214962
9  2013-08-27 13:48:00     75 263.7   NaN      NaN 3.54391e-05      NaN 0.1214962
10 2013-08-27 13:48:15     76 263.7 164.3 164.3582 3.54391e-05 11.90959 0.1214962

$runtime
Time difference of 48.5 mins

$startcalibvolt
             timestamp record LWSmV  SEmV    CSEmV    CSEmV.sd   loadmV loadmV.sd
1  2013-08-27 13:35:30     25 263.7 275.1 275.1022 3.54391e-05 122.6536 0.1214962
2  2013-08-27 13:35:45     26 263.7 275.1 275.1033 3.54391e-05 122.6547 0.1214962
3  2013-08-27 13:36:00     27 263.7 275.1 275.1044 3.54391e-05 122.6558 0.1214962
4  2013-08-27 13:36:15     28 263.7 275.1 275.1055 3.54391e-05 122.6569 0.1214962
5  2013-08-27 13:36:30     29 263.7 275.2 275.2066 3.54391e-05 122.7580 0.1214962
6  2013-08-27 13:36:45     30 263.7 275.2 275.2077 3.54391e-05 122.7590 0.1214962
7  2013-08-27 13:37:00     31 263.7 275.3 275.3088 3.54391e-05 122.8601 0.1214962
8  2013-08-27 13:37:15     32 263.7 275.3 275.3099 3.54391e-05 122.8612 0.1214962
9  2013-08-27 13:37:30     33 263.7 275.2 275.2110 3.54391e-05 122.7623 0.1214962
10 2013-08-27 13:37:45     34 263.7 275.2 275.2121 3.54391e-05 122.7634 0.1214962
11 2013-08-27 13:38:00     35 263.7 275.3 275.3132 3.54391e-05 122.8645 0.1214962
12 2013-08-27 13:38:15     36 263.7 275.4 275.4143 3.54391e-05 122.9656 0.1214962
13 2013-08-27 13:38:30     37 263.7 275.3 275.3154 3.54391e-05 122.8667 0.1214962
14 2013-08-27 13:38:45     38 263.7 275.2 275.2165 3.54391e-05 122.7678 0.1214962
15 2013-08-27 13:39:00     39 263.7 275.3 275.3176 3.54391e-05 122.8689 0.1214962
16 2013-08-27 13:39:15     40 263.7 275.2 275.2187 3.54391e-05 122.7700 0.1214962
17 2013-08-27 13:39:30     41 263.7 275.2 275.2198 3.54391e-05 122.7711 0.1214962
18 2013-08-27 13:39:45     42 263.7 275.0 275.0209 3.54391e-05 122.5722 0.1214962
19 2013-08-27 13:40:00     43 263.7 275.1 275.1220 3.54391e-05 122.6733 0.1214962
20 2013-08-27 13:40:15     44 263.7 275.0 275.0231 3.54391e-05 122.5744 0.1214962
21 2013-08-27 13:40:30     45 263.7 275.1 275.1242 3.54391e-05 122.6755 0.1214962
22 2013-08-27 13:40:45     46 263.7 275.1 275.1253 3.54391e-05 122.6766 0.1214962
23 2013-08-27 13:41:00     47 263.7 275.4 275.4264 3.54391e-05 122.9777 0.1214962
24 2013-08-27 13:41:15     48 263.7 275.3 275.3275 3.54391e-05 122.8788 0.1214962
25 2013-08-27 13:41:30     49 263.7 275.3 275.3286 3.54391e-05 122.8799 0.1214962
26 2013-08-27 13:41:45     50 263.7 275.2 275.2297 3.54391e-05 122.7810 0.1214962
27 2013-08-27 13:42:00     51 263.7 275.3 275.3308 3.54391e-05 122.8821 0.1214962
28 2013-08-27 13:42:15     52 263.7 275.2 275.2319 3.54391e-05 122.7832 0.1214962
29 2013-08-27 13:42:30     53 263.7 275.1 275.1330 3.54391e-05 122.6843 0.1214962
30 2013-08-27 13:42:45     54 263.7 275.3 275.3341 3.54391e-05 122.8854 0.1214962
31 2013-08-27 13:43:00     55 263.7 275.1 275.1352 3.54391e-05 122.6865 0.1214962
32 2013-08-27 13:43:15     56 263.7 275.0 275.0363 3.54391e-05 122.5876 0.1214962
33 2013-08-27 13:43:30     57 263.7 275.1 275.1374 3.54391e-05 122.6887 0.1214962
34 2013-08-27 13:43:45     58 263.7 274.9 274.9385 3.54391e-05 122.4898 0.1214962
35 2013-08-27 13:44:00     59 263.7 275.1 275.1396 3.54391e-05 122.6909 0.1214962
36 2013-08-27 13:44:15     60 263.7 275.0 275.0407 3.54391e-05 122.5920 0.1214962
37 2013-08-27 13:44:30     61 263.7 275.2 275.2418 3.54391e-05 122.7931 0.1214962
38 2013-08-27 13:44:45     62 263.7 274.9 274.9429 3.54391e-05 122.4942 0.1214962
39 2013-08-27 13:45:00     63 263.7 275.1 275.1440 3.54391e-05 122.6953 0.1214962

$endcalibvolt
             timestamp record LWSmV  SEmV
1  2013-08-27 14:40:45    286 265.7 275.2
2  2013-08-27 14:41:00    287 265.7 275.0
3  2013-08-27 14:41:15    288 265.7 274.9
4  2013-08-27 14:41:30    289 265.7 275.0
5  2013-08-27 14:41:45    290 265.7 274.7
6  2013-08-27 14:42:00    291 265.7 275.8
7  2013-08-27 14:42:15    292 265.7 276.6
8  2013-08-27 14:42:30    293 265.7 276.4
9  2013-08-27 14:42:45    294 265.7 275.6
10 2013-08-27 14:43:00    295 265.6 274.9
11 2013-08-27 14:43:15    296 265.5 275.0
12 2013-08-27 14:43:30    297 265.3 274.7
13 2013-08-27 14:43:45    298 265.1 275.1
14 2013-08-27 14:44:00    299 265.1 275.2
15 2013-08-27 14:44:15    300 265.1 274.9
16 2013-08-27 14:44:30    301 265.1 275.2
17 2013-08-27 14:44:45    302 265.1 275.2
18 2013-08-27 14:45:00    303 265.1 275.0
19 2013-08-27 14:45:15    304 265.1 274.9
20 2013-08-27 14:45:30    305 265.1 274.8
21 2013-08-27 14:45:45    306 265.1 274.7
22 2013-08-27 14:46:00    307 265.1 274.8
23 2013-08-27 14:46:15    308 265.1 274.9
24 2013-08-27 14:46:30    309 265.1 274.9
25 2013-08-27 14:46:45    310 265.1 275.0
26 2013-08-27 14:47:00    311 265.1 274.8
27 2013-08-27 14:47:15    312 265.1 274.9
28 2013-08-27 14:47:30    313 265.1 274.8
29 2013-08-27 14:47:45    314 265.1 275.0
30 2013-08-27 14:48:00    315 265.1 274.6
31 2013-08-27 14:48:15    316 265.1 274.8
32 2013-08-27 14:48:30    317 265.1 274.8
33 2013-08-27 14:48:45    318 265.1 275.0
34 2013-08-27 14:49:00    319 265.1 274.8
35 2013-08-27 14:49:15    320 265.1 274.9
36 2013-08-27 14:49:30    321 265.1 274.6
37 2013-08-27 14:49:45    322 265.1 274.8
38 2013-08-27 14:50:00    323 265.1 274.7
39 2013-08-27 14:50:15    324 265.1 274.9
40 2013-08-27 14:50:30    325 265.1 274.9
41 2013-08-27 14:50:45    326 265.1 274.9
42 2013-08-27 14:51:00    327 265.1 274.9

$lastLWSvolt
[1] 411.5

$maxLWSvolt
[1] 414.6

$species
[1] "garryoak"

$trial
[1] "5"

$replicate
[1] "1"

$isvertical
[1] FALSE

$conversionfactor
         avg        stdev
1 0.04342474 6.882998e-06

$LWSwatermass
        avg       stdev
1 0.1583523 0.003853084

$dryleafmass
        avg      stdev
1 0.5135602 0.00176053

$lwsmodel

Call:
lm(formula = LWSsurfacedensity ~ record, data = rd[rd$runfilter == 
    1, ])

Coefficients:
(Intercept)       record  
 -2.265e-03    2.401e-05  


$leafmodel

Call:
lm(formula = surfacedensity ~ record, data = rd[rd$runfilter == 
    1, ])

Coefficients:
(Intercept)       record  
 -2.445e-03    3.241e-05  


