$name
[1] "garryoak7"

$leafarea
[1] 32.75019

$startbasevolt
             timestamp record LWSmV  SEmV CSEmV CSEmV.sd      loadmV loadmV.sd
1  2013-08-31 12:06:15      0 263.7 150.0 150.0        0 -0.08583297 0.1892316
2  2013-08-31 12:06:30      1 263.7 149.6 149.6        0 -0.48583297 0.1892316
3  2013-08-31 12:06:45      2 263.7 149.9 149.9        0 -0.18583297 0.1892316
4  2013-08-31 12:07:00      3 263.7 149.7 149.7        0 -0.38583297 0.1892316
5  2013-08-31 12:07:15      4 263.7 149.8 149.8        0 -0.28583297 0.1892316
6  2013-08-31 12:07:30      5 263.7 150.0 150.0        0 -0.08583297 0.1892316
7  2013-08-31 12:07:45      6 263.7 149.9 149.9        0 -0.18583297 0.1892316
8  2013-08-31 12:08:00      7 263.7 150.0 150.0        0 -0.08583297 0.1892316
9  2013-08-31 12:08:15      8 263.7 150.0 150.0        0 -0.08583297 0.1892316
10 2013-08-31 12:08:30      9 263.7 150.2 150.2        0  0.11416703 0.1892316
11 2013-08-31 12:08:45     10 263.7 150.2 150.2        0  0.11416703 0.1892316
12 2013-08-31 12:09:00     11 263.7 150.2 150.2        0  0.11416703 0.1892316
13 2013-08-31 12:09:15     12 263.7 150.2 150.2        0  0.11416703 0.1892316
14 2013-08-31 12:09:30     13 263.7 150.2 150.2        0  0.11416703 0.1892316
15 2013-08-31 12:09:45     14 263.7 150.4 150.4        0  0.31416703 0.1892316
16 2013-08-31 12:10:00     15 263.7 150.2 150.2        0  0.11416703 0.1892316
17 2013-08-31 12:10:15     16 263.7 150.2 150.2        0  0.11416703 0.1892316
18 2013-08-31 12:10:30     17 263.7 150.3 150.3        0  0.21416703 0.1892316
19 2013-08-31 12:10:45     18 263.7 150.3 150.3        0  0.21416703 0.1892316
20 2013-08-31 12:11:00     19 263.7 150.3 150.3        0  0.21416703 0.1892316
21 2013-08-31 12:11:15     20 263.7 150.4 150.4        0  0.31416703 0.1892316
22 2013-08-31 12:11:30     21 263.7 150.4 150.4        0  0.31416703 0.1892316
23 2013-08-31 12:11:45     22 263.7 150.4 150.4        0  0.31416703 0.1892316

$endbasevolt
             timestamp record LWSmV  SEmV    CSEmV   CSEmV.sd       loadmV loadmV.sd
1  2013-08-31 13:20:45    298 265.1 148.2 150.0876 6.2122e-05  0.001805320 0.1892316
2  2013-08-31 13:21:00    299 265.1 148.2 150.0945 6.2122e-05  0.008644589 0.1892316
3  2013-08-31 13:21:15    300 265.1 148.3 150.2013 6.2122e-05  0.115483859 0.1892316
4  2013-08-31 13:21:30    301 265.1 148.4 150.3082 6.2122e-05  0.222323128 0.1892316
5  2013-08-31 13:21:45    302 265.1 148.1 150.0150 6.2122e-05 -0.070837603 0.1892316
6  2013-08-31 13:22:00    303 265.1 148.2 150.1218 6.2122e-05  0.036001666 0.1892316
7  2013-08-31 13:22:15    304 265.1 148.2 150.1287 6.2122e-05  0.042840935 0.1892316
8  2013-08-31 13:22:30    305 265.1 148.2 150.1355 6.2122e-05  0.049680204 0.1892316
9  2013-08-31 13:22:45    306 265.1 148.4 150.3424 6.2122e-05  0.256519474 0.1892316
10 2013-08-31 13:23:00    307 265.1 148.0 149.9492 6.2122e-05 -0.136641257 0.1892316
11 2013-08-31 13:23:15    308 265.1 148.0 149.9560 6.2122e-05 -0.129801988 0.1892316
12 2013-08-31 13:23:30    309 265.1 147.9 149.8629 6.2122e-05 -0.222962719 0.1892316
13 2013-08-31 13:23:45    310 265.1 148.0 149.9697 6.2122e-05 -0.116123450 0.1892316
14 2013-08-31 13:24:00    311 265.1 148.0 149.9765 6.2122e-05 -0.109284181 0.1892316
15 2013-08-31 13:24:15    312 265.1 148.0 149.9834 6.2122e-05 -0.102444912 0.1892316
16 2013-08-31 13:24:30    313 265.1 147.9 149.8902 6.2122e-05 -0.195605642 0.1892316
17 2013-08-31 13:24:45    314 265.1 148.0 149.9971 6.2122e-05 -0.088766373 0.1892316
18 2013-08-31 13:25:00    315 265.1 148.0 150.0039 6.2122e-05 -0.081927104 0.1892316
19 2013-08-31 13:25:15    316 265.1 148.0 150.0107 6.2122e-05 -0.075087835 0.1892316
20 2013-08-31 13:25:30    317 265.1 147.9 149.9176 6.2122e-05 -0.168248566 0.1892316
21 2013-08-31 13:25:45    318 265.1 148.0 150.0244 6.2122e-05 -0.061409297 0.1892316

$dryragvolt
            timestamp record LWSmV  SEmV    CSEmV   CSEmV.sd   loadmV loadmV.sd
1 2013-08-31 13:13:30    269 398.1 241.2 242.8893 6.2122e-05 92.80347 0.1892316
2 2013-08-31 13:13:45    270 397.1 241.1 242.7961 6.2122e-05 92.71031 0.1892316
3 2013-08-31 13:14:00    271 396.3 240.9 242.6030 6.2122e-05 92.51715 0.1892316
4 2013-08-31 13:14:15    272 395.6 240.8 242.5098 6.2122e-05 92.42398 0.1892316
5 2013-08-31 13:14:30    273 394.8 240.8 242.5167 6.2122e-05 92.43082 0.1892316
6 2013-08-31 13:14:45    274 393.9 240.6 242.3235 6.2122e-05 92.23766 0.1892316

$wetragvolt
            timestamp record LWSmV  SEmV    CSEmV   CSEmV.sd   loadmV loadmV.sd
1 2013-08-31 13:15:30    277 265.8 244.3 246.0440 6.2122e-05 95.95818 0.1892316
2 2013-08-31 13:15:45    278 265.8 244.1 245.8509 6.2122e-05 95.76502 0.1892316
3 2013-08-31 13:16:00    279 265.5 243.9 245.6577 6.2122e-05 95.57186 0.1892316
4 2013-08-31 13:16:15    280 265.5 243.6 245.3645 6.2122e-05 95.27870 0.1892316
5 2013-08-31 13:16:30    281 265.4 243.4 245.1714 6.2122e-05 95.08554 0.1892316
6 2013-08-31 13:16:45    282 265.2 243.6 245.3782 6.2122e-05 95.29238 0.1892316
7 2013-08-31 13:17:00    283 265.3 243.7 245.4850 6.2122e-05 95.39922 0.1892316
8 2013-08-31 13:17:15    284 265.2 243.5 245.2919 6.2122e-05 95.20606 0.1892316
9 2013-08-31 13:17:30    285 265.1 243.4 245.1987 6.2122e-05 95.11289 0.1892316

$rundata
              timestamp record LWSmV  SEmV    CSEmV   CSEmV.sd   loadmV loadmV.sd     watermass watermass.sd surfacedensity surfacedensity.sd runfilter      LWSwater LWSwater.stdev LWSsurfacedensity LWSsurfacedensity.stdev
1   2013-08-31 12:23:30     69 263.7 162.4 162.7214 6.2122e-05 12.63561 0.1892316  0.0021389072  0.008352085   6.530975e-05      0.0002550240         0 -0.0042694506    0.001294739     -1.312062e-04            3.978915e-05
2   2013-08-31 12:23:45     70 263.8 162.2 162.5283 6.2122e-05 12.44245 0.1892316 -0.0062101575  0.008352022  -1.896220e-04      0.0002550220         0 -0.0041676153    0.001294075     -1.280767e-04            3.976874e-05
3   2013-08-31 12:24:00     71 263.8 162.1 162.4351 6.2122e-05 12.34929 0.1892316 -0.0102368816  0.008351991  -3.125747e-04      0.0002550211         0 -0.0041676153    0.001294075     -1.280767e-04            3.976874e-05
4   2013-08-31 12:24:15     72 263.8 162.1 162.4420 6.2122e-05 12.35613 0.1892316 -0.0099412651  0.008351993  -3.035483e-04      0.0002550212         0 -0.0041676153    0.001294075     -1.280767e-04            3.976874e-05
5   2013-08-31 12:24:30     73 263.8 162.3 162.6488 6.2122e-05 12.56297 0.1892316 -0.0010009674  0.008352061  -3.056371e-05      0.0002550233         0 -0.0041676153    0.001294075     -1.280767e-04            3.976874e-05
6   2013-08-31 12:24:45     74 263.8 162.3 162.6556 6.2122e-05 12.56981 0.1892316 -0.0007053509  0.008352064  -2.153730e-05      0.0002550233         0 -0.0041676153    0.001294075     -1.280767e-04            3.976874e-05
7   2013-08-31 12:25:00     75 263.8 162.2 162.5625 6.2122e-05 12.47665 0.1892316 -0.0047320750  0.008352033  -1.444900e-04      0.0002550224         0 -0.0041676153    0.001294075     -1.280767e-04            3.976874e-05
8   2013-08-31 12:25:15     76 263.8 162.2 162.5693 6.2122e-05 12.48349 0.1892316 -0.0044364585  0.008352035  -1.354636e-04      0.0002550225         0 -0.0041676153    0.001294075     -1.280767e-04            3.976874e-05
9   2013-08-31 12:25:30     77 263.9 162.1 162.4762 6.2122e-05 12.39033 0.1892316 -0.0084631825  0.008352005  -2.584163e-04      0.0002550215         0 -0.0040657800    0.001293411     -1.249471e-04            3.974835e-05
10  2013-08-31 12:25:45     78 264.1 162.3 162.6830 6.2122e-05 12.59717 0.1892316  0.0004771151  0.008352073   1.456831e-05      0.0002550236         0 -0.0038621094    0.001292086     -1.186881e-04            3.970761e-05
11  2013-08-31 12:26:00     79 264.3 162.3 162.6898 6.2122e-05 12.60401 0.1892316  0.0007727316  0.008352075   2.359472e-05      0.0002550237         0 -0.0036584388    0.001290762     -1.124290e-04            3.966693e-05
12  2013-08-31 12:26:15     80 264.4 162.3 162.6967 6.2122e-05 12.61084 0.1892316  0.0010683481  0.008352077   3.262112e-05      0.0002550237         0 -0.0035566034    0.001290101     -1.092994e-04            3.964662e-05
13  2013-08-31 12:26:30     81 264.4 162.3 162.7035 6.2122e-05 12.61768 0.1892316  0.0013639646  0.008352080   4.164753e-05      0.0002550238         0 -0.0035566034    0.001290101     -1.092994e-04            3.964662e-05
14  2013-08-31 12:26:45     82 264.9 162.2 162.6104 6.2122e-05 12.52452 0.1892316 -0.0026627594  0.008352049  -8.130515e-05      0.0002550229         0 -0.0030474269    0.001286804     -9.365172e-05            3.954529e-05
15  2013-08-31 12:27:00     83 265.1 162.1 162.5172 6.2122e-05 12.43136 0.1892316 -0.0066894835  0.008352018  -2.042578e-04      0.0002550219         0 -0.0028437563    0.001285489     -8.739263e-05            3.950488e-05
16  2013-08-31 12:27:15     84 265.2 162.2 162.6240 6.2122e-05 12.53820 0.1892316 -0.0020715264  0.008352053  -6.325234e-05      0.0002550230         0 -0.0027419210    0.001284832     -8.426309e-05            3.948469e-05
17  2013-08-31 12:27:30     85 265.8 162.3 162.7309 6.2122e-05 12.64504 0.1892316  0.0025464307  0.008352089   7.775315e-05      0.0002550241         0 -0.0021309091    0.001280903     -6.548584e-05            3.936394e-05
18  2013-08-31 12:27:45     86 266.1 162.3 162.7377 6.2122e-05 12.65188 0.1892316  0.0028420472  0.008352091   8.677955e-05      0.0002550242         0 -0.0018254032    0.001278945     -5.609721e-05            3.930379e-05
19  2013-08-31 12:28:00     87 266.5 162.4 162.8446 6.2122e-05 12.75872 0.1892316  0.0074600043  0.008352127   2.277850e-04      0.0002550253         0 -0.0014180619    0.001276343     -4.357904e-05            3.922382e-05
20  2013-08-31 12:28:15     88 267.1 162.3 162.7514 6.2122e-05 12.66556 0.1892316  0.0034332802  0.008352095   1.048324e-04      0.0002550243         0 -0.0008070501    0.001272456     -2.480179e-05            3.910438e-05
21  2013-08-31 12:28:30     89 267.6 162.4 162.8582 6.2122e-05 12.77240 0.1892316  0.0080512373  0.008352131   2.458378e-04      0.0002550254         0 -0.0002978735    0.001269233     -9.154073e-06            3.900530e-05
22  2013-08-31 12:28:45     90 268.1 162.5 162.9651 6.2122e-05 12.87924 0.1892316  0.0126691944  0.008352167   3.868433e-04      0.0002550265         0  0.0002113030    0.001266023      6.493639e-06            3.890666e-05
23  2013-08-31 12:29:00     91 268.6 162.3 162.7719 6.2122e-05 12.68608 0.1892316  0.0043201297  0.008352102   1.319116e-04      0.0002550245         0  0.0007204796    0.001262827      2.214135e-05            3.880844e-05
24  2013-08-31 12:29:15     92 269.2 162.3 162.7787 6.2122e-05 12.69292 0.1892316  0.0046157462  0.008352105   1.409380e-04      0.0002550246         0  0.0013314914    0.001259010      4.091861e-05            3.869116e-05
25  2013-08-31 12:29:30     93 269.9 162.3 162.7856 6.2122e-05 12.69976 0.1892316  0.0049113627  0.008352107   1.499644e-04      0.0002550247         0  0.0020443386    0.001254584      6.282540e-05            3.855512e-05
26  2013-08-31 12:29:45     94 270.4 162.4 162.8924 6.2122e-05 12.80659 0.1892316  0.0095293198  0.008352143   2.909699e-04      0.0002550257         0  0.0025535151    0.001251439      7.847311e-05            3.845849e-05
27  2013-08-31 12:30:00     95 271.0 162.5 162.9993 6.2122e-05 12.91343 0.1892316  0.0141472769  0.008352179   4.319754e-04      0.0002550269         0  0.0031645270    0.001247685      9.725037e-05            3.834311e-05
28  2013-08-31 12:30:15     96 271.6 162.4 162.9061 6.2122e-05 12.82027 0.1892316  0.0101205528  0.008352147   3.090227e-04      0.0002550259         0  0.0037755389    0.001243951      1.160276e-04            3.822838e-05
29  2013-08-31 12:30:30     97 272.2 162.4 162.9129 6.2122e-05 12.82711 0.1892316  0.0104161693  0.008352150   3.180491e-04      0.0002550260         0  0.0043865507    0.001240239      1.348049e-04            3.811430e-05
30  2013-08-31 12:30:45     98 272.8 162.4 162.9198 6.2122e-05 12.83395 0.1892316  0.0107117858  0.008352152   3.270755e-04      0.0002550260         0  0.0049975626    0.001236549      1.535821e-04            3.800089e-05
31  2013-08-31 12:31:00     99 273.4 162.4 162.9266 6.2122e-05 12.84079 0.1892316  0.0110074023  0.008352154   3.361019e-04      0.0002550261         0  0.0056085744    0.001232880      1.723594e-04            3.788814e-05
32  2013-08-31 12:31:15    100 274.1 162.3 162.8335 6.2122e-05 12.74763 0.1892316  0.0069806783  0.008352123   2.131492e-04      0.0002550251         0  0.0063214216    0.001228627      1.942662e-04            3.775744e-05
33  2013-08-31 12:31:30    101 274.7 162.4 162.9403 6.2122e-05 12.85447 0.1892316  0.0115986354  0.008352159   3.541547e-04      0.0002550262         0  0.0069324335    0.001225006      2.130434e-04            3.764615e-05
34  2013-08-31 12:31:45    102 275.3 162.4 162.9471 6.2122e-05 12.86131 0.1892316  0.0118942519  0.008352161   3.631811e-04      0.0002550263         0  0.0075434453    0.001221407      2.318207e-04            3.753555e-05
35  2013-08-31 12:32:00    103 276.0 162.5 163.0540 6.2122e-05 12.96815 0.1892316  0.0165122089  0.008352198   5.041866e-04      0.0002550274         0  0.0082562925    0.001217236      2.537275e-04            3.740738e-05
36  2013-08-31 12:32:15    104 276.6 162.5 163.0608 6.2122e-05 12.97499 0.1892316  0.0168078254  0.008352200   5.132130e-04      0.0002550275         0  0.0088673043    0.001213686      2.725047e-04            3.729828e-05
37  2013-08-31 12:32:30    105 277.3 162.4 162.9677 6.2122e-05 12.88183 0.1892316  0.0127811014  0.008352168   3.902603e-04      0.0002550265         0  0.0095801515    0.001209573      2.944115e-04            3.717189e-05
38  2013-08-31 12:32:45    106 277.9 162.3 162.8745 6.2122e-05 12.78867 0.1892316  0.0087543773  0.008352137   2.673076e-04      0.0002550256         0  0.0101911634    0.001206073      3.131888e-04            3.706432e-05
39  2013-08-31 12:33:00    107 278.5 162.4 162.9813 6.2122e-05 12.89550 0.1892316  0.0133723344  0.008352173   4.083131e-04      0.0002550267         0  0.0108021752    0.001202596      3.319660e-04            3.695747e-05
40  2013-08-31 12:33:15    108 279.1 162.5 163.0882 6.2122e-05 13.00234 0.1892316  0.0179902915  0.008352209   5.493186e-04      0.0002550278         0  0.0114131871    0.001199143      3.507433e-04            3.685134e-05
41  2013-08-31 12:33:30    109 279.8 162.7 163.2950 6.2122e-05 13.20918 0.1892316  0.0269305891  0.008352281   8.223032e-04      0.0002550300         1  0.0121260343    0.001195144      3.726501e-04            3.672844e-05
42  2013-08-31 12:33:45    110 280.4 162.8 163.4019 6.2122e-05 13.31602 0.1892316  0.0315485462  0.008352318   9.633087e-04      0.0002550311         1  0.0127370461    0.001191742      3.914274e-04            3.662390e-05
43  2013-08-31 12:34:00    111 281.1 162.8 163.4087 6.2122e-05 13.32286 0.1892316  0.0318441627  0.008352320   9.723351e-04      0.0002550312         1  0.0134498933    0.001187804      4.133342e-04            3.650288e-05
44  2013-08-31 12:34:15    112 281.8 162.8 163.4155 6.2122e-05 13.32970 0.1892316  0.0321397792  0.008352323   9.813615e-04      0.0002550312         1  0.0141627405    0.001183899      4.352409e-04            3.638288e-05
45  2013-08-31 12:34:30    113 282.4 162.8 163.4224 6.2122e-05 13.33654 0.1892316  0.0324353957  0.008352325   9.903879e-04      0.0002550313         1  0.0147737523    0.001180579      4.540182e-04            3.628084e-05
46  2013-08-31 12:34:45    114 283.0 162.9 163.5292 6.2122e-05 13.44338 0.1892316  0.0370533528  0.008352363   1.131393e-03      0.0002550325         1  0.0153847642    0.001177283      4.727955e-04            3.617957e-05
47  2013-08-31 12:35:00    115 283.8 162.9 163.5361 6.2122e-05 13.45022 0.1892316  0.0373489693  0.008352365   1.140420e-03      0.0002550325         1  0.0161994467    0.001172928      4.978318e-04            3.604574e-05
48  2013-08-31 12:35:15    116 284.4 162.9 163.5429 6.2122e-05 13.45706 0.1892316  0.0376445858  0.008352368   1.149446e-03      0.0002550326         1  0.0168104585    0.001169692      5.166091e-04            3.594627e-05
49  2013-08-31 12:35:30    117 285.1 162.8 163.4497 6.2122e-05 13.36390 0.1892316  0.0336178618  0.008352335   1.026494e-03      0.0002550316         1  0.0175233057    0.001165948      5.385158e-04            3.583123e-05
50  2013-08-31 12:35:45    118 285.7 162.8 163.4566 6.2122e-05 13.37074 0.1892316  0.0339134783  0.008352337   1.035520e-03      0.0002550317         1  0.0181343175    0.001162767      5.572931e-04            3.573347e-05
51  2013-08-31 12:36:00    119 286.5 162.8 163.4634 6.2122e-05 13.37758 0.1892316  0.0342090948  0.008352340   1.044546e-03      0.0002550318         1  0.0189490000    0.001158567      5.823294e-04            3.560438e-05
52  2013-08-31 12:36:15    120 287.1 162.8 163.4702 6.2122e-05 13.38442 0.1892316  0.0345047113  0.008352342   1.053573e-03      0.0002550318         1  0.0195600119    0.001155447      6.011067e-04            3.550851e-05
53  2013-08-31 12:36:30    121 287.8 163.0 163.6771 6.2122e-05 13.59125 0.1892316  0.0434450090  0.008352416   1.326557e-03      0.0002550341         1  0.0202728590    0.001151841      6.230135e-04            3.539768e-05
54  2013-08-31 12:36:45    122 288.4 163.0 163.6839 6.2122e-05 13.59809 0.1892316  0.0437406255  0.008352418   1.335584e-03      0.0002550341         1  0.0208838709    0.001148779      6.417907e-04            3.530358e-05
55  2013-08-31 12:37:00    123 289.1 163.0 163.6908 6.2122e-05 13.60493 0.1892316  0.0440362420  0.008352420   1.344610e-03      0.0002550342         1  0.0215967181    0.001145240      6.636975e-04            3.519485e-05
56  2013-08-31 12:37:15    124 289.7 163.1 163.7976 6.2122e-05 13.71177 0.1892316  0.0486541991  0.008352459   1.485616e-03      0.0002550354         1  0.0222077299    0.001142237      6.824748e-04            3.510255e-05
57  2013-08-31 12:37:30    125 290.4 162.9 163.6044 6.2122e-05 13.51861 0.1892316  0.0403051344  0.008352390   1.230684e-03      0.0002550333         1  0.0229205771    0.001138768      7.043816e-04            3.499594e-05
58  2013-08-31 12:37:45    126 291.0 163.0 163.7113 6.2122e-05 13.62545 0.1892316  0.0449230915  0.008352428   1.371689e-03      0.0002550344         1  0.0235315890    0.001135825      7.231588e-04            3.490549e-05
59  2013-08-31 12:38:00    127 291.7 163.2 163.9181 6.2122e-05 13.83229 0.1892316  0.0538633892  0.008352503   1.644674e-03      0.0002550367         1  0.0242444361    0.001132426      7.450656e-04            3.480104e-05
60  2013-08-31 12:38:15    128 292.3 163.0 163.7250 6.2122e-05 13.63913 0.1892316  0.0455143245  0.008352433   1.389742e-03      0.0002550346         1  0.0248554480    0.001129543      7.638429e-04            3.471245e-05
61  2013-08-31 12:38:30    129 293.0 162.9 163.6318 6.2122e-05 13.54597 0.1892316  0.0414876004  0.008352399   1.266789e-03      0.0002550336         1  0.0255682952    0.001126216      7.857497e-04            3.461020e-05
62  2013-08-31 12:38:45    130 293.7 163.0 163.7386 6.2122e-05 13.65281 0.1892316  0.0461055575  0.008352438   1.407795e-03      0.0002550347         1  0.0262811423    0.001122928      8.076565e-04            3.450915e-05
63  2013-08-31 12:39:00    131 294.3 163.2 163.9455 6.2122e-05 13.85965 0.1892316  0.0550458552  0.008352513   1.680779e-03      0.0002550370         1  0.0268921542    0.001120141      8.264337e-04            3.442350e-05
64  2013-08-31 12:39:15    132 295.0 163.0 163.7523 6.2122e-05 13.66649 0.1892316  0.0466967905  0.008352443   1.425848e-03      0.0002550349         1  0.0276050014    0.001116926      8.483405e-04            3.432470e-05
65  2013-08-31 12:39:30    133 295.6 162.9 163.6592 6.2122e-05 13.57333 0.1892316  0.0426700664  0.008352409   1.302895e-03      0.0002550339         1  0.0282160132    0.001114202      8.671178e-04            3.424100e-05
66  2013-08-31 12:39:45    134 296.3 163.0 163.7660 6.2122e-05 13.68017 0.1892316  0.0472880235  0.008352447   1.443901e-03      0.0002550351         1  0.0289288604    0.001111062      8.890246e-04            3.414449e-05
67  2013-08-31 12:40:00    135 297.0 163.1 163.8728 6.2122e-05 13.78700 0.1892316  0.0519059806  0.008352486   1.584906e-03      0.0002550362         1  0.0296417075    0.001107962      9.109314e-04            3.404923e-05
68  2013-08-31 12:40:15    136 297.7 163.0 163.7797 6.2122e-05 13.69384 0.1892316  0.0478792565  0.008352452   1.461953e-03      0.0002550352         1  0.0303545547    0.001104903      9.328382e-04            3.395523e-05
69  2013-08-31 12:40:30    137 298.3 162.9 163.6865 6.2122e-05 13.60068 0.1892316  0.0438525325  0.008352419   1.339001e-03      0.0002550342         1  0.0309655666    0.001102314      9.516154e-04            3.387567e-05
70  2013-08-31 12:40:45    138 298.9 163.1 163.8934 6.2122e-05 13.80752 0.1892316  0.0527928301  0.008352494   1.611985e-03      0.0002550365         1  0.0315765784    0.001099756      9.703927e-04            3.379705e-05
71  2013-08-31 12:41:00    139 299.6 163.1 163.9002 6.2122e-05 13.81436 0.1892316  0.0530884466  0.008352496   1.621012e-03      0.0002550365         1  0.0322894256    0.001096810      9.922995e-04            3.370652e-05
72  2013-08-31 12:41:15    140 300.2 163.3 164.1070 6.2122e-05 14.02120 0.1892316  0.0620287443  0.008352572   1.893996e-03      0.0002550388         1  0.0329004375    0.001094319      1.011077e-03            3.362996e-05
73  2013-08-31 12:41:30    141 300.9 163.3 164.1139 6.2122e-05 14.02804 0.1892316  0.0623243608  0.008352574   1.903023e-03      0.0002550389         1  0.0336132846    0.001091452      1.032984e-03            3.354185e-05
74  2013-08-31 12:41:45    142 301.6 163.2 164.0207 6.2122e-05 13.93488 0.1892316  0.0582976367  0.008352540   1.780070e-03      0.0002550379         1  0.0343261318    0.001088627      1.054890e-03            3.345505e-05
75  2013-08-31 12:42:00    143 302.3 163.2 164.0276 6.2122e-05 13.94172 0.1892316  0.0585932533  0.008352543   1.789096e-03      0.0002550380         1  0.0350389790    0.001085846      1.076797e-03            3.336958e-05
76  2013-08-31 12:42:15    144 303.0 163.2 164.0344 6.2122e-05 13.94856 0.1892316  0.0588888698  0.008352545   1.798123e-03      0.0002550380         1  0.0357518261    0.001083109      1.098704e-03            3.328545e-05
77  2013-08-31 12:42:30    145 303.7 163.2 164.0412 6.2122e-05 13.95540 0.1892316  0.0591844863  0.008352548   1.807149e-03      0.0002550381         1  0.0364646733    0.001080415      1.120611e-03            3.320267e-05
78  2013-08-31 12:42:45    146 304.4 163.3 164.1481 6.2122e-05 14.06224 0.1892316  0.0638024434  0.008352587   1.948155e-03      0.0002550393         1  0.0371775205    0.001077765      1.142518e-03            3.312125e-05
79  2013-08-31 12:43:00    147 305.0 163.2 164.0549 6.2122e-05 13.96908 0.1892316  0.0597757193  0.008352553   1.825202e-03      0.0002550383         1  0.0377885323    0.001075530      1.161295e-03            3.305254e-05
80  2013-08-31 12:43:15    148 305.7 163.4 164.2617 6.2122e-05 14.17591 0.1892316  0.0687160169  0.008352629   2.098187e-03      0.0002550406         1  0.0385013795    0.001072963      1.183202e-03            3.297367e-05
81  2013-08-31 12:43:30    149 306.4 163.3 164.1686 6.2122e-05 14.08275 0.1892316  0.0646892929  0.008352595   1.975234e-03      0.0002550395         1  0.0392142267    0.001070442      1.205108e-03            3.289618e-05
82  2013-08-31 12:43:45    150 307.1 163.3 164.1754 6.2122e-05 14.08959 0.1892316  0.0649849094  0.008352597   1.984260e-03      0.0002550396         1  0.0399270738    0.001067965      1.227015e-03            3.282008e-05
83  2013-08-31 12:44:00    151 307.7 163.3 164.1823 6.2122e-05 14.09643 0.1892316  0.0652805259  0.008352600   1.993287e-03      0.0002550397         1  0.0405380857    0.001065879      1.245792e-03            3.275598e-05
84  2013-08-31 12:44:15    152 308.6 163.3 164.1891 6.2122e-05 14.10327 0.1892316  0.0655761424  0.008352602   2.002313e-03      0.0002550398         1  0.0414546035    0.001062814      1.273958e-03            3.266177e-05
85  2013-08-31 12:44:30    153 309.0 163.3 164.1959 6.2122e-05 14.11011 0.1892316  0.0658717589  0.008352605   2.011339e-03      0.0002550399         1  0.0418619447    0.001061476      1.286476e-03            3.262065e-05
86  2013-08-31 12:44:45    154 309.7 163.3 164.2028 6.2122e-05 14.11695 0.1892316  0.0661673754  0.008352607   2.020366e-03      0.0002550399         1  0.0425747919    0.001059171      1.308383e-03            3.254983e-05
87  2013-08-31 12:45:00    155 310.4 163.4 164.3096 6.2122e-05 14.22379 0.1892316  0.0707853325  0.008352647   2.161371e-03      0.0002550411         1  0.0432876391    0.001056914      1.330290e-03            3.248044e-05
88  2013-08-31 12:45:15    156 311.1 163.3 164.2165 6.2122e-05 14.13063 0.1892316  0.0667586084  0.008352612   2.038419e-03      0.0002550401         1  0.0440004862    0.001054703      1.352197e-03            3.241251e-05
89  2013-08-31 12:45:30    157 311.7 163.4 164.3233 6.2122e-05 14.23747 0.1892316  0.0713765655  0.008352652   2.179424e-03      0.0002550413         1  0.0446114981    0.001052846      1.370974e-03            3.235544e-05
90  2013-08-31 12:45:45    158 312.4 163.2 164.1301 6.2122e-05 14.04431 0.1892316  0.0630275008  0.008352580   1.924492e-03      0.0002550391         1  0.0453243453    0.001050724      1.392881e-03            3.229022e-05
91  2013-08-31 12:46:00    159 313.1 163.2 164.1370 6.2122e-05 14.05115 0.1892316  0.0633231174  0.008352583   1.933519e-03      0.0002550392         1  0.0460371924    0.001048650      1.414788e-03            3.222648e-05
92  2013-08-31 12:46:15    160 313.8 163.3 164.2438 6.2122e-05 14.15799 0.1892316  0.0679410744  0.008352623   2.074524e-03      0.0002550404         1  0.0467500396    0.001046624      1.436695e-03            3.216423e-05
93  2013-08-31 12:46:30    161 314.5 163.2 164.1507 6.2122e-05 14.06483 0.1892316  0.0639143504  0.008352588   1.951572e-03      0.0002550393         1  0.0474628868    0.001044647      1.458601e-03            3.210347e-05
94  2013-08-31 12:46:45    162 315.3 163.3 164.2575 6.2122e-05 14.17166 0.1892316  0.0685323074  0.008352628   2.092577e-03      0.0002550406         1  0.0482775692    0.001042447      1.483638e-03            3.203586e-05
95  2013-08-31 12:47:00    163 315.9 163.3 164.2643 6.2122e-05 14.17850 0.1892316  0.0688279240  0.008352630   2.101604e-03      0.0002550406         1  0.0488885811    0.001040839      1.502415e-03            3.198646e-05
96  2013-08-31 12:47:15    164 316.6 163.1 164.0712 6.2122e-05 13.98534 0.1892316  0.0604788593  0.008352559   1.846672e-03      0.0002550384         1  0.0496014283    0.001039009      1.524322e-03            3.193022e-05
97  2013-08-31 12:47:30    165 317.4 163.3 164.2780 6.2122e-05 14.19218 0.1892316  0.0694191570  0.008352635   2.119656e-03      0.0002550408         1  0.0504161107    0.001036979      1.549358e-03            3.186783e-05
98  2013-08-31 12:47:45    166 318.1 163.4 164.3849 6.2122e-05 14.29902 0.1892316  0.0740371141  0.008352675   2.260662e-03      0.0002550420         1  0.0511289579    0.001035256      1.571265e-03            3.181488e-05
99  2013-08-31 12:48:00    167 318.8 163.2 164.1917 6.2122e-05 14.10586 0.1892316  0.0656880494  0.008352603   2.005730e-03      0.0002550398         1  0.0518418051    0.001033583      1.593172e-03            3.176347e-05
100 2013-08-31 12:48:15    168 319.4 163.1 164.0985 6.2122e-05 14.01270 0.1892316  0.0616613253  0.008352569   1.882777e-03      0.0002550388         1  0.0524528169    0.001032190      1.611949e-03            3.172064e-05
101 2013-08-31 12:48:30    169 320.1 163.5 164.5054 6.2122e-05 14.41954 0.1892316  0.0792463042  0.008352721   2.419720e-03      0.0002550434         1  0.0531656641    0.001030611      1.633856e-03            3.167212e-05
102 2013-08-31 12:48:45    170 320.8 163.2 164.2122 6.2122e-05 14.12638 0.1892316  0.0665748989  0.008352611   2.032809e-03      0.0002550400         1  0.0538785113    0.001029083      1.655762e-03            3.162516e-05
103 2013-08-31 12:49:00    171 321.4 163.2 164.2191 6.2122e-05 14.13322 0.1892316  0.0668705154  0.008352613   2.041836e-03      0.0002550401         1  0.0544895231    0.001027814      1.674540e-03            3.158616e-05
104 2013-08-31 12:49:15    172 322.1 163.0 164.0259 6.2122e-05 13.94006 0.1892316  0.0585214508  0.008352542   1.786904e-03      0.0002550379         1  0.0552023703    0.001026381      1.696447e-03            3.154212e-05
105 2013-08-31 12:49:30    173 322.9 163.1 164.1327 6.2122e-05 14.04690 0.1892316  0.0631394079  0.008352581   1.927909e-03      0.0002550391         1  0.0560170528    0.001024806      1.721483e-03            3.149374e-05
106 2013-08-31 12:49:45    174 323.6 163.1 164.1396 6.2122e-05 14.05374 0.1892316  0.0634350244  0.008352584   1.936936e-03      0.0002550392         1  0.0567299000    0.001023484      1.743390e-03            3.145310e-05
107 2013-08-31 12:50:00    175 324.4 163.2 164.2464 6.2122e-05 14.16058 0.1892316  0.0680529815  0.008352624   2.077941e-03      0.0002550404         1  0.0575445824    0.001022037      1.768426e-03            3.140862e-05
108 2013-08-31 12:50:15    176 325.0 163.3 164.3532 6.2122e-05 14.26741 0.1892316  0.0726709385  0.008352664   2.218947e-03      0.0002550416         1  0.0581555943    0.001020996      1.787203e-03            3.137663e-05
109 2013-08-31 12:50:30    177 325.8 163.1 164.1601 6.2122e-05 14.07425 0.1892316  0.0643218739  0.008352591   1.964015e-03      0.0002550394         1  0.0589702768    0.001019668      1.812240e-03            3.133582e-05
110 2013-08-31 12:50:45    178 326.4 163.5 164.5669 6.2122e-05 14.48109 0.1892316  0.0819068527  0.008352744   2.500958e-03      0.0002550441         1  0.0595812886    0.001018717      1.831017e-03            3.130660e-05
111 2013-08-31 12:51:00    179 327.0 163.6 164.6738 6.2122e-05 14.58793 0.1892316  0.0865248098  0.008352785   2.641963e-03      0.0002550454         1  0.0601923005    0.001017804      1.849794e-03            3.127856e-05
112 2013-08-31 12:51:15    180 327.7 163.7 164.7806 6.2122e-05 14.69477 0.1892316  0.0911427669  0.008352827   2.782969e-03      0.0002550466         1  0.0609051477    0.001016789      1.871701e-03            3.124736e-05
113 2013-08-31 12:51:30    181 328.4 163.6 164.6874 6.2122e-05 14.60161 0.1892316  0.0871160428  0.008352791   2.660016e-03      0.0002550455         1  0.0616179948    0.001015827      1.893608e-03            3.121779e-05
114 2013-08-31 12:51:45    182 329.1 163.7 164.7943 6.2122e-05 14.70845 0.1892316  0.0917339999  0.008352832   2.801022e-03      0.0002550468         1  0.0623308420    0.001014918      1.915515e-03            3.118986e-05
115 2013-08-31 12:52:00    183 330.0 163.5 164.6011 6.2122e-05 14.51529 0.1892316  0.0833849352  0.008352758   2.546090e-03      0.0002550445         0  0.0632473598    0.001013827      1.943680e-03            3.115635e-05
116 2013-08-31 12:52:15    184 330.5 162.9 164.0080 6.2122e-05 13.92213 0.1892316  0.0577465083  0.008352535   1.763242e-03      0.0002550377         0  0.0637565363    0.001013260      1.959328e-03            3.113890e-05
117 2013-08-31 12:52:30    185 331.3 163.0 164.1148 6.2122e-05 14.02897 0.1892316  0.0623644654  0.008352575   1.904247e-03      0.0002550389         0  0.0645712188    0.001012408      1.984364e-03            3.111274e-05
118 2013-08-31 12:52:45    186 332.0 162.9 164.0216 6.2122e-05 13.93581 0.1892316  0.0583377413  0.008352540   1.781295e-03      0.0002550379         0  0.0652840660    0.001011721      2.006271e-03            3.109161e-05
119 2013-08-31 12:53:00    187 332.7 162.9 164.0285 6.2122e-05 13.94265 0.1892316  0.0586333578  0.008352543   1.790321e-03      0.0002550380         0  0.0659969131    0.001011087      2.028178e-03            3.107214e-05
120 2013-08-31 12:53:15    188 333.4 162.9 164.0353 6.2122e-05 13.94949 0.1892316  0.0589289743  0.008352545   1.799347e-03      0.0002550380         0  0.0667097603    0.001010508      2.050085e-03            3.105432e-05
121 2013-08-31 12:53:30    189 334.2 163.0 164.1422 6.2122e-05 14.05632 0.1892316  0.0635469314  0.008352585   1.940353e-03      0.0002550392         0  0.0675244428    0.001009911      2.075121e-03            3.103599e-05
122 2013-08-31 12:53:45    190 334.8 163.0 164.1490 6.2122e-05 14.06316 0.1892316  0.0638425479  0.008352587   1.949379e-03      0.0002550393         0  0.0681354547    0.001009510      2.093898e-03            3.102367e-05
123 2013-08-31 12:54:00    191 335.5 162.8 163.9558 6.2122e-05 13.87000 0.1892316  0.0554934832  0.008352516   1.694447e-03      0.0002550372         0  0.0688483018    0.001009093      2.115805e-03            3.101084e-05
124 2013-08-31 12:54:15    192 336.2 163.1 164.2627 6.2122e-05 14.17684 0.1892316  0.0687561215  0.008352630   2.099411e-03      0.0002550406         0  0.0695611490    0.001008729      2.137712e-03            3.099968e-05
125 2013-08-31 12:54:30    193 336.8 163.1 164.2695 6.2122e-05 14.18368 0.1892316  0.0690517380  0.008352632   2.108438e-03      0.0002550407         0  0.0701721608    0.001008461      2.156489e-03            3.099144e-05
126 2013-08-31 12:54:45    194 337.5 163.0 164.1764 6.2122e-05 14.09052 0.1892316  0.0650250139  0.008352598   1.985485e-03      0.0002550396         0  0.0708850080    0.001008199      2.178396e-03            3.098337e-05
127 2013-08-31 12:55:00    195 338.2 163.1 164.2832 6.2122e-05 14.19736 0.1892316  0.0696429710  0.008352637   2.126490e-03      0.0002550408         0  0.0715978552    0.001007991      2.200303e-03            3.097698e-05
128 2013-08-31 12:55:15    196 338.9 163.3 164.4900 6.2122e-05 14.40420 0.1892316  0.0785832687  0.008352715   2.399475e-03      0.0002550432         0  0.0723107024    0.001007837      2.222210e-03            3.097225e-05
129 2013-08-31 12:55:30    197 339.7 163.3 164.4969 6.2122e-05 14.41104 0.1892316  0.0788788852  0.008352718   2.408501e-03      0.0002550433         0  0.0731253848    0.001007728      2.247246e-03            3.096890e-05
130 2013-08-31 12:55:45    198 340.3 163.1 164.3037 6.2122e-05 14.21788 0.1892316  0.0705298205  0.008352645   2.153570e-03      0.0002550411         0  0.0737363967    0.001007693      2.266023e-03            3.096783e-05
131 2013-08-31 12:56:00    199 341.1 163.1 164.3106 6.2122e-05 14.22472 0.1892316  0.0708254370  0.008352648   2.162596e-03      0.0002550412         0  0.0745510792    0.001007709      2.291060e-03            3.096830e-05
132 2013-08-31 12:56:15    200 341.8 163.0 164.2174 6.2122e-05 14.13156 0.1892316  0.0667987129  0.008352613   2.039643e-03      0.0002550401         0  0.0752639263    0.001007780      2.312966e-03            3.097051e-05
133 2013-08-31 12:56:30    201 342.5 163.2 164.4242 6.2122e-05 14.33840 0.1892316  0.0757390106  0.008352690   2.312628e-03      0.0002550425         0  0.0759767735    0.001007907      2.334873e-03            3.097439e-05
134 2013-08-31 12:56:45    202 343.2 163.3 164.5311 6.2122e-05 14.44524 0.1892316  0.0803569677  0.008352731   2.453633e-03      0.0002550437         0  0.0766896207    0.001008087      2.356780e-03            3.097995e-05
135 2013-08-31 12:57:00    203 343.9 163.2 164.4379 6.2122e-05 14.35207 0.1892316  0.0763302436  0.008352695   2.330681e-03      0.0002550426         0  0.0774024678    0.001008323      2.378687e-03            3.098717e-05
136 2013-08-31 12:57:15    204 344.6 163.2 164.4447 6.2122e-05 14.35891 0.1892316  0.0766258601  0.008352698   2.339707e-03      0.0002550427         0  0.0781153150    0.001008612      2.400594e-03            3.099607e-05
137 2013-08-31 12:57:30    205 345.4 163.4 164.6516 6.2122e-05 14.56575 0.1892316  0.0855661578  0.008352777   2.612692e-03      0.0002550451         0  0.0789299975    0.001009009      2.425630e-03            3.100828e-05
138 2013-08-31 12:57:45    206 346.3 163.4 164.6584 6.2122e-05 14.57259 0.1892316  0.0858617743  0.008352779   2.621718e-03      0.0002550452         0  0.0798465153    0.001009541      2.453796e-03            3.102461e-05
139 2013-08-31 12:58:00    207 347.0 163.5 164.7653 6.2122e-05 14.67943 0.1892316  0.0904797314  0.008352821   2.762723e-03      0.0002550464         0  0.0805593624    0.001010016      2.475703e-03            3.103922e-05
140 2013-08-31 12:58:15    208 347.8 163.4 164.6721 6.2122e-05 14.58627 0.1892316  0.0864530073  0.008352785   2.639771e-03      0.0002550453         0  0.0813740449    0.001010626      2.500739e-03            3.105795e-05
141 2013-08-31 12:58:30    209 348.8 163.5 164.7789 6.2122e-05 14.69311 0.1892316  0.0910709644  0.008352826   2.780776e-03      0.0002550466         0  0.0823923980    0.001011487      2.532034e-03            3.108441e-05
142 2013-08-31 12:58:45    210 349.6 163.6 164.8858 6.2122e-05 14.79995 0.1892316  0.0956889215  0.008352867   2.921782e-03      0.0002550479         0  0.0832070805    0.001012255      2.557071e-03            3.110801e-05
143 2013-08-31 12:59:00    211 350.5 163.5 164.7926 6.2122e-05 14.70679 0.1892316  0.0916621974  0.008352831   2.798829e-03      0.0002550468         0  0.0841235983    0.001013202      2.585237e-03            3.113714e-05
144 2013-08-31 12:59:15    212 351.4 163.4 164.6995 6.2122e-05 14.61363 0.1892316  0.0876354733  0.008352795   2.675876e-03      0.0002550457         0  0.0850401161    0.001014239      2.613402e-03            3.116898e-05
145 2013-08-31 12:59:30    213 352.2 163.4 164.7063 6.2122e-05 14.62047 0.1892316  0.0879310898  0.008352798   2.684903e-03      0.0002550457         0  0.0858547986    0.001015234      2.638439e-03            3.119957e-05
146 2013-08-31 12:59:45    214 352.9 163.4 164.7131 6.2122e-05 14.62731 0.1892316  0.0882267064  0.008352801   2.693929e-03      0.0002550458         0  0.0865676457    0.001016162      2.660346e-03            3.122809e-05
147 2013-08-31 13:00:00    215 353.6 163.4 164.7200 6.2122e-05 14.63415 0.1892316  0.0885223229  0.008352803   2.702956e-03      0.0002550459         0  0.0872804929    0.001017143      2.682252e-03            3.125823e-05
148 2013-08-31 13:00:15    216 354.5 163.5 164.8268 6.2122e-05 14.74099 0.1892316  0.0931402799  0.008352844   2.843961e-03      0.0002550472         0  0.0881970107    0.001018482      2.710418e-03            3.129939e-05
149 2013-08-31 13:00:30    217 355.2 163.5 164.8337 6.2122e-05 14.74782 0.1892316  0.0934358965  0.008352847   2.852988e-03      0.0002550473         0  0.0889098579    0.001019584      2.732325e-03            3.133325e-05
150 2013-08-31 13:00:45    218 356.0 163.6 164.9405 6.2122e-05 14.85466 0.1892316  0.0980538535  0.008352889   2.993993e-03      0.0002550485         0  0.0897245403    0.001020907      2.757361e-03            3.137392e-05
151 2013-08-31 13:01:00    219 356.8 163.4 164.7473 6.2122e-05 14.66150 0.1892316  0.0897047889  0.008352814   2.739061e-03      0.0002550462         0  0.0905392228    0.001022299      2.782398e-03            3.141670e-05
152 2013-08-31 13:01:15    220 357.7 163.5 164.8542 6.2122e-05 14.76834 0.1892316  0.0943227460  0.008352855   2.880067e-03      0.0002550475         0  0.0914557406    0.001023947      2.810564e-03            3.146732e-05
153 2013-08-31 13:01:30    221 358.6 163.5 164.8610 6.2122e-05 14.77518 0.1892316  0.0946183625  0.008352858   2.889093e-03      0.0002550476         0  0.0923722584    0.001025680      2.838730e-03            3.152058e-05
154 2013-08-31 13:01:45    222 359.5 163.6 164.9679 6.2122e-05 14.88202 0.1892316  0.0992363196  0.008352899   3.030099e-03      0.0002550489         0  0.0932887762    0.001027498      2.866895e-03            3.157647e-05
155 2013-08-31 13:02:00    223 360.4 163.7 165.0747 6.2122e-05 14.98886 0.1892316  0.1038542766  0.008352942   3.171104e-03      0.0002550501         0  0.0942052940    0.001029402      2.895061e-03            3.163496e-05
156 2013-08-31 13:02:15    224 361.4 163.4 164.7815 6.2122e-05 14.69570 0.1892316  0.0911828714  0.008352827   2.784193e-03      0.0002550466         0  0.0952236471    0.001031615      2.926357e-03            3.170300e-05
157 2013-08-31 13:02:30    225 362.2 163.5 164.8884 6.2122e-05 14.80254 0.1892316  0.0958008285  0.008352868   2.925199e-03      0.0002550479         0  0.0960383295    0.001033461      2.951393e-03            3.175972e-05
158 2013-08-31 13:02:45    226 363.2 163.5 164.8952 6.2122e-05 14.80938 0.1892316  0.0960964450  0.008352871   2.934225e-03      0.0002550480         0  0.0970566826    0.001035861      2.982688e-03            3.183347e-05
159 2013-08-31 13:03:00    227 364.0 163.5 164.9021 6.2122e-05 14.81622 0.1892316  0.0963920615  0.008352874   2.943252e-03      0.0002550481         0  0.0978713651    0.001037854      3.007725e-03            3.189473e-05
160 2013-08-31 13:03:15    228 364.9 163.5 164.9089 6.2122e-05 14.82306 0.1892316  0.0966876780  0.008352876   2.952278e-03      0.0002550481         0  0.0987878829    0.001040175      3.035891e-03            3.196604e-05
161 2013-08-31 13:03:30    229 365.9 163.5 164.9157 6.2122e-05 14.82990 0.1892316  0.0969832945  0.008352879   2.961304e-03      0.0002550482         0  0.0998062360    0.001042849      3.067186e-03            3.204823e-05
162 2013-08-31 13:03:45    230 366.7 163.6 165.0226 6.2122e-05 14.93674 0.1892316  0.1016012516  0.008352921   3.102310e-03      0.0002550495         0  0.1006209185    0.001045061      3.092222e-03            3.211619e-05
163 2013-08-31 13:04:00    231 367.6 163.7 165.1294 6.2122e-05 15.04357 0.1892316  0.1062192087  0.008352963   3.243315e-03      0.0002550508         0  0.1015374363    0.001047625      3.120388e-03            3.219500e-05
164 2013-08-31 13:04:15    232 368.7 163.8 165.2362 6.2122e-05 15.15041 0.1892316  0.1108371658  0.008353006   3.384321e-03      0.0002550521         0  0.1026576247    0.001050868      3.154813e-03            3.229466e-05
165 2013-08-31 13:04:30    233 369.6 163.9 165.3431 6.2122e-05 15.25725 0.1892316  0.1154551229  0.008353048   3.525326e-03      0.0002550534         0  0.1035741425    0.001053610      3.182979e-03            3.237890e-05
166 2013-08-31 13:04:45    234 370.7 163.7 165.1499 6.2122e-05 15.06409 0.1892316  0.1071060582  0.008352971   3.270395e-03      0.0002550510         0  0.1046943309    0.001057067      3.217404e-03            3.248516e-05
167 2013-08-31 13:05:00    235 371.6 163.7 165.1568 6.2122e-05 15.07093 0.1892316  0.1074016747  0.008352974   3.279421e-03      0.0002550511         0  0.1056108487    0.001059983      3.245570e-03            3.257476e-05
168 2013-08-31 13:05:15    236 372.6 163.9 165.3636 6.2122e-05 15.27777 0.1892316  0.1163419724  0.008353057   3.552406e-03      0.0002550537         0  0.1066292018    0.001063313      3.276865e-03            3.267710e-05
169 2013-08-31 13:05:30    237 373.5 163.9 165.3704 6.2122e-05 15.28461 0.1892316  0.1166375889  0.008353059   3.561432e-03      0.0002550537         0  0.1075457195    0.001066391      3.305031e-03            3.277170e-05
170 2013-08-31 13:05:45    238 374.2 164.0 165.4773 6.2122e-05 15.39145 0.1892316  0.1212555460  0.008353103   3.702437e-03      0.0002550551         0  0.1082585667    0.001068838      3.326938e-03            3.284689e-05
171 2013-08-31 13:06:00    239 375.2 163.8 165.2841 6.2122e-05 15.19829 0.1892316  0.1129064813  0.008353025   3.447506e-03      0.0002550527         0  0.1092769198    0.001072412      3.358234e-03            3.295673e-05
172 2013-08-31 13:06:15    240 376.1 163.7 165.1910 6.2122e-05 15.10513 0.1892316  0.1088797573  0.008352988   3.324553e-03      0.0002550515         0  0.1101934376    0.001075708      3.386399e-03            3.305801e-05
173 2013-08-31 13:06:30    241 377.2 163.7 165.1978 6.2122e-05 15.11197 0.1892316  0.1091753738  0.008352990   3.333579e-03      0.0002550516         0  0.1113136260    0.001079836      3.420824e-03            3.318488e-05
174 2013-08-31 13:06:45    242 378.2 163.9 165.4046 6.2122e-05 15.31881 0.1892316  0.1181156714  0.008353073   3.606564e-03      0.0002550542         0  0.1123319791    0.001083684      3.452120e-03            3.330314e-05
175 2013-08-31 13:07:00    243 379.2 163.9 165.4115 6.2122e-05 15.32565 0.1892316  0.1184112879  0.008353076   3.615590e-03      0.0002550542         0  0.1133503322    0.001087621      3.483415e-03            3.342414e-05
176 2013-08-31 13:07:15    244 380.4 163.8 165.3183 6.2122e-05 15.23248 0.1892316  0.1143845639  0.008353038   3.492638e-03      0.0002550531         0  0.1145723559    0.001092463      3.520970e-03            3.357292e-05
177 2013-08-31 13:07:30    245 381.4 163.9 165.4252 6.2122e-05 15.33932 0.1892316  0.1190025209  0.008353081   3.633643e-03      0.0002550544         0  0.1155907090    0.001096593      3.552265e-03            3.369986e-05
178 2013-08-31 13:07:45    246 382.6 163.9 165.4320 6.2122e-05 15.34616 0.1892316  0.1192981375  0.008353084   3.642670e-03      0.0002550545         0  0.1168127327    0.001101664      3.589820e-03            3.385567e-05
179 2013-08-31 13:08:00    247 383.6 163.9 165.4388 6.2122e-05 15.35300 0.1892316  0.1195937540  0.008353087   3.651696e-03      0.0002550546         0  0.1178310858    0.001105982      3.621115e-03            3.398840e-05
180 2013-08-31 13:08:15    248 384.6 164.1 165.6457 6.2122e-05 15.55984 0.1892316  0.1285340516  0.008353171   3.924681e-03      0.0002550571         0  0.1188494389    0.001110385      3.652411e-03            3.412371e-05
181 2013-08-31 13:08:30    249 385.6 164.1 165.6525 6.2122e-05 15.56668 0.1892316  0.1288296681  0.008353174   3.933707e-03      0.0002550572         0  0.1198677920    0.001114871      3.683706e-03            3.426157e-05
182 2013-08-31 13:08:45    250 386.8 164.0 165.5594 6.2122e-05 15.47352 0.1892316  0.1248029441  0.008353136   3.810754e-03      0.0002550561         0  0.1210898157    0.001120363      3.721260e-03            3.443033e-05
183 2013-08-31 13:09:00    251 388.0 164.0 165.5662 6.2122e-05 15.48036 0.1892316  0.1250985606  0.008353139   3.819781e-03      0.0002550562         0  0.1223118395    0.001125971      3.758815e-03            3.460266e-05
184 2013-08-31 13:09:15    252 389.1 164.0 165.5730 6.2122e-05 15.48720 0.1892316  0.1253941771  0.008353141   3.828807e-03      0.0002550562         0  0.1234320279    0.001131212      3.793240e-03            3.476374e-05
185 2013-08-31 13:09:30    253 390.0 164.2 165.7799 6.2122e-05 15.69404 0.1892316  0.1343344747  0.008353226   4.101792e-03      0.0002550588         0  0.1243485457    0.001135571      3.821406e-03            3.489770e-05
186 2013-08-31 13:09:45    254 391.2 164.1 165.6867 6.2122e-05 15.60088 0.1892316  0.1303077507  0.008353188   3.978839e-03      0.0002550577         0  0.1255705694    0.001141481      3.858960e-03            3.507932e-05
187 2013-08-31 13:10:00    255 392.2 164.4 165.9935 6.2122e-05 15.90772 0.1892316  0.1435703889  0.008353315   4.383803e-03      0.0002550615         0  0.1265889225    0.001146490      3.890256e-03            3.523325e-05
188 2013-08-31 13:10:15    256 393.2 164.4 166.0004 6.2122e-05 15.91456 0.1892316  0.1438660054  0.008353318   4.392829e-03      0.0002550616         0  0.1276072756    0.001151574      3.921551e-03            3.538950e-05
189 2013-08-31 13:10:30    257 394.4 164.3 165.9072 6.2122e-05 15.82140 0.1892316  0.1398392813  0.008353279   4.269876e-03      0.0002550604         0  0.1288292993    0.001157774      3.959106e-03            3.558003e-05
190 2013-08-31 13:10:45    258 395.5 164.3 165.9141 6.2122e-05 15.82823 0.1892316  0.1401348978  0.008353282   4.278903e-03      0.0002550605         0  0.1299494877    0.001163550      3.993531e-03            3.575752e-05
191 2013-08-31 13:11:00    259 396.5 164.4 166.0209 6.2122e-05 15.93507 0.1892316  0.1447528549  0.008353327   4.419908e-03      0.0002550619         0  0.1309678408    0.001168876      4.024826e-03            3.592121e-05
192 2013-08-31 13:11:15    260 397.8 164.4 166.0277 6.2122e-05 15.94191 0.1892316  0.1450484714  0.008353330   4.428935e-03      0.0002550620         0  0.1322916998    0.001175907      4.065510e-03            3.613727e-05
193 2013-08-31 13:11:30    261 399.1 164.7 166.3346 6.2122e-05 16.24875 0.1892316  0.1583111097  0.008353460   4.833898e-03      0.0002550660         0  0.1336155589    0.001183056      4.106194e-03            3.635697e-05
194 2013-08-31 13:11:45    262 400.5 165.0 166.6414 6.2122e-05 16.55559 0.1892316  0.1715737479  0.008353592   5.238862e-03      0.0002550700         0  0.1350412532    0.001190884      4.150008e-03            3.659755e-05

$dryleafvolt
             timestamp record LWSmV  SEmV    CSEmV   CSEmV.sd   loadmV loadmV.sd
1  2013-08-31 12:17:45     46 263.7 162.6 162.7641 6.2122e-05 12.67831 0.1892316
2  2013-08-31 12:18:00     47 263.7 162.8 162.9710 6.2122e-05 12.88515 0.1892316
3  2013-08-31 12:18:15     48 263.7 162.3 162.4778 6.2122e-05 12.39199 0.1892316
4  2013-08-31 12:18:30     49 263.7 162.5 162.6847 6.2122e-05 12.59883 0.1892316
5  2013-08-31 12:18:45     50 263.7 162.4 162.5915 6.2122e-05 12.50567 0.1892316
6  2013-08-31 12:19:00     51 263.7 162.5 162.6983 6.2122e-05 12.61251 0.1892316
7  2013-08-31 12:19:15     52 263.7 162.4 162.6052 6.2122e-05 12.51935 0.1892316
8  2013-08-31 12:19:30     53 263.7 162.3 162.5120 6.2122e-05 12.42618 0.1892316
9  2013-08-31 12:19:45     54 263.7 162.5 162.7189 6.2122e-05 12.63302 0.1892316
10 2013-08-31 12:20:00     55 263.7 162.4 162.6257 6.2122e-05 12.53986 0.1892316
11 2013-08-31 12:20:15     56 263.7 162.5 162.7325 6.2122e-05 12.64670 0.1892316
12 2013-08-31 12:20:30     57 263.7 162.5 162.7394 6.2122e-05 12.65354 0.1892316
13 2013-08-31 12:20:45     58 263.7 162.5 162.7462 6.2122e-05 12.66038 0.1892316
14 2013-08-31 12:21:00     59 263.7 162.6 162.8531 6.2122e-05 12.76722 0.1892316
15 2013-08-31 12:21:15     60 263.7 162.4 162.6599 6.2122e-05 12.57406 0.1892316
16 2013-08-31 12:21:30     61 263.7 162.5 162.7667 6.2122e-05 12.68090 0.1892316
17 2013-08-31 12:21:45     62 263.7 162.3 162.5736 6.2122e-05 12.48774 0.1892316
18 2013-08-31 12:22:00     63 263.7 162.3 162.5804 6.2122e-05 12.49458 0.1892316
19 2013-08-31 12:22:15     64 263.7 162.3 162.5872 6.2122e-05 12.50142 0.1892316
20 2013-08-31 12:22:30     65 263.7 162.3 162.5941 6.2122e-05 12.50826 0.1892316
21 2013-08-31 12:22:45     66 263.7 162.4 162.7009 6.2122e-05 12.61509 0.1892316
22 2013-08-31 12:23:00     67 263.7 162.3 162.6078 6.2122e-05 12.52193 0.1892316
23 2013-08-31 12:23:15     68 263.7 162.3 162.6146 6.2122e-05 12.52877 0.1892316
24 2013-08-31 12:23:30     69 263.7 162.4 162.7214 6.2122e-05 12.63561 0.1892316

$runtime
Time difference of 48.25 mins

$startcalibvolt
             timestamp record LWSmV  SEmV    CSEmV   CSEmV.sd   loadmV loadmV.sd
1  2013-08-31 12:12:15     24 263.7 273.1 273.1137 6.2122e-05 123.0278 0.1892316
2  2013-08-31 12:12:30     25 263.7 273.0 273.0205 6.2122e-05 122.9347 0.1892316
3  2013-08-31 12:12:45     26 263.7 273.0 273.0274 6.2122e-05 122.9415 0.1892316
4  2013-08-31 12:13:00     27 263.7 273.1 273.1342 6.2122e-05 123.0484 0.1892316
5  2013-08-31 12:13:15     28 263.7 273.2 273.2410 6.2122e-05 123.1552 0.1892316
6  2013-08-31 12:13:30     29 263.7 273.1 273.1479 6.2122e-05 123.0620 0.1892316
7  2013-08-31 12:13:45     30 263.7 273.2 273.2547 6.2122e-05 123.1689 0.1892316
8  2013-08-31 12:14:00     31 263.7 273.2 273.2616 6.2122e-05 123.1757 0.1892316
9  2013-08-31 12:14:15     32 263.7 273.2 273.2684 6.2122e-05 123.1826 0.1892316
10 2013-08-31 12:14:30     33 263.7 273.4 273.4752 6.2122e-05 123.3894 0.1892316
11 2013-08-31 12:14:45     34 263.7 273.4 273.4821 6.2122e-05 123.3962 0.1892316
12 2013-08-31 12:15:00     35 263.7 273.5 273.5889 6.2122e-05 123.5031 0.1892316
13 2013-08-31 12:15:15     36 263.7 273.4 273.4957 6.2122e-05 123.4099 0.1892316
14 2013-08-31 12:15:30     37 263.7 273.4 273.5026 6.2122e-05 123.4168 0.1892316
15 2013-08-31 12:15:45     38 263.7 273.3 273.4094 6.2122e-05 123.3236 0.1892316
16 2013-08-31 12:16:00     39 263.7 273.5 273.6163 6.2122e-05 123.5304 0.1892316
17 2013-08-31 12:16:15     40 263.7 273.4 273.5231 6.2122e-05 123.4373 0.1892316
18 2013-08-31 12:16:30     41 263.7 273.5 273.6299 6.2122e-05 123.5441 0.1892316
19 2013-08-31 12:16:45     42 263.7 273.8 273.9368 6.2122e-05 123.8510 0.1892316
20 2013-08-31 12:17:00     43 263.7 273.7 273.8436 6.2122e-05 123.7578 0.1892316

$endcalibvolt
             timestamp record LWSmV  SEmV
1  2013-08-31 13:18:00    287 265.1 271.2
2  2013-08-31 13:18:15    288 265.1 271.1
3  2013-08-31 13:18:30    289 265.1 271.3
4  2013-08-31 13:18:45    290 265.1 271.1
5  2013-08-31 13:19:00    291 265.1 271.1
6  2013-08-31 13:19:15    292 265.1 271.3
7  2013-08-31 13:19:30    293 265.1 271.4
8  2013-08-31 13:19:45    294 265.1 271.4
9  2013-08-31 13:20:00    295 265.1 271.3
10 2013-08-31 13:20:15    296 265.1 271.4

$lastLWSvolt
[1] 393.9

$maxLWSvolt
[1] 402

$species
[1] "garryoak"

$trial
[1] "7"

$replicate
[1] "1"

$isvertical
[1] FALSE

$conversionfactor
         avg        stdev
1 0.04322341 1.483165e-05

$LWSwatermass
        avg       stdev
1 0.1247944 0.004311048

$dryleafmass
        avg       stdev
1 0.5440153 0.001679983

$lwsmodel

Call:
lm(formula = LWSsurfacedensity ~ record, data = rd[rd$runfilter == 
    1, ])

Coefficients:
(Intercept)       record  
 -1.939e-03    2.113e-05  


$leafmodel

Call:
lm(formula = surfacedensity ~ record, data = rd[rd$runfilter == 
    1, ])

Coefficients:
(Intercept)       record  
 -1.171e-03    2.001e-05  


