$name
[1] "garryoak6rep2"

$leafarea
[1] 31.82868

$startbasevolt
            timestamp record LWSmV  SEmV CSEmV CSEmV.sd      loadmV loadmV.sd
1 2013-09-07 10:01:00      2 263.1 150.3 150.3        0 -0.03560452 0.1448389
2 2013-09-07 10:01:15      3 263.1 150.1 150.1        0 -0.23560452 0.1448389
3 2013-09-07 10:01:30      4 263.1 150.3 150.3        0 -0.03560452 0.1448389
4 2013-09-07 10:01:45      5 263.1 150.2 150.2        0 -0.13560452 0.1448389
5 2013-09-07 10:02:00      6 263.1 150.3 150.3        0 -0.03560452 0.1448389
6 2013-09-07 10:02:15      7 263.1 150.3 150.3        0 -0.03560452 0.1448389
7 2013-09-07 10:02:30      8 263.1 150.5 150.5        0  0.16439548 0.1448389
8 2013-09-07 10:02:45      9 263.1 150.6 150.6        0  0.26439548 0.1448389
9 2013-09-07 10:03:00     10 263.1 150.5 150.5        0  0.16439548 0.1448389

$endbasevolt
             timestamp record LWSmV  SEmV    CSEmV     CSEmV.sd      loadmV loadmV.sd
1  2013-09-07 11:58:45    473 265.1 149.1 150.5139 2.999095e-05  0.17830199 0.1448389
2  2013-09-07 11:59:00    474 265.1 149.0 150.4170 2.999095e-05  0.08135579 0.1448389
3  2013-09-07 11:59:15    475 265.1 148.9 150.3200 2.999095e-05 -0.01559042 0.1448389
4  2013-09-07 11:59:30    476 265.1 149.0 150.4231 2.999095e-05  0.08746337 0.1448389
5  2013-09-07 11:59:45    477 265.1 148.7 150.1261 2.999095e-05 -0.20948283 0.1448389
6  2013-09-07 12:00:00    478 265.1 148.8 150.2292 2.999095e-05 -0.10642904 0.1448389
7  2013-09-07 12:00:15    479 265.1 148.7 150.1322 2.999095e-05 -0.20337525 0.1448389
8  2013-09-07 12:00:30    480 265.1 148.8 150.2353 2.999095e-05 -0.10032145 0.1448389
9  2013-09-07 12:00:45    481 265.1 149.0 150.4383 2.999095e-05  0.10273234 0.1448389
10 2013-09-07 12:01:00    482 265.0 149.0 150.4414 2.999095e-05  0.10578614 0.1448389

$dryragvolt
            timestamp record LWSmV  SEmV    CSEmV     CSEmV.sd   loadmV loadmV.sd
1 2013-09-07 11:48:45    433 485.1 250.1 251.3918 2.999095e-05 101.0562 0.1448389
2 2013-09-07 11:49:00    434 484.7 249.9 251.1948 2.999095e-05 100.8592 0.1448389
3 2013-09-07 11:49:15    435 484.7 249.9 251.1979 2.999095e-05 100.8623 0.1448389
4 2013-09-07 11:49:30    436 484.2 249.7 251.0009 2.999095e-05 100.6653 0.1448389
5 2013-09-07 11:49:45    437 484.0 249.7 251.0040 2.999095e-05 100.6684 0.1448389
6 2013-09-07 11:50:00    438 483.7 249.5 250.8070 2.999095e-05 100.4714 0.1448389
7 2013-09-07 11:50:15    439 483.3 249.4 250.7101 2.999095e-05 100.3745 0.1448389
8 2013-09-07 11:50:30    440 482.8 249.2 250.5131 2.999095e-05 100.1775 0.1448389
9 2013-09-07 11:50:45    441 482.6 249.2 250.5162 2.999095e-05 100.1806 0.1448389

$wetragvolt
             timestamp record LWSmV  SEmV    CSEmV     CSEmV.sd   loadmV loadmV.sd
1  2013-09-07 11:51:45    445 265.6 255.1 256.4284 2.999095e-05 106.0928 0.1448389
2  2013-09-07 11:52:00    446 265.5 254.9 256.2315 2.999095e-05 105.8958 0.1448389
3  2013-09-07 11:52:15    447 265.5 254.8 256.1345 2.999095e-05 105.7989 0.1448389
4  2013-09-07 11:52:30    448 265.4 254.5 255.8376 2.999095e-05 105.5020 0.1448389
5  2013-09-07 11:52:45    449 265.1 254.4 255.7406 2.999095e-05 105.4050 0.1448389
6  2013-09-07 11:53:00    450 265.1 254.3 255.6437 2.999095e-05 105.3081 0.1448389
7  2013-09-07 11:53:15    451 265.1 254.2 255.5467 2.999095e-05 105.2111 0.1448389
8  2013-09-07 11:53:30    452 265.1 254.1 255.4498 2.999095e-05 105.1142 0.1448389
9  2013-09-07 11:53:45    453 265.1 254.0 255.3528 2.999095e-05 105.0172 0.1448389
10 2013-09-07 11:54:00    454 265.1 253.9 255.2559 2.999095e-05 104.9203 0.1448389
11 2013-09-07 11:54:15    455 265.1 253.9 255.2589 2.999095e-05 104.9233 0.1448389
12 2013-09-07 11:54:30    456 265.1 253.9 255.2620 2.999095e-05 104.9264 0.1448389
13 2013-09-07 11:54:45    457 265.1 253.6 254.9650 2.999095e-05 104.6294 0.1448389
14 2013-09-07 11:55:00    458 265.1 253.5 254.8681 2.999095e-05 104.5325 0.1448389
15 2013-09-07 11:55:15    459 265.1 253.5 254.8712 2.999095e-05 104.5355 0.1448389
16 2013-09-07 11:55:30    460 265.1 253.3 254.6742 2.999095e-05 104.3386 0.1448389

$rundata
              timestamp record LWSmV  SEmV    CSEmV     CSEmV.sd   loadmV loadmV.sd   watermass watermass.sd surfacedensity surfacedensity.sd runfilter      LWSwater LWSwater.stdev LWSsurfacedensity LWSsurfacedensity.stdev
1   2013-09-07 10:12:30     48 263.1 164.9 165.0160 2.999095e-05 14.68044 0.1448389 0.012151612  0.006406860   0.0003817819      0.0002012921         0 -4.880462e-03    0.001298735     -1.499835e-04            3.991196e-05
2   2013-09-07 10:12:45     49 263.6 165.0 165.1191 2.999095e-05 14.78349 0.1448389 0.016616348  0.006406948   0.0005220559      0.0002012948         0 -4.371286e-03    0.001295404     -1.343358e-04            3.980958e-05
3   2013-09-07 10:13:00     50 263.7 165.0 165.1222 2.999095e-05 14.78655 0.1448389 0.016748651  0.006406951   0.0005262126      0.0002012949         0 -4.269451e-03    0.001294739     -1.312062e-04            3.978915e-05
4   2013-09-07 10:13:15     51 263.7 165.0 165.1252 2.999095e-05 14.78960 0.1448389 0.016880955  0.006406953   0.0005303694      0.0002012950         0 -4.269451e-03    0.001294739     -1.312062e-04            3.978915e-05
5   2013-09-07 10:13:30     52 264.1 164.9 165.0283 2.999095e-05 14.69265 0.1448389 0.012680826  0.006406871   0.0003984088      0.0002012924         0 -3.862109e-03    0.001292086     -1.186881e-04            3.970761e-05
6   2013-09-07 10:13:45     53 264.5 165.1 165.2313 2.999095e-05 14.89571 0.1448389 0.021477994  0.006407045   0.0006748001      0.0002012979         0 -3.454768e-03    0.001289440     -1.061699e-04            3.962632e-05
7   2013-09-07 10:14:00     54 265.1 165.0 165.1344 2.999095e-05 14.79876 0.1448389 0.017277865  0.006406961   0.0005428396      0.0002012952         0 -2.843756e-03    0.001285489     -8.739263e-05            3.950488e-05
8   2013-09-07 10:14:15     55 265.1 165.0 165.1374 2.999095e-05 14.80182 0.1448389 0.017410169  0.006406964   0.0005469963      0.0002012953         0 -2.843756e-03    0.001285489     -8.739263e-05            3.950488e-05
9   2013-09-07 10:14:30     56 265.8 164.8 164.9405 2.999095e-05 14.60487 0.1448389 0.008877608  0.006406796   0.0002789185      0.0002012901         0 -2.130909e-03    0.001280903     -6.548584e-05            3.936394e-05
10  2013-09-07 10:14:45     57 266.2 165.1 165.2435 2.999095e-05 14.90792 0.1448389 0.022007209  0.006407055   0.0006914271      0.0002012982         0 -1.723568e-03    0.001278294     -5.296767e-05            3.928377e-05
11  2013-09-07 10:15:00     58 266.6 165.1 165.2466 2.999095e-05 14.91098 0.1448389 0.022139512  0.006407058   0.0006955838      0.0002012983         0 -1.316227e-03    0.001275694     -4.044950e-05            3.920387e-05
12  2013-09-07 10:15:15     59 267.2 165.0 165.1496 2.999095e-05 14.81403 0.1448389 0.017939383  0.006406974   0.0005636233      0.0002012957         0 -7.052148e-04    0.001271811     -2.167224e-05            3.908453e-05
13  2013-09-07 10:15:30     60 267.8 165.1 165.2527 2.999095e-05 14.91709 0.1448389 0.022404119  0.006407063   0.0007038973      0.0002012985         0 -9.420292e-05    0.001267947     -2.894988e-06            3.896579e-05
14  2013-09-07 10:15:45     61 268.4 165.1 165.2557 2.999095e-05 14.92014 0.1448389 0.022536423  0.006407066   0.0007080540      0.0002012985         0  5.168089e-04    0.001264103      1.588227e-05            3.884768e-05
15  2013-09-07 10:16:00     62 268.9 165.3 165.4588 2.999095e-05 15.12319 0.1448389 0.031333591  0.006407243   0.0009844453      0.0002013041         0  1.025985e-03    0.001260916      3.152998e-05            3.874972e-05
16  2013-09-07 10:16:15     63 269.5 165.2 165.3619 2.999095e-05 15.02625 0.1448389 0.027133462  0.006407158   0.0008524848      0.0002013014         0  1.636997e-03    0.001257110      5.030723e-05            3.863275e-05
17  2013-09-07 10:16:30     64 270.1 165.3 165.4649 2.999095e-05 15.12930 0.1448389 0.031598198  0.006407248   0.0009927588      0.0002013043         0  2.248009e-03    0.001253324      6.908449e-05            3.851641e-05
18  2013-09-07 10:16:45     65 270.7 165.3 165.4680 2.999095e-05 15.13235 0.1448389 0.031730502  0.006407251   0.0009969155      0.0002013043         0  2.859021e-03    0.001249559      8.786174e-05            3.840072e-05
19  2013-09-07 10:17:00     66 271.3 165.5 165.6710 2.999095e-05 15.33541 0.1448389 0.040527670  0.006407430   0.0012733068      0.0002013100         0  3.470033e-03    0.001245815      1.066390e-04            3.828566e-05
20  2013-09-07 10:17:15     67 271.9 165.4 165.5741 2.999095e-05 15.23846 0.1448389 0.036327542  0.006407344   0.0011413463      0.0002013073         0  4.081045e-03    0.001242093      1.254163e-04            3.817126e-05
21  2013-09-07 10:17:30     68 272.6 165.5 165.6771 2.999095e-05 15.34152 0.1448389 0.040792278  0.006407436   0.0012816203      0.0002013102         0  4.793892e-03    0.001237777      1.473230e-04            3.803862e-05
22  2013-09-07 10:17:45     69 273.2 165.5 165.6802 2.999095e-05 15.34457 0.1448389 0.040924581  0.006407439   0.0012857770      0.0002013102         0  5.404904e-03    0.001234101      1.661003e-04            3.792565e-05
23  2013-09-07 10:18:00     70 273.8 165.5 165.6832 2.999095e-05 15.34762 0.1448389 0.041056885  0.006407441   0.0012899338      0.0002013103         0  6.015916e-03    0.001230446      1.848776e-04            3.781334e-05
24  2013-09-07 10:18:15     71 274.4 165.5 165.6863 2.999095e-05 15.35068 0.1448389 0.041189188  0.006407444   0.0012940905      0.0002013104         1  6.626928e-03    0.001226814      2.036548e-04            3.770171e-05
25  2013-09-07 10:18:30     72 275.0 165.5 165.6893 2.999095e-05 15.35373 0.1448389 0.041321492  0.006407447   0.0012982472      0.0002013105         1  7.237939e-03    0.001223203      2.224321e-04            3.759077e-05
26  2013-09-07 10:18:45     73 275.7 165.5 165.6924 2.999095e-05 15.35678 0.1448389 0.041453795  0.006407449   0.0013024040      0.0002013106         1  7.950787e-03    0.001219020      2.443389e-04            3.746220e-05
27  2013-09-07 10:19:00     74 276.2 165.4 165.5954 2.999095e-05 15.25984 0.1448389 0.037253666  0.006407363   0.0011704435      0.0002013079         1  8.459963e-03    0.001216050      2.599866e-04            3.737094e-05
28  2013-09-07 10:19:15     75 276.9 165.5 165.6985 2.999095e-05 15.36289 0.1448389 0.041718402  0.006407455   0.0013107175      0.0002013108         1  9.172810e-03    0.001211920      2.818934e-04            3.724399e-05
29  2013-09-07 10:19:30     76 277.5 165.5 165.7016 2.999095e-05 15.36595 0.1448389 0.041850706  0.006407458   0.0013148742      0.0002013108         1  9.783822e-03    0.001208404      3.006706e-04            3.713595e-05
30  2013-09-07 10:19:45     77 278.1 165.6 165.8046 2.999095e-05 15.46900 0.1448389 0.046315442  0.006407550   0.0014551482      0.0002013137         1  1.039483e-02    0.001204911      3.194479e-04            3.702862e-05
31  2013-09-07 10:20:00     78 278.7 165.6 165.8077 2.999095e-05 15.47205 0.1448389 0.046447746  0.006407552   0.0014593049      0.0002013138         1  1.100585e-02    0.001201442      3.382251e-04            3.692201e-05
32  2013-09-07 10:20:15     79 279.4 165.7 165.9107 2.999095e-05 15.57511 0.1448389 0.050912482  0.006407645   0.0015995790      0.0002013167         1  1.171869e-02    0.001197425      3.601319e-04            3.679855e-05
33  2013-09-07 10:20:30     80 280.0 165.6 165.8138 2.999095e-05 15.47816 0.1448389 0.046712353  0.006407558   0.0014676184      0.0002013140         1  1.232970e-02    0.001194007      3.789092e-04            3.669352e-05
34  2013-09-07 10:20:45     81 280.6 165.6 165.8168 2.999095e-05 15.48121 0.1448389 0.046844656  0.006407561   0.0014717752      0.0002013141         1  1.294072e-02    0.001190613      3.976864e-04            3.658922e-05
35  2013-09-07 10:21:00     82 281.3 165.5 165.7199 2.999095e-05 15.38427 0.1448389 0.042644527  0.006407474   0.0013398146      0.0002013113         1  1.365356e-02    0.001186685      4.195932e-04            3.646849e-05
36  2013-09-07 10:21:15     83 281.9 165.5 165.7229 2.999095e-05 15.38732 0.1448389 0.042776831  0.006407477   0.0013439714      0.0002013114         1  1.426458e-02    0.001183344      4.383705e-04            3.636582e-05
37  2013-09-07 10:21:30     84 282.5 165.7 165.9260 2.999095e-05 15.59038 0.1448389 0.051573999  0.006407659   0.0016203627      0.0002013172         1  1.487559e-02    0.001180028      4.571477e-04            3.626391e-05
38  2013-09-07 10:21:45     85 283.2 165.7 165.9290 2.999095e-05 15.59343 0.1448389 0.051706303  0.006407662   0.0016245194      0.0002013173         1  1.558843e-02    0.001176190      4.790545e-04            3.614598e-05
39  2013-09-07 10:22:00     86 283.8 165.9 166.1321 2.999095e-05 15.79648 0.1448389 0.060503472  0.006407847   0.0019009107      0.0002013231         1  1.619945e-02    0.001172928      4.978318e-04            3.604574e-05
40  2013-09-07 10:22:15     87 284.4 165.6 165.8351 2.999095e-05 15.49954 0.1448389 0.047638478  0.006407577   0.0014967156      0.0002013146         1  1.681046e-02    0.001169692      5.166091e-04            3.594627e-05
41  2013-09-07 10:22:30     88 285.1 165.8 166.0382 2.999095e-05 15.70259 0.1448389 0.056435646  0.006407761   0.0017731069      0.0002013204         1  1.752331e-02    0.001165948      5.385158e-04            3.583123e-05
42  2013-09-07 10:22:45     89 285.7 165.8 166.0412 2.999095e-05 15.70565 0.1448389 0.056567950  0.006407764   0.0017772636      0.0002013205         1  1.813432e-02    0.001162767      5.572931e-04            3.573347e-05
43  2013-09-07 10:23:00     90 286.4 165.7 165.9443 2.999095e-05 15.60870 0.1448389 0.052367821  0.006407676   0.0016453031      0.0002013177         1  1.884716e-02    0.001159089      5.791999e-04            3.562044e-05
44  2013-09-07 10:23:15     91 287.0 165.9 166.1474 2.999095e-05 15.81175 0.1448389 0.061164989  0.006407861   0.0019216944      0.0002013235         1  1.945818e-02    0.001155965      5.979772e-04            3.552443e-05
45  2013-09-07 10:23:30     92 287.6 165.9 166.1504 2.999095e-05 15.81481 0.1448389 0.061297293  0.006407863   0.0019258511      0.0002013236         1  2.006919e-02    0.001152867      6.167544e-04            3.542923e-05
46  2013-09-07 10:23:45     93 288.2 165.9 166.1535 2.999095e-05 15.81786 0.1448389 0.061429596  0.006407866   0.0019300079      0.0002013237         1  2.068020e-02    0.001149796      6.355317e-04            3.533486e-05
47  2013-09-07 10:24:00     94 288.9 166.0 166.2565 2.999095e-05 15.92091 0.1448389 0.065894332  0.006407961   0.0020702819      0.0002013267         1  2.139305e-02    0.001146247      6.574385e-04            3.522580e-05
48  2013-09-07 10:24:15     95 289.6 166.1 166.3596 2.999095e-05 16.02397 0.1448389 0.070359068  0.006408057   0.0022105559      0.0002013297         1  2.210589e-02    0.001142736      6.793453e-04            3.511788e-05
49  2013-09-07 10:24:30     96 290.2 166.1 166.3626 2.999095e-05 16.02702 0.1448389 0.070491372  0.006408059   0.0022147126      0.0002013297         1  2.271691e-02    0.001139755      6.981225e-04            3.502629e-05
50  2013-09-07 10:24:45     97 290.8 166.1 166.3657 2.999095e-05 16.03008 0.1448389 0.070623676  0.006408062   0.0022188693      0.0002013298         1  2.332792e-02    0.001136803      7.168998e-04            3.493554e-05
51  2013-09-07 10:25:00     98 291.5 166.1 166.3687 2.999095e-05 16.03313 0.1448389 0.070755979  0.006408065   0.0022230261      0.0002013299         1  2.404077e-02    0.001133393      7.388066e-04            3.483076e-05
52  2013-09-07 10:25:15     99 292.1 166.1 166.3718 2.999095e-05 16.03618 0.1448389 0.070888283  0.006408068   0.0022271828      0.0002013300         1  2.465178e-02    0.001130501      7.575838e-04            3.474188e-05
53  2013-09-07 10:25:30    100 292.8 166.1 166.3748 2.999095e-05 16.03924 0.1448389 0.071020586  0.006408071   0.0022313396      0.0002013301         1  2.536462e-02    0.001127163      7.794906e-04            3.463929e-05
54  2013-09-07 10:25:45    101 293.4 166.0 166.2779 2.999095e-05 15.94229 0.1448389 0.066820457  0.006407981   0.0020993790      0.0002013273         1  2.597564e-02    0.001124332      7.982679e-04            3.455231e-05
55  2013-09-07 10:26:00    102 294.0 166.1 166.3809 2.999095e-05 16.04534 0.1448389 0.071285193  0.006408076   0.0022396531      0.0002013303         1  2.658665e-02    0.001121531      8.170451e-04            3.446621e-05
56  2013-09-07 10:26:15    103 294.7 166.1 166.3840 2.999095e-05 16.04840 0.1448389 0.071417497  0.006408079   0.0022438098      0.0002013304         1  2.729950e-02    0.001118299      8.389519e-04            3.436689e-05
57  2013-09-07 10:26:30    104 295.3 166.2 166.4871 2.999095e-05 16.15145 0.1448389 0.075882233  0.006408176   0.0023840838      0.0002013334         1  2.791051e-02    0.001115560      8.577292e-04            3.428274e-05
58  2013-09-07 10:26:45    105 296.0 166.2 166.4901 2.999095e-05 16.15451 0.1448389 0.076014536  0.006408178   0.0023882405      0.0002013335         1  2.862335e-02    0.001112403      8.796360e-04            3.418570e-05
59  2013-09-07 10:27:00    106 296.6 166.1 166.3932 2.999095e-05 16.05756 0.1448389 0.071814408  0.006408088   0.0022562800      0.0002013306         1  2.923437e-02    0.001109728      8.984132e-04            3.410351e-05
60  2013-09-07 10:27:15    107 297.3 166.2 166.4962 2.999095e-05 16.16061 0.1448389 0.076279144  0.006408184   0.0023965540      0.0002013337         1  2.994721e-02    0.001106646      9.203200e-04            3.400879e-05
61  2013-09-07 10:27:30    108 297.9 166.4 166.6993 2.999095e-05 16.36367 0.1448389 0.085076312  0.006408376   0.0026729453      0.0002013397         1  3.055823e-02    0.001104037      9.390973e-04            3.392861e-05
62  2013-09-07 10:27:45    109 298.6 166.4 166.7023 2.999095e-05 16.36672 0.1448389 0.085208616  0.006408379   0.0026771020      0.0002013398         1  3.127107e-02    0.001101031      9.610041e-04            3.383624e-05
63  2013-09-07 10:28:00    110 299.2 166.3 166.6054 2.999095e-05 16.26977 0.1448389 0.081008487  0.006408287   0.0025451415      0.0002013369         1  3.188208e-02    0.001098488      9.797813e-04            3.375809e-05
64  2013-09-07 10:28:15    111 299.9 166.3 166.6084 2.999095e-05 16.27283 0.1448389 0.081140790  0.006408290   0.0025492983      0.0002013370         1  3.259493e-02    0.001095561      1.001688e-03            3.366812e-05
65  2013-09-07 10:28:30    112 300.6 166.3 166.6115 2.999095e-05 16.27588 0.1448389 0.081273094  0.006408293   0.0025534550      0.0002013371         1  3.330778e-02    0.001092675      1.023595e-03            3.357945e-05
66  2013-09-07 10:28:45    113 301.3 166.3 166.6145 2.999095e-05 16.27894 0.1448389 0.081405397  0.006408295   0.0025576117      0.0002013372         1  3.402063e-02    0.001089833      1.045502e-03            3.349209e-05
67  2013-09-07 10:29:00    114 301.9 166.3 166.6176 2.999095e-05 16.28199 0.1448389 0.081537701  0.006408298   0.0025617685      0.0002013373         1  3.463164e-02    0.001087430      1.064279e-03            3.341826e-05
68  2013-09-07 10:29:15    115 302.7 166.4 166.7206 2.999095e-05 16.38504 0.1448389 0.086002437  0.006408396   0.0027020425      0.0002013403         1  3.544632e-02    0.001084277      1.089315e-03            3.332135e-05
69  2013-09-07 10:29:30    116 303.3 166.5 166.8237 2.999095e-05 16.48810 0.1448389 0.090467173  0.006408494   0.0028423165      0.0002013434         1  3.605733e-02    0.001081949      1.108093e-03            3.324981e-05
70  2013-09-07 10:29:45    117 304.0 166.4 166.7268 2.999095e-05 16.39115 0.1448389 0.086267044  0.006408402   0.0027103560      0.0002013405         1  3.677018e-02    0.001079274      1.129999e-03            3.316761e-05
71  2013-09-07 10:30:00    118 304.6 166.5 166.8298 2.999095e-05 16.49421 0.1448389 0.090731780  0.006408500   0.0028506300      0.0002013436         1  3.738119e-02    0.001077017      1.148777e-03            3.309823e-05
72  2013-09-07 10:30:15    119 305.3 166.6 166.9329 2.999095e-05 16.59726 0.1448389 0.095196516  0.006408599   0.0029909040      0.0002013467         1  3.809404e-02    0.001074424      1.170683e-03            3.301857e-05
73  2013-09-07 10:30:30    120 305.9 166.6 166.9359 2.999095e-05 16.60031 0.1448389 0.095328820  0.006408602   0.0029950607      0.0002013468         1  3.870505e-02    0.001072238      1.189461e-03            3.295138e-05
74  2013-09-07 10:30:45    121 306.6 166.4 166.7390 2.999095e-05 16.40337 0.1448389 0.086796258  0.006408413   0.0027269829      0.0002013409         1  3.941790e-02    0.001069729      1.211367e-03            3.287429e-05
75  2013-09-07 10:31:00    122 307.2 166.4 166.7420 2.999095e-05 16.40642 0.1448389 0.086928562  0.006408416   0.0027311397      0.0002013410         1  4.002891e-02    0.001067615      1.230145e-03            3.280933e-05
76  2013-09-07 10:31:15    123 308.0 166.4 166.7451 2.999095e-05 16.40947 0.1448389 0.087060865  0.006408419   0.0027352964      0.0002013410         1  4.084359e-02    0.001064849      1.255181e-03            3.272431e-05
77  2013-09-07 10:31:30    124 308.6 166.4 166.7481 2.999095e-05 16.41253 0.1448389 0.087193169  0.006408422   0.0027394531      0.0002013411         1  4.145460e-02    0.001062814      1.273958e-03            3.266177e-05
78  2013-09-07 10:31:45    125 309.1 166.4 166.7512 2.999095e-05 16.41558 0.1448389 0.087325473  0.006408425   0.0027436099      0.0002013412         1  4.196378e-02    0.001061144      1.289606e-03            3.261045e-05
79  2013-09-07 10:32:00    126 309.8 166.4 166.7542 2.999095e-05 16.41864 0.1448389 0.087457776  0.006408428   0.0027477666      0.0002013413         1  4.267663e-02    0.001058846      1.311513e-03            3.253983e-05
80  2013-09-07 10:32:15    127 310.5 166.5 166.8573 2.999095e-05 16.52169 0.1448389 0.091922512  0.006408526   0.0028880406      0.0002013444         1  4.338947e-02    0.001056595      1.333420e-03            3.247065e-05
81  2013-09-07 10:32:30    128 311.1 166.7 167.0603 2.999095e-05 16.72474 0.1448389 0.100719681  0.006408722   0.0031644319      0.0002013506         1  4.400049e-02    0.001054703      1.352197e-03            3.241251e-05
82  2013-09-07 10:32:45    129 311.8 166.6 166.9634 2.999095e-05 16.62780 0.1448389 0.096519552  0.006408628   0.0030324714      0.0002013476         1  4.471333e-02    0.001052540      1.374104e-03            3.234603e-05
83  2013-09-07 10:33:00    130 312.5 166.8 167.1665 2.999095e-05 16.83085 0.1448389 0.105316720  0.006408825   0.0033088627      0.0002013538         1  4.542618e-02    0.001050425      1.396010e-03            3.228103e-05
84  2013-09-07 10:33:15    131 313.2 166.7 167.0695 2.999095e-05 16.73390 0.1448389 0.101116591  0.006408731   0.0031769021      0.0002013508         1  4.613903e-02    0.001048357      1.417917e-03            3.221750e-05
85  2013-09-07 10:33:30    132 313.9 166.7 167.0726 2.999095e-05 16.73696 0.1448389 0.101248895  0.006408734   0.0031810589      0.0002013509         1  4.685187e-02    0.001046339      1.439824e-03            3.215546e-05
86  2013-09-07 10:33:45    133 314.6 166.5 166.8756 2.999095e-05 16.54001 0.1448389 0.092716333  0.006408544   0.0029129811      0.0002013450         1  4.756472e-02    0.001044368      1.461731e-03            3.209491e-05
87  2013-09-07 10:34:00    134 315.2 166.7 167.0787 2.999095e-05 16.74307 0.1448389 0.101513502  0.006408740   0.0031893723      0.0002013511         1  4.817573e-02    0.001042718      1.480508e-03            3.204421e-05
88  2013-09-07 10:34:15    135 315.8 166.8 167.1817 2.999095e-05 16.84612 0.1448389 0.105978238  0.006408840   0.0033296464      0.0002013543         1  4.878675e-02    0.001041105      1.499285e-03            3.199461e-05
89  2013-09-07 10:34:30    136 316.6 166.8 167.1848 2.999095e-05 16.84917 0.1448389 0.106110542  0.006408843   0.0033338031      0.0002013544         1  4.960143e-02    0.001039009      1.524322e-03            3.193022e-05
90  2013-09-07 10:34:45    137 317.1 166.9 167.2878 2.999095e-05 16.95223 0.1448389 0.110575278  0.006408944   0.0034740771      0.0002013575         1  5.011060e-02    0.001037733      1.539969e-03            3.189099e-05
91  2013-09-07 10:35:00    138 317.8 166.9 167.2909 2.999095e-05 16.95528 0.1448389 0.110707581  0.006408947   0.0034782338      0.0002013576         1  5.082345e-02    0.001035988      1.561876e-03            3.183738e-05
92  2013-09-07 10:35:15    139 318.4 166.8 167.1939 2.999095e-05 16.85833 0.1448389 0.106507452  0.006408852   0.0033462733      0.0002013547         1  5.143446e-02    0.001034533      1.580653e-03            3.179266e-05
93  2013-09-07 10:35:30    140 319.1 166.9 167.2970 2.999095e-05 16.96139 0.1448389 0.110972188  0.006408953   0.0034865473      0.0002013578         1  5.214731e-02    0.001032882      1.602560e-03            3.174191e-05
94  2013-09-07 10:35:45    141 319.7 166.8 167.2000 2.999095e-05 16.86444 0.1448389 0.106772059  0.006408858   0.0033545868      0.0002013548         1  5.275832e-02    0.001031507      1.621338e-03            3.169965e-05
95  2013-09-07 10:36:00    142 320.4 167.0 167.4031 2.999095e-05 17.06750 0.1448389 0.115569228  0.006409058   0.0036309781      0.0002013611         1  5.347117e-02    0.001029950      1.643244e-03            3.165180e-05
96  2013-09-07 10:36:15    143 321.0 166.8 167.2062 2.999095e-05 16.87055 0.1448389 0.107036666  0.006408864   0.0033629003      0.0002013550         1  5.408218e-02    0.001028655      1.662022e-03            3.161203e-05
97  2013-09-07 10:36:30    144 321.6 166.8 167.2092 2.999095e-05 16.87360 0.1448389 0.107168970  0.006408867   0.0033670570      0.0002013551         1  5.469319e-02    0.001027399      1.680799e-03            3.157342e-05
98  2013-09-07 10:36:45    145 322.2 166.8 167.2123 2.999095e-05 16.87666 0.1448389 0.107301274  0.006408870   0.0033712138      0.0002013552         1  5.530421e-02    0.001026180      1.699576e-03            3.153596e-05
99  2013-09-07 10:37:00    146 322.9 166.8 167.2153 2.999095e-05 16.87971 0.1448389 0.107433577  0.006408873   0.0033753705      0.0002013553         1  5.601705e-02    0.001024806      1.721483e-03            3.149374e-05
100 2013-09-07 10:37:15    147 323.6 166.9 167.3184 2.999095e-05 16.98277 0.1448389 0.111898313  0.006408974   0.0035156445      0.0002013585         1  5.672990e-02    0.001023484      1.743390e-03            3.145310e-05
101 2013-09-07 10:37:30    148 324.3 167.0 167.4214 2.999095e-05 17.08582 0.1448389 0.116363049  0.006409076   0.0036559185      0.0002013617         1  5.744275e-02    0.001022214      1.765296e-03            3.141407e-05
102 2013-09-07 10:37:45    149 324.9 167.0 167.4245 2.999095e-05 17.08887 0.1448389 0.116495353  0.006409079   0.0036600753      0.0002013618         1  5.805376e-02    0.001021166      1.784074e-03            3.138188e-05
103 2013-09-07 10:38:00    150 325.6 167.1 167.5275 2.999095e-05 17.19193 0.1448389 0.120960089  0.006409182   0.0038003493      0.0002013650         1  5.876661e-02    0.001019993      1.805981e-03            3.134583e-05
104 2013-09-07 10:38:15    151 326.3 167.1 167.5306 2.999095e-05 17.19498 0.1448389 0.121092392  0.006409185   0.0038045060      0.0002013651         1  5.947945e-02    0.001018873      1.827887e-03            3.131139e-05
105 2013-09-07 10:38:30    152 326.8 166.9 167.3336 2.999095e-05 16.99803 0.1448389 0.112559831  0.006408989   0.0035364282      0.0002013590         1  5.998863e-02    0.001018104      1.843535e-03            3.128778e-05
106 2013-09-07 10:38:45    153 327.6 167.0 167.4367 2.999095e-05 17.10109 0.1448389 0.117024567  0.006409091   0.0036767022      0.0002013622         1  6.080331e-02    0.001016931      1.868571e-03            3.125172e-05
107 2013-09-07 10:39:00    154 328.1 167.0 167.4397 2.999095e-05 17.10414 0.1448389 0.117156870  0.006409094   0.0036808590      0.0002013623         1  6.131249e-02    0.001016233      1.884219e-03            3.123027e-05
108 2013-09-07 10:39:15    155 328.7 167.0 167.4428 2.999095e-05 17.10720 0.1448389 0.117289174  0.006409097   0.0036850157      0.0002013624         1  6.192350e-02    0.001015431      1.902996e-03            3.120562e-05
109 2013-09-07 10:39:30    156 329.3 167.1 167.5459 2.999095e-05 17.21025 0.1448389 0.121753910  0.006409200   0.0038252897      0.0002013656         1  6.253451e-02    0.001014668      1.921774e-03            3.118218e-05
110 2013-09-07 10:39:45    157 330.1 167.2 167.6489 2.999095e-05 17.31330 0.1448389 0.126218646  0.006409303   0.0039655637      0.0002013688         1  6.334920e-02    0.001013712      1.946810e-03            3.115279e-05
111 2013-09-07 10:40:00    158 330.5 167.2 167.6520 2.999095e-05 17.31636 0.1448389 0.126350950  0.006409306   0.0039697205      0.0002013689         1  6.375654e-02    0.001013260      1.959328e-03            3.113890e-05
112 2013-09-07 10:40:15    159 331.0 167.1 167.5550 2.999095e-05 17.21941 0.1448389 0.122150821  0.006409209   0.0038377599      0.0002013659         1  6.426571e-02    0.001012720      1.974976e-03            3.112230e-05
113 2013-09-07 10:40:30    160 331.6 167.1 167.5581 2.999095e-05 17.22246 0.1448389 0.122283124  0.006409212   0.0038419167      0.0002013660         1  6.487672e-02    0.001012107      1.993753e-03            3.110348e-05
114 2013-09-07 10:40:45    161 332.1 167.1 167.5611 2.999095e-05 17.22552 0.1448389 0.122415428  0.006409215   0.0038460734      0.0002013661         1  6.538590e-02    0.001011627      2.009401e-03            3.108873e-05
115 2013-09-07 10:41:00    162 332.7 167.0 167.4642 2.999095e-05 17.12857 0.1448389 0.118215299  0.006409118   0.0037141129      0.0002013630         1  6.599691e-02    0.001011087      2.028178e-03            3.107214e-05
116 2013-09-07 10:41:15    163 333.1 167.0 167.4672 2.999095e-05 17.13163 0.1448389 0.118347602  0.006409121   0.0037182696      0.0002013631         1  6.640425e-02    0.001010750      2.040696e-03            3.106176e-05
117 2013-09-07 10:41:30    164 333.7 167.1 167.5703 2.999095e-05 17.23468 0.1448389 0.122812339  0.006409224   0.0038585436      0.0002013663         1  6.701527e-02    0.001010276      2.059473e-03            3.104720e-05
118 2013-09-07 10:41:45    165 334.2 167.1 167.5733 2.999095e-05 17.23773 0.1448389 0.122944642  0.006409227   0.0038627004      0.0002013664         1  6.752444e-02    0.001009911      2.075121e-03            3.103599e-05
119 2013-09-07 10:42:00    166 334.6 167.0 167.4764 2.999095e-05 17.14079 0.1448389 0.118744513  0.006409131   0.0037307398      0.0002013634         1  6.793178e-02    0.001009640      2.087639e-03            3.102764e-05
120 2013-09-07 10:42:15    167 335.1 167.2 167.6794 2.999095e-05 17.34384 0.1448389 0.127541682  0.006409334   0.0040071311      0.0002013698         1  6.844096e-02    0.001009325      2.103287e-03            3.101797e-05
121 2013-09-07 10:42:30    168 335.7 167.1 167.5825 2.999095e-05 17.24689 0.1448389 0.123341553  0.006409236   0.0038751706      0.0002013667         1  6.905197e-02    0.001008983      2.122064e-03            3.100748e-05
122 2013-09-07 10:42:45    169 336.0 167.2 167.6856 2.999095e-05 17.34995 0.1448389 0.127806289  0.006409340   0.0040154446      0.0002013700         1  6.935748e-02    0.001008828      2.131453e-03            3.100270e-05
123 2013-09-07 10:43:00    170 336.5 167.3 167.7886 2.999095e-05 17.45300 0.1448389 0.132271025  0.006409444   0.0041557186      0.0002013732         1  6.986665e-02    0.001008590      2.147101e-03            3.099540e-05
124 2013-09-07 10:43:15    171 337.1 167.2 167.6917 2.999095e-05 17.35606 0.1448389 0.128070896  0.006409346   0.0040237581      0.0002013702         1  7.047767e-02    0.001008342      2.165878e-03            3.098777e-05
125 2013-09-07 10:43:30    172 337.6 167.2 167.6947 2.999095e-05 17.35911 0.1448389 0.128203199  0.006409349   0.0040279148      0.0002013703         1  7.098684e-02    0.001008166      2.181526e-03            3.098235e-05
126 2013-09-07 10:43:45    173 338.1 167.0 167.4978 2.999095e-05 17.16216 0.1448389 0.119670638  0.006409152   0.0037598370      0.0002013641         1  7.149602e-02    0.001008017      2.197173e-03            3.097779e-05
127 2013-09-07 10:44:00    174 338.5 167.0 167.5008 2.999095e-05 17.16522 0.1448389 0.119802942  0.006409155   0.0037639938      0.0002013642         1  7.190336e-02    0.001007918      2.209691e-03            3.097475e-05
128 2013-09-07 10:44:15    175 339.0 167.1 167.6039 2.999095e-05 17.26827 0.1448389 0.124267678  0.006409258   0.0039042678      0.0002013674         1  7.241254e-02    0.001007820      2.225339e-03            3.097172e-05
129 2013-09-07 10:44:30    176 339.6 167.3 167.8069 2.999095e-05 17.47133 0.1448389 0.133064846  0.006409462   0.0041806591      0.0002013738         1  7.302355e-02    0.001007738      2.244116e-03            3.096920e-05
130 2013-09-07 10:44:45    177 340.2 167.5 168.0100 2.999095e-05 17.67438 0.1448389 0.141862015  0.006409669   0.0044570503      0.0002013803         1  7.363456e-02    0.001007696      2.262894e-03            3.096792e-05
131 2013-09-07 10:45:00    178 340.9 167.4 167.9130 2.999095e-05 17.57743 0.1448389 0.137661886  0.006409570   0.0043250898      0.0002013772         1  7.434741e-02    0.001007698      2.284801e-03            3.096798e-05
132 2013-09-07 10:45:15    179 341.4 167.3 167.8161 2.999095e-05 17.48049 0.1448389 0.133461757  0.006409472   0.0041931293      0.0002013741         1  7.485659e-02    0.001007733      2.300448e-03            3.096904e-05
133 2013-09-07 10:45:30    180 342.1 167.4 167.9191 2.999095e-05 17.58354 0.1448389 0.137926493  0.006409576   0.0043334033      0.0002013774         1  7.556943e-02    0.001007828      2.322355e-03            3.097197e-05
134 2013-09-07 10:45:45    181 342.6 167.5 168.0222 2.999095e-05 17.68659 0.1448389 0.142391229  0.006409682   0.0044736773      0.0002013807         1  7.607861e-02    0.001007929      2.338003e-03            3.097508e-05
135 2013-09-07 10:46:00    182 343.3 167.5 168.0253 2.999095e-05 17.68965 0.1448389 0.142523532  0.006409685   0.0044778340      0.0002013808         1  7.679146e-02    0.001008118      2.359910e-03            3.098088e-05
136 2013-09-07 10:46:15    183 343.9 167.4 167.9283 2.999095e-05 17.59270 0.1448389 0.138323403  0.006409586   0.0043458735      0.0002013777         1  7.740247e-02    0.001008323      2.378687e-03            3.098717e-05
137 2013-09-07 10:46:30    184 344.4 167.4 167.9314 2.999095e-05 17.59576 0.1448389 0.138455707  0.006409589   0.0043500302      0.0002013778         1  7.791164e-02    0.001008524      2.394334e-03            3.099336e-05
138 2013-09-07 10:46:45    185 345.0 167.6 168.1344 2.999095e-05 17.79881 0.1448389 0.147252876  0.006409797   0.0046264215      0.0002013843         1  7.852266e-02    0.001008802      2.413112e-03            3.100190e-05
139 2013-09-07 10:47:00    186 345.6 167.5 168.0375 2.999095e-05 17.70186 0.1448389 0.143052747  0.006409697   0.0044944610      0.0002013812         1  7.913367e-02    0.001009120      2.431889e-03            3.101167e-05
140 2013-09-07 10:47:15    187 346.3 167.5 168.0405 2.999095e-05 17.70492 0.1448389 0.143185050  0.006409701   0.0044986177      0.0002013813         1  7.984652e-02    0.001009541      2.453796e-03            3.102461e-05
141 2013-09-07 10:47:30    188 346.8 167.5 168.0436 2.999095e-05 17.70797 0.1448389 0.143317354  0.006409704   0.0045027745      0.0002013814         1  8.035569e-02    0.001009875      2.469444e-03            3.103488e-05
142 2013-09-07 10:47:45    189 347.4 167.5 168.0466 2.999095e-05 17.71102 0.1448389 0.143449657  0.006409707   0.0045069312      0.0002013815         1  8.096670e-02    0.001010312      2.488221e-03            3.104832e-05
143 2013-09-07 10:48:00    190 348.1 167.7 168.2497 2.999095e-05 17.91408 0.1448389 0.152246826  0.006409917   0.0047833225      0.0002013881         1  8.167955e-02    0.001010873      2.510128e-03            3.106554e-05
144 2013-09-07 10:48:15    191 348.7 167.5 168.0527 2.999095e-05 17.71713 0.1448389 0.143714264  0.006409713   0.0045152447      0.0002013817         1  8.229056e-02    0.001011396      2.528905e-03            3.108161e-05
145 2013-09-07 10:48:30    192 349.3 167.5 168.0558 2.999095e-05 17.72019 0.1448389 0.143846568  0.006409716   0.0045194014      0.0002013818         1  8.290157e-02    0.001011958      2.547682e-03            3.109891e-05
146 2013-09-07 10:48:45    193 349.8 167.5 168.0588 2.999095e-05 17.72324 0.1448389 0.143978871  0.006409719   0.0045235582      0.0002013819         1  8.341075e-02    0.001012458      2.563330e-03            3.111425e-05
147 2013-09-07 10:49:00    194 350.5 167.5 168.0619 2.999095e-05 17.72629 0.1448389 0.144111175  0.006409722   0.0045277149      0.0002013820         1  8.412360e-02    0.001013202      2.585237e-03            3.113714e-05
148 2013-09-07 10:49:15    195 351.1 167.3 167.8650 2.999095e-05 17.52935 0.1448389 0.135578614  0.006409521   0.0042596371      0.0002013757         1  8.473461e-02    0.001013883      2.604014e-03            3.115807e-05
149 2013-09-07 10:49:30    196 351.7 167.4 167.9680 2.999095e-05 17.63240 0.1448389 0.140043350  0.006409626   0.0043999111      0.0002013790         1  8.534562e-02    0.001014604      2.622791e-03            3.118020e-05
150 2013-09-07 10:49:45    197 352.2 167.5 168.0711 2.999095e-05 17.73545 0.1448389 0.144508086  0.006409732   0.0045401851      0.0002013823         1  8.585480e-02    0.001015234      2.638439e-03            3.119957e-05
151 2013-09-07 10:50:00    198 352.8 167.5 168.0741 2.999095e-05 17.73851 0.1448389 0.144640389  0.006409735   0.0045443419      0.0002013824         1  8.646581e-02    0.001016026      2.657216e-03            3.122391e-05
152 2013-09-07 10:50:15    199 353.4 167.5 168.0772 2.999095e-05 17.74156 0.1448389 0.144772693  0.006409738   0.0045484986      0.0002013825         1  8.707682e-02    0.001016857      2.675993e-03            3.124945e-05
153 2013-09-07 10:50:30    200 354.1 167.5 168.0802 2.999095e-05 17.74462 0.1448389 0.144904996  0.006409741   0.0045526554      0.0002013826         1  8.778967e-02    0.001017876      2.697900e-03            3.128077e-05
154 2013-09-07 10:50:45    201 354.6 167.7 168.2833 2.999095e-05 17.94767 0.1448389 0.153702165  0.006409951   0.0048290466      0.0002013892         1  8.829885e-02    0.001018636      2.713548e-03            3.130412e-05
155 2013-09-07 10:51:00    202 355.2 167.6 168.1863 2.999095e-05 17.85072 0.1448389 0.149502036  0.006409851   0.0046970861      0.0002013860         1  8.890986e-02    0.001019584      2.732325e-03            3.133325e-05
156 2013-09-07 10:51:15    203 356.0 167.6 168.1894 2.999095e-05 17.85378 0.1448389 0.149634340  0.006409854   0.0047012428      0.0002013861         1  8.972454e-02    0.001020907      2.757361e-03            3.137392e-05
157 2013-09-07 10:51:30    204 356.6 167.7 168.2924 2.999095e-05 17.95683 0.1448389 0.154099076  0.006409961   0.0048415169      0.0002013895         1  9.033555e-02    0.001021945      2.776139e-03            3.140581e-05
158 2013-09-07 10:51:45    205 357.1 167.8 168.3955 2.999095e-05 18.05989 0.1448389 0.158563812  0.006410069   0.0049817909      0.0002013929         1  9.084473e-02    0.001022839      2.791786e-03            3.143328e-05
159 2013-09-07 10:52:00    206 357.9 167.7 168.2985 2.999095e-05 17.96294 0.1448389 0.154363683  0.006409967   0.0048498303      0.0002013897         1  9.165941e-02    0.001024324      2.816823e-03            3.147893e-05
160 2013-09-07 10:52:15    207 358.5 167.6 168.2016 2.999095e-05 17.86599 0.1448389 0.150163554  0.006409867   0.0047178698      0.0002013865         1  9.227042e-02    0.001025483      2.835600e-03            3.151454e-05
161 2013-09-07 10:52:30    208 359.1 167.8 168.4047 2.999095e-05 18.06905 0.1448389 0.158960722  0.006410078   0.0049942611      0.0002013932         1  9.288143e-02    0.001026680      2.854377e-03            3.155131e-05
162 2013-09-07 10:52:45    209 359.8 167.5 168.1077 2.999095e-05 17.77210 0.1448389 0.146095728  0.006409770   0.0045900660      0.0002013835         1  9.359428e-02    0.001028123      2.876284e-03            3.159568e-05
163 2013-09-07 10:53:00    210 360.4 167.7 168.3108 2.999095e-05 17.97515 0.1448389 0.154892897  0.006409980   0.0048664573      0.0002013901         1  9.420529e-02    0.001029402      2.895061e-03            3.163496e-05
164 2013-09-07 10:53:15    211 361.1 167.7 168.3138 2.999095e-05 17.97821 0.1448389 0.155025200  0.006409983   0.0048706140      0.0002013902         1  9.491814e-02    0.001030940      2.916968e-03            3.168225e-05
165 2013-09-07 10:53:30    212 361.8 167.6 168.2169 2.999095e-05 17.88126 0.1448389 0.150825071  0.006409882   0.0047386535      0.0002013870         1  9.563099e-02    0.001032530      2.938875e-03            3.173110e-05
166 2013-09-07 10:53:45    213 362.4 167.8 168.4199 2.999095e-05 18.08432 0.1448389 0.159622240  0.006410094   0.0050150448      0.0002013937         1  9.624200e-02    0.001033933      2.957652e-03            3.177421e-05
167 2013-09-07 10:54:00    214 363.0 167.8 168.4230 2.999095e-05 18.08737 0.1448389 0.159754544  0.006410097   0.0050192015      0.0002013938         1  9.685301e-02    0.001035373      2.976429e-03            3.181846e-05
168 2013-09-07 10:54:15    215 363.6 167.7 168.3260 2.999095e-05 17.99042 0.1448389 0.155554415  0.006409996   0.0048872410      0.0002013906         1  9.746402e-02    0.001036850      2.995207e-03            3.186385e-05
169 2013-09-07 10:54:30    216 364.4 167.9 168.5291 2.999095e-05 18.19348 0.1448389 0.164351583  0.006410209   0.0051636323      0.0002013973         1  9.827871e-02    0.001038876      3.020243e-03            3.192611e-05
170 2013-09-07 10:54:45    217 365.0 168.0 168.6321 2.999095e-05 18.29653 0.1448389 0.168816319  0.006410318   0.0053039063      0.0002014007         1  9.888972e-02    0.001040438      3.039020e-03            3.197412e-05
171 2013-09-07 10:55:00    218 365.6 167.9 168.5352 2.999095e-05 18.19958 0.1448389 0.164616190  0.006410215   0.0051719458      0.0002013975         1  9.950073e-02    0.001042036      3.057797e-03            3.202325e-05
172 2013-09-07 10:55:15    219 366.2 168.0 168.6382 2.999095e-05 18.30264 0.1448389 0.169080926  0.006410324   0.0053122198      0.0002014009         1  1.001117e-01    0.001043671      3.076575e-03            3.207348e-05
173 2013-09-07 10:55:30    220 366.9 167.8 168.4413 2.999095e-05 18.10569 0.1448389 0.160548365  0.006410117   0.0050441420      0.0002013944         1  1.008246e-01    0.001045624      3.098482e-03            3.213349e-05
174 2013-09-07 10:55:45    221 367.5 168.1 168.7444 2.999095e-05 18.40875 0.1448389 0.173677966  0.006410437   0.0054566505      0.0002014045         1  1.014356e-01    0.001047336      3.117259e-03            3.218612e-05
175 2013-09-07 10:56:00    222 368.3 167.9 168.5474 2.999095e-05 18.21180 0.1448389 0.165145404  0.006410228   0.0051885727      0.0002013979         1  1.022503e-01    0.001049675      3.142295e-03            3.225799e-05
176 2013-09-07 10:56:15    223 368.9 168.0 168.6505 2.999095e-05 18.31485 0.1448389 0.169610141  0.006410337   0.0053288467      0.0002014013         1  1.028613e-01    0.001051470      3.161072e-03            3.231317e-05
177 2013-09-07 10:56:30    224 369.7 168.1 168.7535 2.999095e-05 18.41791 0.1448389 0.174074877  0.006410447   0.0054691207      0.0002014048         1  1.036760e-01    0.001053919      3.186109e-03            3.238842e-05
178 2013-09-07 10:56:45    225 370.4 168.1 168.7566 2.999095e-05 18.42096 0.1448389 0.174207180  0.006410450   0.0054732775      0.0002014049         1  1.043888e-01    0.001056113      3.208016e-03            3.245583e-05
179 2013-09-07 10:57:00    226 371.1 168.3 168.9596 2.999095e-05 18.62401 0.1448389 0.183004349  0.006410669   0.0057496687      0.0002014117         1  1.051017e-01    0.001058353      3.229922e-03            3.252469e-05
180 2013-09-07 10:57:15    227 371.8 168.3 168.9627 2.999095e-05 18.62707 0.1448389 0.183136652  0.006410672   0.0057538255      0.0002014118         1  1.058145e-01    0.001060641      3.251829e-03            3.259500e-05
181 2013-09-07 10:57:30    228 372.3 168.2 168.8657 2.999095e-05 18.53012 0.1448389 0.178936523  0.006410567   0.0056218650      0.0002014085         1  1.063237e-01    0.001062304      3.267477e-03            3.264610e-05
182 2013-09-07 10:57:45    229 372.8 168.2 168.8688 2.999095e-05 18.53318 0.1448389 0.179068827  0.006410571   0.0056260217      0.0002014086         1  1.068329e-01    0.001063990      3.283125e-03            3.269792e-05
183 2013-09-07 10:58:00    230 373.5 168.1 168.7718 2.999095e-05 18.43623 0.1448389 0.174868698  0.006410467   0.0054940612      0.0002014054         1  1.075457e-01    0.001066391      3.305031e-03            3.277170e-05
184 2013-09-07 10:58:15    231 374.0 168.2 168.8749 2.999095e-05 18.53928 0.1448389 0.179333434  0.006410577   0.0056343352      0.0002014089         1  1.080549e-01    0.001068134      3.320679e-03            3.282526e-05
185 2013-09-07 10:58:30    232 374.6 168.1 168.7779 2.999095e-05 18.44234 0.1448389 0.175133305  0.006410473   0.0055023747      0.0002014056         1  1.086659e-01    0.001070256      3.339456e-03            3.289048e-05
186 2013-09-07 10:58:45    233 375.2 168.1 168.7810 2.999095e-05 18.44539 0.1448389 0.175265609  0.006410477   0.0055065314      0.0002014057         1  1.092769e-01    0.001072412      3.358234e-03            3.295673e-05
187 2013-09-07 10:59:00    234 375.8 168.0 168.6840 2.999095e-05 18.34845 0.1448389 0.171065480  0.006410373   0.0053745709      0.0002014024         1  1.098879e-01    0.001074601      3.377011e-03            3.302400e-05
188 2013-09-07 10:59:15    235 376.5 168.0 168.6871 2.999095e-05 18.35150 0.1448389 0.171197783  0.006410376   0.0053787276      0.0002014025         1  1.106008e-01    0.001077196      3.398918e-03            3.310375e-05
189 2013-09-07 10:59:30    236 377.1 168.1 168.7902 2.999095e-05 18.45455 0.1448389 0.175662519  0.006410486   0.0055190016      0.0002014060         1  1.112118e-01    0.001079456      3.417695e-03            3.317321e-05
190 2013-09-07 10:59:45    237 377.8 168.2 168.8932 2.999095e-05 18.55761 0.1448389 0.180127255  0.006410597   0.0056592756      0.0002014095         1  1.119246e-01    0.001082134      3.439602e-03            3.325550e-05
191 2013-09-07 11:00:00    238 378.2 168.3 168.9963 2.999095e-05 18.66066 0.1448389 0.184591991  0.006410708   0.0057995496      0.0002014130         1  1.123320e-01    0.001083684      3.452120e-03            3.330314e-05
192 2013-09-07 11:00:15    239 379.0 168.1 168.7993 2.999095e-05 18.46371 0.1448389 0.176059430  0.006410496   0.0055314718      0.0002014063         1  1.131467e-01    0.001086827      3.477156e-03            3.339972e-05
193 2013-09-07 11:00:30    240 379.7 168.2 168.9024 2.999095e-05 18.56677 0.1448389 0.180524166  0.006410607   0.0056717458      0.0002014098         1  1.138595e-01    0.001089623      3.499063e-03            3.348566e-05
194 2013-09-07 11:00:45    241 380.3 168.3 169.0054 2.999095e-05 18.66982 0.1448389 0.184988902  0.006410718   0.0058120199      0.0002014133         1  1.144705e-01    0.001092055      3.517840e-03            3.356037e-05
195 2013-09-07 11:01:00    242 380.9 168.3 169.0085 2.999095e-05 18.67288 0.1448389 0.185121206  0.006410721   0.0058161766      0.0002014134         1  1.150815e-01    0.001094517      3.536617e-03            3.363605e-05
196 2013-09-07 11:01:15    243 381.4 168.4 169.1115 2.999095e-05 18.77593 0.1448389 0.189585942  0.006410833   0.0059564506      0.0002014169         1  1.155907e-01    0.001096593      3.552265e-03            3.369986e-05
197 2013-09-07 11:01:30    244 382.0 168.3 169.0146 2.999095e-05 18.67898 0.1448389 0.185385813  0.006410728   0.0058244901      0.0002014136         1  1.162017e-01    0.001099113      3.571042e-03            3.377729e-05
198 2013-09-07 11:01:45    245 382.6 168.3 169.0176 2.999095e-05 18.68204 0.1448389 0.185518116  0.006410731   0.0058286468      0.0002014137         1  1.168127e-01    0.001101664      3.589820e-03            3.385567e-05
199 2013-09-07 11:02:00    246 383.3 168.4 169.1207 2.999095e-05 18.78509 0.1448389 0.189982852  0.006410843   0.0059689208      0.0002014172         1  1.175256e-01    0.001104678      3.611726e-03            3.394831e-05
200 2013-09-07 11:02:15    247 383.9 168.4 169.1237 2.999095e-05 18.78814 0.1448389 0.190115156  0.006410846   0.0059730776      0.0002014173         1  1.181366e-01    0.001107295      3.630504e-03            3.402872e-05
201 2013-09-07 11:02:30    248 384.5 168.4 169.1268 2.999095e-05 18.79120 0.1448389 0.190247459  0.006410850   0.0059772343      0.0002014174         1  1.187476e-01    0.001109941      3.649281e-03            3.411006e-05
202 2013-09-07 11:02:45    249 385.0 168.5 169.2299 2.999095e-05 18.89425 0.1448389 0.194712195  0.006410962   0.0061175083      0.0002014210         1  1.192568e-01    0.001112170      3.664929e-03            3.417855e-05
203 2013-09-07 11:03:00    250 385.7 168.5 169.2329 2.999095e-05 18.89731 0.1448389 0.194844499  0.006410966   0.0061216651      0.0002014211         1  1.199696e-01    0.001115325      3.686836e-03            3.427549e-05
204 2013-09-07 11:03:15    251 386.3 168.6 169.3360 2.999095e-05 19.00036 0.1448389 0.199309235  0.006411079   0.0062619391      0.0002014246         1  1.205806e-01    0.001118060      3.705613e-03            3.435957e-05
205 2013-09-07 11:03:30    252 386.9 168.5 169.2390 2.999095e-05 18.90341 0.1448389 0.195109106  0.006410972   0.0061299785      0.0002014213         1  1.211917e-01    0.001120826      3.724390e-03            3.444455e-05
206 2013-09-07 11:03:45    253 387.5 168.6 169.3421 2.999095e-05 19.00647 0.1448389 0.199573842  0.006411086   0.0062702525      0.0002014248         1  1.218027e-01    0.001123620      3.743167e-03            3.453042e-05
207 2013-09-07 11:04:00    254 388.3 168.5 169.2451 2.999095e-05 18.90952 0.1448389 0.195373713  0.006410979   0.0061382920      0.0002014215         1  1.226173e-01    0.001127391      3.768204e-03            3.464630e-05
208 2013-09-07 11:04:15    255 389.0 168.5 169.2482 2.999095e-05 18.91257 0.1448389 0.195506017  0.006410982   0.0061424488      0.0002014216         1  1.233302e-01    0.001130732      3.790110e-03            3.474897e-05
209 2013-09-07 11:04:30    256 389.6 168.5 169.2512 2.999095e-05 18.91563 0.1448389 0.195638320  0.006410986   0.0061466055      0.0002014217         1  1.239412e-01    0.001133626      3.808888e-03            3.483792e-05
210 2013-09-07 11:04:45    257 390.2 168.6 169.3543 2.999095e-05 19.01868 0.1448389 0.200103056  0.006411099   0.0062868795      0.0002014252         1  1.245522e-01    0.001136548      3.827665e-03            3.492773e-05
211 2013-09-07 11:05:00    258 390.7 168.4 169.1573 2.999095e-05 18.82174 0.1448389 0.191570495  0.006410883   0.0060188017      0.0002014185         1  1.250614e-01    0.001139005      3.843313e-03            3.500323e-05
212 2013-09-07 11:05:15    259 391.5 168.5 169.2604 2.999095e-05 18.92479 0.1448389 0.196035231  0.006410996   0.0061590757      0.0002014220         1  1.258761e-01    0.001142976      3.868349e-03            3.512525e-05
213 2013-09-07 11:05:30    260 392.2 168.6 169.3634 2.999095e-05 19.02784 0.1448389 0.200499967  0.006411109   0.0062993497      0.0002014256         1  1.265889e-01    0.001146490      3.890256e-03            3.523325e-05
214 2013-09-07 11:05:45    261 392.9 168.4 169.1665 2.999095e-05 18.83090 0.1448389 0.191967405  0.006410893   0.0060312719      0.0002014188         1  1.273018e-01    0.001150041      3.912163e-03            3.534239e-05
215 2013-09-07 11:06:00    262 393.4 168.5 169.2696 2.999095e-05 18.93395 0.1448389 0.196432142  0.006411006   0.0061715459      0.0002014223         1  1.278109e-01    0.001152600      3.927810e-03            3.542103e-05
216 2013-09-07 11:06:15    263 394.2 168.6 169.3726 2.999095e-05 19.03701 0.1448389 0.200896878  0.006411119   0.0063118199      0.0002014259         1  1.286256e-01    0.001156733      3.952847e-03            3.554805e-05
217 2013-09-07 11:06:30    264 395.0 168.4 169.1757 2.999095e-05 18.84006 0.1448389 0.192364316  0.006410903   0.0060437422      0.0002014191         1  1.294403e-01    0.001160914      3.977883e-03            3.567651e-05
218 2013-09-07 11:06:45    265 395.6 168.6 169.3787 2.999095e-05 19.04311 0.1448389 0.201161485  0.006411126   0.0063201334      0.0002014261         1  1.300513e-01    0.001164079      3.996660e-03            3.577379e-05
219 2013-09-07 11:07:00    266 396.3 168.6 169.3818 2.999095e-05 19.04617 0.1448389 0.201293788  0.006411129   0.0063242902      0.0002014262         1  1.307642e-01    0.001167805      4.018567e-03            3.588830e-05
220 2013-09-07 11:07:15    267 397.0 168.6 169.3848 2.999095e-05 19.04922 0.1448389 0.201426092  0.006411133   0.0063284469      0.0002014263         1  1.314770e-01    0.001171566      4.040474e-03            3.600388e-05
221 2013-09-07 11:07:30    268 397.6 168.5 169.2879 2.999095e-05 18.95227 0.1448389 0.197225963  0.006411026   0.0061964864      0.0002014230         1  1.320880e-01    0.001174817      4.059251e-03            3.610379e-05
222 2013-09-07 11:07:45    269 398.3 168.6 169.3909 2.999095e-05 19.05533 0.1448389 0.201690699  0.006411140   0.0063367604      0.0002014265         1  1.328009e-01    0.001178643      4.081158e-03            3.622135e-05
223 2013-09-07 11:08:00    270 399.2 168.7 169.4940 2.999095e-05 19.15838 0.1448389 0.206155435  0.006411254   0.0064770344      0.0002014301         1  1.337174e-01    0.001183610      4.109324e-03            3.637402e-05
224 2013-09-07 11:08:15    271 400.0 168.6 169.3970 2.999095e-05 19.06144 0.1448389 0.201955306  0.006411146   0.0063450739      0.0002014267         1  1.345321e-01    0.001188073      4.134360e-03            3.651116e-05
225 2013-09-07 11:08:30    272 400.7 168.6 169.4001 2.999095e-05 19.06449 0.1448389 0.202087610  0.006411150   0.0063492306      0.0002014268         1  1.352449e-01    0.001192013      4.156267e-03            3.663225e-05
226 2013-09-07 11:08:45    273 401.3 168.7 169.5031 2.999095e-05 19.16754 0.1448389 0.206552346  0.006411264   0.0064895046      0.0002014304         1  1.358559e-01    0.001195417      4.175044e-03            3.673685e-05
227 2013-09-07 11:09:00    274 402.1 168.6 169.4062 2.999095e-05 19.07060 0.1448389 0.202352217  0.006411156   0.0063575441      0.0002014270         1  1.366706e-01    0.001199993      4.200080e-03            3.687746e-05
228 2013-09-07 11:09:15    275 402.7 168.5 169.3093 2.999095e-05 18.97365 0.1448389 0.198152088  0.006411050   0.0062255836      0.0002014237         1  1.372816e-01    0.001203452      4.218858e-03            3.698377e-05
229 2013-09-07 11:09:30    276 403.6 168.6 169.4123 2.999095e-05 19.07670 0.1448389 0.202616824  0.006411163   0.0063658576      0.0002014273         1  1.381981e-01    0.001208685      4.247024e-03            3.714458e-05
230 2013-09-07 11:09:45    277 404.3 168.7 169.5154 2.999095e-05 19.17976 0.1448389 0.207081560  0.006411277   0.0065061316      0.0002014309         1  1.389110e-01    0.001212791      4.268930e-03            3.727077e-05
231 2013-09-07 11:10:00    278 405.0 168.8 169.6184 2.999095e-05 19.28281 0.1448389 0.211546296  0.006411392   0.0066464056      0.0002014345         1  1.396238e-01    0.001216928      4.290837e-03            3.739791e-05
232 2013-09-07 11:10:15    279 405.9 168.8 169.6215 2.999095e-05 19.28587 0.1448389 0.211678599  0.006411396   0.0066505623      0.0002014346         1  1.405404e-01    0.001222293      4.319003e-03            3.756278e-05
233 2013-09-07 11:10:30    280 406.5 168.9 169.7245 2.999095e-05 19.38892 0.1448389 0.216143335  0.006411511   0.0067908363      0.0002014382         1  1.411514e-01    0.001225897      4.337780e-03            3.767355e-05
234 2013-09-07 11:10:45    281 407.3 168.9 169.7276 2.999095e-05 19.39197 0.1448389 0.216275639  0.006411515   0.0067949931      0.0002014383         1  1.419661e-01    0.001230738      4.362817e-03            3.782231e-05
235 2013-09-07 11:11:00    282 408.1 168.9 169.7306 2.999095e-05 19.39503 0.1448389 0.216407943  0.006411518   0.0067991498      0.0002014384         1  1.427807e-01    0.001235618      4.387853e-03            3.797227e-05
236 2013-09-07 11:11:15    283 408.9 168.7 169.5337 2.999095e-05 19.19808 0.1448389 0.207875381  0.006411298   0.0065310720      0.0002014315         1  1.435954e-01    0.001240536      4.412889e-03            3.812342e-05
237 2013-09-07 11:11:30    284 409.4 168.9 169.7367 2.999095e-05 19.40113 0.1448389 0.216672550  0.006411525   0.0068074633      0.0002014386         1  1.441046e-01    0.001243629      4.428537e-03            3.821848e-05
238 2013-09-07 11:11:45    285 410.0 169.0 169.8398 2.999095e-05 19.50419 0.1448389 0.221137286  0.006411641   0.0069477373      0.0002014423         1  1.447156e-01    0.001247361      4.447314e-03            3.833315e-05
239 2013-09-07 11:12:00    286 410.7 169.1 169.9428 2.999095e-05 19.60724 0.1448389 0.225602022  0.006411758   0.0070880113      0.0002014460         1  1.454285e-01    0.001251741      4.469221e-03            3.846775e-05
240 2013-09-07 11:12:15    287 411.7 169.1 169.9459 2.999095e-05 19.61030 0.1448389 0.225734325  0.006411762   0.0070921681      0.0002014461         1  1.464468e-01    0.001258047      4.500517e-03            3.866156e-05
241 2013-09-07 11:12:30    288 412.4 169.0 169.8490 2.999095e-05 19.51335 0.1448389 0.221534196  0.006411652   0.0069602075      0.0002014426         1  1.471597e-01    0.001262496      4.522423e-03            3.879827e-05
242 2013-09-07 11:12:45    289 413.2 169.0 169.8520 2.999095e-05 19.51640 0.1448389 0.221666500  0.006411655   0.0069643643      0.0002014427         1  1.479743e-01    0.001267613      4.547460e-03            3.895555e-05
243 2013-09-07 11:13:00    290 413.8 169.0 169.8551 2.999095e-05 19.51946 0.1448389 0.221798803  0.006411659   0.0069685210      0.0002014428         1  1.485853e-01    0.001271475      4.566237e-03            3.907423e-05
244 2013-09-07 11:13:15    291 414.4 169.0 169.8581 2.999095e-05 19.52251 0.1448389 0.221931107  0.006411662   0.0069726777      0.0002014429         1  1.491964e-01    0.001275357      4.585014e-03            3.919352e-05
245 2013-09-07 11:13:30    292 415.1 169.1 169.9612 2.999095e-05 19.62557 0.1448389 0.226395843  0.006411779   0.0071129518      0.0002014466         1  1.499092e-01    0.001279911      4.606921e-03            3.933346e-05
246 2013-09-07 11:13:45    293 415.8 169.0 169.8642 2.999095e-05 19.52862 0.1448389 0.222195714  0.006411669   0.0069809912      0.0002014431         1  1.506221e-01    0.001284491      4.628828e-03            3.947422e-05
247 2013-09-07 11:14:00    294 416.6 168.9 169.7673 2.999095e-05 19.43167 0.1448389 0.217995585  0.006411559   0.0068490307      0.0002014397         1  1.514367e-01    0.001289758      4.653864e-03            3.963607e-05
248 2013-09-07 11:14:15    295 417.7 169.0 169.8703 2.999095e-05 19.53473 0.1448389 0.222460321  0.006411676   0.0069893047      0.0002014434         1  1.525569e-01    0.001297055      4.688289e-03            3.986032e-05
249 2013-09-07 11:14:30    296 418.4 169.0 169.8734 2.999095e-05 19.53778 0.1448389 0.222592625  0.006411679   0.0069934615      0.0002014435         1  1.532698e-01    0.001301731      4.710196e-03            4.000404e-05
250 2013-09-07 11:14:45    297 419.1 169.0 169.8764 2.999095e-05 19.54083 0.1448389 0.222724928  0.006411683   0.0069976182      0.0002014436         1  1.539826e-01    0.001306433      4.732103e-03            4.014853e-05
251 2013-09-07 11:15:00    298 420.0 168.9 169.7795 2.999095e-05 19.44389 0.1448389 0.218524799  0.006411573   0.0068656577      0.0002014401         1  1.548991e-01    0.001312515      4.760269e-03            4.033543e-05
252 2013-09-07 11:15:15    299 420.7 169.0 169.8825 2.999095e-05 19.54694 0.1448389 0.222989535  0.006411690   0.0070059317      0.0002014438         1  1.556120e-01    0.001317273      4.782175e-03            4.048166e-05
253 2013-09-07 11:15:30    300 421.3 169.0 169.8856 2.999095e-05 19.55000 0.1448389 0.223121839  0.006411693   0.0070100884      0.0002014439         1  1.562230e-01    0.001321371      4.800953e-03            4.060760e-05
254 2013-09-07 11:15:45    301 422.2 169.0 169.8887 2.999095e-05 19.55305 0.1448389 0.223254143  0.006411697   0.0070142452      0.0002014440         1  1.571395e-01    0.001327552      4.829118e-03            4.079753e-05
255 2013-09-07 11:16:00    302 422.8 168.9 169.7917 2.999095e-05 19.45610 0.1448389 0.219054014  0.006411587   0.0068822846      0.0002014406         1  1.577505e-01    0.001331694      4.847896e-03            4.092483e-05
256 2013-09-07 11:16:15    303 423.4 168.8 169.6948 2.999095e-05 19.35916 0.1448389 0.214853885  0.006411478   0.0067503241      0.0002014371         1  1.583615e-01    0.001335853      4.866673e-03            4.105265e-05
257 2013-09-07 11:16:30    304 424.1 168.8 169.6978 2.999095e-05 19.36221 0.1448389 0.214986188  0.006411481   0.0067544808      0.0002014373         1  1.590744e-01    0.001340728      4.888580e-03            4.120245e-05
258 2013-09-07 11:16:45    305 424.5 169.0 169.9009 2.999095e-05 19.56526 0.1448389 0.223783357  0.006411710   0.0070308721      0.0002014445         1  1.594817e-01    0.001343524      4.901098e-03            4.128837e-05
259 2013-09-07 11:17:00    306 425.1 168.9 169.8039 2.999095e-05 19.46832 0.1448389 0.219583228  0.006411601   0.0068989116      0.0002014410         1  1.600927e-01    0.001347731      4.919875e-03            4.141768e-05
260 2013-09-07 11:17:15    307 425.9 169.1 170.0070 2.999095e-05 19.67137 0.1448389 0.228380396  0.006411831   0.0071753029      0.0002014482         1  1.609074e-01    0.001353368      4.944912e-03            4.159089e-05
261 2013-09-07 11:17:30    308 426.5 169.2 170.1100 2.999095e-05 19.77443 0.1448389 0.232845132  0.006411949   0.0073155769      0.0002014519         1  1.615184e-01    0.001357614      4.963689e-03            4.172139e-05
262 2013-09-07 11:17:45    309 427.0 169.2 170.1131 2.999095e-05 19.77748 0.1448389 0.232977436  0.006411952   0.0073197336      0.0002014521         1  1.620276e-01    0.001361165      4.979337e-03            4.183053e-05
263 2013-09-07 11:18:00    310 427.7 169.2 170.1161 2.999095e-05 19.78053 0.1448389 0.233109739  0.006411956   0.0073238904      0.0002014522         1  1.627405e-01    0.001366156      5.001243e-03            4.198389e-05
264 2013-09-07 11:18:15    311 428.3 169.1 170.0192 2.999095e-05 19.68359 0.1448389 0.228909611  0.006411845   0.0071919298      0.0002014487         1  1.633515e-01    0.001370451      5.020021e-03            4.211589e-05
265 2013-09-07 11:18:30    312 429.0 169.0 169.9222 2.999095e-05 19.58664 0.1448389 0.224709482  0.006411735   0.0070599693      0.0002014452         1  1.640643e-01    0.001375482      5.041927e-03            4.227050e-05
266 2013-09-07 11:18:45    313 429.6 169.1 170.0253 2.999095e-05 19.68969 0.1448389 0.229174218  0.006411852   0.0072002433      0.0002014489         1  1.646753e-01    0.001379811      5.060705e-03            4.240355e-05
267 2013-09-07 11:19:00    314 430.1 169.1 170.0284 2.999095e-05 19.69275 0.1448389 0.229306521  0.006411855   0.0072044000      0.0002014490         1  1.651845e-01    0.001383431      5.076352e-03            4.251479e-05
268 2013-09-07 11:19:15    315 430.7 169.0 169.9314 2.999095e-05 19.59580 0.1448389 0.225106392  0.006411745   0.0070724395      0.0002014455         1  1.657955e-01    0.001387789      5.095130e-03            4.264871e-05
269 2013-09-07 11:19:30    316 431.2 169.0 169.9345 2.999095e-05 19.59886 0.1448389 0.225238696  0.006411749   0.0070765963      0.0002014457         1  1.663047e-01    0.001391432      5.110777e-03            4.276067e-05
270 2013-09-07 11:19:45    317 431.7 168.9 169.8375 2.999095e-05 19.50191 0.1448389 0.221038567  0.006411639   0.0069446357      0.0002014422         1  1.668139e-01    0.001395086      5.126425e-03            4.287296e-05
271 2013-09-07 11:20:00    318 432.3 168.9 169.8406 2.999095e-05 19.50496 0.1448389 0.221170870  0.006411642   0.0069487925      0.0002014423         1  1.674249e-01    0.001399484      5.145202e-03            4.300812e-05
272 2013-09-07 11:20:15    319 432.5 169.0 169.9436 2.999095e-05 19.60802 0.1448389 0.225635606  0.006411759   0.0070890665      0.0002014460         1  1.676286e-01    0.001400954      5.151461e-03            4.305328e-05
273 2013-09-07 11:20:30    320 433.2 169.1 170.0467 2.999095e-05 19.71107 0.1448389 0.230100343  0.006411876   0.0072293405      0.0002014497         1  1.683414e-01    0.001406110      5.173368e-03            4.321174e-05
274 2013-09-07 11:20:45    321 433.7 169.1 170.0497 2.999095e-05 19.71413 0.1448389 0.230232646  0.006411880   0.0072334972      0.0002014498         1  1.688506e-01    0.001409805      5.189016e-03            4.332529e-05
275 2013-09-07 11:21:00    322 434.3 169.1 170.0528 2.999095e-05 19.71718 0.1448389 0.230364950  0.006411883   0.0072376540      0.0002014499         1  1.694616e-01    0.001414253      5.207793e-03            4.346197e-05
276 2013-09-07 11:21:15    323 434.7 168.9 169.8558 2.999095e-05 19.52023 0.1448389 0.221832388  0.006411659   0.0069695762      0.0002014428         1  1.698689e-01    0.001417226      5.220311e-03            4.355334e-05
277 2013-09-07 11:21:30    324 435.0 169.0 169.9589 2.999095e-05 19.62329 0.1448389 0.226297124  0.006411776   0.0071098502      0.0002014465         1  1.701744e-01    0.001419460      5.229700e-03            4.362200e-05
278 2013-09-07 11:21:45    325 435.5 169.1 170.0619 2.999095e-05 19.72634 0.1448389 0.230761860  0.006411894   0.0072501242      0.0002014502         1  1.706836e-01    0.001423191      5.245348e-03            4.373667e-05
279 2013-09-07 11:22:00    326 436.0 169.1 170.0650 2.999095e-05 19.72939 0.1448389 0.230894164  0.006411897   0.0072542809      0.0002014503         1  1.711928e-01    0.001426932      5.260995e-03            4.385164e-05
280 2013-09-07 11:22:15    327 436.5 169.1 170.0681 2.999095e-05 19.73245 0.1448389 0.231026467  0.006411901   0.0072584377      0.0002014504         1  1.717020e-01    0.001430683      5.276643e-03            4.396691e-05
281 2013-09-07 11:22:30    328 437.3 169.1 170.0711 2.999095e-05 19.73550 0.1448389 0.231158771  0.006411904   0.0072625944      0.0002014505         1  1.725166e-01    0.001436705      5.301679e-03            4.415196e-05
282 2013-09-07 11:22:45    329 437.8 168.9 169.8742 2.999095e-05 19.53856 0.1448389 0.222626210  0.006411680   0.0069945166      0.0002014435         1  1.730258e-01    0.001440481      5.317327e-03            4.426801e-05
283 2013-09-07 11:23:00    330 438.5 168.9 169.8772 2.999095e-05 19.54161 0.1448389 0.222758513  0.006411684   0.0069986734      0.0002014436         1  1.737387e-01    0.001445783      5.339234e-03            4.443096e-05
284 2013-09-07 11:23:15    331 439.1 169.0 169.9803 2.999095e-05 19.64466 0.1448389 0.227223249  0.006411801   0.0071389474      0.0002014473         1  1.743497e-01    0.001450343      5.358011e-03            4.457108e-05
285 2013-09-07 11:23:30    332 439.8 169.2 170.1833 2.999095e-05 19.84772 0.1448389 0.236020418  0.006412033   0.0074153386      0.0002014546         1  1.750625e-01    0.001455680      5.379918e-03            4.473508e-05
286 2013-09-07 11:23:45    333 440.2 169.1 170.0864 2.999095e-05 19.75077 0.1448389 0.231820289  0.006411922   0.0072833781      0.0002014511         1  1.754699e-01    0.001458737      5.392436e-03            4.482904e-05
287 2013-09-07 11:24:00    334 440.8 169.1 170.0894 2.999095e-05 19.75382 0.1448389 0.231952592  0.006411925   0.0072875349      0.0002014512         1  1.760809e-01    0.001463334      5.411213e-03            4.497033e-05
288 2013-09-07 11:24:15    335 441.5 169.3 170.2925 2.999095e-05 19.95688 0.1448389 0.240749761  0.006412159   0.0075639261      0.0002014585         1  1.767937e-01    0.001468714      5.433120e-03            4.513566e-05
289 2013-09-07 11:24:30    336 441.9 169.3 170.2955 2.999095e-05 19.95993 0.1448389 0.240882064  0.006412162   0.0075680829      0.0002014587         1  1.772011e-01    0.001471797      5.445638e-03            4.523038e-05
290 2013-09-07 11:24:45    337 442.5 169.3 170.2986 2.999095e-05 19.96299 0.1448389 0.241014368  0.006412166   0.0075722396      0.0002014588         1  1.778121e-01    0.001476431      5.464416e-03            4.537279e-05
291 2013-09-07 11:25:00    338 443.0 169.4 170.4016 2.999095e-05 20.06604 0.1448389 0.245479104  0.006412286   0.0077125136      0.0002014625         1  1.783213e-01    0.001480302      5.480063e-03            4.549176e-05
292 2013-09-07 11:25:15    339 443.5 169.4 170.4047 2.999095e-05 20.06909 0.1448389 0.245611408  0.006412289   0.0077166704      0.0002014626         1  1.788304e-01    0.001484182      5.495711e-03            4.561101e-05
293 2013-09-07 11:25:30    340 443.9 169.4 170.4078 2.999095e-05 20.07215 0.1448389 0.245743711  0.006412293   0.0077208271      0.0002014627         1  1.792378e-01    0.001487293      5.508229e-03            4.570659e-05
294 2013-09-07 11:25:45    341 444.3 169.2 170.2108 2.999095e-05 19.87520 0.1448389 0.237211150  0.006412065   0.0074527493      0.0002014556         1  1.796451e-01    0.001490408      5.520747e-03            4.580235e-05
295 2013-09-07 11:26:00    342 444.9 169.1 170.1139 2.999095e-05 19.77826 0.1448389 0.233011021  0.006411953   0.0073207888      0.0002014521         1  1.802561e-01    0.001495093      5.539525e-03            4.594630e-05
296 2013-09-07 11:26:15    343 445.4 169.3 170.3169 2.999095e-05 19.98131 0.1448389 0.241808189  0.006412187   0.0075971801      0.0002014594         1  1.807653e-01    0.001499005      5.555172e-03            4.606655e-05
297 2013-09-07 11:26:30    344 445.9 169.5 170.5200 2.999095e-05 20.18436 0.1448389 0.250605358  0.006412424   0.0078735713      0.0002014669         1  1.812745e-01    0.001502927      5.570820e-03            4.618705e-05
298 2013-09-07 11:26:45    345 446.2 169.4 170.4230 2.999095e-05 20.08742 0.1448389 0.246405229  0.006412310   0.0077416108      0.0002014633         1  1.815800e-01    0.001505284      5.580209e-03            4.625948e-05
299 2013-09-07 11:27:00    346 446.8 169.4 170.4261 2.999095e-05 20.09047 0.1448389 0.246537532  0.006412314   0.0077457675      0.0002014634         1  1.821910e-01    0.001510006      5.598986e-03            4.640461e-05
300 2013-09-07 11:27:15    347 447.3 169.5 170.5291 2.999095e-05 20.19352 0.1448389 0.251002268  0.006412434   0.0078860416      0.0002014672         1  1.827002e-01    0.001513951      5.614634e-03            4.652583e-05
301 2013-09-07 11:27:30    348 447.7 169.6 170.6322 2.999095e-05 20.29658 0.1448389 0.255467004  0.006412555   0.0080263156      0.0002014710         1  1.831075e-01    0.001517112      5.627152e-03            4.662299e-05
302 2013-09-07 11:27:45    349 448.0 169.6 170.6352 2.999095e-05 20.29963 0.1448389 0.255599308  0.006412559   0.0080304723      0.0002014711         1  1.834130e-01    0.001519487      5.636540e-03            4.669597e-05
303 2013-09-07 11:28:00    350 448.6 169.4 170.4383 2.999095e-05 20.10269 0.1448389 0.247066747  0.006412328   0.0077623945      0.0002014639         1  1.840240e-01    0.001524245      5.655318e-03            4.684218e-05
304 2013-09-07 11:28:15    351 448.9 169.5 170.5413 2.999095e-05 20.20574 0.1448389 0.251531483  0.006412449   0.0079026685      0.0002014676         1  1.843295e-01    0.001526628      5.664706e-03            4.691543e-05
305 2013-09-07 11:28:30    352 449.5 169.6 170.6444 2.999095e-05 20.30879 0.1448389 0.255996219  0.006412570   0.0080429425      0.0002014714         1  1.849406e-01    0.001531403      5.683484e-03            4.706217e-05
306 2013-09-07 11:28:45    353 450.0 169.5 170.5475 2.999095e-05 20.21185 0.1448389 0.251796090  0.006412456   0.0079109820      0.0002014679         1  1.854497e-01    0.001535391      5.699131e-03            4.718473e-05
307 2013-09-07 11:29:00    354 450.4 169.5 170.5505 2.999095e-05 20.21490 0.1448389 0.251928393  0.006412459   0.0079151387      0.0002014680         1  1.858571e-01    0.001538587      5.711649e-03            4.728295e-05
308 2013-09-07 11:29:15    355 451.1 169.6 170.6536 2.999095e-05 20.31795 0.1448389 0.256393129  0.006412580   0.0080554127      0.0002014718         1  1.865699e-01    0.001544192      5.733556e-03            4.745521e-05
309 2013-09-07 11:29:30    356 451.4 169.5 170.5566 2.999095e-05 20.22101 0.1448389 0.252193000  0.006412466   0.0079234522      0.0002014682         1  1.868754e-01    0.001546599      5.742945e-03            4.752917e-05
310 2013-09-07 11:29:45    357 452.0 169.6 170.6597 2.999095e-05 20.32406 0.1448389 0.256657736  0.006412588   0.0080637262      0.0002014720         1  1.874864e-01    0.001551421      5.761722e-03            4.767736e-05
311 2013-09-07 11:30:00    358 452.5 169.6 170.6627 2.999095e-05 20.32712 0.1448389 0.256790040  0.006412591   0.0080678830      0.0002014721         1  1.879956e-01    0.001555448      5.777370e-03            4.780111e-05
312 2013-09-07 11:30:15    359 453.3 169.5 170.5658 2.999095e-05 20.23017 0.1448389 0.252589911  0.006412477   0.0079359224      0.0002014685         1  1.888103e-01    0.001561906      5.802406e-03            4.799958e-05
313 2013-09-07 11:30:30    360 453.9 169.7 170.7688 2.999095e-05 20.43322 0.1448389 0.261387080  0.006412717   0.0082123137      0.0002014761         1  1.894213e-01    0.001566763      5.821183e-03            4.814882e-05
314 2013-09-07 11:30:45    361 454.4 169.7 170.7719 2.999095e-05 20.43628 0.1448389 0.261519383  0.006412720   0.0082164705      0.0002014762         1  1.899305e-01    0.001570818      5.836831e-03            4.827344e-05
315 2013-09-07 11:31:00    362 455.1 169.7 170.7749 2.999095e-05 20.43933 0.1448389 0.261651687  0.006412724   0.0082206272      0.0002014763         1  1.906433e-01    0.001576507      5.858738e-03            4.844829e-05
316 2013-09-07 11:31:15    363 455.6 169.7 170.7780 2.999095e-05 20.44238 0.1448389 0.261783990  0.006412727   0.0082247839      0.0002014764         1  1.911525e-01    0.001580580      5.874386e-03            4.857344e-05
317 2013-09-07 11:31:30    364 456.1 169.8 170.8810 2.999095e-05 20.54544 0.1448389 0.266248726  0.006412850   0.0083650579      0.0002014802         1  1.916617e-01    0.001584660      5.890033e-03            4.869882e-05
318 2013-09-07 11:31:45    365 456.8 169.8 170.8841 2.999095e-05 20.54849 0.1448389 0.266381030  0.006412853   0.0083692147      0.0002014804         1  1.923745e-01    0.001590383      5.911940e-03            4.887472e-05
319 2013-09-07 11:32:00    366 457.3 169.8 170.8872 2.999095e-05 20.55155 0.1448389 0.266513333  0.006412857   0.0083733714      0.0002014805         1  1.928837e-01    0.001594480      5.927588e-03            4.900062e-05
320 2013-09-07 11:32:15    367 457.8 169.7 170.7902 2.999095e-05 20.45460 0.1448389 0.262313204  0.006412742   0.0082414109      0.0002014769         1  1.933929e-01    0.001598584      5.943236e-03            4.912674e-05
321 2013-09-07 11:32:30    368 458.2 169.6 170.6933 2.999095e-05 20.35765 0.1448389 0.258113076  0.006412627   0.0081094504      0.0002014733         1  1.938002e-01    0.001601872      5.955754e-03            4.922779e-05
322 2013-09-07 11:32:45    369 458.8 169.6 170.6963 2.999095e-05 20.36071 0.1448389 0.258245379  0.006412631   0.0081136071      0.0002014734         1  1.944112e-01    0.001606813      5.974531e-03            4.937962e-05
323 2013-09-07 11:33:00    370 459.3 169.7 170.7994 2.999095e-05 20.46376 0.1448389 0.262710115  0.006412753   0.0082538811      0.0002014772         1  1.949204e-01    0.001610937      5.990179e-03            4.950637e-05
324 2013-09-07 11:33:15    371 459.5 169.6 170.7024 2.999095e-05 20.36682 0.1448389 0.258509986  0.006412638   0.0081219206      0.0002014736         1  1.951241e-01    0.001612589      5.996438e-03            4.955713e-05
325 2013-09-07 11:33:30    372 460.1 169.5 170.6055 2.999095e-05 20.26987 0.1448389 0.254309857  0.006412524   0.0079899601      0.0002014700         1  1.957351e-01    0.001617551      6.015215e-03            4.970961e-05
326 2013-09-07 11:33:45    373 460.7 169.6 170.7085 2.999095e-05 20.37292 0.1448389 0.258774593  0.006412645   0.0081302341      0.0002014738         1  1.963461e-01    0.001622522      6.033992e-03            4.986239e-05
327 2013-09-07 11:34:00    374 460.9 169.8 170.9116 2.999095e-05 20.57598 0.1448389 0.267571762  0.006412886   0.0084066253      0.0002014814         1  1.965498e-01    0.001624181      6.040251e-03            4.991338e-05
328 2013-09-07 11:34:15    375 461.5 169.7 170.8146 2.999095e-05 20.47903 0.1448389 0.263371633  0.006412771   0.0082746648      0.0002014778         1  1.971608e-01    0.001629166      6.059029e-03            5.006655e-05
329 2013-09-07 11:34:30    376 462.0 169.7 170.8177 2.999095e-05 20.48208 0.1448389 0.263503936  0.006412774   0.0082788216      0.0002014779         1  1.976700e-01    0.001633326      6.074676e-03            5.019441e-05
330 2013-09-07 11:34:45    377 462.2 169.8 170.9207 2.999095e-05 20.58514 0.1448389 0.267968672  0.006412897   0.0084190956      0.0002014817         1  1.978736e-01    0.001634992      6.080935e-03            5.024561e-05
331 2013-09-07 11:35:00    378 462.7 170.0 171.1238 2.999095e-05 20.78819 0.1448389 0.276765841  0.006413141   0.0086954868      0.0002014894         1  1.983828e-01    0.001639162      6.096583e-03            5.037376e-05
332 2013-09-07 11:35:15    379 463.3 169.9 171.0268 2.999095e-05 20.69125 0.1448389 0.272565712  0.006413024   0.0085635263      0.0002014857         1  1.989938e-01    0.001644174      6.115360e-03            5.052779e-05
333 2013-09-07 11:35:30    380 463.6 169.9 171.0299 2.999095e-05 20.69430 0.1448389 0.272698016  0.006413028   0.0085676831      0.0002014858         1  1.992993e-01    0.001646684      6.124749e-03            5.060492e-05
334 2013-09-07 11:35:45    381 464.2 169.8 170.9330 2.999095e-05 20.59735 0.1448389 0.268497887  0.006412912   0.0084357225      0.0002014822         1  1.999103e-01    0.001651710      6.143526e-03            5.075938e-05
335 2013-09-07 11:36:00    382 464.8 169.9 171.0360 2.999095e-05 20.70041 0.1448389 0.272962623  0.006413035   0.0085759965      0.0002014861         1  2.005214e-01    0.001656745      6.162304e-03            5.091411e-05
336 2013-09-07 11:36:15    383 465.2 169.9 171.0391 2.999095e-05 20.70346 0.1448389 0.273094926  0.006413039   0.0085801533      0.0002014862         1  2.009287e-01    0.001660107      6.174822e-03            5.101742e-05
337 2013-09-07 11:36:30    384 465.9 169.7 170.8421 2.999095e-05 20.50651 0.1448389 0.264562365  0.006412803   0.0083120755      0.0002014788         1  2.016415e-01    0.001666000      6.196729e-03            5.119851e-05
338 2013-09-07 11:36:45    385 466.3 169.8 170.9452 2.999095e-05 20.60957 0.1448389 0.269027101  0.006412926   0.0084523495      0.0002014827         1  2.020489e-01    0.001669372      6.209247e-03            5.130216e-05
339 2013-09-07 11:37:00    386 466.8 169.9 171.0482 2.999095e-05 20.71262 0.1448389 0.273491837  0.006413050   0.0085926235      0.0002014865         1  2.025581e-01    0.001673594      6.224894e-03            5.143189e-05
340 2013-09-07 11:37:15    387 467.4 169.8 170.9513 2.999095e-05 20.61568 0.1448389 0.269291708  0.006412934   0.0084606630      0.0002014829         1  2.031691e-01    0.001678667      6.243672e-03            5.158781e-05
341 2013-09-07 11:37:30    388 467.7 169.7 170.8543 2.999095e-05 20.51873 0.1448389 0.265091579  0.006412818   0.0083287024      0.0002014793         1  2.034746e-01    0.001681207      6.253060e-03            5.166586e-05
342 2013-09-07 11:37:45    389 468.2 170.0 171.1574 2.999095e-05 20.82178 0.1448389 0.278221180  0.006413181   0.0087412110      0.0002014907         1  2.039838e-01    0.001685445      6.268708e-03            5.179611e-05
343 2013-09-07 11:38:00    390 468.7 169.9 171.0604 2.999095e-05 20.72484 0.1448389 0.274021051  0.006413064   0.0086092505      0.0002014870         1  2.044929e-01    0.001689690      6.284356e-03            5.192654e-05
344 2013-09-07 11:38:15    391 469.1 169.8 170.9635 2.999095e-05 20.62789 0.1448389 0.269820922  0.006412948   0.0084772899      0.0002014833         1  2.049003e-01    0.001693089      6.296874e-03            5.203101e-05
345 2013-09-07 11:38:30    392 469.8 170.0 171.1665 2.999095e-05 20.83094 0.1448389 0.278618091  0.006413192   0.0087536812      0.0002014910         1  2.056131e-01    0.001699047      6.318781e-03            5.221411e-05
346 2013-09-07 11:38:45    393 470.4 169.9 171.0696 2.999095e-05 20.73400 0.1448389 0.274417962  0.006413075   0.0086217207      0.0002014873         1  2.062241e-01    0.001704163      6.337558e-03            5.237134e-05
347 2013-09-07 11:39:00    394 470.4 170.0 171.1727 2.999095e-05 20.83705 0.1448389 0.278882698  0.006413199   0.0087619947      0.0002014912         1  2.062241e-01    0.001704163      6.337558e-03            5.237134e-05
348 2013-09-07 11:39:15    395 471.0 170.1 171.2757 2.999095e-05 20.94011 0.1448389 0.283347434  0.006413324   0.0089022687      0.0002014952         1  2.068351e-01    0.001709288      6.356335e-03            5.252882e-05
349 2013-09-07 11:39:30    396 471.4 170.1 171.2788 2.999095e-05 20.94316 0.1448389 0.283479737  0.006413328   0.0089064254      0.0002014953         1  2.072425e-01    0.001712708      6.368853e-03            5.263394e-05
350 2013-09-07 11:39:45    397 471.7 170.2 171.3818 2.999095e-05 21.04621 0.1448389 0.287944473  0.006413453   0.0090466994      0.0002014992         1  2.075480e-01    0.001715276      6.378242e-03            5.271286e-05
351 2013-09-07 11:40:00    398 472.1 170.0 171.1849 2.999095e-05 20.84927 0.1448389 0.279411912  0.006413214   0.0087786217      0.0002014917         1  2.079553e-01    0.001718704      6.390760e-03            5.281818e-05
352 2013-09-07 11:40:15    399 472.6 170.1 171.2879 2.999095e-05 20.95232 0.1448389 0.283876648  0.006413339   0.0089188957      0.0002014956         1  2.084645e-01    0.001722992      6.406408e-03            5.294998e-05
353 2013-09-07 11:40:30    400 473.1 170.0 171.1910 2.999095e-05 20.85538 0.1448389 0.279676519  0.006413222   0.0087869351      0.0002014919         1  2.089737e-01    0.001727287      6.422056e-03            5.308196e-05
354 2013-09-07 11:40:45    401 473.6 169.6 170.7940 2.999095e-05 20.45843 0.1448389 0.262479093  0.006412746   0.0082466228      0.0002014770         1  2.094829e-01    0.001731587      6.437703e-03            5.321410e-05
355 2013-09-07 11:41:00    402 474.3 170.1 171.2971 2.999095e-05 20.96148 0.1448389 0.284273559  0.006413350   0.0089313659      0.0002014960         1  2.101957e-01    0.001737616      6.459610e-03            5.339939e-05
356 2013-09-07 11:41:15    403 474.5 169.6 170.8001 2.999095e-05 20.46454 0.1448389 0.262743700  0.006412754   0.0082549363      0.0002014772         1  2.103994e-01    0.001739341      6.465869e-03            5.345239e-05
357 2013-09-07 11:41:30    404 474.9 170.3 171.5032 2.999095e-05 21.16759 0.1448389 0.293203031  0.006413602   0.0092119139      0.0002015039         1  2.108067e-01    0.001742792      6.478387e-03            5.355846e-05
358 2013-09-07 11:41:45    405 475.1 169.8 171.0062 2.999095e-05 20.67064 0.1448389 0.271673172  0.006412999   0.0085354843      0.0002014849         1  2.110104e-01    0.001744520      6.484646e-03            5.361154e-05
359 2013-09-07 11:42:00    406 475.7 169.7 170.9093 2.999095e-05 20.57370 0.1448389 0.267473043  0.006412883   0.0084035238      0.0002014813         1  2.116214e-01    0.001749706      6.503424e-03            5.377093e-05
360 2013-09-07 11:42:15    407 475.9 169.8 171.0124 2.999095e-05 20.67675 0.1448389 0.271937779  0.006413007   0.0085437978      0.0002014852         1  2.118251e-01    0.001751437      6.509683e-03            5.382412e-05
361 2013-09-07 11:42:30    408 476.5 170.0 171.2154 2.999095e-05 20.87981 0.1448389 0.280734948  0.006413251   0.0088201891      0.0002014929         1  2.124361e-01    0.001756634      6.528460e-03            5.398382e-05
362 2013-09-07 11:42:45    409 476.7 170.0 171.2185 2.999095e-05 20.88286 0.1448389 0.280867251  0.006413255   0.0088243458      0.0002014930         1  2.126398e-01    0.001758368      6.534719e-03            5.403711e-05
363 2013-09-07 11:43:00    410 477.2 170.0 171.2215 2.999095e-05 20.88591 0.1448389 0.280999555  0.006413259   0.0088285025      0.0002014931         1  2.131489e-01    0.001762706      6.550367e-03            5.417044e-05
364 2013-09-07 11:43:15    411 477.3 170.1 171.3246 2.999095e-05 20.98897 0.1448389 0.285464291  0.006413384   0.0089687765      0.0002014970         1  2.132508e-01    0.001763574      6.553496e-03            5.419712e-05
365 2013-09-07 11:43:30    412 477.8 170.0 171.2276 2.999095e-05 20.89202 0.1448389 0.281264162  0.006413266   0.0088368160      0.0002014933         1  2.137599e-01    0.001767919      6.569144e-03            5.433064e-05
366 2013-09-07 11:43:45    413 478.0 170.1 171.3307 2.999095e-05 20.99507 0.1448389 0.285728898  0.006413391   0.0089770900      0.0002014973         1  2.139636e-01    0.001769658      6.575403e-03            5.438409e-05
367 2013-09-07 11:44:00    414 478.5 169.9 171.1337 2.999095e-05 20.79813 0.1448389 0.277196336  0.006413152   0.0087090122      0.0002014898         1  2.144728e-01    0.001774010      6.591051e-03            5.451784e-05
368 2013-09-07 11:44:15    415 478.9 170.1 171.3368 2.999095e-05 21.00118 0.1448389 0.285993505  0.006413398   0.0089854035      0.0002014975         1  2.148801e-01    0.001777496      6.603569e-03            5.462494e-05
369 2013-09-07 11:44:30    416 479.2 170.1 171.3398 2.999095e-05 21.00424 0.1448389 0.286125808  0.006413402   0.0089895603      0.0002014976         1  2.151856e-01    0.001780112      6.612958e-03            5.470534e-05
370 2013-09-07 11:44:45    417 479.8 170.2 171.4429 2.999095e-05 21.10729 0.1448389 0.290590545  0.006413528   0.0091298343      0.0002015016         1  2.157967e-01    0.001785349      6.631735e-03            5.486629e-05
371 2013-09-07 11:45:00    418 480.1 170.2 171.4459 2.999095e-05 21.11034 0.1448389 0.290722848  0.006413532   0.0091339910      0.0002015017         1  2.161022e-01    0.001787971      6.641124e-03            5.494685e-05
372 2013-09-07 11:45:15    419 480.6 170.2 171.4490 2.999095e-05 21.11340 0.1448389 0.290855152  0.006413535   0.0091381477      0.0002015018         1  2.166113e-01    0.001792344      6.656771e-03            5.508124e-05
373 2013-09-07 11:45:30    420 481.1 170.3 171.5521 2.999095e-05 21.21645 0.1448389 0.295319888  0.006413662   0.0092784217      0.0002015058         1  2.171205e-01    0.001796722      6.672419e-03            5.521579e-05
374 2013-09-07 11:45:45    421 481.3 170.2 171.4551 2.999095e-05 21.11950 0.1448389 0.291119759  0.006413543   0.0091464612      0.0002015020         1  2.173242e-01    0.001798474      6.678678e-03            5.526965e-05
375 2013-09-07 11:46:00    422 481.8 170.2 171.4582 2.999095e-05 21.12256 0.1448389 0.291252062  0.006413547   0.0091506180      0.0002015021         1  2.178334e-01    0.001802859      6.694326e-03            5.540440e-05
376 2013-09-07 11:46:15    423 482.1 170.1 171.3612 2.999095e-05 21.02561 0.1448389 0.287051933  0.006413428   0.0090186574      0.0002014984         1  2.181389e-01    0.001805492      6.703714e-03            5.548532e-05
377 2013-09-07 11:46:30    424 482.6 170.2 171.4643 2.999095e-05 21.12867 0.1448389 0.291516669  0.006413554   0.0091589314      0.0002015024         1  2.186480e-01    0.001809885      6.719362e-03            5.562031e-05
378 2013-09-07 11:46:45    425 482.6 170.1 171.3673 2.999095e-05 21.03172 0.1448389 0.287316540  0.006413436   0.0090269709      0.0002014987         1  2.186480e-01    0.001809885      6.719362e-03            5.562031e-05
379 2013-09-07 11:47:00    426 483.1 170.1 171.3704 2.999095e-05 21.03477 0.1448389 0.287448844  0.006413439   0.0090311277      0.0002014988         1  2.191572e-01    0.001814282      6.735010e-03            5.575545e-05
380 2013-09-07 11:47:15    427 483.6 170.2 171.4734 2.999095e-05 21.13783 0.1448389 0.291913580  0.006413565   0.0091714017      0.0002015027         1  2.196664e-01    0.001818685      6.750658e-03            5.589074e-05
381 2013-09-07 11:47:30    428 484.1 170.3 171.5765 2.999095e-05 21.24088 0.1448389 0.296378316  0.006413692   0.0093116757      0.0002015067         1  2.201756e-01    0.001823091      6.766305e-03            5.602617e-05
382 2013-09-07 11:47:45    429 484.7 170.4 171.6795 2.999095e-05 21.34394 0.1448389 0.300843052  0.006413819   0.0094519497      0.0002015107         1  2.207866e-01    0.001828386      6.785082e-03            5.618887e-05
383 2013-09-07 11:48:00    430 485.3 170.1 171.3826 2.999095e-05 21.04699 0.1448389 0.287978058  0.006413454   0.0090477546      0.0002014992         1  2.213976e-01    0.001833687      6.803860e-03            5.635178e-05

$dryleafvolt
             timestamp record LWSmV  SEmV    CSEmV     CSEmV.sd   loadmV loadmV.sd
1  2013-09-07 10:06:15     23 263.1 164.9 164.9397 2.999095e-05 14.60409 0.1448389
2  2013-09-07 10:06:30     24 263.1 164.9 164.9428 2.999095e-05 14.60715 0.1448389
3  2013-09-07 10:06:45     25 263.1 164.6 164.6458 2.999095e-05 14.31020 0.1448389
4  2013-09-07 10:07:00     26 263.1 164.7 164.7489 2.999095e-05 14.41326 0.1448389
5  2013-09-07 10:07:15     27 263.1 164.6 164.6519 2.999095e-05 14.31631 0.1448389
6  2013-09-07 10:07:30     28 263.1 164.7 164.7550 2.999095e-05 14.41936 0.1448389
7  2013-09-07 10:07:45     29 263.1 164.6 164.6580 2.999095e-05 14.32242 0.1448389
8  2013-09-07 10:08:00     30 263.1 164.5 164.5611 2.999095e-05 14.22547 0.1448389
9  2013-09-07 10:08:15     31 263.1 164.5 164.5641 2.999095e-05 14.22853 0.1448389
10 2013-09-07 10:08:30     32 263.1 164.4 164.4672 2.999095e-05 14.13158 0.1448389
11 2013-09-07 10:08:45     33 263.1 164.4 164.4702 2.999095e-05 14.13463 0.1448389
12 2013-09-07 10:09:00     34 263.1 164.6 164.6733 2.999095e-05 14.33769 0.1448389
13 2013-09-07 10:09:15     35 263.1 164.6 164.6763 2.999095e-05 14.34074 0.1448389
14 2013-09-07 10:09:30     36 263.1 164.7 164.7794 2.999095e-05 14.44379 0.1448389
15 2013-09-07 10:09:45     37 263.1 164.6 164.6825 2.999095e-05 14.34685 0.1448389
16 2013-09-07 10:10:00     38 263.1 164.6 164.6855 2.999095e-05 14.34990 0.1448389
17 2013-09-07 10:10:15     39 263.1 164.5 164.5886 2.999095e-05 14.25296 0.1448389
18 2013-09-07 10:10:30     40 263.1 164.7 164.7916 2.999095e-05 14.45601 0.1448389
19 2013-09-07 10:10:45     41 263.1 164.8 164.8947 2.999095e-05 14.55906 0.1448389
20 2013-09-07 10:11:00     42 263.1 164.8 164.8977 2.999095e-05 14.56212 0.1448389
21 2013-09-07 10:11:15     43 263.1 164.7 164.8008 2.999095e-05 14.46517 0.1448389
22 2013-09-07 10:11:30     44 263.1 164.6 164.7038 2.999095e-05 14.36822 0.1448389
23 2013-09-07 10:11:45     45 263.1 164.7 164.8069 2.999095e-05 14.47128 0.1448389
24 2013-09-07 10:12:00     46 263.1 164.8 164.9099 2.999095e-05 14.57433 0.1448389
25 2013-09-07 10:12:15     47 263.1 164.7 164.8130 2.999095e-05 14.47739 0.1448389
26 2013-09-07 10:12:30     48 263.1 164.9 165.0160 2.999095e-05 14.68044 0.1448389

$runtime
Time difference of 1.591667 hours

$startcalibvolt
            timestamp record LWSmV  SEmV    CSEmV     CSEmV.sd   loadmV loadmV.sd
1 2013-09-07 10:03:45     13 263.1 273.4 273.4092 2.999095e-05 123.0736 0.1448389
2 2013-09-07 10:04:00     14 263.1 273.4 273.4122 2.999095e-05 123.0766 0.1448389
3 2013-09-07 10:04:15     15 263.1 273.3 273.3153 2.999095e-05 122.9797 0.1448389
4 2013-09-07 10:04:30     16 263.1 273.3 273.3183 2.999095e-05 122.9827 0.1448389
5 2013-09-07 10:04:45     17 263.1 273.4 273.4214 2.999095e-05 123.0858 0.1448389
6 2013-09-07 10:05:00     18 263.1 273.2 273.2244 2.999095e-05 122.8888 0.1448389
7 2013-09-07 10:05:15     19 263.1 273.4 273.4275 2.999095e-05 123.0919 0.1448389

$endcalibvolt
             timestamp record LWSmV  SEmV
1  2013-09-07 11:56:00    462 265.1 271.8
2  2013-09-07 11:56:15    463 265.1 271.8
3  2013-09-07 11:56:30    464 265.1 272.0
4  2013-09-07 11:56:45    465 265.1 271.9
5  2013-09-07 11:57:00    466 265.1 271.7
6  2013-09-07 11:57:15    467 265.1 271.8
7  2013-09-07 11:57:30    468 265.1 271.7
8  2013-09-07 11:57:45    469 265.1 271.8
9  2013-09-07 11:58:00    470 265.1 271.7
10 2013-09-07 11:58:15    471 265.1 271.6

$lastLWSvolt
[1] 482.6

$maxLWSvolt
[1] 485.3

$species
[1] "garryoak"

$trial
[1] "6"

$replicate
[1] "2"

$isvertical
[1] FALSE

$conversionfactor
         avg        stdev
1 0.04332432 1.927847e-05

$LWSwatermass
        avg      stdev
1 0.1968597 0.00261607

$dryleafmass
        avg       stdev
1 0.6238685 0.001261561

$lwsmodel

Call:
lm(formula = LWSsurfacedensity ~ record, data = rd[rd$runfilter == 
    1, ])

Coefficients:
(Intercept)       record  
  -0.001066     0.000019  


$leafmodel

Call:
lm(formula = surfacedensity ~ record, data = rd[rd$runfilter == 
    1, ])

Coefficients:
(Intercept)       record  
  2.576e-04    2.177e-05  


