$name
[1] "garryoak3"

$leafarea
[1] 31.41785

$startbasevolt
             timestamp record LWSmV  SEmV CSEmV CSEmV.sd       loadmV loadmV.sd
1  2013-08-24 15:37:15      4 263.7 151.0 151.0        0 -0.405574194 0.1755181
2  2013-08-24 15:37:30      5 263.7 151.1 151.1        0 -0.305574194 0.1755181
3  2013-08-24 15:37:45      6 263.7 151.3 151.3        0 -0.105574194 0.1755181
4  2013-08-24 15:38:00      7 263.7 151.3 151.3        0 -0.105574194 0.1755181
5  2013-08-24 15:38:15      8 263.7 151.0 151.0        0 -0.405574194 0.1755181
6  2013-08-24 15:38:30      9 263.7 151.2 151.2        0 -0.205574194 0.1755181
7  2013-08-24 15:38:45     10 263.7 151.3 151.3        0 -0.105574194 0.1755181
8  2013-08-24 15:39:00     11 263.7 151.4 151.4        0 -0.005574194 0.1755181
9  2013-08-24 15:39:15     12 263.7 151.4 151.4        0 -0.005574194 0.1755181
10 2013-08-24 15:39:30     13 263.7 151.5 151.5        0  0.094425806 0.1755181
11 2013-08-24 15:39:45     14 263.7 151.3 151.3        0 -0.105574194 0.1755181
12 2013-08-24 15:40:00     15 263.7 151.4 151.4        0 -0.005574194 0.1755181
13 2013-08-24 15:40:15     16 263.7 151.5 151.5        0  0.094425806 0.1755181
14 2013-08-24 15:40:30     17 263.7 151.7 151.7        0  0.294425806 0.1755181
15 2013-08-24 15:40:45     18 263.7 151.6 151.6        0  0.194425806 0.1755181
16 2013-08-24 15:41:00     19 263.7 151.7 151.7        0  0.294425806 0.1755181
17 2013-08-24 15:41:15     20 263.7 151.7 151.7        0  0.294425806 0.1755181
18 2013-08-24 15:41:30     21 263.7 151.6 151.6        0  0.194425806 0.1755181
19 2013-08-24 15:41:45     22 263.7 151.6 151.6        0  0.194425806 0.1755181

$endbasevolt
             timestamp record LWSmV  SEmV    CSEmV    CSEmV.sd      loadmV loadmV.sd
1  2013-08-24 16:51:30    301 264.4 151.9 151.7432 5.66175e-05  0.33765161 0.1755181
2  2013-08-24 16:51:45    302 264.4 151.7 151.5427 5.66175e-05  0.13708970 0.1755181
3  2013-08-24 16:52:00    303 264.4 151.8 151.6421 5.66175e-05  0.23652778 0.1755181
4  2013-08-24 16:52:15    304 264.4 151.8 151.6415 5.66175e-05  0.23596587 0.1755181
5  2013-08-24 16:52:30    305 264.4 151.7 151.5410 5.66175e-05  0.13540395 0.1755181
6  2013-08-24 16:52:45    306 264.4 151.7 151.5404 5.66175e-05  0.13484204 0.1755181
7  2013-08-24 16:53:00    307 264.4 151.8 151.6399 5.66175e-05  0.23428012 0.1755181
8  2013-08-24 16:53:15    308 264.4 151.7 151.5393 5.66175e-05  0.13371821 0.1755181
9  2013-08-24 16:53:30    309 264.4 151.6 151.4387 5.66175e-05  0.03315630 0.1755181
10 2013-08-24 16:53:45    310 264.4 151.4 151.2382 5.66175e-05 -0.16740562 0.1755181
11 2013-08-24 16:54:00    311 264.4 151.5 151.3376 5.66175e-05 -0.06796753 0.1755181
12 2013-08-24 16:54:15    312 264.4 151.5 151.3370 5.66175e-05 -0.06852945 0.1755181
13 2013-08-24 16:54:30    313 264.4 151.5 151.3365 5.66175e-05 -0.06909136 0.1755181
14 2013-08-24 16:54:45    314 264.4 151.5 151.3359 5.66175e-05 -0.06965328 0.1755181
15 2013-08-24 16:55:00    315 264.4 151.6 151.4354 5.66175e-05  0.02978481 0.1755181
16 2013-08-24 16:55:15    316 264.4 151.6 151.4348 5.66175e-05  0.02922289 0.1755181
17 2013-08-24 16:55:30    317 264.4 151.5 151.3342 5.66175e-05 -0.07133902 0.1755181
18 2013-08-24 16:55:45    318 264.4 151.6 151.4337 5.66175e-05  0.02809906 0.1755181
19 2013-08-24 16:56:00    319 264.4 151.7 151.5331 5.66175e-05  0.12753715 0.1755181
20 2013-08-24 16:56:15    320 264.4 151.5 151.3325 5.66175e-05 -0.07302477 0.1755181
21 2013-08-24 16:56:30    321 264.4 151.3 151.1320 5.66175e-05 -0.27358668 0.1755181
22 2013-08-24 16:56:45    322 264.4 151.4 151.2314 5.66175e-05 -0.17414860 0.1755181
23 2013-08-24 16:57:00    323 264.4 151.5 151.3309 5.66175e-05 -0.07471051 0.1755181
24 2013-08-24 16:57:15    324 264.4 151.4 151.2303 5.66175e-05 -0.17527242 0.1755181
25 2013-08-24 16:57:30    325 264.4 151.5 151.3297 5.66175e-05 -0.07583434 0.1755181
26 2013-08-24 16:57:45    326 264.4 151.5 151.3292 5.66175e-05 -0.07639625 0.1755181
27 2013-08-24 16:58:00    327 264.4 151.5 151.3286 5.66175e-05 -0.07695817 0.1755181
28 2013-08-24 16:58:15    328 264.4 151.5 151.3281 5.66175e-05 -0.07752008 0.1755181
29 2013-08-24 16:58:30    329 264.4 151.6 151.4275 5.66175e-05  0.02191800 0.1755181
30 2013-08-24 16:58:45    330 264.4 151.5 151.3269 5.66175e-05 -0.07864391 0.1755181
31 2013-08-24 16:59:00    331 264.4 151.5 151.3264 5.66175e-05 -0.07920583 0.1755181

$dryragvolt
            timestamp record LWSmV  SEmV    CSEmV    CSEmV.sd   loadmV loadmV.sd
1 2013-08-24 16:34:30    233 393.4 247.6 247.4814 5.66175e-05 96.07586 0.1755181
2 2013-08-24 16:34:45    234 392.8 247.5 247.3809 5.66175e-05 95.97530 0.1755181
3 2013-08-24 16:35:00    235 392.2 247.3 247.1803 5.66175e-05 95.77474 0.1755181
4 2013-08-24 16:35:15    236 391.5 247.2 247.0798 5.66175e-05 95.67418 0.1755181
5 2013-08-24 16:35:30    237 390.8 247.0 246.8792 5.66175e-05 95.47361 0.1755181
6 2013-08-24 16:35:45    238 390.1 247.0 246.8786 5.66175e-05 95.47305 0.1755181
7 2013-08-24 16:36:00    239 389.4 246.9 246.7781 5.66175e-05 95.37249 0.1755181

$wetragvolt
             timestamp record LWSmV  SEmV    CSEmV    CSEmV.sd   loadmV loadmV.sd
1  2013-08-24 16:36:45    242 265.2 250.2 250.0764 5.66175e-05 98.67080 0.1755181
2  2013-08-24 16:37:00    243 265.1 250.2 250.0758 5.66175e-05 98.67024 0.1755181
3  2013-08-24 16:37:15    244 265.1 250.1 249.9753 5.66175e-05 98.56968 0.1755181
4  2013-08-24 16:37:30    245 265.1 250.0 249.8747 5.66175e-05 98.46912 0.1755181
5  2013-08-24 16:37:45    246 265.1 249.7 249.5741 5.66175e-05 98.16856 0.1755181
6  2013-08-24 16:38:00    247 265.1 249.8 249.6736 5.66175e-05 98.26800 0.1755181
7  2013-08-24 16:38:15    248 265.1 249.7 249.5730 5.66175e-05 98.16743 0.1755181
8  2013-08-24 16:38:30    249 265.1 249.7 249.5724 5.66175e-05 98.16687 0.1755181
9  2013-08-24 16:38:45    250 265.1 249.7 249.5719 5.66175e-05 98.16631 0.1755181
10 2013-08-24 16:39:00    251 265.1 249.4 249.2713 5.66175e-05 97.86575 0.1755181
11 2013-08-24 16:39:15    252 265.1 249.5 249.3708 5.66175e-05 97.96519 0.1755181
12 2013-08-24 16:39:30    253 265.1 249.0 248.8702 5.66175e-05 97.46462 0.1755181
13 2013-08-24 16:39:45    254 265.1 249.0 248.8696 5.66175e-05 97.46406 0.1755181
14 2013-08-24 16:40:00    255 265.1 249.0 248.8691 5.66175e-05 97.46350 0.1755181
15 2013-08-24 16:40:15    256 265.1 248.9 248.7685 5.66175e-05 97.36294 0.1755181
16 2013-08-24 16:40:30    257 265.1 248.8 248.6680 5.66175e-05 97.26238 0.1755181
17 2013-08-24 16:40:45    258 265.1 248.7 248.5674 5.66175e-05 97.16181 0.1755181
18 2013-08-24 16:41:00    259 265.1 248.7 248.5668 5.66175e-05 97.16125 0.1755181
19 2013-08-24 16:41:15    260 265.1 248.5 248.3663 5.66175e-05 96.96069 0.1755181
20 2013-08-24 16:41:30    261 265.1 248.6 248.4657 5.66175e-05 97.06013 0.1755181
21 2013-08-24 16:41:45    262 265.1 248.4 248.2651 5.66175e-05 96.85957 0.1755181
22 2013-08-24 16:42:00    263 265.1 248.3 248.1646 5.66175e-05 96.75900 0.1755181
23 2013-08-24 16:42:15    264 265.1 248.2 248.0640 5.66175e-05 96.65844 0.1755181
24 2013-08-24 16:42:30    265 265.1 248.2 248.0635 5.66175e-05 96.65788 0.1755181

$rundata
              timestamp record LWSmV  SEmV    CSEmV    CSEmV.sd   loadmV loadmV.sd     watermass watermass.sd surfacedensity surfacedensity.sd runfilter      LWSwater LWSwater.stdev LWSsurfacedensity LWSsurfacedensity.stdev
1   2013-08-24 15:46:30     41 263.7 164.8 164.7893 5.66175e-05 13.38375 0.1755181 -0.0040686782  0.007976165  -1.295021e-04      0.0002538737         0 -4.269451e-03    0.001294739     -1.312062e-04            3.978915e-05
2   2013-08-24 15:46:45     42 263.8 164.9 164.8888 5.66175e-05 13.48319 0.1755181  0.0002483015  0.007976294   7.903197e-06      0.0002538778         0 -4.167615e-03    0.001294075     -1.280767e-04            3.976874e-05
3   2013-08-24 15:47:00     43 263.9 164.9 164.8882 5.66175e-05 13.48263 0.1755181  0.0002239067  0.007976293   7.126734e-06      0.0002538777         0 -4.065780e-03    0.001293411     -1.249471e-04            3.974835e-05
4   2013-08-24 15:47:15     44 264.0 164.8 164.7876 5.66175e-05 13.38206 0.1755181 -0.0041418626  0.007976163  -1.318315e-04      0.0002538736         0 -3.963945e-03    0.001292748     -1.218176e-04            3.972797e-05
5   2013-08-24 15:47:30     45 264.3 164.9 164.8871 5.66175e-05 13.48150 0.1755181  0.0001751170  0.007976292   5.573806e-06      0.0002538777         0 -3.658439e-03    0.001290762     -1.124290e-04            3.966693e-05
6   2013-08-24 15:47:45     46 264.4 164.9 164.8865 5.66175e-05 13.48094 0.1755181  0.0001507222  0.007976291   4.797343e-06      0.0002538777         0 -3.556603e-03    0.001290101     -1.092994e-04            3.964662e-05
7   2013-08-24 15:48:00     47 264.4 165.0 164.9860 5.66175e-05 13.58038 0.1755181  0.0044677019  0.007976421   1.422027e-04      0.0002538818         0 -3.556603e-03    0.001290101     -1.092994e-04            3.964662e-05
8   2013-08-24 15:48:15     48 264.6 165.0 164.9854 5.66175e-05 13.57982 0.1755181  0.0044433070  0.007976420   1.414262e-04      0.0002538818         0 -3.352933e-03    0.001288780     -1.030403e-04            3.960604e-05
9   2013-08-24 15:48:30     49 265.1 165.0 164.9848 5.66175e-05 13.57925 0.1755181  0.0044189122  0.007976420   1.406497e-04      0.0002538818         0 -2.843756e-03    0.001285489     -8.739263e-05            3.950488e-05
10  2013-08-24 15:48:45     50 265.1 165.2 165.1843 5.66175e-05 13.77869 0.1755181  0.0130772663  0.007976683   4.162368e-04      0.0002538902         0 -2.843756e-03    0.001285489     -8.739263e-05            3.950488e-05
11  2013-08-24 15:49:00     51 265.6 165.1 165.0837 5.66175e-05 13.67813 0.1755181  0.0087114970  0.007976550   2.772786e-04      0.0002538859         0 -2.334580e-03    0.001282210     -7.174492e-05            3.940413e-05
12  2013-08-24 15:49:15     52 265.8 165.0 164.9831 5.66175e-05 13.57757 0.1755181  0.0043457278  0.007976417   1.383203e-04      0.0002538817         0 -2.130909e-03    0.001280903     -6.548584e-05            3.936394e-05
13  2013-08-24 15:49:30     53 266.5 165.2 165.1826 5.66175e-05 13.77701 0.1755181  0.0130040819  0.007976681   4.139074e-04      0.0002538901         0 -1.418062e-03    0.001276343     -4.357904e-05            3.922382e-05
14  2013-08-24 15:49:45     54 266.8 165.1 165.0820 5.66175e-05 13.67644 0.1755181  0.0086383126  0.007976548   2.749492e-04      0.0002538858         0 -1.112556e-03    0.001274397     -3.419041e-05            3.916402e-05
15  2013-08-24 15:50:00     55 267.2 165.0 164.9815 5.66175e-05 13.57588 0.1755181  0.0042725433  0.007976415   1.359909e-04      0.0002538816         0 -7.052148e-04    0.001271811     -2.167224e-05            3.908453e-05
16  2013-08-24 15:50:15     56 267.8 165.3 165.2809 5.66175e-05 13.87532 0.1755181  0.0172722719  0.007976812   5.497598e-04      0.0002538943         0 -9.420292e-05    0.001267947     -2.894988e-06            3.896579e-05
17  2013-08-24 15:50:30     57 268.3 165.3 165.2803 5.66175e-05 13.87476 0.1755181  0.0172478771  0.007976811   5.489833e-04      0.0002538942         0  4.149736e-04    0.001264743      1.275272e-05            3.886732e-05
18  2013-08-24 15:50:45     58 268.8 165.2 165.1798 5.66175e-05 13.77420 0.1755181  0.0128821078  0.007976677   4.100251e-04      0.0002538900         0  9.241502e-04    0.001261552      2.840044e-05            3.876928e-05
19  2013-08-24 15:51:00     59 269.3 165.2 165.1792 5.66175e-05 13.77363 0.1755181  0.0128577130  0.007976676   4.092486e-04      0.0002538899         0  1.433327e-03    0.001258376      4.404815e-05            3.867167e-05
20  2013-08-24 15:51:15     60 269.9 165.3 165.2786 5.66175e-05 13.87307 0.1755181  0.0171746926  0.007976809   5.466539e-04      0.0002538942         0  2.044339e-03    0.001254584      6.282540e-05            3.855512e-05
21  2013-08-24 15:51:30     61 270.5 165.2 165.1781 5.66175e-05 13.77251 0.1755181  0.0128089233  0.007976675   4.076957e-04      0.0002538899         0  2.655350e-03    0.001250812      8.160266e-05            3.843921e-05
22  2013-08-24 15:51:45     62 271.2 165.4 165.3775 5.66175e-05 13.97195 0.1755181  0.0214672774  0.007976942   6.832828e-04      0.0002538984         0  3.368198e-03    0.001246438      1.035095e-04            3.830479e-05
23  2013-08-24 15:52:00     63 271.8 165.4 165.3770 5.66175e-05 13.97139 0.1755181  0.0214428826  0.007976941   6.825063e-04      0.0002538984         0  3.979209e-03    0.001242712      1.222867e-04            3.819028e-05
24  2013-08-24 15:52:15     64 272.3 165.5 165.4764 5.66175e-05 14.07083 0.1755181  0.0257598623  0.007977076   8.199116e-04      0.0002539027         0  4.488386e-03    0.001239623      1.379344e-04            3.809535e-05
25  2013-08-24 15:52:30     65 272.9 165.6 165.5758 5.66175e-05 14.17026 0.1755181  0.0300768419  0.007977212   9.573169e-04      0.0002539070         0  5.099398e-03    0.001235936      1.567117e-04            3.798205e-05
26  2013-08-24 15:52:45     66 273.5 165.6 165.5753 5.66175e-05 14.16970 0.1755181  0.0300524471  0.007977211   9.565405e-04      0.0002539070         0  5.710410e-03    0.001232271      1.754889e-04            3.786941e-05
27  2013-08-24 15:53:00     67 274.2 165.5 165.4747 5.66175e-05 14.06914 0.1755181  0.0256866778  0.007977074   8.175822e-04      0.0002539026         1  6.423257e-03    0.001228022      1.973957e-04            3.773885e-05
28  2013-08-24 15:53:15     68 274.8 165.6 165.5742 5.66175e-05 14.16858 0.1755181  0.0300036575  0.007977209   9.549876e-04      0.0002539069         1  7.034269e-03    0.001224404      2.161730e-04            3.762767e-05
29  2013-08-24 15:53:30     69 275.4 165.5 165.4736 5.66175e-05 14.06802 0.1755181  0.0256378882  0.007977072   8.160293e-04      0.0002539025         1  7.645281e-03    0.001220809      2.349502e-04            3.751718e-05
30  2013-08-24 15:53:45     70 276.0 165.4 165.3730 5.66175e-05 13.96745 0.1755181  0.0212721189  0.007976936   6.770711e-04      0.0002538982         1  8.256292e-03    0.001217236      2.537275e-04            3.740738e-05
31  2013-08-24 15:54:00     71 276.6 165.4 165.3725 5.66175e-05 13.96689 0.1755181  0.0212477241  0.007976935   6.762946e-04      0.0002538982         1  8.867304e-03    0.001213686      2.725047e-04            3.729828e-05
32  2013-08-24 15:54:15     72 277.3 165.4 165.3719 5.66175e-05 13.96633 0.1755181  0.0212233292  0.007976935   6.755182e-04      0.0002538982         1  9.580152e-03    0.001209573      2.944115e-04            3.717189e-05
33  2013-08-24 15:54:30     73 277.9 165.4 165.3713 5.66175e-05 13.96577 0.1755181  0.0211989344  0.007976934   6.747417e-04      0.0002538981         1  1.019116e-02    0.001206073      3.131888e-04            3.706432e-05
34  2013-08-24 15:54:45     74 278.5 165.5 165.4708 5.66175e-05 14.06521 0.1755181  0.0255159141  0.007977068   8.121470e-04      0.0002539024         1  1.080218e-02    0.001202596      3.319660e-04            3.695747e-05
35  2013-08-24 15:55:00     75 279.1 165.6 165.5702 5.66175e-05 14.16464 0.1755181  0.0298328937  0.007977204   9.495523e-04      0.0002539067         1  1.141319e-02    0.001199143      3.507433e-04            3.685134e-05
36  2013-08-24 15:55:15     76 279.8 165.7 165.6697 5.66175e-05 14.26408 0.1755181  0.0341498734  0.007977340   1.086958e-03      0.0002539111         1  1.212603e-02    0.001195144      3.726501e-04            3.672844e-05
37  2013-08-24 15:55:30     77 280.4 165.6 165.5691 5.66175e-05 14.16352 0.1755181  0.0297841041  0.007977202   9.479994e-04      0.0002539067         1  1.273705e-02    0.001191742      3.914274e-04            3.662390e-05
38  2013-08-24 15:55:45     78 281.1 165.6 165.5685 5.66175e-05 14.16296 0.1755181  0.0297597093  0.007977202   9.472229e-04      0.0002539067         1  1.344989e-02    0.001187804      4.133342e-04            3.650288e-05
39  2013-08-24 15:56:00     79 281.7 165.8 165.7680 5.66175e-05 14.36240 0.1755181  0.0384180634  0.007977476   1.222810e-03      0.0002539154         1  1.406091e-02    0.001184455      4.321114e-04            3.639996e-05
40  2013-08-24 15:56:15     80 282.3 165.8 165.7674 5.66175e-05 14.36183 0.1755181  0.0383936686  0.007977476   1.222034e-03      0.0002539154         1  1.467192e-02    0.001181130      4.508887e-04            3.629779e-05
41  2013-08-24 15:56:30     81 283.0 165.8 165.7668 5.66175e-05 14.36127 0.1755181  0.0383692737  0.007977475   1.221257e-03      0.0002539154         1  1.538476e-02    0.001177283      4.727955e-04            3.617957e-05
42  2013-08-24 15:56:45     82 283.6 165.9 165.8663 5.66175e-05 14.46071 0.1755181  0.0426862534  0.007977613   1.358662e-03      0.0002539198         1  1.599578e-02    0.001174013      4.915727e-04            3.607907e-05
43  2013-08-24 15:57:00     83 284.3 165.8 165.7657 5.66175e-05 14.36015 0.1755181  0.0383204841  0.007977473   1.219704e-03      0.0002539153         1  1.670862e-02    0.001170229      5.134795e-04            3.596280e-05
44  2013-08-24 15:57:15     84 285.0 165.8 165.7652 5.66175e-05 14.35959 0.1755181  0.0382960893  0.007977472   1.218928e-03      0.0002539153         1  1.742147e-02    0.001166481      5.353863e-04            3.584760e-05
45  2013-08-24 15:57:30     85 285.7 165.9 165.8646 5.66175e-05 14.45903 0.1755181  0.0426130689  0.007977611   1.356333e-03      0.0002539197         1  1.813432e-02    0.001162767      5.572931e-04            3.573347e-05
46  2013-08-24 15:57:45     86 286.4 165.8 165.7640 5.66175e-05 14.35846 0.1755181  0.0382472996  0.007977471   1.217375e-03      0.0002539152         1  1.884716e-02    0.001159089      5.791999e-04            3.562044e-05
47  2013-08-24 15:58:00     87 287.0 165.9 165.8635 5.66175e-05 14.45790 0.1755181  0.0425642793  0.007977609   1.354780e-03      0.0002539196         1  1.945818e-02    0.001155965      5.979772e-04            3.552443e-05
48  2013-08-24 15:58:15     88 287.7 165.9 165.8629 5.66175e-05 14.45734 0.1755181  0.0425398845  0.007977609   1.354004e-03      0.0002539196         1  2.017102e-02    0.001152354      6.198840e-04            3.541345e-05
49  2013-08-24 15:58:30     89 288.4 166.0 165.9624 5.66175e-05 14.55678 0.1755181  0.0468568641  0.007977748   1.491409e-03      0.0002539240         1  2.088387e-02    0.001148779      6.417907e-04            3.530358e-05
50  2013-08-24 15:58:45     90 289.1 166.0 165.9618 5.66175e-05 14.55622 0.1755181  0.0468324693  0.007977747   1.490632e-03      0.0002539240         1  2.159672e-02    0.001145240      6.636975e-04            3.519485e-05
51  2013-08-24 15:59:00     91 289.8 165.8 165.7612 5.66175e-05 14.35565 0.1755181  0.0381253255  0.007977467   1.213492e-03      0.0002539151         1  2.230957e-02    0.001141739      6.856043e-04            3.508725e-05
52  2013-08-24 15:59:15     92 290.5 165.9 165.8607 5.66175e-05 14.45509 0.1755181  0.0424423052  0.007977605   1.350898e-03      0.0002539195         1  2.302241e-02    0.001138276      7.075111e-04            3.498081e-05
53  2013-08-24 15:59:30     93 291.1 166.0 165.9601 5.66175e-05 14.55453 0.1755181  0.0467592848  0.007977745   1.488303e-03      0.0002539239         1  2.363342e-02    0.001135337      7.262884e-04            3.489049e-05
54  2013-08-24 15:59:45     94 291.8 166.0 165.9595 5.66175e-05 14.55397 0.1755181  0.0467348900  0.007977744   1.487527e-03      0.0002539239         1  2.434627e-02    0.001131943      7.481952e-04            3.478621e-05
55  2013-08-24 16:00:00     95 292.5 166.1 166.0590 5.66175e-05 14.65341 0.1755181  0.0510518697  0.007977884   1.624932e-03      0.0002539284         1  2.505912e-02    0.001128589      7.701020e-04            3.468312e-05
56  2013-08-24 16:00:15     96 293.2 166.0 165.9584 5.66175e-05 14.55284 0.1755181  0.0466861004  0.007977742   1.485974e-03      0.0002539239         1  2.577197e-02    0.001125272      7.920088e-04            3.458121e-05
57  2013-08-24 16:00:30     97 293.8 166.1 166.0579 5.66175e-05 14.65228 0.1755181  0.0510030800  0.007977883   1.623379e-03      0.0002539283         1  2.638298e-02    0.001122461      8.107860e-04            3.449481e-05
58  2013-08-24 16:00:45     98 294.5 166.1 166.0573 5.66175e-05 14.65172 0.1755181  0.0509786852  0.007977882   1.622603e-03      0.0002539283         1  2.709582e-02    0.001119218      8.326928e-04            3.439515e-05
59  2013-08-24 16:01:00     99 295.1 166.2 166.1567 5.66175e-05 14.75116 0.1755181  0.0552956649  0.007978023   1.760008e-03      0.0002539328         1  2.770684e-02    0.001116470      8.514701e-04            3.431069e-05
60  2013-08-24 16:01:15    100 295.8 166.1 166.0562 5.66175e-05 14.65060 0.1755181  0.0509298956  0.007977880   1.621050e-03      0.0002539283         1  2.841968e-02    0.001113301      8.733769e-04            3.421330e-05
61  2013-08-24 16:01:30    101 296.4 166.2 166.1556 5.66175e-05 14.75003 0.1755181  0.0552468752  0.007978021   1.758455e-03      0.0002539327         1  2.903070e-02    0.001110616      8.921541e-04            3.413080e-05
62  2013-08-24 16:01:45    102 297.2 166.4 166.3550 5.66175e-05 14.94947 0.1755181  0.0639052293  0.007978307   2.034042e-03      0.0002539418         1  2.984538e-02    0.001107084      9.171905e-04            3.402225e-05
63  2013-08-24 16:02:00    103 297.8 166.2 166.1545 5.66175e-05 14.74891 0.1755181  0.0551980856  0.007978020   1.756902e-03      0.0002539327         1  3.045639e-02    0.001104470      9.359677e-04            3.394191e-05
64  2013-08-24 16:02:15    104 298.5 166.4 166.3539 5.66175e-05 14.94835 0.1755181  0.0638564397  0.007978306   2.032489e-03      0.0002539418         1  3.116924e-02    0.001101458      9.578745e-04            3.384936e-05
65  2013-08-24 16:02:30    105 299.2 166.3 166.2534 5.66175e-05 14.84779 0.1755181  0.0594906704  0.007978161   1.893531e-03      0.0002539372         1  3.188208e-02    0.001098488      9.797813e-04            3.375809e-05
66  2013-08-24 16:02:45    106 299.8 166.4 166.3528 5.66175e-05 14.94722 0.1755181  0.0638076501  0.007978304   2.030936e-03      0.0002539417         1  3.249310e-02    0.001095976      9.985586e-04            3.368089e-05
67  2013-08-24 16:03:00    107 300.5 166.4 166.3522 5.66175e-05 14.94666 0.1755181  0.0637832552  0.007978303   2.030160e-03      0.0002539417         1  3.320594e-02    0.001093085      1.020465e-03            3.359203e-05
68  2013-08-24 16:03:15    108 301.2 166.5 166.4517 5.66175e-05 15.04610 0.1755181  0.0681002349  0.007978447   2.167565e-03      0.0002539463         1  3.391879e-02    0.001090236      1.042372e-03            3.350449e-05
69  2013-08-24 16:03:30    109 301.8 166.5 166.4511 5.66175e-05 15.04554 0.1755181  0.0680758401  0.007978446   2.166789e-03      0.0002539463         1  3.452980e-02    0.001087828      1.061149e-03            3.343050e-05
70  2013-08-24 16:03:45    110 302.5 166.5 166.4506 5.66175e-05 15.04498 0.1755181  0.0680514453  0.007978446   2.166012e-03      0.0002539462         1  3.524265e-02    0.001085060      1.083056e-03            3.334541e-05
71  2013-08-24 16:04:00    111 303.1 166.5 166.4500 5.66175e-05 15.04442 0.1755181  0.0680270504  0.007978445   2.165236e-03      0.0002539462         1  3.585366e-02    0.001082721      1.101833e-03            3.327355e-05
72  2013-08-24 16:04:15    112 303.8 166.6 166.5494 5.66175e-05 15.14385 0.1755181  0.0723440301  0.007978590   2.302641e-03      0.0002539508         1  3.656651e-02    0.001080034      1.123740e-03            3.319096e-05
73  2013-08-24 16:04:30    113 304.5 166.5 166.4489 5.66175e-05 15.04329 0.1755181  0.0679782608  0.007978443   2.163683e-03      0.0002539462         1  3.727936e-02    0.001077391      1.145647e-03            3.310973e-05
74  2013-08-24 16:04:45    114 305.1 166.5 166.4483 5.66175e-05 15.04273 0.1755181  0.0679538660  0.007978442   2.162906e-03      0.0002539461         1  3.789037e-02    0.001075160      1.164424e-03            3.304119e-05
75  2013-08-24 16:05:00    115 305.7 166.5 166.4477 5.66175e-05 15.04217 0.1755181  0.0679294712  0.007978442   2.162130e-03      0.0002539461         1  3.850138e-02    0.001072963      1.183202e-03            3.297367e-05
76  2013-08-24 16:05:15    116 306.3 166.6 166.5472 5.66175e-05 15.14161 0.1755181  0.0722464508  0.007978586   2.299535e-03      0.0002539507         1  3.911239e-02    0.001070799      1.201979e-03            3.290716e-05
77  2013-08-24 16:05:30    117 307.0 166.7 166.6466 5.66175e-05 15.24104 0.1755181  0.0765634305  0.007978732   2.436940e-03      0.0002539554         1  3.982524e-02    0.001068316      1.223886e-03            3.283087e-05
78  2013-08-24 16:05:45    118 307.6 166.7 166.6461 5.66175e-05 15.24048 0.1755181  0.0765390356  0.007978731   2.436164e-03      0.0002539553         1  4.043625e-02    0.001066225      1.242663e-03            3.276659e-05
79  2013-08-24 16:06:00    119 308.4 166.7 166.6455 5.66175e-05 15.23992 0.1755181  0.0765146408  0.007978731   2.435387e-03      0.0002539553         1  4.125093e-02    0.001063489      1.267699e-03            3.268250e-05
80  2013-08-24 16:06:15    120 308.8 166.6 166.5449 5.66175e-05 15.13936 0.1755181  0.0721488715  0.007978583   2.296429e-03      0.0002539506         1  4.165827e-02    0.001062143      1.280217e-03            3.264115e-05
81  2013-08-24 16:06:30    121 309.5 166.8 166.7444 5.66175e-05 15.33880 0.1755181  0.0808072257  0.007978877   2.572016e-03      0.0002539600         1  4.237112e-02    0.001059825      1.302124e-03            3.256992e-05
82  2013-08-24 16:06:45    122 310.1 166.5 166.4438 5.66175e-05 15.03823 0.1755181  0.0677587074  0.007978436   2.156694e-03      0.0002539459         1  4.298213e-02    0.001057875      1.320901e-03            3.251000e-05
83  2013-08-24 16:07:00    123 310.8 166.8 166.7432 5.66175e-05 15.33767 0.1755181  0.0807584360  0.007978875   2.570463e-03      0.0002539599         1  4.369498e-02    0.001055645      1.342808e-03            3.244145e-05
84  2013-08-24 16:07:15    124 311.4 166.7 166.6427 5.66175e-05 15.23711 0.1755181  0.0763926667  0.007978727   2.431505e-03      0.0002539552         1  4.430599e-02    0.001053770      1.361585e-03            3.238384e-05
85  2013-08-24 16:07:30    125 312.1 166.7 166.6421 5.66175e-05 15.23655 0.1755181  0.0763682719  0.007978726   2.430729e-03      0.0002539552         1  4.501884e-02    0.001051628      1.383492e-03            3.231799e-05
86  2013-08-24 16:07:45    126 312.7 166.8 166.7416 5.66175e-05 15.33599 0.1755181  0.0806852515  0.007978872   2.568134e-03      0.0002539598         1  4.562985e-02    0.001049829      1.402270e-03            3.226273e-05
87  2013-08-24 16:08:00    127 313.4 166.8 166.7410 5.66175e-05 15.33542 0.1755181  0.0806608567  0.007978872   2.567357e-03      0.0002539598         1  4.634270e-02    0.001047776      1.424176e-03            3.219962e-05
88  2013-08-24 16:08:15    128 314.1 166.9 166.8404 5.66175e-05 15.43486 0.1755181  0.0849778364  0.007979019   2.704763e-03      0.0002539645         1  4.705555e-02    0.001045771      1.446083e-03            3.213800e-05
89  2013-08-24 16:08:30    129 314.8 166.9 166.8399 5.66175e-05 15.43430 0.1755181  0.0849534416  0.007979019   2.703986e-03      0.0002539645         1  4.776839e-02    0.001043814      1.467990e-03            3.207788e-05
90  2013-08-24 16:08:45    130 315.4 166.8 166.7393 5.66175e-05 15.33374 0.1755181  0.0805876723  0.007978869   2.565028e-03      0.0002539597         1  4.837940e-02    0.001042177      1.486767e-03            3.202755e-05
91  2013-08-24 16:09:00    131 316.0 166.7 166.6388 5.66175e-05 15.23318 0.1755181  0.0762219030  0.007978721   2.426070e-03      0.0002539550         1  4.899042e-02    0.001040575      1.505544e-03            3.197833e-05
92  2013-08-24 16:09:15    132 316.7 166.9 166.8382 5.66175e-05 15.43262 0.1755181  0.0848802571  0.007979016   2.701657e-03      0.0002539644         1  4.970326e-02    0.001038752      1.527451e-03            3.192231e-05
93  2013-08-24 16:09:30    133 317.3 167.0 166.9376 5.66175e-05 15.53205 0.1755181  0.0891972368  0.007979165   2.839062e-03      0.0002539691         1  5.031428e-02    0.001037229      1.546229e-03            3.187552e-05
94  2013-08-24 16:09:45    134 318.0 167.0 166.9371 5.66175e-05 15.53149 0.1755181  0.0891728419  0.007979164   2.838286e-03      0.0002539691         1  5.102712e-02    0.001035499      1.568135e-03            3.182235e-05
95  2013-08-24 16:10:00    135 318.6 167.0 166.9365 5.66175e-05 15.53093 0.1755181  0.0891484471  0.007979163   2.837509e-03      0.0002539691         1  5.163813e-02    0.001034056      1.586913e-03            3.177800e-05
96  2013-08-24 16:10:15    136 319.3 167.1 167.0359 5.66175e-05 15.63037 0.1755181  0.0934654268  0.007979313   2.974915e-03      0.0002539738         1  5.235098e-02    0.001032419      1.608819e-03            3.172770e-05
97  2013-08-24 16:10:30    137 320.0 167.1 167.0354 5.66175e-05 15.62981 0.1755181  0.0934410319  0.007979312   2.974138e-03      0.0002539738         1  5.306383e-02    0.001030833      1.630726e-03            3.167895e-05
98  2013-08-24 16:10:45    138 320.7 167.1 167.0348 5.66175e-05 15.62924 0.1755181  0.0934166371  0.007979311   2.973362e-03      0.0002539738         1  5.377668e-02    0.001029298      1.652633e-03            3.163177e-05
99  2013-08-24 16:11:00    139 321.4 167.2 167.1343 5.66175e-05 15.72868 0.1755181  0.0977336168  0.007979461   3.110767e-03      0.0002539786         1  5.448952e-02    0.001027814      1.674540e-03            3.158616e-05
100 2013-08-24 16:11:15    140 322.1 167.2 167.1337 5.66175e-05 15.72812 0.1755181  0.0977092220  0.007979461   3.109991e-03      0.0002539786         1  5.520237e-02    0.001026381      1.696447e-03            3.154212e-05
101 2013-08-24 16:11:30    141 322.7 167.1 167.0331 5.66175e-05 15.62756 0.1755181  0.0933434527  0.007979308   2.971032e-03      0.0002539737         1  5.581338e-02    0.001025194      1.715224e-03            3.150564e-05
102 2013-08-24 16:11:45    142 323.4 167.1 167.0326 5.66175e-05 15.62700 0.1755181  0.0933190578  0.007979307   2.970256e-03      0.0002539737         1  5.652623e-02    0.001023857      1.737131e-03            3.146455e-05
103 2013-08-24 16:12:00    143 324.0 167.2 167.1320 5.66175e-05 15.72643 0.1755181  0.0976360375  0.007979458   3.107661e-03      0.0002539785         1  5.713724e-02    0.001022752      1.755908e-03            3.143060e-05
104 2013-08-24 16:12:15    144 324.7 167.2 167.1314 5.66175e-05 15.72587 0.1755181  0.0976116427  0.007979457   3.106885e-03      0.0002539784         1  5.785009e-02    0.001021511      1.777815e-03            3.139248e-05
105 2013-08-24 16:12:30    145 325.2 167.4 167.3309 5.66175e-05 15.92531 0.1755181  0.1062699968  0.007979762   3.382472e-03      0.0002539881         1  5.835926e-02    0.001020657      1.793462e-03            3.136623e-05
106 2013-08-24 16:12:45    146 325.9 167.4 167.3303 5.66175e-05 15.92475 0.1755181  0.1062456020  0.007979761   3.381695e-03      0.0002539881         1  5.907211e-02    0.001019507      1.815369e-03            3.133087e-05
107 2013-08-24 16:13:00    147 326.5 167.4 167.3298 5.66175e-05 15.92419 0.1755181  0.1062212072  0.007979760   3.380919e-03      0.0002539881         1  5.968312e-02    0.001018562      1.834146e-03            3.130184e-05
108 2013-08-24 16:13:15    148 327.2 167.5 167.4292 5.66175e-05 16.02362 0.1755181  0.1105381868  0.007979913   3.518324e-03      0.0002539930         1  6.039597e-02    0.001017509      1.856053e-03            3.126948e-05
109 2013-08-24 16:13:30    149 327.9 167.5 167.4286 5.66175e-05 16.02306 0.1755181  0.1105137920  0.007979913   3.517548e-03      0.0002539929         1  6.110882e-02    0.001016509      1.877960e-03            3.123875e-05
110 2013-08-24 16:13:45    150 328.6 167.6 167.5281 5.66175e-05 16.12250 0.1755181  0.1148307716  0.007980067   3.654953e-03      0.0002539979         1  6.182167e-02    0.001015562      1.899867e-03            3.120965e-05
111 2013-08-24 16:14:00    151 329.2 167.6 167.5275 5.66175e-05 16.12194 0.1755181  0.1148063768  0.007980066   3.654177e-03      0.0002539978         1  6.243268e-02    0.001014792      1.918644e-03            3.118600e-05
112 2013-08-24 16:14:15    152 330.0 167.6 167.5270 5.66175e-05 16.12138 0.1755181  0.1147819820  0.007980065   3.653400e-03      0.0002539978         1  6.324736e-02    0.001013827      1.943680e-03            3.115635e-05
113 2013-08-24 16:14:30    153 330.5 167.6 167.5264 5.66175e-05 16.12081 0.1755181  0.1147575872  0.007980064   3.652624e-03      0.0002539978         1  6.375654e-02    0.001013260      1.959328e-03            3.113890e-05
114 2013-08-24 16:14:45    154 331.2 167.5 167.4258 5.66175e-05 16.02025 0.1755181  0.1103918179  0.007979908   3.513665e-03      0.0002539928         1  6.446938e-02    0.001012511      1.981235e-03            3.111589e-05
115 2013-08-24 16:15:00    155 331.9 167.7 167.6253 5.66175e-05 16.21969 0.1755181  0.1190501720  0.007980219   3.789252e-03      0.0002540027         1  6.518223e-02    0.001011816      2.003142e-03            3.109453e-05
116 2013-08-24 16:15:15    156 332.6 167.7 167.6247 5.66175e-05 16.21913 0.1755181  0.1190257772  0.007980218   3.788476e-03      0.0002540027         1  6.589508e-02    0.001011175      2.025048e-03            3.107482e-05
117 2013-08-24 16:15:30    157 333.3 167.8 167.7241 5.66175e-05 16.31857 0.1755181  0.1233427568  0.007980374   3.925881e-03      0.0002540076         1  6.660793e-02    0.001010587      2.046955e-03            3.105677e-05
118 2013-08-24 16:15:45    158 334.0 167.8 167.7236 5.66175e-05 16.31801 0.1755181  0.1233183620  0.007980373   3.925105e-03      0.0002540076         1  6.732077e-02    0.001010054      2.068862e-03            3.104037e-05
119 2013-08-24 16:16:00    159 334.6 167.8 167.7230 5.66175e-05 16.31744 0.1755181  0.1232939672  0.007980372   3.924328e-03      0.0002540076         1  6.793178e-02    0.001009640      2.087639e-03            3.102764e-05
120 2013-08-24 16:16:15    160 335.3 167.8 167.7225 5.66175e-05 16.31688 0.1755181  0.1232695724  0.007980371   3.923552e-03      0.0002540075         1  6.864463e-02    0.001009207      2.109546e-03            3.101434e-05
121 2013-08-24 16:16:30    161 336.0 167.8 167.7219 5.66175e-05 16.31632 0.1755181  0.1232451776  0.007980370   3.922775e-03      0.0002540075         1  6.935748e-02    0.001008828      2.131453e-03            3.100270e-05
122 2013-08-24 16:16:45    162 336.8 167.7 167.6213 5.66175e-05 16.21576 0.1755181  0.1188794083  0.007980212   3.783817e-03      0.0002540025         1  7.017216e-02    0.001008461      2.156489e-03            3.099144e-05
123 2013-08-24 16:17:00    163 337.4 168.0 167.9208 5.66175e-05 16.51520 0.1755181  0.1318791369  0.007980686   4.197586e-03      0.0002540175         1  7.078317e-02    0.001008233      2.175267e-03            3.098442e-05
124 2013-08-24 16:17:15    164 338.1 168.0 167.9202 5.66175e-05 16.51463 0.1755181  0.1318547420  0.007980685   4.196810e-03      0.0002540175         1  7.149602e-02    0.001008017      2.197173e-03            3.097779e-05
125 2013-08-24 16:17:30    165 338.8 167.9 167.8196 5.66175e-05 16.41407 0.1755181  0.1274889727  0.007980525   4.057851e-03      0.0002540124         1  7.220887e-02    0.001007856      2.219080e-03            3.097283e-05
126 2013-08-24 16:17:45    166 339.5 168.0 167.9191 5.66175e-05 16.51351 0.1755181  0.1318059524  0.007980683   4.195257e-03      0.0002540175         1  7.292171e-02    0.001007749      2.240987e-03            3.096954e-05
127 2013-08-24 16:18:00    167 340.3 168.0 167.9185 5.66175e-05 16.51295 0.1755181  0.1317815576  0.007980682   4.194480e-03      0.0002540174         1  7.373640e-02    0.001007693      2.266023e-03            3.096783e-05
128 2013-08-24 16:18:15    168 341.1 168.0 167.9180 5.66175e-05 16.51239 0.1755181  0.1317571628  0.007980681   4.193704e-03      0.0002540174         1  7.455108e-02    0.001007709      2.291060e-03            3.096830e-05
129 2013-08-24 16:18:30    169 341.7 168.1 168.0174 5.66175e-05 16.61182 0.1755181  0.1360741424  0.007980840   4.331109e-03      0.0002540225         1  7.516209e-02    0.001007767      2.309837e-03            3.097009e-05
130 2013-08-24 16:18:45    170 342.4 168.1 168.0168 5.66175e-05 16.61126 0.1755181  0.1360497476  0.007980839   4.330333e-03      0.0002540224         1  7.587494e-02    0.001007885      2.331744e-03            3.097374e-05
131 2013-08-24 16:19:00    171 343.2 168.1 168.0163 5.66175e-05 16.61070 0.1755181  0.1360253528  0.007980838   4.329556e-03      0.0002540224         1  7.668962e-02    0.001008087      2.356780e-03            3.097995e-05
132 2013-08-24 16:19:15    172 344.0 168.1 168.0157 5.66175e-05 16.61014 0.1755181  0.1360009580  0.007980837   4.328780e-03      0.0002540224         1  7.750430e-02    0.001008361      2.381816e-03            3.098834e-05
133 2013-08-24 16:19:30    173 344.7 168.0 167.9152 5.66175e-05 16.50958 0.1755181  0.1316351887  0.007980677   4.189821e-03      0.0002540173         1  7.821715e-02    0.001008658      2.403723e-03            3.099747e-05
134 2013-08-24 16:19:45    174 345.4 168.1 168.0146 5.66175e-05 16.60901 0.1755181  0.1359521683  0.007980836   4.327227e-03      0.0002540223         1  7.893000e-02    0.001009009      2.425630e-03            3.100828e-05
135 2013-08-24 16:20:00    175 346.2 168.1 168.0140 5.66175e-05 16.60845 0.1755181  0.1359277735  0.007980835   4.326450e-03      0.0002540223         1  7.974468e-02    0.001009477      2.450666e-03            3.102266e-05
136 2013-08-24 16:20:15    176 347.0 168.3 168.2135 5.66175e-05 16.80789 0.1755181  0.1445861276  0.007981156   4.602037e-03      0.0002540325         1  8.055936e-02    0.001010016      2.475703e-03            3.103922e-05
137 2013-08-24 16:20:30    177 347.8 168.2 168.1129 5.66175e-05 16.70733 0.1755181  0.1402203583  0.007980994   4.463079e-03      0.0002540274         1  8.137404e-02    0.001010626      2.500739e-03            3.105795e-05
138 2013-08-24 16:20:45    178 348.7 168.3 168.2123 5.66175e-05 16.80677 0.1755181  0.1445373380  0.007981155   4.600484e-03      0.0002540325         1  8.229056e-02    0.001011396      2.528905e-03            3.108161e-05
139 2013-08-24 16:21:00    179 349.5 168.2 168.1118 5.66175e-05 16.70621 0.1755181  0.1401715687  0.007980992   4.461526e-03      0.0002540273         1  8.310525e-02    0.001012155      2.553941e-03            3.110494e-05
140 2013-08-24 16:21:15    180 350.3 168.2 168.1112 5.66175e-05 16.70564 0.1755181  0.1401471739  0.007980991   4.460750e-03      0.0002540273         1  8.391993e-02    0.001012984      2.578977e-03            3.113043e-05
141 2013-08-24 16:21:30    181 351.1 168.2 168.1107 5.66175e-05 16.70508 0.1755181  0.1401227790  0.007980990   4.459973e-03      0.0002540272         1  8.473461e-02    0.001013883      2.604014e-03            3.115807e-05
142 2013-08-24 16:21:45    182 352.0 168.3 168.2101 5.66175e-05 16.80452 0.1755181  0.1444397587  0.007981151   4.597379e-03      0.0002540324         1  8.565113e-02    0.001014979      2.632180e-03            3.119172e-05
143 2013-08-24 16:22:00    183 352.7 168.2 168.1095 5.66175e-05 16.70396 0.1755181  0.1400739894  0.007980988   4.458420e-03      0.0002540272         1  8.636398e-02    0.001015891      2.654087e-03            3.121977e-05
144 2013-08-24 16:22:15    184 353.6 168.4 168.3090 5.66175e-05 16.90340 0.1755181  0.1487323435  0.007981312   4.734007e-03      0.0002540375         1  8.728049e-02    0.001017143      2.682252e-03            3.125823e-05
145 2013-08-24 16:22:30    185 354.4 168.4 168.3084 5.66175e-05 16.90283 0.1755181  0.1487079487  0.007981311   4.733231e-03      0.0002540374         1  8.809518e-02    0.001018329      2.707289e-03            3.129468e-05
146 2013-08-24 16:22:45    186 355.1 168.5 168.4078 5.66175e-05 17.00227 0.1755181  0.1530249284  0.007981474   4.870636e-03      0.0002540426         1  8.880802e-02    0.001019423      2.729196e-03            3.132831e-05
147 2013-08-24 16:23:00    187 355.9 168.5 168.4073 5.66175e-05 17.00171 0.1755181  0.1530005335  0.007981473   4.869860e-03      0.0002540426         1  8.962271e-02    0.001020738      2.754232e-03            3.136872e-05
148 2013-08-24 16:23:15    188 356.6 168.3 168.2067 5.66175e-05 16.80115 0.1755181  0.1442933898  0.007981145   4.592720e-03      0.0002540322         1  9.033555e-02    0.001021945      2.776139e-03            3.140581e-05
149 2013-08-24 16:23:30    189 357.5 168.4 168.3062 5.66175e-05 16.90059 0.1755181  0.1486103694  0.007981307   4.730125e-03      0.0002540373         1  9.125207e-02    0.001023573      2.804305e-03            3.145584e-05
150 2013-08-24 16:23:45    190 358.2 168.4 168.3056 5.66175e-05 16.90002 0.1755181  0.1485859746  0.007981306   4.729349e-03      0.0002540373         1  9.196492e-02    0.001024899      2.826211e-03            3.149659e-05
151 2013-08-24 16:24:00    191 359.0 168.5 168.4050 5.66175e-05 16.99946 0.1755181  0.1529029543  0.007981469   4.866754e-03      0.0002540425         1  9.277960e-02    0.001026477      2.851248e-03            3.154510e-05
152 2013-08-24 16:24:15    192 359.8 168.5 168.4045 5.66175e-05 16.99890 0.1755181  0.1528785594  0.007981468   4.865978e-03      0.0002540424         1  9.359428e-02    0.001028123      2.876284e-03            3.159568e-05
153 2013-08-24 16:24:30    193 360.6 168.4 168.3039 5.66175e-05 16.89834 0.1755181  0.1485127901  0.007981303   4.727019e-03      0.0002540372         1  9.440896e-02    0.001029836      2.901320e-03            3.164831e-05
154 2013-08-24 16:24:45    194 361.4 168.4 168.3034 5.66175e-05 16.89778 0.1755181  0.1484883953  0.007981303   4.726243e-03      0.0002540372         1  9.522365e-02    0.001031615      2.926357e-03            3.170300e-05
155 2013-08-24 16:25:00    195 362.1 168.4 168.3028 5.66175e-05 16.89721 0.1755181  0.1484640005  0.007981302   4.725466e-03      0.0002540372         1  9.593649e-02    0.001033227      2.948263e-03            3.175252e-05
156 2013-08-24 16:25:15    196 363.0 168.6 168.5022 5.66175e-05 17.09665 0.1755181  0.1571223546  0.007981629   5.001053e-03      0.0002540476         1  9.685301e-02    0.001035373      2.976429e-03            3.181846e-05
157 2013-08-24 16:25:30    197 363.8 168.5 168.4017 5.66175e-05 16.99609 0.1755181  0.1527565853  0.007981463   4.862095e-03      0.0002540423         1  9.766769e-02    0.001037350      3.001466e-03            3.187923e-05
158 2013-08-24 16:25:45    198 364.6 168.4 168.3011 5.66175e-05 16.89553 0.1755181  0.1483908160  0.007981299   4.723137e-03      0.0002540371         1  9.848238e-02    0.001039392      3.026502e-03            3.194199e-05
159 2013-08-24 16:26:00    199 365.4 168.4 168.3005 5.66175e-05 16.89497 0.1755181  0.1483664212  0.007981298   4.722360e-03      0.0002540370         1  9.929706e-02    0.001041500      3.051538e-03            3.200675e-05
160 2013-08-24 16:26:15    200 366.3 168.5 168.4000 5.66175e-05 16.99440 0.1755181  0.1526834009  0.007981461   4.859766e-03      0.0002540422         1  1.002136e-01    0.001043947      3.079704e-03            3.208196e-05
161 2013-08-24 16:26:30    201 367.3 168.7 168.5994 5.66175e-05 17.19384 0.1755181  0.1613417550  0.007981790   5.135353e-03      0.0002540527         1  1.012319e-01    0.001046762      3.111000e-03            3.216845e-05
162 2013-08-24 16:26:45    202 368.2 168.7 168.5989 5.66175e-05 17.19328 0.1755181  0.1613173602  0.007981789   5.134576e-03      0.0002540527         1  1.021484e-01    0.001049379      3.139166e-03            3.224890e-05
163 2013-08-24 16:27:00    203 369.0 168.8 168.6983 5.66175e-05 17.29272 0.1755181  0.1656343398  0.007981954   5.271982e-03      0.0002540579         1  1.029631e-01    0.001051773      3.164202e-03            3.232247e-05
164 2013-08-24 16:27:15    204 370.0 168.8 168.6977 5.66175e-05 17.29216 0.1755181  0.1656099450  0.007981953   5.271205e-03      0.0002540579         1  1.039815e-01    0.001054853      3.195497e-03            3.241713e-05
165 2013-08-24 16:27:30    205 370.9 168.8 168.6972 5.66175e-05 17.29160 0.1755181  0.1655855502  0.007981952   5.270429e-03      0.0002540579         1  1.048980e-01    0.001057708      3.223663e-03            3.250487e-05
166 2013-08-24 16:27:45    206 371.7 168.8 168.6966 5.66175e-05 17.29103 0.1755181  0.1655611554  0.007981951   5.269652e-03      0.0002540578         1  1.057127e-01    0.001060311      3.248700e-03            3.258486e-05
167 2013-08-24 16:28:00    207 372.7 168.8 168.6960 5.66175e-05 17.29047 0.1755181  0.1655367605  0.007981951   5.268876e-03      0.0002540578         1  1.067310e-01    0.001063651      3.279995e-03            3.268750e-05
168 2013-08-24 16:28:15    208 373.6 168.8 168.6955 5.66175e-05 17.28991 0.1755181  0.1655123657  0.007981950   5.268099e-03      0.0002540578         1  1.076476e-01    0.001066738      3.308161e-03            3.278235e-05
169 2013-08-24 16:28:30    209 374.4 168.8 168.6949 5.66175e-05 17.28935 0.1755181  0.1654879709  0.007981949   5.267323e-03      0.0002540577         1  1.084622e-01    0.001069545      3.333197e-03            3.286863e-05
170 2013-08-24 16:28:45    210 375.4 168.9 168.7944 5.66175e-05 17.38879 0.1755181  0.1698049506  0.007982115   5.404728e-03      0.0002540630         1  1.094806e-01    0.001073138      3.364493e-03            3.297904e-05
171 2013-08-24 16:29:00    211 376.3 168.8 168.6938 5.66175e-05 17.28822 0.1755181  0.1654391813  0.007981947   5.265770e-03      0.0002540577         1  1.103971e-01    0.001076450      3.392659e-03            3.308083e-05
172 2013-08-24 16:29:15    212 377.0 168.9 168.7932 5.66175e-05 17.38766 0.1755181  0.1697561609  0.007982113   5.403175e-03      0.0002540630         1  1.111100e-01    0.001079077      3.414565e-03            3.316156e-05
173 2013-08-24 16:29:30    213 378.1 168.9 168.7927 5.66175e-05 17.38710 0.1755181  0.1697317661  0.007982112   5.402399e-03      0.0002540630         1  1.122301e-01    0.001083295      3.448990e-03            3.329119e-05
174 2013-08-24 16:29:45    214 378.9 168.9 168.7921 5.66175e-05 17.38654 0.1755181  0.1697073713  0.007982111   5.401622e-03      0.0002540629         1  1.130448e-01    0.001086431      3.474027e-03            3.338755e-05
175 2013-08-24 16:30:00    215 379.8 168.9 168.7916 5.66175e-05 17.38598 0.1755181  0.1696829765  0.007982110   5.400846e-03      0.0002540629         1  1.139613e-01    0.001090026      3.502193e-03            3.349804e-05
176 2013-08-24 16:30:15    216 380.6 169.1 168.9910 5.66175e-05 17.58541 0.1755181  0.1783413306  0.007982447   5.676433e-03      0.0002540736         1  1.147760e-01    0.001093282      3.527229e-03            3.359809e-05
177 2013-08-24 16:30:30    217 381.4 169.0 168.8904 5.66175e-05 17.48485 0.1755181  0.1739755613  0.007982277   5.537475e-03      0.0002540682         1  1.155907e-01    0.001096593      3.552265e-03            3.369986e-05
178 2013-08-24 16:30:45    218 382.3 169.0 168.8899 5.66175e-05 17.48429 0.1755181  0.1739511665  0.007982276   5.536698e-03      0.0002540682         1  1.165072e-01    0.001100384      3.580431e-03            3.381636e-05
179 2013-08-24 16:31:00    219 383.3 169.3 169.1893 5.66175e-05 17.78373 0.1755181  0.1869508951  0.007982785   5.950467e-03      0.0002540844         1  1.175256e-01    0.001104678      3.611726e-03            3.394831e-05
180 2013-08-24 16:31:15    220 384.4 169.3 169.1887 5.66175e-05 17.78317 0.1755181  0.1869265002  0.007982784   5.949691e-03      0.0002540844         1  1.186458e-01    0.001109498      3.646151e-03            3.409644e-05
181 2013-08-24 16:31:30    221 385.3 169.4 169.2882 5.66175e-05 17.88260 0.1755181  0.1912434799  0.007982956   6.087096e-03      0.0002540898         1  1.195623e-01    0.001113517      3.674317e-03            3.421994e-05
182 2013-08-24 16:31:45    222 386.3 169.3 169.1876 5.66175e-05 17.78204 0.1755181  0.1868777106  0.007982782   5.948138e-03      0.0002540843         1  1.205806e-01    0.001118060      3.705613e-03            3.435957e-05
183 2013-08-24 16:32:00    223 387.2 169.2 169.0871 5.66175e-05 17.68148 0.1755181  0.1825119413  0.007982610   5.809180e-03      0.0002540788         1  1.214972e-01    0.001122219      3.733779e-03            3.448738e-05
184 2013-08-24 16:32:15    224 387.9 169.1 168.9865 5.66175e-05 17.58092 0.1755181  0.1781461720  0.007982439   5.670221e-03      0.0002540734         1  1.222100e-01    0.001125499      3.755685e-03            3.458817e-05
185 2013-08-24 16:32:30    225 389.1 169.2 169.0859 5.66175e-05 17.68036 0.1755181  0.1824631517  0.007982608   5.807627e-03      0.0002540788         1  1.234320e-01    0.001131212      3.793240e-03            3.476374e-05
186 2013-08-24 16:32:45    226 390.1 169.3 169.1854 5.66175e-05 17.77980 0.1755181  0.1867801313  0.007982779   5.945032e-03      0.0002540842         1  1.244504e-01    0.001136059      3.824535e-03            3.491270e-05
187 2013-08-24 16:33:00    227 391.1 169.3 169.1848 5.66175e-05 17.77923 0.1755181  0.1867557365  0.007982778   5.944255e-03      0.0002540841         1  1.254687e-01    0.001140984      3.855831e-03            3.506405e-05
188 2013-08-24 16:33:15    228 392.0 169.4 169.2842 5.66175e-05 17.87867 0.1755181  0.1910727162  0.007982949   6.081661e-03      0.0002540896         1  1.263853e-01    0.001145482      3.883997e-03            3.520228e-05
189 2013-08-24 16:33:30    229 393.1 169.4 169.2837 5.66175e-05 17.87811 0.1755181  0.1910483213  0.007982948   6.080884e-03      0.0002540896         1  1.275054e-01    0.001151063      3.918422e-03            3.537378e-05

$dryleafvolt
             timestamp record LWSmV  SEmV    CSEmV    CSEmV.sd   loadmV loadmV.sd
1  2013-08-24 15:44:00     31 263.7 164.9 164.8949 5.66175e-05 13.48937 0.1755181
2  2013-08-24 15:44:15     32 263.7 165.3 165.2944 5.66175e-05 13.88881 0.1755181
3  2013-08-24 15:44:30     33 263.7 164.9 164.8938 5.66175e-05 13.48824 0.1755181
4  2013-08-24 15:44:45     34 263.7 165.0 164.9933 5.66175e-05 13.58768 0.1755181
5  2013-08-24 15:45:00     35 263.7 165.0 164.9927 5.66175e-05 13.58712 0.1755181
6  2013-08-24 15:45:15     36 263.7 164.8 164.7921 5.66175e-05 13.38656 0.1755181
7  2013-08-24 15:45:30     37 263.7 164.9 164.8916 5.66175e-05 13.48600 0.1755181
8  2013-08-24 15:45:45     38 263.7 164.8 164.7910 5.66175e-05 13.38544 0.1755181
9  2013-08-24 15:46:00     39 263.7 164.7 164.6904 5.66175e-05 13.28487 0.1755181
10 2013-08-24 15:46:15     40 263.7 164.7 164.6899 5.66175e-05 13.28431 0.1755181
11 2013-08-24 15:46:30     41 263.7 164.8 164.7893 5.66175e-05 13.38375 0.1755181

$runtime
Time difference of 47 mins

$startcalibvolt
            timestamp record LWSmV  SEmV    CSEmV    CSEmV.sd   loadmV loadmV.sd
1 2013-08-24 15:42:15     24 263.7 274.0 273.9989 5.66175e-05 122.5933 0.1755181
2 2013-08-24 15:42:30     25 263.7 274.1 274.0983 5.66175e-05 122.6927 0.1755181
3 2013-08-24 15:42:45     26 263.7 274.1 274.0978 5.66175e-05 122.6922 0.1755181
4 2013-08-24 15:43:00     27 263.7 274.3 274.2972 5.66175e-05 122.8916 0.1755181
5 2013-08-24 15:43:15     28 263.7 274.4 274.3966 5.66175e-05 122.9911 0.1755181

$endcalibvolt
             timestamp record LWSmV  SEmV
1  2013-08-24 16:43:00    267 265.1 274.4
2  2013-08-24 16:43:15    268 265.1 274.4
3  2013-08-24 16:43:30    269 265.1 274.3
4  2013-08-24 16:43:45    270 265.1 274.5
5  2013-08-24 16:44:00    271 265.1 274.5
6  2013-08-24 16:44:15    272 265.1 274.5
7  2013-08-24 16:44:30    273 265.1 274.4
8  2013-08-24 16:44:45    274 265.1 274.4
9  2013-08-24 16:45:00    275 265.1 274.4
10 2013-08-24 16:45:15    276 265.1 274.4
11 2013-08-24 16:45:30    277 265.1 274.6
12 2013-08-24 16:45:45    278 264.9 274.5
13 2013-08-24 16:46:00    279 264.8 274.2
14 2013-08-24 16:46:15    280 264.7 274.4
15 2013-08-24 16:46:30    281 264.6 274.5
16 2013-08-24 16:46:45    282 264.5 274.4
17 2013-08-24 16:47:00    283 264.5 274.3
18 2013-08-24 16:47:15    284 264.5 274.4
19 2013-08-24 16:47:30    285 264.4 274.4
20 2013-08-24 16:47:45    286 264.4 274.4
21 2013-08-24 16:48:00    287 264.4 274.3
22 2013-08-24 16:48:15    288 264.4 274.5
23 2013-08-24 16:48:30    289 264.4 274.5
24 2013-08-24 16:48:45    290 264.4 274.4
25 2013-08-24 16:49:00    291 264.4 274.4
26 2013-08-24 16:49:15    292 264.4 274.5
27 2013-08-24 16:49:30    293 264.4 274.4
28 2013-08-24 16:49:45    294 264.4 274.5
29 2013-08-24 16:50:00    295 264.4 274.4
30 2013-08-24 16:50:15    296 264.4 274.4
31 2013-08-24 16:50:30    297 264.4 274.5
32 2013-08-24 16:50:45    298 264.4 274.5
33 2013-08-24 16:51:00    299 264.4 274.4

$lastLWSvolt
[1] 389.4

$maxLWSvolt
[1] 394.7

$species
[1] "garryoak"

$trial
[1] "3"

$replicate
[1] "1"

$isvertical
[1] FALSE

$conversionfactor
         avg        stdev
1 0.04341374 2.775646e-05

$LWSwatermass
         avg       stdev
1 0.08487593 0.003273671

$dryleafmass
        avg       stdev
1 0.5851074 0.002327741

$lwsmodel

Call:
lm(formula = LWSsurfacedensity ~ record, data = rd[rd$runfilter == 
    1, ])

Coefficients:
(Intercept)       record  
 -1.388e-03    2.237e-05  


$leafmodel

Call:
lm(formula = surfacedensity ~ record, data = rd[rd$runfilter == 
    1, ])

Coefficients:
(Intercept)       record  
 -1.553e-03    3.332e-05  


