$name
[1] "garryoak6"

$leafarea
[1] 31.82868

$startbasevolt
             timestamp record LWSmV  SEmV CSEmV CSEmV.sd      loadmV  loadmV.sd
1  2013-08-27 14:57:45      2 264.6 149.9 149.9        0 -0.01922679 0.09375596
2  2013-08-27 14:58:00      3 264.5 149.9 149.9        0 -0.01922679 0.09375596
3  2013-08-27 14:58:15      4 264.5 150.0 150.0        0  0.08077321 0.09375596
4  2013-08-27 14:58:30      5 264.5 150.0 150.0        0  0.08077321 0.09375596
5  2013-08-27 14:58:45      6 264.5 149.9 149.9        0 -0.01922679 0.09375596
6  2013-08-27 14:59:00      7 264.5 149.9 149.9        0 -0.01922679 0.09375596
7  2013-08-27 14:59:15      8 264.5 150.1 150.1        0  0.18077321 0.09375596
8  2013-08-27 14:59:30      9 264.4 150.0 150.0        0  0.08077321 0.09375596
9  2013-08-27 14:59:45     10 264.4 150.0 150.0        0  0.08077321 0.09375596
10 2013-08-27 15:00:00     11 264.4 149.9 149.9        0 -0.01922679 0.09375596
11 2013-08-27 15:00:15     12 264.4 149.9 149.9        0 -0.01922679 0.09375596
12 2013-08-27 15:00:30     13 264.4 149.9 149.9        0 -0.01922679 0.09375596
13 2013-08-27 15:00:45     14 264.4 150.0 150.0        0  0.08077321 0.09375596
14 2013-08-27 15:01:00     15 264.4 149.9 149.9        0 -0.01922679 0.09375596
15 2013-08-27 15:01:15     16 264.4 149.8 149.8        0 -0.11922679 0.09375596
16 2013-08-27 15:01:30     17 264.4 150.0 150.0        0  0.08077321 0.09375596
17 2013-08-27 15:01:45     18 264.4 150.0 150.0        0  0.08077321 0.09375596

$endbasevolt
             timestamp record LWSmV  SEmV    CSEmV     CSEmV.sd       loadmV  loadmV.sd
1  2013-08-27 16:08:00    283 265.7 149.2 150.1531 3.088261e-05  0.233913165 0.09375597
2  2013-08-27 16:08:15    284 265.4 148.9 149.8567 3.088261e-05 -0.062490080 0.09375597
3  2013-08-27 16:08:30    285 265.3 149.0 149.9603 3.088261e-05  0.041106674 0.09375597
4  2013-08-27 16:08:45    286 265.2 149.0 149.9639 3.088261e-05  0.044703429 0.09375597
5  2013-08-27 16:09:00    287 265.1 149.0 149.9675 3.088261e-05  0.048300184 0.09375597
6  2013-08-27 16:09:15    288 265.1 148.9 149.8711 3.088261e-05 -0.048103062 0.09375597
7  2013-08-27 16:09:30    289 265.1 148.9 149.8747 3.088261e-05 -0.044506307 0.09375597
8  2013-08-27 16:09:45    290 265.1 148.8 149.7783 3.088261e-05 -0.140909553 0.09375597
9  2013-08-27 16:10:00    291 265.1 148.9 149.8819 3.088261e-05 -0.037312798 0.09375597
10 2013-08-27 16:10:15    292 265.1 148.7 149.6855 3.088261e-05 -0.233716044 0.09375597
11 2013-08-27 16:10:30    293 265.1 148.9 149.8891 3.088261e-05 -0.030119289 0.09375597
12 2013-08-27 16:10:45    294 265.1 149.0 149.9927 3.088261e-05  0.073477465 0.09375597
13 2013-08-27 16:11:00    295 265.1 148.9 149.8963 3.088261e-05 -0.022925780 0.09375597
14 2013-08-27 16:11:15    296 265.1 148.8 149.7999 3.088261e-05 -0.119329025 0.09375597
15 2013-08-27 16:11:30    297 265.1 149.0 150.0035 3.088261e-05  0.084267729 0.09375597
16 2013-08-27 16:11:45    298 265.1 148.9 149.9071 3.088261e-05 -0.012135516 0.09375597
17 2013-08-27 16:12:00    299 265.1 149.0 150.0107 3.088261e-05  0.091461238 0.09375597
18 2013-08-27 16:12:15    300 265.1 149.0 150.0143 3.088261e-05  0.095057993 0.09375597
19 2013-08-27 16:12:30    301 265.1 149.0 150.0179 3.088261e-05  0.098654747 0.09375597
20 2013-08-27 16:12:45    302 265.1 148.8 149.8215 3.088261e-05 -0.097748498 0.09375597
21 2013-08-27 16:13:00    303 265.1 148.9 149.9251 3.088261e-05  0.005848257 0.09375597
22 2013-08-27 16:13:15    304 265.1 148.8 149.8287 3.088261e-05 -0.090554989 0.09375597
23 2013-08-27 16:13:30    305 265.1 148.8 149.8323 3.088261e-05 -0.086958234 0.09375597
24 2013-08-27 16:13:45    306 265.1 148.8 149.8359 3.088261e-05 -0.083361480 0.09375597
25 2013-08-27 16:14:00    307 265.1 148.7 149.7395 3.088261e-05 -0.179764725 0.09375597

$dryragvolt
             timestamp record LWSmV  SEmV    CSEmV     CSEmV.sd   loadmV  loadmV.sd
1  2013-08-27 16:01:30    257 422.0 242.1 242.9596 3.088261e-05 93.04040 0.09375597
2  2013-08-27 16:01:45    258 421.4 241.9 242.7632 3.088261e-05 92.84399 0.09375597
3  2013-08-27 16:02:00    259 420.9 241.6 242.4668 3.088261e-05 92.54759 0.09375597
4  2013-08-27 16:02:15    260 420.4 241.4 242.2704 3.088261e-05 92.35119 0.09375597
5  2013-08-27 16:02:30    261 420.0 241.4 242.2740 3.088261e-05 92.35478 0.09375597
6  2013-08-27 16:02:45    262 419.4 241.4 242.2776 3.088261e-05 92.35838 0.09375597
7  2013-08-27 16:03:00    263 418.8 241.4 242.2812 3.088261e-05 92.36198 0.09375597
8  2013-08-27 16:03:15    264 418.1 241.4 242.2848 3.088261e-05 92.36557 0.09375597
9  2013-08-27 16:03:30    265 417.3 241.3 242.1884 3.088261e-05 92.26917 0.09375597
10 2013-08-27 16:03:45    266 416.5 241.2 242.0920 3.088261e-05 92.17277 0.09375597
11 2013-08-27 16:04:00    267 415.7 241.0 241.8956 3.088261e-05 91.97637 0.09375597

$wetragvolt
             timestamp record LWSmV  SEmV    CSEmV     CSEmV.sd   loadmV  loadmV.sd
1  2013-08-27 16:04:45    270 265.7 244.9 245.8064 3.088261e-05 95.88716 0.09375597
2  2013-08-27 16:05:00    271 265.7 244.8 245.7100 3.088261e-05 95.79075 0.09375597
3  2013-08-27 16:05:15    272 265.7 244.8 245.7136 3.088261e-05 95.79435 0.09375597
4  2013-08-27 16:05:30    273 265.7 244.7 245.6172 3.088261e-05 95.69795 0.09375597
5  2013-08-27 16:05:45    274 265.7 244.5 245.4208 3.088261e-05 95.50154 0.09375597
6  2013-08-27 16:06:00    275 265.7 244.4 245.3244 3.088261e-05 95.40514 0.09375597
7  2013-08-27 16:06:15    276 265.7 244.4 245.3280 3.088261e-05 95.40874 0.09375597
8  2013-08-27 16:06:30    277 265.7 244.4 245.3316 3.088261e-05 95.41233 0.09375597
9  2013-08-27 16:06:45    278 265.7 244.2 245.1352 3.088261e-05 95.21593 0.09375597
10 2013-08-27 16:07:00    279 265.7 244.2 245.1388 3.088261e-05 95.21953 0.09375597
11 2013-08-27 16:07:15    280 265.7 244.0 244.9423 3.088261e-05 95.02312 0.09375597
12 2013-08-27 16:07:30    281 265.7 244.0 244.9459 3.088261e-05 95.02672 0.09375597

$rundata
              timestamp record LWSmV  SEmV    CSEmV     CSEmV.sd   loadmV  loadmV.sd   watermass watermass.sd surfacedensity surfacedensity.sd runfilter      LWSwater LWSwater.stdev LWSsurfacedensity LWSsurfacedensity.stdev
1   2013-08-27 15:08:00     43 264.4 163.0 163.0899 3.088261e-05 13.17069 0.09375597 0.002552518  0.004291217   8.019553e-05      0.0001348224         0 -3.556603e-03    0.001290101     -1.092994e-04            3.964662e-05
2   2013-08-27 15:08:15     44 264.5 163.1 163.1935 3.088261e-05 13.27429 0.09375597 0.007047264  0.004291244   2.214124e-04      0.0001348232         0 -3.454768e-03    0.001289440     -1.061699e-04            3.962632e-05
3   2013-08-27 15:08:30     45 264.7 163.8 163.8971 3.088261e-05 13.97789 0.09375597 0.037574179  0.004291433   1.180513e-03      0.0001348291         0 -3.251098e-03    0.001288121     -9.991080e-05            3.958577e-05
4   2013-08-27 15:08:45     46 265.0 163.0 163.1007 3.088261e-05 13.18148 0.09375597 0.003020674  0.004291220   9.490417e-05      0.0001348225         0 -2.945592e-03    0.001286146     -9.052218e-05            3.952508e-05
5   2013-08-27 15:09:00     47 265.1 163.0 163.1043 3.088261e-05 13.18508 0.09375597 0.003176726  0.004291221   9.980705e-05      0.0001348225         0 -2.843756e-03    0.001285489     -8.739263e-05            3.950488e-05
6   2013-08-27 15:09:15     48 265.1 163.1 163.2079 3.088261e-05 13.28868 0.09375597 0.007671473  0.004291248   2.410239e-04      0.0001348233         0 -2.843756e-03    0.001285489     -8.739263e-05            3.950488e-05
7   2013-08-27 15:09:30     49 265.1 163.0 163.1115 3.088261e-05 13.19227 0.09375597 0.003488831  0.004291223   1.096128e-04      0.0001348225         0 -2.843756e-03    0.001285489     -8.739263e-05            3.950488e-05
8   2013-08-27 15:09:45     50 265.5 163.1 163.2151 3.088261e-05 13.29587 0.09375597 0.007983578  0.004291250   2.508297e-04      0.0001348234         0 -2.436415e-03    0.001282865     -7.487446e-05            3.942424e-05
9   2013-08-27 15:10:00     51 265.7 163.2 163.3187 3.088261e-05 13.39947 0.09375597 0.012478324  0.004291277   3.920466e-04      0.0001348242         0 -2.232744e-03    0.001281556     -6.861538e-05            3.938403e-05
10  2013-08-27 15:10:15     52 266.2 163.2 163.3223 3.088261e-05 13.40306 0.09375597 0.012634377  0.004291278   3.969495e-04      0.0001348243         0 -1.723568e-03    0.001278294     -5.296767e-05            3.928377e-05
11  2013-08-27 15:10:30     53 266.5 163.1 163.2259 3.088261e-05 13.30666 0.09375597 0.008451734  0.004291253   2.655383e-04      0.0001348235         0 -1.418062e-03    0.001276343     -4.357904e-05            3.922382e-05
12  2013-08-27 15:10:45     54 267.1 163.1 163.2295 3.088261e-05 13.31026 0.09375597 0.008607786  0.004291254   2.704412e-04      0.0001348235         0 -8.070501e-04    0.001272456     -2.480179e-05            3.910438e-05
13  2013-08-27 15:11:00     55 267.5 163.2 163.3331 3.088261e-05 13.41385 0.09375597 0.013102533  0.004291281   4.116581e-04      0.0001348244         0 -3.997088e-04    0.001269876     -1.228362e-05            3.902509e-05
14  2013-08-27 15:11:15     56 267.9 163.2 163.3367 3.088261e-05 13.41745 0.09375597 0.013258585  0.004291282   4.165610e-04      0.0001348244         0  7.632394e-06    0.001267305      2.345542e-07            3.894607e-05
15  2013-08-27 15:11:30     57 268.5 163.3 163.4403 3.088261e-05 13.52105 0.09375597 0.017753332  0.004291309   5.577779e-04      0.0001348253         0  6.186443e-04    0.001263465      1.901181e-05            3.882805e-05
16  2013-08-27 15:11:45     58 269.0 163.4 163.5439 3.088261e-05 13.62464 0.09375597 0.022248079  0.004291337   6.989948e-04      0.0001348261         0  1.127821e-03    0.001260280      3.465952e-05            3.873018e-05
17  2013-08-27 15:12:00     59 269.5 163.3 163.4475 3.088261e-05 13.52824 0.09375597 0.018065437  0.004291311   5.675837e-04      0.0001348253         0  1.636997e-03    0.001257110      5.030723e-05            3.863275e-05
18  2013-08-27 15:12:15     60 270.0 163.4 163.5511 3.088261e-05 13.63184 0.09375597 0.022560184  0.004291339   7.088005e-04      0.0001348262         0  2.146174e-03    0.001253954      6.595494e-05            3.853576e-05
19  2013-08-27 15:12:30     61 270.6 163.5 163.6547 3.088261e-05 13.73543 0.09375597 0.027054930  0.004291367   8.500174e-04      0.0001348271         0  2.757186e-03    0.001250185      8.473220e-05            3.841995e-05
20  2013-08-27 15:12:45     62 271.2 163.6 163.7583 3.088261e-05 13.83903 0.09375597 0.031549677  0.004291395   9.912343e-04      0.0001348279         0  3.368198e-03    0.001246438      1.035095e-04            3.830479e-05
21  2013-08-27 15:13:00     63 271.8 163.7 163.8619 3.088261e-05 13.94263 0.09375597 0.036044424  0.004291423   1.132451e-03      0.0001348288         0  3.979209e-03    0.001242712      1.222867e-04            3.819028e-05
22  2013-08-27 15:13:15     64 272.4 163.6 163.7655 3.088261e-05 13.84622 0.09375597 0.031861782  0.004291397   1.001040e-03      0.0001348280         0  4.590221e-03    0.001239007      1.410640e-04            3.807642e-05
23  2013-08-27 15:13:30     65 273.0 163.5 163.6690 3.088261e-05 13.74982 0.09375597 0.027679139  0.004291371   8.696290e-04      0.0001348272         0  5.201233e-03    0.001235323      1.598412e-04            3.796323e-05
24  2013-08-27 15:13:45     66 273.5 163.6 163.7726 3.088261e-05 13.85342 0.09375597 0.032173886  0.004291399   1.010846e-03      0.0001348281         0  5.710410e-03    0.001232271      1.754889e-04            3.786941e-05
25  2013-08-27 15:14:00     67 274.2 163.7 163.8762 3.088261e-05 13.95701 0.09375597 0.036668633  0.004291427   1.152063e-03      0.0001348290         1  6.423257e-03    0.001228022      1.973957e-04            3.773885e-05
26  2013-08-27 15:14:15     68 274.7 163.7 163.8798 3.088261e-05 13.96061 0.09375597 0.036824685  0.004291428   1.156966e-03      0.0001348290         1  6.932433e-03    0.001225006      2.130434e-04            3.764615e-05
27  2013-08-27 15:14:30     69 275.4 163.8 163.9834 3.088261e-05 14.06421 0.09375597 0.041319432  0.004291457   1.298183e-03      0.0001348299         1  7.645281e-03    0.001220809      2.349502e-04            3.751718e-05
28  2013-08-27 15:14:45     70 276.0 163.6 163.7870 3.088261e-05 13.86780 0.09375597 0.032798095  0.004291403   1.030457e-03      0.0001348282         1  8.256292e-03    0.001217236      2.537275e-04            3.740738e-05
29  2013-08-27 15:15:00     71 276.6 163.6 163.7906 3.088261e-05 13.87140 0.09375597 0.032954147  0.004291404   1.035360e-03      0.0001348282         1  8.867304e-03    0.001213686      2.725047e-04            3.729828e-05
30  2013-08-27 15:15:15     72 277.3 163.8 163.9942 3.088261e-05 14.07500 0.09375597 0.041787589  0.004291460   1.312891e-03      0.0001348300         1  9.580152e-03    0.001209573      2.944115e-04            3.717189e-05
31  2013-08-27 15:15:30     73 277.9 163.9 164.0978 3.088261e-05 14.17859 0.09375597 0.046282335  0.004291488   1.454108e-03      0.0001348309         1  1.019116e-02    0.001206073      3.131888e-04            3.706432e-05
32  2013-08-27 15:15:45     74 278.5 163.9 164.1014 3.088261e-05 14.18219 0.09375597 0.046438388  0.004291489   1.459011e-03      0.0001348309         1  1.080218e-02    0.001202596      3.319660e-04            3.695747e-05
33  2013-08-27 15:16:00     75 279.1 164.0 164.2050 3.088261e-05 14.28579 0.09375597 0.050933135  0.004291518   1.600228e-03      0.0001348318         1  1.141319e-02    0.001199143      3.507433e-04            3.685134e-05
34  2013-08-27 15:16:15     76 279.8 163.8 164.0086 3.088261e-05 14.08938 0.09375597 0.042411797  0.004291464   1.332503e-03      0.0001348301         1  1.212603e-02    0.001195144      3.726501e-04            3.672844e-05
35  2013-08-27 15:16:30     77 280.4 164.0 164.2122 3.088261e-05 14.29298 0.09375597 0.051245239  0.004291520   1.610034e-03      0.0001348319         1  1.273705e-02    0.001191742      3.914274e-04            3.662390e-05
36  2013-08-27 15:16:45     78 281.0 164.0 164.2158 3.088261e-05 14.29658 0.09375597 0.051401291  0.004291521   1.614936e-03      0.0001348319         1  1.334806e-02    0.001188364      4.102046e-04            3.652011e-05
37  2013-08-27 15:17:00     79 281.6 163.9 164.1194 3.088261e-05 14.20018 0.09375597 0.047218649  0.004291494   1.483525e-03      0.0001348311         1  1.395907e-02    0.001185011      4.289819e-04            3.641706e-05
38  2013-08-27 15:17:15     80 282.3 163.8 164.0230 3.088261e-05 14.10377 0.09375597 0.043036006  0.004291468   1.352114e-03      0.0001348302         1  1.467192e-02    0.001181130      4.508887e-04            3.629779e-05
39  2013-08-27 15:17:30     81 282.9 163.7 163.9266 3.088261e-05 14.00737 0.09375597 0.038853364  0.004291441   1.220703e-03      0.0001348294         1  1.528293e-02    0.001177831      4.696659e-04            3.619639e-05
40  2013-08-27 15:17:45     82 283.6 163.9 164.1302 3.088261e-05 14.21097 0.09375597 0.047686805  0.004291497   1.498234e-03      0.0001348312         1  1.599578e-02    0.001174013      4.915727e-04            3.607907e-05
41  2013-08-27 15:18:00     83 284.2 163.9 164.1338 3.088261e-05 14.21456 0.09375597 0.047842857  0.004291498   1.503137e-03      0.0001348312         1  1.660679e-02    0.001170768      5.103500e-04            3.597934e-05
42  2013-08-27 15:18:15     84 284.8 164.0 164.2374 3.088261e-05 14.31816 0.09375597 0.052337604  0.004291527   1.644354e-03      0.0001348321         1  1.721780e-02    0.001167548      5.291272e-04            3.588040e-05
43  2013-08-27 15:18:30     85 285.5 164.0 164.2410 3.088261e-05 14.32176 0.09375597 0.052493656  0.004291528   1.649257e-03      0.0001348321         1  1.793065e-02    0.001163825      5.510340e-04            3.576597e-05
44  2013-08-27 15:18:45     86 286.2 164.0 164.2446 3.088261e-05 14.32535 0.09375597 0.052649709  0.004291529   1.654160e-03      0.0001348322         1  1.864349e-02    0.001160136      5.729408e-04            3.565262e-05
45  2013-08-27 15:19:00     87 286.8 164.1 164.3482 3.088261e-05 14.42895 0.09375597 0.057144456  0.004291559   1.795376e-03      0.0001348331         1  1.925451e-02    0.001157003      5.917181e-04            3.555634e-05
46  2013-08-27 15:19:15     88 287.4 164.2 164.4518 3.088261e-05 14.53255 0.09375597 0.061639202  0.004291588   1.936593e-03      0.0001348340         1  1.986552e-02    0.001153897      6.104953e-04            3.546087e-05
47  2013-08-27 15:19:30     89 288.1 164.2 164.4554 3.088261e-05 14.53614 0.09375597 0.061795255  0.004291589   1.941496e-03      0.0001348340         1  2.057836e-02    0.001150306      6.324021e-04            3.535053e-05
48  2013-08-27 15:19:45     90 288.7 164.1 164.3590 3.088261e-05 14.43974 0.09375597 0.057612612  0.004291562   1.810085e-03      0.0001348332         1  2.118938e-02    0.001147258      6.511794e-04            3.525684e-05
49  2013-08-27 15:20:00     91 289.4 164.2 164.4626 3.088261e-05 14.54334 0.09375597 0.062107359  0.004291591   1.951302e-03      0.0001348341         1  2.190222e-02    0.001143735      6.730862e-04            3.514860e-05
50  2013-08-27 15:20:15     92 290.1 164.3 164.5662 3.088261e-05 14.64693 0.09375597 0.066602106  0.004291621   2.092519e-03      0.0001348350         1  2.261507e-02    0.001140250      6.949930e-04            3.504149e-05
51  2013-08-27 15:20:30     93 290.8 164.2 164.4698 3.088261e-05 14.55053 0.09375597 0.062419463  0.004291593   1.961108e-03      0.0001348342         1  2.332792e-02    0.001136803      7.168998e-04            3.493554e-05
52  2013-08-27 15:20:45     94 291.4 164.1 164.3734 3.088261e-05 14.45413 0.09375597 0.058236821  0.004291566   1.829697e-03      0.0001348333         1  2.393893e-02    0.001133878      7.356770e-04            3.484566e-05
53  2013-08-27 15:21:00     95 292.1 164.3 164.5770 3.088261e-05 14.65772 0.09375597 0.067070262  0.004291624   2.107227e-03      0.0001348351         1  2.465178e-02    0.001130501      7.575838e-04            3.474188e-05
54  2013-08-27 15:21:15     96 292.8 164.2 164.4805 3.088261e-05 14.56132 0.09375597 0.062887620  0.004291596   1.975816e-03      0.0001348343         1  2.536462e-02    0.001127163      7.794906e-04            3.463929e-05
55  2013-08-27 15:21:30     97 293.5 164.2 164.4841 3.088261e-05 14.56492 0.09375597 0.063043672  0.004291597   1.980719e-03      0.0001348343         1  2.607747e-02    0.001123863      8.013974e-04            3.453790e-05
56  2013-08-27 15:21:45     98 294.1 164.2 164.4877 3.088261e-05 14.56851 0.09375597 0.063199724  0.004291599   1.985622e-03      0.0001348343         1  2.668848e-02    0.001121066      8.201747e-04            3.445195e-05
57  2013-08-27 15:22:00     99 294.8 164.2 164.4913 3.088261e-05 14.57211 0.09375597 0.063355777  0.004291600   1.990525e-03      0.0001348344         1  2.740133e-02    0.001117840      8.420815e-04            3.435280e-05
58  2013-08-27 15:22:15    100 295.4 164.2 164.4949 3.088261e-05 14.57571 0.09375597 0.063511829  0.004291601   1.995428e-03      0.0001348344         1  2.801234e-02    0.001115107      8.608587e-04            3.426880e-05
59  2013-08-27 15:22:30    101 296.1 164.2 164.4985 3.088261e-05 14.57930 0.09375597 0.063667881  0.004291602   2.000331e-03      0.0001348344         1  2.872519e-02    0.001111955      8.827655e-04            3.417194e-05
60  2013-08-27 15:22:45    102 296.7 164.3 164.6021 3.088261e-05 14.68290 0.09375597 0.068162628  0.004291631   2.141548e-03      0.0001348354         1  2.933620e-02    0.001109285      9.015428e-04            3.408990e-05
61  2013-08-27 15:23:00    103 297.4 164.4 164.7057 3.088261e-05 14.78650 0.09375597 0.072657375  0.004291661   2.282765e-03      0.0001348363         1  3.004905e-02    0.001106209      9.234496e-04            3.399536e-05
62  2013-08-27 15:23:15    104 298.0 164.5 164.8093 3.088261e-05 14.89009 0.09375597 0.077152122  0.004291692   2.423981e-03      0.0001348373         1  3.066006e-02    0.001103605      9.422268e-04            3.391534e-05
63  2013-08-27 15:23:30    105 298.6 164.5 164.8129 3.088261e-05 14.89369 0.09375597 0.077308174  0.004291693   2.428884e-03      0.0001348373         1  3.127107e-02    0.001101031      9.610041e-04            3.383624e-05
64  2013-08-27 15:23:45    106 299.3 164.4 164.7165 3.088261e-05 14.79729 0.09375597 0.073125531  0.004291665   2.297473e-03      0.0001348364         1  3.198392e-02    0.001098068      9.829109e-04            3.374516e-05
65  2013-08-27 15:24:00    107 300.1 164.5 164.8201 3.088261e-05 14.90088 0.09375597 0.077620278  0.004291695   2.438690e-03      0.0001348374         1  3.279860e-02    0.001094732      1.007947e-03            3.364265e-05
66  2013-08-27 15:24:15    108 300.7 164.4 164.7237 3.088261e-05 14.80448 0.09375597 0.073437636  0.004291667   2.307279e-03      0.0001348365         1  3.340961e-02    0.001092266      1.026724e-03            3.356689e-05
67  2013-08-27 15:24:30    109 301.4 164.5 164.8273 3.088261e-05 14.90808 0.09375597 0.077932383  0.004291697   2.448496e-03      0.0001348374         1  3.412246e-02    0.001089430      1.048631e-03            3.347971e-05
68  2013-08-27 15:24:45    110 302.0 164.5 164.8309 3.088261e-05 14.91167 0.09375597 0.078088435  0.004291698   2.453399e-03      0.0001348375         1  3.473347e-02    0.001087033      1.067409e-03            3.340605e-05
69  2013-08-27 15:25:00    111 302.7 164.6 164.9345 3.088261e-05 15.01527 0.09375597 0.082583182  0.004291728   2.594616e-03      0.0001348384         1  3.544632e-02    0.001084277      1.089315e-03            3.332135e-05
70  2013-08-27 15:25:15    112 303.3 164.6 164.9381 3.088261e-05 15.01887 0.09375597 0.082739234  0.004291729   2.599518e-03      0.0001348384         1  3.605733e-02    0.001081949      1.108093e-03            3.324981e-05
71  2013-08-27 15:25:30    113 304.0 164.5 164.8417 3.088261e-05 14.92246 0.09375597 0.078556591  0.004291701   2.468107e-03      0.0001348376         1  3.677018e-02    0.001079274      1.129999e-03            3.316761e-05
72  2013-08-27 15:25:45    114 304.7 164.5 164.8453 3.088261e-05 14.92606 0.09375597 0.078712644  0.004291702   2.473010e-03      0.0001348376         1  3.748303e-02    0.001076643      1.151906e-03            3.308677e-05
73  2013-08-27 15:26:00    115 305.4 164.6 164.9489 3.088261e-05 15.02966 0.09375597 0.083207390  0.004291733   2.614227e-03      0.0001348385         1  3.819587e-02    0.001074058      1.173813e-03            3.300730e-05
74  2013-08-27 15:26:15    116 306.0 164.7 165.0525 3.088261e-05 15.13326 0.09375597 0.087702137  0.004291763   2.755444e-03      0.0001348395         1  3.880689e-02    0.001071877      1.192590e-03            3.294029e-05
75  2013-08-27 15:26:30    117 306.7 164.9 165.2561 3.088261e-05 15.33685 0.09375597 0.096535579  0.004291824   3.032975e-03      0.0001348414         1  3.951973e-02    0.001069375      1.214497e-03            3.286339e-05
76  2013-08-27 15:26:45    118 307.3 164.8 165.1597 3.088261e-05 15.24045 0.09375597 0.092352936  0.004291795   2.901564e-03      0.0001348405         1  4.013074e-02    0.001067266      1.233274e-03            3.279860e-05
77  2013-08-27 15:27:00    119 308.2 164.8 165.1633 3.088261e-05 15.24405 0.09375597 0.092508989  0.004291796   2.906467e-03      0.0001348406         1  4.104726e-02    0.001064167      1.261440e-03            3.270335e-05
78  2013-08-27 15:27:15    120 308.7 164.9 165.2669 3.088261e-05 15.34764 0.09375597 0.097003735  0.004291828   3.047684e-03      0.0001348415         1  4.155644e-02    0.001062478      1.277088e-03            3.265145e-05
79  2013-08-27 15:27:30    121 309.4 164.7 165.0705 3.088261e-05 15.15124 0.09375597 0.088482398  0.004291769   2.779958e-03      0.0001348397         1  4.226929e-02    0.001060153      1.298995e-03            3.258001e-05
80  2013-08-27 15:27:45    122 310.0 164.9 165.2741 3.088261e-05 15.35484 0.09375597 0.097315840  0.004291830   3.057489e-03      0.0001348416         1  4.288030e-02    0.001058198      1.317772e-03            3.251991e-05
81  2013-08-27 15:28:00    123 310.7 164.9 165.2777 3.088261e-05 15.35843 0.09375597 0.097471892  0.004291831   3.062392e-03      0.0001348416         1  4.359314e-02    0.001055960      1.339679e-03            3.245115e-05
82  2013-08-27 15:28:15    124 311.3 165.0 165.3813 3.088261e-05 15.46203 0.09375597 0.101966639  0.004291862   3.203609e-03      0.0001348426         1  4.420416e-02    0.001054080      1.358456e-03            3.239337e-05
83  2013-08-27 15:28:30    125 311.9 164.9 165.2849 3.088261e-05 15.36563 0.09375597 0.097783996  0.004291833   3.072198e-03      0.0001348417         1  4.481517e-02    0.001052235      1.377233e-03            3.233666e-05
84  2013-08-27 15:28:45    126 312.6 164.9 165.2884 3.088261e-05 15.36922 0.09375597 0.097940049  0.004291834   3.077101e-03      0.0001348417         1  4.552802e-02    0.001050126      1.399140e-03            3.227186e-05
85  2013-08-27 15:29:00    127 313.2 164.8 165.1920 3.088261e-05 15.27282 0.09375597 0.093757406  0.004291805   2.945690e-03      0.0001348408         1  4.613903e-02    0.001048357      1.417917e-03            3.221750e-05
86  2013-08-27 15:29:15    128 313.9 164.9 165.2956 3.088261e-05 15.37642 0.09375597 0.098252153  0.004291836   3.086907e-03      0.0001348418         1  4.685187e-02    0.001046339      1.439824e-03            3.215546e-05
87  2013-08-27 15:29:30    129 314.5 164.9 165.2992 3.088261e-05 15.38001 0.09375597 0.098408205  0.004291837   3.091809e-03      0.0001348418         1  4.746289e-02    0.001044647      1.458601e-03            3.210347e-05
88  2013-08-27 15:29:45    130 315.2 165.1 165.5028 3.088261e-05 15.58361 0.09375597 0.107241647  0.004291899   3.369340e-03      0.0001348438         1  4.817573e-02    0.001042718      1.480508e-03            3.204421e-05
89  2013-08-27 15:30:00    131 315.9 165.2 165.6064 3.088261e-05 15.68721 0.09375597 0.111736394  0.004291931   3.510557e-03      0.0001348448         1  4.888858e-02    0.001040839      1.502415e-03            3.198646e-05
90  2013-08-27 15:30:15    132 316.6 165.3 165.7100 3.088261e-05 15.79080 0.09375597 0.116231140  0.004291963   3.651774e-03      0.0001348458         1  4.960143e-02    0.001039009      1.524322e-03            3.193022e-05
91  2013-08-27 15:30:30    133 317.2 165.2 165.6136 3.088261e-05 15.69440 0.09375597 0.112048498  0.004291933   3.520363e-03      0.0001348449         1  5.021244e-02    0.001037481      1.543099e-03            3.188324e-05
92  2013-08-27 15:30:45    134 317.9 165.1 165.5172 3.088261e-05 15.59800 0.09375597 0.107865855  0.004291904   3.388952e-03      0.0001348439         1  5.092529e-02    0.001035743      1.565006e-03            3.182985e-05
93  2013-08-27 15:31:00    135 318.4 165.3 165.7208 3.088261e-05 15.80159 0.09375597 0.116699297  0.004291966   3.666483e-03      0.0001348459         1  5.143446e-02    0.001034533      1.580653e-03            3.179266e-05
94  2013-08-27 15:31:15    136 319.1 165.3 165.7244 3.088261e-05 15.80519 0.09375597 0.116855349  0.004291968   3.671386e-03      0.0001348459         1  5.214731e-02    0.001032882      1.602560e-03            3.174191e-05
95  2013-08-27 15:31:30    137 319.8 165.3 165.7280 3.088261e-05 15.80879 0.09375597 0.117011401  0.004291969   3.676289e-03      0.0001348460         1  5.286016e-02    0.001031281      1.624467e-03            3.169272e-05
96  2013-08-27 15:31:45    138 320.4 165.2 165.6316 3.088261e-05 15.71238 0.09375597 0.112828759  0.004291939   3.544877e-03      0.0001348450         1  5.347117e-02    0.001029950      1.643244e-03            3.165180e-05
97  2013-08-27 15:32:00    139 321.1 165.3 165.7352 3.088261e-05 15.81598 0.09375597 0.117323506  0.004291971   3.686094e-03      0.0001348460         1  5.418402e-02    0.001028443      1.665151e-03            3.160552e-05
98  2013-08-27 15:32:15    140 321.8 165.4 165.8388 3.088261e-05 15.91958 0.09375597 0.121818253  0.004292003   3.827311e-03      0.0001348471         1  5.489686e-02    0.001026989      1.687058e-03            3.156080e-05
99  2013-08-27 15:32:30    141 322.4 165.3 165.7424 3.088261e-05 15.82317 0.09375597 0.117635610  0.004291973   3.695900e-03      0.0001348461         1  5.550788e-02    0.001025782      1.705835e-03            3.152374e-05
100 2013-08-27 15:32:45    142 323.1 165.4 165.8460 3.088261e-05 15.92677 0.09375597 0.122130357  0.004292005   3.837117e-03      0.0001348471         1  5.622072e-02    0.001024423      1.727742e-03            3.148197e-05
101 2013-08-27 15:33:00    143 323.7 165.5 165.9496 3.088261e-05 16.03037 0.09375597 0.126625104  0.004292038   3.978334e-03      0.0001348481         1  5.683174e-02    0.001023299      1.746519e-03            3.144743e-05
102 2013-08-27 15:33:15    144 324.4 165.4 165.8532 3.088261e-05 15.93396 0.09375597 0.122442461  0.004292008   3.846923e-03      0.0001348472         1  5.754458e-02    0.001022037      1.768426e-03            3.140862e-05
103 2013-08-27 15:33:30    145 325.0 165.1 165.5568 3.088261e-05 15.63756 0.09375597 0.109582430  0.004291916   3.442884e-03      0.0001348443         1  5.815559e-02    0.001020996      1.787203e-03            3.137663e-05
104 2013-08-27 15:33:45    146 325.6 165.3 165.7604 3.088261e-05 15.84116 0.09375597 0.118415871  0.004291979   3.720415e-03      0.0001348463         1  5.876661e-02    0.001019993      1.805981e-03            3.134583e-05
105 2013-08-27 15:34:00    147 326.2 165.3 165.7640 3.088261e-05 15.84475 0.09375597 0.118571923  0.004291980   3.725317e-03      0.0001348463         1  5.937762e-02    0.001019029      1.824758e-03            3.131621e-05
106 2013-08-27 15:34:15    148 327.0 165.4 165.8676 3.088261e-05 15.94835 0.09375597 0.123066670  0.004292012   3.866534e-03      0.0001348473         1  6.019230e-02    0.001017804      1.849794e-03            3.127856e-05
107 2013-08-27 15:34:30    149 327.6 165.3 165.7712 3.088261e-05 15.85195 0.09375597 0.118884028  0.004291982   3.735123e-03      0.0001348464         1  6.080331e-02    0.001016931      1.868571e-03            3.125172e-05
108 2013-08-27 15:34:45    150 328.4 165.3 165.7748 3.088261e-05 15.85554 0.09375597 0.119040080  0.004291983   3.740026e-03      0.0001348464         1  6.161799e-02    0.001015827      1.893608e-03            3.121779e-05
109 2013-08-27 15:35:00    151 329.0 165.3 165.7784 3.088261e-05 15.85914 0.09375597 0.119196132  0.004291984   3.744929e-03      0.0001348465         1  6.222901e-02    0.001015045      1.912385e-03            3.119375e-05
110 2013-08-27 15:35:15    152 329.9 165.4 165.8820 3.088261e-05 15.96274 0.09375597 0.123690879  0.004292017   3.886146e-03      0.0001348475         1  6.314552e-02    0.001013944      1.940551e-03            3.115994e-05
111 2013-08-27 15:35:30    153 330.4 165.5 165.9856 3.088261e-05 16.06634 0.09375597 0.128185626  0.004292049   4.027363e-03      0.0001348485         1  6.365470e-02    0.001013371      1.956199e-03            3.114232e-05
112 2013-08-27 15:35:45    154 331.1 165.4 165.8892 3.088261e-05 15.96993 0.09375597 0.124002983  0.004292019   3.895952e-03      0.0001348475         1  6.436755e-02    0.001012615      1.978105e-03            3.111908e-05
113 2013-08-27 15:36:00    155 331.8 165.5 165.9928 3.088261e-05 16.07353 0.09375597 0.128497730  0.004292052   4.037168e-03      0.0001348486         1  6.508040e-02    0.001011912      2.000012e-03            3.109748e-05
114 2013-08-27 15:36:15    156 332.5 165.5 165.9964 3.088261e-05 16.07713 0.09375597 0.128653783  0.004292053   4.042071e-03      0.0001348486         1  6.579324e-02    0.001011263      2.021919e-03            3.107753e-05
115 2013-08-27 15:36:30    157 333.2 165.5 165.9999 3.088261e-05 16.08072 0.09375597 0.128809835  0.004292054   4.046974e-03      0.0001348486         1  6.650609e-02    0.001010668      2.043826e-03            3.105924e-05
116 2013-08-27 15:36:45    158 333.9 165.6 166.1035 3.088261e-05 16.18432 0.09375597 0.133304582  0.004292087   4.188191e-03      0.0001348497         1  6.721894e-02    0.001010127      2.065733e-03            3.104261e-05
117 2013-08-27 15:37:00    159 334.5 165.5 166.0071 3.088261e-05 16.08792 0.09375597 0.129121939  0.004292056   4.056780e-03      0.0001348487         1  6.782995e-02    0.001009706      2.084510e-03            3.102968e-05
118 2013-08-27 15:37:15    160 335.2 165.6 166.1107 3.088261e-05 16.19151 0.09375597 0.133616686  0.004292089   4.197997e-03      0.0001348497         1  6.854280e-02    0.001009265      2.106417e-03            3.101614e-05
119 2013-08-27 15:37:30    161 335.9 165.6 166.1143 3.088261e-05 16.19511 0.09375597 0.133772738  0.004292090   4.202900e-03      0.0001348498         1  6.925564e-02    0.001008879      2.128323e-03            3.100426e-05
120 2013-08-27 15:37:45    162 336.6 165.8 166.3179 3.088261e-05 16.39871 0.09375597 0.142606180  0.004292155   4.480431e-03      0.0001348518         1  6.996849e-02    0.001008546      2.150230e-03            3.099405e-05
121 2013-08-27 15:38:00    163 337.2 165.9 166.4215 3.088261e-05 16.50230 0.09375597 0.147100927  0.004292189   4.621648e-03      0.0001348529         1  7.057950e-02    0.001008305      2.169007e-03            3.098662e-05
122 2013-08-27 15:38:15    164 338.0 165.7 166.2251 3.088261e-05 16.30590 0.09375597 0.138579589  0.004292126   4.353922e-03      0.0001348509         1  7.139418e-02    0.001008045      2.194044e-03            3.097863e-05
123 2013-08-27 15:38:30    165 338.6 165.7 166.2287 3.088261e-05 16.30950 0.09375597 0.138735642  0.004292127   4.358825e-03      0.0001348509         1  7.200520e-02    0.001007896      2.212821e-03            3.097407e-05
124 2013-08-27 15:38:45    166 339.3 165.7 166.2323 3.088261e-05 16.31309 0.09375597 0.138891694  0.004292128   4.363728e-03      0.0001348510         1  7.271804e-02    0.001007774      2.234728e-03            3.097031e-05
125 2013-08-27 15:39:00    167 340.0 165.9 166.4359 3.088261e-05 16.51669 0.09375597 0.147725135  0.004292194   4.641259e-03      0.0001348530         1  7.343089e-02    0.001007706      2.256635e-03            3.096821e-05
126 2013-08-27 15:39:15    168 340.8 166.1 166.6395 3.088261e-05 16.72029 0.09375597 0.156558577  0.004292260   4.918790e-03      0.0001348551         1  7.424557e-02    0.001007694      2.281671e-03            3.096787e-05
127 2013-08-27 15:39:30    169 341.5 166.0 166.5431 3.088261e-05 16.62388 0.09375597 0.152375934  0.004292228   4.787379e-03      0.0001348541         1  7.495842e-02    0.001007743      2.303578e-03            3.096936e-05
128 2013-08-27 15:39:45    170 342.1 166.2 166.7467 3.088261e-05 16.82748 0.09375597 0.161209376  0.004292295   5.064910e-03      0.0001348562         1  7.556943e-02    0.001007828      2.322355e-03            3.097197e-05
129 2013-08-27 15:40:00    171 342.8 166.2 166.7503 3.088261e-05 16.83108 0.09375597 0.161365428  0.004292297   5.069813e-03      0.0001348563         1  7.628228e-02    0.001007978      2.344262e-03            3.097657e-05
130 2013-08-27 15:40:15    172 343.6 166.3 166.8539 3.088261e-05 16.93467 0.09375597 0.165860175  0.004292331   5.211030e-03      0.0001348573         1  7.709696e-02    0.001008215      2.369298e-03            3.098387e-05
131 2013-08-27 15:40:30    173 344.2 166.4 166.9575 3.088261e-05 17.03827 0.09375597 0.170354922  0.004292365   5.352246e-03      0.0001348584         1  7.770797e-02    0.001008440      2.388075e-03            3.099078e-05
132 2013-08-27 15:40:45    174 345.1 166.2 166.7611 3.088261e-05 16.84187 0.09375597 0.161833585  0.004292300   5.084521e-03      0.0001348564         1  7.862449e-02    0.001008852      2.416241e-03            3.100344e-05
133 2013-08-27 15:41:00    175 345.8 166.2 166.7647 3.088261e-05 16.84546 0.09375597 0.161989637  0.004292301   5.089424e-03      0.0001348564         1  7.933734e-02    0.001009235      2.438148e-03            3.101520e-05
134 2013-08-27 15:41:15    176 346.7 166.2 166.7683 3.088261e-05 16.84906 0.09375597 0.162145689  0.004292302   5.094327e-03      0.0001348565         1  8.025386e-02    0.001009806      2.466314e-03            3.103276e-05
135 2013-08-27 15:41:30    177 347.4 166.1 166.6719 3.088261e-05 16.75266 0.09375597 0.157963047  0.004292271   4.962916e-03      0.0001348555         1  8.096670e-02    0.001010312      2.488221e-03            3.104832e-05
136 2013-08-27 15:41:45    178 348.2 166.1 166.6755 3.088261e-05 16.75625 0.09375597 0.158119099  0.004292272   4.967819e-03      0.0001348555         1  8.178139e-02    0.001010957      2.513257e-03            3.106813e-05
137 2013-08-27 15:42:00    179 348.9 166.1 166.6791 3.088261e-05 16.75985 0.09375597 0.158275151  0.004292273   4.972722e-03      0.0001348555         1  8.249423e-02    0.001011579      2.535164e-03            3.108724e-05
138 2013-08-27 15:42:15    180 349.6 166.2 166.7827 3.088261e-05 16.86345 0.09375597 0.162769898  0.004292307   5.113939e-03      0.0001348566         1  8.320708e-02    0.001012255      2.557071e-03            3.110801e-05
139 2013-08-27 15:42:30    181 350.4 166.2 166.7863 3.088261e-05 16.86704 0.09375597 0.162925950  0.004292308   5.118841e-03      0.0001348566         1  8.402176e-02    0.001013093      2.582107e-03            3.113377e-05
140 2013-08-27 15:42:45    182 351.3 166.4 166.9899 3.088261e-05 17.07064 0.09375597 0.171759392  0.004292376   5.396372e-03      0.0001348588         1  8.493828e-02    0.001014119      2.610273e-03            3.116531e-05
141 2013-08-27 15:43:00    183 352.1 166.4 166.9935 3.088261e-05 17.07424 0.09375597 0.171915444  0.004292378   5.401275e-03      0.0001348588         1  8.575296e-02    0.001015106      2.635309e-03            3.119563e-05
142 2013-08-27 15:43:15    184 352.9 166.4 166.9971 3.088261e-05 17.07783 0.09375597 0.172071496  0.004292379   5.406178e-03      0.0001348588         1  8.656765e-02    0.001016162      2.660346e-03            3.122809e-05
143 2013-08-27 15:43:30    185 353.7 166.4 167.0007 3.088261e-05 17.08143 0.09375597 0.172227548  0.004292380   5.411081e-03      0.0001348589         1  8.738233e-02    0.001017287      2.685382e-03            3.126267e-05
144 2013-08-27 15:43:45    186 354.5 166.3 166.9043 3.088261e-05 16.98503 0.09375597 0.168044906  0.004292348   5.279670e-03      0.0001348579         1  8.819701e-02    0.001018482      2.710418e-03            3.129939e-05
145 2013-08-27 15:44:00    187 355.3 166.4 167.0079 3.088261e-05 17.08862 0.09375597 0.172539653  0.004292382   5.420887e-03      0.0001348590         1  8.901169e-02    0.001019746      2.735455e-03            3.133822e-05
146 2013-08-27 15:44:15    188 356.2 166.4 167.0114 3.088261e-05 17.09222 0.09375597 0.172695705  0.004292384   5.425790e-03      0.0001348590         1  8.992821e-02    0.001021249      2.763620e-03            3.138442e-05
147 2013-08-27 15:44:30    189 356.9 166.4 167.0150 3.088261e-05 17.09582 0.09375597 0.172851757  0.004292385   5.430693e-03      0.0001348590         1  9.064106e-02    0.001022478      2.785527e-03            3.142219e-05
148 2013-08-27 15:44:45    190 357.7 166.6 167.2186 3.088261e-05 17.29941 0.09375597 0.181685199  0.004292454   5.708223e-03      0.0001348612         1  9.145574e-02    0.001023947      2.810564e-03            3.146732e-05
149 2013-08-27 15:45:00    191 358.5 166.4 167.0222 3.088261e-05 17.10301 0.09375597 0.173163861  0.004292387   5.440498e-03      0.0001348591         1  9.227042e-02    0.001025483      2.835600e-03            3.151454e-05
150 2013-08-27 15:45:15    192 359.3 166.4 167.0258 3.088261e-05 17.10661 0.09375597 0.173319914  0.004292388   5.445401e-03      0.0001348592         1  9.308511e-02    0.001027087      2.860636e-03            3.156382e-05
151 2013-08-27 15:45:30    193 360.2 166.3 166.9294 3.088261e-05 17.01021 0.09375597 0.169137271  0.004292356   5.313990e-03      0.0001348581         1  9.400162e-02    0.001028971      2.888802e-03            3.162174e-05
152 2013-08-27 15:45:45    194 361.1 166.4 167.0330 3.088261e-05 17.11380 0.09375597 0.173632018  0.004292391   5.455207e-03      0.0001348592         1  9.491814e-02    0.001030940      2.916968e-03            3.168225e-05
153 2013-08-27 15:46:00    195 361.9 166.4 167.0366 3.088261e-05 17.11740 0.09375597 0.173788070  0.004292392   5.460110e-03      0.0001348593         1  9.573282e-02    0.001032761      2.942004e-03            3.173821e-05
154 2013-08-27 15:46:15    196 362.8 166.4 167.0402 3.088261e-05 17.12100 0.09375597 0.173944122  0.004292393   5.465013e-03      0.0001348593         1  9.664934e-02    0.001034889      2.970170e-03            3.180359e-05
155 2013-08-27 15:46:30    197 363.7 166.5 167.1438 3.088261e-05 17.22459 0.09375597 0.178438869  0.004292428   5.606230e-03      0.0001348604         1  9.756586e-02    0.001037099      2.998336e-03            3.187152e-05
156 2013-08-27 15:46:45    198 364.6 166.6 167.2474 3.088261e-05 17.32819 0.09375597 0.182933616  0.004292463   5.747446e-03      0.0001348615         1  9.848238e-02    0.001039392      3.026502e-03            3.194199e-05
157 2013-08-27 15:47:00    199 365.6 166.7 167.3510 3.088261e-05 17.43179 0.09375597 0.187428363  0.004292499   5.888663e-03      0.0001348626         1  9.950073e-02    0.001042036      3.057797e-03            3.202325e-05
158 2013-08-27 15:47:15    200 366.6 166.7 167.3546 3.088261e-05 17.43538 0.09375597 0.187584415  0.004292500   5.893566e-03      0.0001348627         1  1.005191e-01    0.001044781      3.089093e-03            3.210759e-05
159 2013-08-27 15:47:30    201 367.5 166.7 167.3582 3.088261e-05 17.43898 0.09375597 0.187740467  0.004292501   5.898469e-03      0.0001348627         1  1.014356e-01    0.001047336      3.117259e-03            3.218612e-05
160 2013-08-27 15:47:45    202 368.5 166.6 167.2618 3.088261e-05 17.34258 0.09375597 0.183557825  0.004292468   5.767058e-03      0.0001348617         1  1.024540e-01    0.001050270      3.148554e-03            3.227626e-05
161 2013-08-27 15:48:00    203 369.3 166.6 167.2654 3.088261e-05 17.34617 0.09375597 0.183713877  0.004292469   5.771961e-03      0.0001348617         1  1.032686e-01    0.001052687      3.173591e-03            3.235055e-05
162 2013-08-27 15:48:15    204 370.2 166.7 167.3690 3.088261e-05 17.44977 0.09375597 0.188208624  0.004292505   5.913178e-03      0.0001348628         1  1.041852e-01    0.001055481      3.201756e-03            3.243642e-05
163 2013-08-27 15:48:30    205 371.4 166.7 167.3726 3.088261e-05 17.45337 0.09375597 0.188364676  0.004292506   5.918081e-03      0.0001348629         1  1.054072e-01    0.001059328      3.239311e-03            3.255464e-05
164 2013-08-27 15:48:45    206 372.3 166.8 167.4762 3.088261e-05 17.55696 0.09375597 0.192859423  0.004292542   6.059298e-03      0.0001348640         1  1.063237e-01    0.001062304      3.267477e-03            3.264610e-05
165 2013-08-27 15:49:00    207 373.4 166.8 167.4798 3.088261e-05 17.56056 0.09375597 0.193015475  0.004292543   6.064200e-03      0.0001348640         1  1.074439e-01    0.001066045      3.301902e-03            3.276107e-05
166 2013-08-27 15:49:15    208 374.1 166.9 167.5834 3.088261e-05 17.66416 0.09375597 0.197510222  0.004292579   6.205417e-03      0.0001348651         1  1.081567e-01    0.001068485      3.323809e-03            3.283606e-05
167 2013-08-27 15:49:30    209 374.9 166.8 167.4870 3.088261e-05 17.56775 0.09375597 0.193327580  0.004292545   6.074006e-03      0.0001348641         1  1.089714e-01    0.001071330      3.348845e-03            3.292348e-05
168 2013-08-27 15:49:45    210 375.9 166.8 167.4906 3.088261e-05 17.57135 0.09375597 0.193483632  0.004292547   6.078909e-03      0.0001348641         1  1.099898e-01    0.001074969      3.380140e-03            3.303531e-05
169 2013-08-27 15:50:00    211 376.8 167.0 167.6942 3.088261e-05 17.77495 0.09375597 0.202317073  0.004292617   6.356440e-03      0.0001348663         1  1.109063e-01    0.001078322      3.408306e-03            3.313836e-05
170 2013-08-27 15:50:15    212 377.8 167.0 167.6978 3.088261e-05 17.77854 0.09375597 0.202473126  0.004292619   6.361343e-03      0.0001348664         1  1.119246e-01    0.001082134      3.439602e-03            3.325550e-05
171 2013-08-27 15:50:30    213 378.9 167.0 167.7014 3.088261e-05 17.78214 0.09375597 0.202629178  0.004292620   6.366246e-03      0.0001348664         1  1.130448e-01    0.001086431      3.474027e-03            3.338755e-05
172 2013-08-27 15:50:45    214 379.7 167.1 167.8050 3.088261e-05 17.88574 0.09375597 0.207123925  0.004292656   6.507463e-03      0.0001348676         1  1.138595e-01    0.001089623      3.499063e-03            3.348566e-05
173 2013-08-27 15:51:00    215 380.7 167.1 167.8086 3.088261e-05 17.88933 0.09375597 0.207279977  0.004292658   6.512365e-03      0.0001348676         1  1.148779e-01    0.001093693      3.530358e-03            3.361072e-05
174 2013-08-27 15:51:15    216 381.8 166.9 167.6122 3.088261e-05 17.69293 0.09375597 0.198758640  0.004292589   6.244640e-03      0.0001348655         1  1.159981e-01    0.001098270      3.564783e-03            3.375137e-05
175 2013-08-27 15:51:30    217 382.9 167.0 167.7158 3.088261e-05 17.79653 0.09375597 0.203253387  0.004292625   6.385857e-03      0.0001348666         1  1.171182e-01    0.001102950      3.599208e-03            3.389522e-05
176 2013-08-27 15:51:45    218 383.7 167.0 167.7194 3.088261e-05 17.80012 0.09375597 0.203409439  0.004292626   6.390760e-03      0.0001348666         1  1.179329e-01    0.001106419      3.624245e-03            3.400181e-05
177 2013-08-27 15:52:00    219 384.8 167.1 167.8229 3.088261e-05 17.90372 0.09375597 0.207904186  0.004292663   6.531977e-03      0.0001348678         1  1.190531e-01    0.001111276      3.658670e-03            3.415108e-05
178 2013-08-27 15:52:15    220 385.8 167.0 167.7265 3.088261e-05 17.80732 0.09375597 0.203721543  0.004292629   6.400566e-03      0.0001348667         1  1.200715e-01    0.001115778      3.689965e-03            3.428944e-05
179 2013-08-27 15:52:30    221 386.8 166.9 167.6301 3.088261e-05 17.71091 0.09375597 0.199538901  0.004292595   6.269155e-03      0.0001348656         1  1.210898e-01    0.001120363      3.721260e-03            3.443033e-05
180 2013-08-27 15:52:45    222 387.8 167.0 167.7337 3.088261e-05 17.81451 0.09375597 0.204033648  0.004292631   6.410372e-03      0.0001348668         1  1.221082e-01    0.001125028      3.752556e-03            3.457369e-05
181 2013-08-27 15:53:00    223 389.0 167.1 167.8373 3.088261e-05 17.91811 0.09375597 0.208528394  0.004292668   6.551589e-03      0.0001348679         1  1.233302e-01    0.001130732      3.790110e-03            3.474897e-05
182 2013-08-27 15:53:15    224 390.0 167.1 167.8409 3.088261e-05 17.92170 0.09375597 0.208684447  0.004292669   6.556491e-03      0.0001348680         1  1.243485e-01    0.001135571      3.821406e-03            3.489770e-05
183 2013-08-27 15:53:30    225 391.1 167.1 167.8445 3.088261e-05 17.92530 0.09375597 0.208840499  0.004292670   6.561394e-03      0.0001348680         1  1.254687e-01    0.001140984      3.855831e-03            3.506405e-05
184 2013-08-27 15:53:45    226 391.8 167.2 167.9481 3.088261e-05 18.02890 0.09375597 0.213335246  0.004292707   6.702611e-03      0.0001348692         1  1.261816e-01    0.001144477      3.877738e-03            3.517140e-05
185 2013-08-27 15:54:00    227 393.1 167.2 167.9517 3.088261e-05 18.03249 0.09375597 0.213491298  0.004292708   6.707514e-03      0.0001348692         1  1.275054e-01    0.001151063      3.918422e-03            3.537378e-05
186 2013-08-27 15:54:15    228 394.1 167.2 167.9553 3.088261e-05 18.03609 0.09375597 0.213647350  0.004292709   6.712417e-03      0.0001348692         1  1.285238e-01    0.001156214      3.949717e-03            3.553209e-05
187 2013-08-27 15:54:30    229 395.3 167.3 168.0589 3.088261e-05 18.13969 0.09375597 0.218142097  0.004292746   6.853634e-03      0.0001348704         1  1.297458e-01    0.001162493      3.987272e-03            3.572505e-05
188 2013-08-27 15:54:45    230 396.6 167.4 168.1625 3.088261e-05 18.24329 0.09375597 0.222636844  0.004292783   6.994851e-03      0.0001348716         1  1.310697e-01    0.001169413      4.027956e-03            3.593770e-05
189 2013-08-27 15:55:00    231 397.5 167.5 168.2661 3.088261e-05 18.34688 0.09375597 0.227131591  0.004292820   7.136068e-03      0.0001348727         1  1.319862e-01    0.001174274      4.056122e-03            3.608709e-05
190 2013-08-27 15:55:15    232 398.6 167.4 168.1697 3.088261e-05 18.25048 0.09375597 0.222948948  0.004292786   7.004656e-03      0.0001348716         1  1.331064e-01    0.001180292      4.090546e-03            3.627204e-05
191 2013-08-27 15:55:30    233 399.5 167.4 168.1733 3.088261e-05 18.25408 0.09375597 0.223105000  0.004292787   7.009559e-03      0.0001348717         1  1.340229e-01    0.001185279      4.118712e-03            3.642529e-05
192 2013-08-27 15:55:45    234 400.8 167.5 168.2769 3.088261e-05 18.35767 0.09375597 0.227599747  0.004292824   7.150776e-03      0.0001348728         1  1.353468e-01    0.001192579      4.159396e-03            3.664963e-05
193 2013-08-27 15:56:00    235 402.0 167.5 168.2805 3.088261e-05 18.36127 0.09375597 0.227755799  0.004292826   7.155679e-03      0.0001348729         1  1.365688e-01    0.001199418      4.196951e-03            3.685981e-05
194 2013-08-27 15:56:15    236 403.0 167.6 168.3841 3.088261e-05 18.46487 0.09375597 0.232250546  0.004292863   7.296896e-03      0.0001348741         1  1.375871e-01    0.001205190      4.228246e-03            3.703719e-05
195 2013-08-27 15:56:30    237 404.0 167.7 168.4877 3.088261e-05 18.56846 0.09375597 0.236745293  0.004292901   7.438113e-03      0.0001348752         1  1.386055e-01    0.001211027      4.259542e-03            3.721657e-05
196 2013-08-27 15:56:45    238 404.9 167.7 168.4913 3.088261e-05 18.57206 0.09375597 0.236901345  0.004292902   7.443016e-03      0.0001348753         1  1.395220e-01    0.001216335      4.287708e-03            3.737969e-05
197 2013-08-27 15:57:00    239 406.2 167.6 168.3949 3.088261e-05 18.47566 0.09375597 0.232718703  0.004292867   7.311605e-03      0.0001348742         1  1.408459e-01    0.001224092      4.328392e-03            3.761808e-05
198 2013-08-27 15:57:15    240 407.3 167.6 168.3985 3.088261e-05 18.47925 0.09375597 0.232874755  0.004292868   7.316508e-03      0.0001348742         1  1.419661e-01    0.001230738      4.362817e-03            3.782231e-05
199 2013-08-27 15:57:30    241 408.8 167.6 168.4021 3.088261e-05 18.48285 0.09375597 0.233030807  0.004292870   7.321410e-03      0.0001348743         1  1.434936e-01    0.001239919      4.409760e-03            3.810446e-05
200 2013-08-27 15:57:45    242 409.8 167.6 168.4057 3.088261e-05 18.48645 0.09375597 0.233186859  0.004292871   7.326313e-03      0.0001348743         1  1.445119e-01    0.001246115      4.441055e-03            3.829485e-05
201 2013-08-27 15:58:00    243 411.1 167.6 168.4093 3.088261e-05 18.49004 0.09375597 0.233342912  0.004292872   7.331216e-03      0.0001348744         1  1.458358e-01    0.001254256      4.481739e-03            3.854506e-05
202 2013-08-27 15:58:15    244 412.1 167.7 168.5129 3.088261e-05 18.59364 0.09375597 0.237837659  0.004292910   7.472433e-03      0.0001348755         1  1.468541e-01    0.001260586      4.513035e-03            3.873957e-05
203 2013-08-27 15:58:30    245 413.1 167.7 168.5165 3.088261e-05 18.59724 0.09375597 0.237993711  0.004292911   7.477336e-03      0.0001348756         1  1.478725e-01    0.001266972      4.544330e-03            3.893583e-05
204 2013-08-27 15:58:45    246 414.3 167.5 168.3201 3.088261e-05 18.40083 0.09375597 0.229472374  0.004292840   7.209611e-03      0.0001348733         1  1.490945e-01    0.001274709      4.581885e-03            3.917359e-05
205 2013-08-27 15:59:00    247 415.5 167.6 168.4237 3.088261e-05 18.50443 0.09375597 0.233967120  0.004292877   7.350828e-03      0.0001348745         1  1.503165e-01    0.001282525      4.619439e-03            3.941379e-05
206 2013-08-27 15:59:15    248 416.4 167.8 168.6273 3.088261e-05 18.70803 0.09375597 0.242800562  0.004292952   7.628359e-03      0.0001348769         1  1.512331e-01    0.001288438      4.647605e-03            3.959551e-05
207 2013-08-27 15:59:30    249 417.7 167.9 168.7309 3.088261e-05 18.81162 0.09375597 0.247295309  0.004292990   7.769576e-03      0.0001348781         1  1.525569e-01    0.001297055      4.688289e-03            3.986032e-05
208 2013-08-27 15:59:45    250 418.5 167.8 168.6344 3.088261e-05 18.71522 0.09375597 0.243112666  0.004292954   7.638164e-03      0.0001348769         1  1.533716e-01    0.001302401      4.713325e-03            4.002463e-05
209 2013-08-27 16:00:00    251 419.5 168.0 168.8380 3.088261e-05 18.91882 0.09375597 0.251946108  0.004293030   7.915695e-03      0.0001348793         1  1.543900e-01    0.001309131      4.744621e-03            4.023144e-05
210 2013-08-27 16:00:15    252 420.5 167.8 168.6416 3.088261e-05 18.72241 0.09375597 0.243424771  0.004292957   7.647970e-03      0.0001348770         1  1.554083e-01    0.001315911      4.775916e-03            4.043981e-05
211 2013-08-27 16:00:30    253 421.6 167.9 168.7452 3.088261e-05 18.82601 0.09375597 0.247919518  0.004292995   7.789187e-03      0.0001348782         1  1.565285e-01    0.001323427      4.810341e-03            4.067078e-05

$dryleafvolt
            timestamp record LWSmV  SEmV    CSEmV     CSEmV.sd   loadmV  loadmV.sd
1 2013-08-27 15:06:00     35 264.4 162.8 162.8611 3.088261e-05 12.94192 0.09375597
2 2013-08-27 15:06:15     36 264.4 163.0 163.0647 3.088261e-05 13.14551 0.09375597
3 2013-08-27 15:06:30     37 264.4 162.8 162.8683 3.088261e-05 12.94911 0.09375597
4 2013-08-27 15:06:45     38 264.4 162.9 162.9719 3.088261e-05 13.05271 0.09375597
5 2013-08-27 15:07:00     39 264.4 162.9 162.9755 3.088261e-05 13.05631 0.09375597
6 2013-08-27 15:07:15     40 264.4 163.1 163.1791 3.088261e-05 13.25990 0.09375597
7 2013-08-27 15:07:30     41 264.4 163.1 163.1827 3.088261e-05 13.26350 0.09375597
8 2013-08-27 15:07:45     42 264.4 163.0 163.0863 3.088261e-05 13.16710 0.09375597
9 2013-08-27 15:08:00     43 264.4 163.0 163.0899 3.088261e-05 13.17069 0.09375597

$runtime
Time difference of 52.5 mins

$startcalibvolt
             timestamp record LWSmV  SEmV    CSEmV     CSEmV.sd   loadmV  loadmV.sd
1  2013-08-27 15:02:15     20 264.4 272.8 272.8072 3.088261e-05 122.8880 0.09375597
2  2013-08-27 15:02:30     21 264.4 272.6 272.6108 3.088261e-05 122.6916 0.09375597
3  2013-08-27 15:02:45     22 264.4 272.5 272.5144 3.088261e-05 122.5952 0.09375597
4  2013-08-27 15:03:00     23 264.4 272.7 272.7180 3.088261e-05 122.7988 0.09375597
5  2013-08-27 15:03:15     24 264.4 272.6 272.6216 3.088261e-05 122.7024 0.09375597
6  2013-08-27 15:03:30     25 264.4 272.8 272.8252 3.088261e-05 122.9060 0.09375597
7  2013-08-27 15:03:45     26 264.4 272.8 272.8288 3.088261e-05 122.9095 0.09375597
8  2013-08-27 15:04:00     27 264.4 272.8 272.8324 3.088261e-05 122.9131 0.09375597
9  2013-08-27 15:04:15     28 264.4 273.0 273.0360 3.088261e-05 123.1167 0.09375597
10 2013-08-27 15:04:30     29 264.4 272.8 272.8396 3.088261e-05 122.9203 0.09375597
11 2013-08-27 15:04:45     30 264.4 272.8 272.8432 3.088261e-05 122.9239 0.09375597
12 2013-08-27 15:05:00     31 264.4 272.7 272.7468 3.088261e-05 122.8275 0.09375597
13 2013-08-27 15:05:15     32 264.4 272.7 272.7504 3.088261e-05 122.8311 0.09375597

$endcalibvolt
[1] NA

$lastLWSvolt
[1] 415.7

$maxLWSvolt
[1] 422.9

$species
[1] "garryoak"

$trial
[1] "6"

$replicate
[1] "1"

$isvertical
[1] FALSE

$conversionfactor
         avg        stdev
1 0.04338695 9.183711e-06

$LWSwatermass
        avg       stdev
1 0.1313143 0.001698217

$dryleafmass
        avg       stdev
1 0.5688836 0.001361265

$lwsmodel

Call:
lm(formula = LWSsurfacedensity ~ record, data = rd[rd$runfilter == 
    1, ])

Coefficients:
(Intercept)       record  
  -0.001598     0.000024  


$leafmodel

Call:
lm(formula = surfacedensity ~ record, data = rd[rd$runfilter == 
    1, ])

Coefficients:
(Intercept)       record  
 -1.424e-03    3.621e-05  


