$name
[1] "garryoak4"

$leafarea
[1] 34.66541

$startbasevolt
            timestamp record LWSmV  SEmV CSEmV CSEmV.sd      loadmV  loadmV.sd
1 2013-08-24 17:00:45      2 264.3 149.3 149.3        0  0.03608999 0.07161497
2 2013-08-24 17:01:00      3 264.2 149.2 149.2        0 -0.06391001 0.07161497
3 2013-08-24 17:01:15      4 264.1 149.3 149.3        0  0.03608999 0.07161497

$endbasevolt
            timestamp record LWSmV  SEmV    CSEmV     CSEmV.sd      loadmV  loadmV.sd
1 2013-08-24 18:05:45    262 265.1 148.8 149.1793 2.576756e-05 -0.08459442 0.07161498
2 2013-08-24 18:06:00    263 265.1 148.8 149.1808 2.576756e-05 -0.08312421 0.07161498
3 2013-08-24 18:06:15    264 265.1 148.9 149.2823 2.576756e-05  0.01834601 0.07161498
4 2013-08-24 18:06:30    265 265.1 149.0 149.3837 2.576756e-05  0.11981622 0.07161498
5 2013-08-24 18:06:45    266 265.1 148.9 149.2852 2.576756e-05  0.02128644 0.07161498

$dryragvolt
            timestamp record LWSmV  SEmV    CSEmV     CSEmV.sd   loadmV  loadmV.sd
1 2013-08-24 17:54:30    217 400.1 246.6 246.9132 2.576756e-05 97.64925 0.07161498
2 2013-08-24 17:54:45    218 399.4 246.5 246.8146 2.576756e-05 97.55072 0.07161498
3 2013-08-24 17:55:00    219 398.6 246.3 246.6161 2.576756e-05 97.35219 0.07161498
4 2013-08-24 17:55:15    220 397.9 246.2 246.5176 2.576756e-05 97.25366 0.07161498

$wetragvolt
            timestamp record LWSmV  SEmV    CSEmV     CSEmV.sd   loadmV  loadmV.sd
1 2013-08-24 17:56:00    223 265.7 249.9 250.2220 2.576756e-05 100.9581 0.07161498
2 2013-08-24 17:56:15    224 265.1 249.7 250.0234 2.576756e-05 100.7595 0.07161498
3 2013-08-24 17:56:30    225 265.1 249.5 249.8249 2.576756e-05 100.5610 0.07161498
4 2013-08-24 17:56:45    226 265.1 249.6 249.9264 2.576756e-05 100.6625 0.07161498
5 2013-08-24 17:57:00    227 265.1 249.3 249.6279 2.576756e-05 100.3639 0.07161498
6 2013-08-24 17:57:15    228 265.1 249.2 249.5293 2.576756e-05 100.2654 0.07161498
7 2013-08-24 17:57:30    229 265.1 249.0 249.3308 2.576756e-05 100.0669 0.07161498

$rundata
              timestamp record LWSmV  SEmV    CSEmV     CSEmV.sd   loadmV  loadmV.sd   watermass watermass.sd surfacedensity surfacedensity.sd runfilter      LWSwater LWSwater.stdev LWSsurfacedensity LWSsurfacedensity.stdev
1   2013-08-24 17:07:00     27 264.4 162.1 162.1338 2.576756e-05 12.86990 0.07161498 0.010396607  0.003283757   2.999130e-04      9.472721e-05         0 -3.556603e-03    0.001290101     -1.092994e-04            3.964662e-05
2   2013-08-24 17:07:15     28 264.8 161.9 161.9353 2.576756e-05 12.67138 0.07161498 0.001768205  0.003283712   5.100777e-05      9.472590e-05         0 -3.149262e-03    0.001287462     -9.678126e-05            3.956552e-05
3   2013-08-24 17:07:30     29 265.1 162.1 162.1368 2.576756e-05 12.87285 0.07161498 0.010524402  0.003283758   3.035995e-04      9.472723e-05         0 -2.843756e-03    0.001285489     -8.739263e-05            3.950488e-05
4   2013-08-24 17:07:45     30 265.1 162.2 162.2382 2.576756e-05 12.97432 0.07161498 0.014934449  0.003283781   4.308171e-04      9.472790e-05         0 -2.843756e-03    0.001285489     -8.739263e-05            3.950488e-05
5   2013-08-24 17:08:00     31 265.4 162.1 162.1397 2.576756e-05 12.87579 0.07161498 0.010652198  0.003283759   3.072861e-04      9.472725e-05         0 -2.538250e-03    0.001283520     -7.800401e-05            3.944438e-05
6   2013-08-24 17:08:15     32 265.8 162.1 162.1412 2.576756e-05 12.87726 0.07161498 0.010716095  0.003283759   3.091294e-04      9.472726e-05         0 -2.130909e-03    0.001280903     -6.548584e-05            3.936394e-05
7   2013-08-24 17:08:30     33 266.2 162.1 162.1426 2.576756e-05 12.87873 0.07161498 0.010779993  0.003283759   3.109726e-04      9.472727e-05         0 -1.723568e-03    0.001278294     -5.296767e-05            3.928377e-05
8   2013-08-24 17:08:45     34 266.4 162.2 162.2441 2.576756e-05 12.98020 0.07161498 0.015190040  0.003283783   4.381902e-04      9.472794e-05         0 -1.519897e-03    0.001276993     -4.670858e-05            3.924379e-05
9   2013-08-24 17:09:00     35 267.1 162.3 162.3456 2.576756e-05 13.08167 0.07161498 0.019600088  0.003283806   5.654077e-04      9.472862e-05         0 -8.070501e-04    0.001272456     -2.480179e-05            3.910438e-05
10  2013-08-24 17:09:15     36 267.5 162.2 162.2470 2.576756e-05 12.98314 0.07161498 0.015317836  0.003283783   4.418767e-04      9.472796e-05         0 -3.997088e-04    0.001269876     -1.228362e-05            3.902509e-05
11  2013-08-24 17:09:30     37 267.9 162.3 162.3485 2.576756e-05 13.08461 0.07161498 0.019727883  0.003283807   5.690942e-04      9.472864e-05         0  7.632394e-06    0.001267305      2.345542e-07            3.894607e-05
12  2013-08-24 17:09:45     38 268.5 162.4 162.4500 2.576756e-05 13.18608 0.07161498 0.024137930  0.003283831   6.963117e-04      9.472933e-05         0  6.186443e-04    0.001263465      1.901181e-05            3.882805e-05
13  2013-08-24 17:10:00     39 269.1 162.4 162.4515 2.576756e-05 13.18755 0.07161498 0.024201828  0.003283831   6.981550e-04      9.472934e-05         0  1.229656e-03    0.001259645      3.778906e-05            3.871066e-05
14  2013-08-24 17:10:15     40 269.7 162.4 162.4529 2.576756e-05 13.18902 0.07161498 0.024265726  0.003283831   6.999983e-04      9.472935e-05         0  1.840668e-03    0.001255846      5.656632e-05            3.859390e-05
15  2013-08-24 17:10:30     41 270.3 162.3 162.3544 2.576756e-05 13.09049 0.07161498 0.019983474  0.003283808   5.764673e-04      9.472868e-05         0  2.451680e-03    0.001252067      7.534357e-05            3.847778e-05
16  2013-08-24 17:10:45     42 270.9 162.4 162.4559 2.576756e-05 13.19196 0.07161498 0.024393522  0.003283832   7.036848e-04      9.472937e-05         0  3.062692e-03    0.001248309      9.412083e-05            3.836229e-05
17  2013-08-24 17:11:00     43 271.5 162.5 162.5573 2.576756e-05 13.29343 0.07161498 0.028803569  0.003283856   8.309024e-04      9.473006e-05         0  3.673704e-03    0.001244572      1.128981e-04            3.824746e-05
18  2013-08-24 17:11:15     44 272.1 162.4 162.4588 2.576756e-05 13.19490 0.07161498 0.024521317  0.003283833   7.073714e-04      9.472939e-05         0  4.284715e-03    0.001240857      1.316753e-04            3.813327e-05
19  2013-08-24 17:11:30     45 272.8 162.4 162.4603 2.576756e-05 13.19637 0.07161498 0.024585215  0.003283833   7.092146e-04      9.472940e-05         0  4.997563e-03    0.001236549      1.535821e-04            3.800089e-05
20  2013-08-24 17:11:45     46 273.4 162.6 162.6617 2.576756e-05 13.39784 0.07161498 0.033341412  0.003283881   9.618064e-04      9.473077e-05         0  5.608574e-03    0.001232880      1.723594e-04            3.788814e-05
21  2013-08-24 17:12:00     47 274.0 162.5 162.5632 2.576756e-05 13.29931 0.07161498 0.029059160  0.003283857   8.382754e-04      9.473010e-05         1  6.219586e-03    0.001229233      1.911366e-04            3.777606e-05
22  2013-08-24 17:12:15     48 274.7 162.5 162.5647 2.576756e-05 13.30078 0.07161498 0.029123058  0.003283858   8.401187e-04      9.473011e-05         1  6.932433e-03    0.001225006      2.130434e-04            3.764615e-05
23  2013-08-24 17:12:30     49 275.3 162.4 162.4662 2.576756e-05 13.20225 0.07161498 0.024840806  0.003283835   7.165877e-04      9.472944e-05         1  7.543445e-03    0.001221407      2.318207e-04            3.753555e-05
24  2013-08-24 17:12:45     50 275.9 162.5 162.5676 2.576756e-05 13.30372 0.07161498 0.029250853  0.003283859   8.438053e-04      9.473013e-05         1  8.154457e-03    0.001217830      2.505979e-04            3.742563e-05
25  2013-08-24 17:13:00     51 276.6 162.6 162.6691 2.576756e-05 13.40519 0.07161498 0.033660900  0.003283883   9.710228e-04      9.473083e-05         1  8.867304e-03    0.001213686      2.725047e-04            3.729828e-05
26  2013-08-24 17:13:15     52 277.2 162.6 162.6706 2.576756e-05 13.40666 0.07161498 0.033724798  0.003283883   9.728660e-04      9.473084e-05         1  9.478316e-03    0.001210159      2.912820e-04            3.718988e-05
27  2013-08-24 17:13:30     53 277.8 162.5 162.5720 2.576756e-05 13.30813 0.07161498 0.029442546  0.003283860   8.493351e-04      9.473016e-05         1  1.008933e-02    0.001206655      3.100593e-04            3.708220e-05
28  2013-08-24 17:13:45     54 278.5 162.7 162.7735 2.576756e-05 13.50960 0.07161498 0.038198743  0.003283908   1.101927e-03      9.473155e-05         1  1.080218e-02    0.001202596      3.319660e-04            3.695747e-05
29  2013-08-24 17:14:00     55 279.1 162.5 162.5750 2.576756e-05 13.31107 0.07161498 0.029570342  0.003283860   8.530216e-04      9.473018e-05         1  1.141319e-02    0.001199143      3.507433e-04            3.685134e-05
30  2013-08-24 17:14:15     56 279.7 162.6 162.6765 2.576756e-05 13.41254 0.07161498 0.033980389  0.003283884   9.802391e-04      9.473088e-05         1  1.202420e-02    0.001195713      3.695206e-04            3.674594e-05
31  2013-08-24 17:14:30     57 280.3 162.7 162.7779 2.576756e-05 13.51401 0.07161498 0.038390436  0.003283909   1.107457e-03      9.473158e-05         1  1.263521e-02    0.001192307      3.882978e-04            3.664128e-05
32  2013-08-24 17:14:45     58 281.0 162.8 162.8794 2.576756e-05 13.61548 0.07161498 0.042800484  0.003283933   1.234674e-03      9.473229e-05         1  1.334806e-02    0.001188364      4.102046e-04            3.652011e-05
33  2013-08-24 17:15:00     59 281.6 162.8 162.8809 2.576756e-05 13.61695 0.07161498 0.042864381  0.003283934   1.236517e-03      9.473230e-05         1  1.395907e-02    0.001185011      4.289819e-04            3.641706e-05
34  2013-08-24 17:15:15     60 282.3 162.8 162.8823 2.576756e-05 13.61842 0.07161498 0.042928279  0.003283934   1.238361e-03      9.473231e-05         1  1.467192e-02    0.001181130      4.508887e-04            3.629779e-05
35  2013-08-24 17:15:30     61 282.9 162.9 162.9838 2.576756e-05 13.71989 0.07161498 0.047338327  0.003283959   1.365578e-03      9.473302e-05         1  1.528293e-02    0.001177831      4.696659e-04            3.619639e-05
36  2013-08-24 17:15:45     62 283.5 162.9 162.9853 2.576756e-05 13.72136 0.07161498 0.047402224  0.003283959   1.367422e-03      9.473303e-05         1  1.589394e-02    0.001174556      4.884432e-04            3.609576e-05
37  2013-08-24 17:16:00     63 284.1 162.9 162.9867 2.576756e-05 13.72283 0.07161498 0.047466122  0.003283960   1.369265e-03      9.473304e-05         1  1.650495e-02    0.001171307      5.072204e-04            3.599591e-05
38  2013-08-24 17:16:15     64 284.8 162.8 162.8882 2.576756e-05 13.62430 0.07161498 0.043183870  0.003283935   1.245734e-03      9.473235e-05         1  1.721780e-02    0.001167548      5.291272e-04            3.588040e-05
39  2013-08-24 17:16:30     65 285.4 162.9 162.9897 2.576756e-05 13.72577 0.07161498 0.047593918  0.003283960   1.372951e-03      9.473306e-05         1  1.782881e-02    0.001164354      5.479045e-04            3.578225e-05
40  2013-08-24 17:16:45     66 286.0 163.0 163.0912 2.576756e-05 13.82724 0.07161498 0.052003965  0.003283985   1.500169e-03      9.473378e-05         1  1.843982e-02    0.001161187      5.666817e-04            3.568490e-05
41  2013-08-24 17:17:00     67 286.8 162.9 162.9926 2.576756e-05 13.72871 0.07161498 0.047721713  0.003283961   1.376638e-03      9.473308e-05         1  1.925451e-02    0.001157003      5.917181e-04            3.555634e-05
42  2013-08-24 17:17:15     68 287.4 163.1 163.1941 2.576756e-05 13.93018 0.07161498 0.056477910  0.003284011   1.629230e-03      9.473452e-05         1  1.986552e-02    0.001153897      6.104953e-04            3.546087e-05
43  2013-08-24 17:17:30     69 288.0 163.1 163.1956 2.576756e-05 13.93165 0.07161498 0.056541808  0.003284011   1.631073e-03      9.473453e-05         1  2.047653e-02    0.001150817      6.292726e-04            3.536622e-05
44  2013-08-24 17:17:45     70 288.6 163.1 163.1970 2.576756e-05 13.93312 0.07161498 0.056605705  0.003284011   1.632916e-03      9.473454e-05         1  2.108754e-02    0.001147764      6.480498e-04            3.527240e-05
45  2013-08-24 17:18:00     71 289.3 162.9 162.9985 2.576756e-05 13.73459 0.07161498 0.047977304  0.003283962   1.384011e-03      9.473312e-05         1  2.180039e-02    0.001144236      6.699566e-04            3.516399e-05
46  2013-08-24 17:18:15     72 289.9 163.0 163.1000 2.576756e-05 13.83606 0.07161498 0.052387351  0.003283987   1.511228e-03      9.473384e-05         1  2.241140e-02    0.001141242      6.887339e-04            3.507198e-05
47  2013-08-24 17:18:30     73 290.6 163.2 163.3014 2.576756e-05 14.03753 0.07161498 0.061143548  0.003284037   1.763820e-03      9.473529e-05         1  2.312425e-02    0.001137784      7.106407e-04            3.496570e-05
48  2013-08-24 17:18:45     74 291.2 163.1 163.2029 2.576756e-05 13.93901 0.07161498 0.056861296  0.003284013   1.640289e-03      9.473458e-05         1  2.373526e-02    0.001134850      7.294179e-04            3.487553e-05
49  2013-08-24 17:19:00     75 291.9 163.0 163.1044 2.576756e-05 13.84048 0.07161498 0.052579045  0.003283988   1.516758e-03      9.473388e-05         1  2.444811e-02    0.001131462      7.513247e-04            3.477141e-05
50  2013-08-24 17:19:15     76 292.5 162.9 163.0059 2.576756e-05 13.74195 0.07161498 0.048296793  0.003283964   1.393227e-03      9.473318e-05         1  2.505912e-02    0.001128589      7.701020e-04            3.468312e-05
51  2013-08-24 17:19:30     77 293.2 162.9 163.0073 2.576756e-05 13.74342 0.07161498 0.048360691  0.003283965   1.395071e-03      9.473319e-05         1  2.577197e-02    0.001125272      7.920088e-04            3.458121e-05
52  2013-08-24 17:19:45     78 293.8 163.0 163.1088 2.576756e-05 13.84489 0.07161498 0.052770738  0.003283989   1.522288e-03      9.473391e-05         1  2.638298e-02    0.001122461      8.107860e-04            3.449481e-05
53  2013-08-24 17:20:00     79 294.4 162.9 163.0103 2.576756e-05 13.74636 0.07161498 0.048488486  0.003283965   1.398757e-03      9.473321e-05         1  2.699399e-02    0.001119679      8.295633e-04            3.440931e-05
54  2013-08-24 17:20:15     80 295.0 163.1 163.2117 2.576756e-05 13.94783 0.07161498 0.057244683  0.003284015   1.651349e-03      9.473464e-05         1  2.760500e-02    0.001116926      8.483405e-04            3.432470e-05
55  2013-08-24 17:20:30     81 295.7 163.2 163.3132 2.576756e-05 14.04930 0.07161498 0.061654730  0.003284040   1.778566e-03      9.473537e-05         1  2.831785e-02    0.001113751      8.702473e-04            3.422713e-05
56  2013-08-24 17:20:45     82 296.3 163.2 163.3147 2.576756e-05 14.05077 0.07161498 0.061718628  0.003284041   1.780410e-03      9.473538e-05         1  2.892886e-02    0.001111062      8.890246e-04            3.414449e-05
57  2013-08-24 17:21:00     83 297.0 163.2 163.3161 2.576756e-05 14.05224 0.07161498 0.061782526  0.003284041   1.782253e-03      9.473539e-05         1  2.964171e-02    0.001107962      9.109314e-04            3.404923e-05
58  2013-08-24 17:21:15     84 297.7 163.3 163.4176 2.576756e-05 14.15371 0.07161498 0.066192573  0.003284067   1.909470e-03      9.473613e-05         1  3.035455e-02    0.001104903      9.328382e-04            3.395523e-05
59  2013-08-24 17:21:30     85 298.2 163.3 163.4191 2.576756e-05 14.15518 0.07161498 0.066256471  0.003284067   1.911314e-03      9.473614e-05         1  3.086373e-02    0.001102744      9.484859e-04            3.388887e-05
60  2013-08-24 17:21:45     86 298.9 163.0 163.1206 2.576756e-05 13.85665 0.07161498 0.053281920  0.003283992   1.537034e-03      9.473399e-05         1  3.157658e-02    0.001099756      9.703927e-04            3.379705e-05
61  2013-08-24 17:22:00     87 299.6 163.0 163.1220 2.576756e-05 13.85812 0.07161498 0.053345818  0.003283993   1.538878e-03      9.473400e-05         1  3.228943e-02    0.001096810      9.922995e-04            3.370652e-05
62  2013-08-24 17:22:15     88 300.3 163.1 163.2235 2.576756e-05 13.95959 0.07161498 0.057755865  0.003284018   1.666095e-03      9.473473e-05         1  3.300227e-02    0.001093907      1.014206e-03            3.361729e-05
63  2013-08-24 17:22:30     89 300.9 163.1 163.2250 2.576756e-05 13.96106 0.07161498 0.057819763  0.003284018   1.667938e-03      9.473474e-05         1  3.361328e-02    0.001091452      1.032984e-03            3.354185e-05
64  2013-08-24 17:22:45     90 301.6 163.2 163.3264 2.576756e-05 14.06253 0.07161498 0.062229810  0.003284044   1.795156e-03      9.473547e-05         1  3.432613e-02    0.001088627      1.054890e-03            3.345505e-05
65  2013-08-24 17:23:00     91 302.2 163.3 163.4279 2.576756e-05 14.16400 0.07161498 0.066639857  0.003284069   1.922373e-03      9.473621e-05         1  3.493714e-02    0.001086241      1.073668e-03            3.338171e-05
66  2013-08-24 17:23:15     92 303.0 163.4 163.5294 2.576756e-05 14.26547 0.07161498 0.071049905  0.003284095   2.049591e-03      9.473695e-05         1  3.575183e-02    0.001083109      1.098704e-03            3.328545e-05
67  2013-08-24 17:23:30     93 303.6 163.4 163.5308 2.576756e-05 14.26694 0.07161498 0.071113802  0.003284095   2.051434e-03      9.473696e-05         1  3.636284e-02    0.001080797      1.117481e-03            3.321442e-05
68  2013-08-24 17:23:45     94 304.3 163.3 163.4323 2.576756e-05 14.16841 0.07161498 0.066831551  0.003284070   1.927903e-03      9.473624e-05         1  3.707569e-02    0.001078141      1.139388e-03            3.313280e-05
69  2013-08-24 17:24:00     95 304.9 163.4 163.5338 2.576756e-05 14.26988 0.07161498 0.071241598  0.003284096   2.055121e-03      9.473698e-05         1  3.768670e-02    0.001075900      1.158165e-03            3.306392e-05
70  2013-08-24 17:24:15     96 305.6 163.4 163.5353 2.576756e-05 14.27135 0.07161498 0.071305496  0.003284096   2.056964e-03      9.473699e-05         1  3.839954e-02    0.001073327      1.180072e-03            3.298485e-05
71  2013-08-24 17:24:30     97 306.3 163.4 163.5367 2.576756e-05 14.27282 0.07161498 0.071369393  0.003284097   2.058807e-03      9.473700e-05         1  3.911239e-02    0.001070799      1.201979e-03            3.290716e-05
72  2013-08-24 17:24:45     98 307.0 163.4 163.5382 2.576756e-05 14.27429 0.07161498 0.071433291  0.003284097   2.060651e-03      9.473701e-05         1  3.982524e-02    0.001068316      1.223886e-03            3.283087e-05
73  2013-08-24 17:25:00     99 307.7 163.4 163.5397 2.576756e-05 14.27576 0.07161498 0.071497189  0.003284098   2.062494e-03      9.473702e-05         1  4.053809e-02    0.001065879      1.245792e-03            3.275598e-05
74  2013-08-24 17:25:15    100 308.6 163.4 163.5411 2.576756e-05 14.27723 0.07161498 0.071561087  0.003284098   2.064337e-03      9.473703e-05         1  4.145460e-02    0.001062814      1.273958e-03            3.266177e-05
75  2013-08-24 17:25:30    101 309.1 163.3 163.4426 2.576756e-05 14.17870 0.07161498 0.067278835  0.003284073   1.940806e-03      9.473631e-05         1  4.196378e-02    0.001061144      1.289606e-03            3.261045e-05
76  2013-08-24 17:25:45    102 309.8 163.3 163.4441 2.576756e-05 14.18017 0.07161498 0.067342733  0.003284073   1.942649e-03      9.473632e-05         1  4.267663e-02    0.001058846      1.311513e-03            3.253983e-05
77  2013-08-24 17:26:00    103 310.4 163.6 163.7456 2.576756e-05 14.48164 0.07161498 0.080445079  0.003284150   2.320615e-03      9.473855e-05         1  4.328764e-02    0.001056914      1.330290e-03            3.248044e-05
78  2013-08-24 17:26:15    104 311.2 163.6 163.7470 2.576756e-05 14.48311 0.07161498 0.080508977  0.003284151   2.322459e-03      9.473856e-05         1  4.410232e-02    0.001054391      1.355326e-03            3.240292e-05
79  2013-08-24 17:26:30    105 311.8 163.6 163.7485 2.576756e-05 14.48458 0.07161498 0.080572875  0.003284151   2.324302e-03      9.473857e-05         1  4.471333e-02    0.001052540      1.374104e-03            3.234603e-05
80  2013-08-24 17:26:45    106 312.5 163.6 163.7500 2.576756e-05 14.48605 0.07161498 0.080636772  0.003284151   2.326145e-03      9.473858e-05         1  4.542618e-02    0.001050425      1.396010e-03            3.228103e-05
81  2013-08-24 17:27:00    107 313.2 163.6 163.7514 2.576756e-05 14.48752 0.07161498 0.080700670  0.003284152   2.327988e-03      9.473859e-05         1  4.613903e-02    0.001048357      1.417917e-03            3.221750e-05
82  2013-08-24 17:27:15    108 313.8 163.7 163.8529 2.576756e-05 14.58899 0.07161498 0.085110717  0.003284178   2.455206e-03      9.473935e-05         1  4.675004e-02    0.001046624      1.436695e-03            3.216423e-05
83  2013-08-24 17:27:30    109 314.5 163.7 163.8544 2.576756e-05 14.59046 0.07161498 0.085174615  0.003284179   2.457049e-03      9.473936e-05         1  4.746289e-02    0.001044647      1.458601e-03            3.210347e-05
84  2013-08-24 17:27:45    110 315.2 163.8 163.9558 2.576756e-05 14.69193 0.07161498 0.089584662  0.003284205   2.584267e-03      9.474012e-05         1  4.817573e-02    0.001042718      1.480508e-03            3.204421e-05
85  2013-08-24 17:28:00    111 315.8 163.9 164.0573 2.576756e-05 14.79340 0.07161498 0.093994710  0.003284232   2.711484e-03      9.474089e-05         1  4.878675e-02    0.001041105      1.499285e-03            3.199461e-05
86  2013-08-24 17:28:15    112 316.5 163.8 163.9588 2.576756e-05 14.69487 0.07161498 0.089712458  0.003284206   2.587953e-03      9.474015e-05         1  4.949959e-02    0.001039268      1.521192e-03            3.193816e-05
87  2013-08-24 17:28:30    113 317.2 163.9 164.0603 2.576756e-05 14.79634 0.07161498 0.094122505  0.003284232   2.715171e-03      9.474092e-05         1  5.021244e-02    0.001037481      1.543099e-03            3.188324e-05
88  2013-08-24 17:28:45    114 317.9 163.9 164.0617 2.576756e-05 14.79781 0.07161498 0.094186403  0.003284233   2.717014e-03      9.474093e-05         1  5.092529e-02    0.001035743      1.565006e-03            3.182985e-05
89  2013-08-24 17:29:00    115 318.6 164.0 164.1632 2.576756e-05 14.89928 0.07161498 0.098596450  0.003284260   2.844232e-03      9.474170e-05         1  5.163813e-02    0.001034056      1.586913e-03            3.177800e-05
90  2013-08-24 17:29:15    116 319.3 164.0 164.1647 2.576756e-05 14.90075 0.07161498 0.098660348  0.003284260   2.846075e-03      9.474171e-05         1  5.235098e-02    0.001032419      1.608819e-03            3.172770e-05
91  2013-08-24 17:29:30    117 319.9 164.0 164.1661 2.576756e-05 14.90222 0.07161498 0.098724246  0.003284260   2.847918e-03      9.474172e-05         1  5.296199e-02    0.001031057      1.627597e-03            3.168582e-05
92  2013-08-24 17:29:45    118 320.6 164.0 164.1676 2.576756e-05 14.90369 0.07161498 0.098788144  0.003284261   2.849761e-03      9.474174e-05         1  5.367484e-02    0.001029514      1.649503e-03            3.163842e-05
93  2013-08-24 17:30:00    119 321.2 164.1 164.2691 2.576756e-05 15.00516 0.07161498 0.103198191  0.003284288   2.976979e-03      9.474252e-05         1  5.428585e-02    0.001028232      1.668281e-03            3.159903e-05
94  2013-08-24 17:30:15    120 321.9 164.1 164.2705 2.576756e-05 15.00663 0.07161498 0.103262089  0.003284288   2.978822e-03      9.474253e-05         1  5.499870e-02    0.001026785      1.690187e-03            3.155455e-05
95  2013-08-24 17:30:30    121 322.6 164.0 164.1720 2.576756e-05 14.90811 0.07161498 0.098979837  0.003284262   2.855291e-03      9.474177e-05         1  5.571155e-02    0.001025389      1.712094e-03            3.151164e-05
96  2013-08-24 17:30:45    122 323.3 164.0 164.1735 2.576756e-05 14.90958 0.07161498 0.099043735  0.003284262   2.857135e-03      9.474178e-05         1  5.642439e-02    0.001024044      1.734001e-03            3.147032e-05
97  2013-08-24 17:31:00    123 324.0 164.0 164.1750 2.576756e-05 14.91105 0.07161498 0.099107632  0.003284263   2.858978e-03      9.474179e-05         1  5.713724e-02    0.001022752      1.755908e-03            3.143060e-05
98  2013-08-24 17:31:15    124 324.7 164.2 164.3764 2.576756e-05 15.11252 0.07161498 0.107863829  0.003284317   3.111570e-03      9.474335e-05         1  5.785009e-02    0.001021511      1.777815e-03            3.139248e-05
99  2013-08-24 17:31:30    125 325.4 164.2 164.3779 2.576756e-05 15.11399 0.07161498 0.107927727  0.003284317   3.113413e-03      9.474336e-05         1  5.856294e-02    0.001020323      1.799721e-03            3.135597e-05
100 2013-08-24 17:31:45    126 326.1 164.2 164.3794 2.576756e-05 15.11546 0.07161498 0.107991625  0.003284318   3.115256e-03      9.474337e-05         1  5.927578e-02    0.001019187      1.821628e-03            3.132106e-05
101 2013-08-24 17:32:00    127 326.8 164.2 164.3808 2.576756e-05 15.11693 0.07161498 0.108055522  0.003284318   3.117099e-03      9.474338e-05         1  5.998863e-02    0.001018104      1.843535e-03            3.128778e-05
102 2013-08-24 17:32:15    128 327.6 164.4 164.5823 2.576756e-05 15.31840 0.07161498 0.116811719  0.003284373   3.369691e-03      9.474496e-05         1  6.080331e-02    0.001016931      1.868571e-03            3.125172e-05
103 2013-08-24 17:32:30    129 328.3 164.2 164.3838 2.576756e-05 15.11987 0.07161498 0.108183318  0.003284319   3.120786e-03      9.474340e-05         1  6.151616e-02    0.001015961      1.890478e-03            3.122192e-05
104 2013-08-24 17:32:45    130 329.0 164.4 164.5852 2.576756e-05 15.32134 0.07161498 0.116939515  0.003284373   3.373378e-03      9.474498e-05         1  6.222901e-02    0.001015045      1.912385e-03            3.119375e-05
105 2013-08-24 17:33:00    131 329.9 164.4 164.5867 2.576756e-05 15.32281 0.07161498 0.117003412  0.003284374   3.375221e-03      9.474499e-05         1  6.314552e-02    0.001013944      1.940551e-03            3.115994e-05
106 2013-08-24 17:33:15    132 330.5 164.3 164.4882 2.576756e-05 15.22428 0.07161498 0.112721161  0.003284347   3.251690e-03      9.474422e-05         1  6.375654e-02    0.001013260      1.959328e-03            3.113890e-05
107 2013-08-24 17:33:30    133 331.2 164.4 164.5897 2.576756e-05 15.32575 0.07161498 0.117131208  0.003284375   3.378908e-03      9.474502e-05         1  6.446938e-02    0.001012511      1.981235e-03            3.111589e-05
108 2013-08-24 17:33:45    134 331.9 164.5 164.6911 2.576756e-05 15.42722 0.07161498 0.121541255  0.003284402   3.506125e-03      9.474582e-05         1  6.518223e-02    0.001011816      2.003142e-03            3.109453e-05
109 2013-08-24 17:34:00    135 332.6 164.5 164.6926 2.576756e-05 15.42869 0.07161498 0.121605153  0.003284403   3.507968e-03      9.474583e-05         1  6.589508e-02    0.001011175      2.025048e-03            3.107482e-05
110 2013-08-24 17:34:15    136 333.3 164.7 164.8941 2.576756e-05 15.63016 0.07161498 0.130361350  0.003284459   3.760560e-03      9.474744e-05         1  6.660793e-02    0.001010587      2.046955e-03            3.105677e-05
111 2013-08-24 17:34:30    137 334.0 164.7 164.8955 2.576756e-05 15.63163 0.07161498 0.130425248  0.003284459   3.762403e-03      9.474745e-05         1  6.732077e-02    0.001010054      2.068862e-03            3.104037e-05
112 2013-08-24 17:34:45    138 334.6 164.8 164.9970 2.576756e-05 15.73310 0.07161498 0.134835295  0.003284487   3.889621e-03      9.474827e-05         1  6.793178e-02    0.001009640      2.087639e-03            3.102764e-05
113 2013-08-24 17:35:00    139 335.2 164.9 165.0985 2.576756e-05 15.83457 0.07161498 0.139245342  0.003284516   4.016838e-03      9.474909e-05         1  6.854280e-02    0.001009265      2.106417e-03            3.101614e-05
114 2013-08-24 17:35:15    140 335.9 164.8 164.9999 2.576756e-05 15.73604 0.07161498 0.134963090  0.003284488   3.893307e-03      9.474829e-05         1  6.925564e-02    0.001008879      2.128323e-03            3.100426e-05
115 2013-08-24 17:35:30    141 336.5 164.6 164.8014 2.576756e-05 15.53751 0.07161498 0.126334689  0.003284433   3.644402e-03      9.474670e-05         1  6.986665e-02    0.001008590      2.147101e-03            3.099540e-05
116 2013-08-24 17:35:45    142 337.2 164.7 164.9029 2.576756e-05 15.63898 0.07161498 0.130744736  0.003284461   3.771620e-03      9.474751e-05         1  7.057950e-02    0.001008305      2.169007e-03            3.098662e-05
117 2013-08-24 17:36:00    143 337.9 164.7 164.9044 2.576756e-05 15.64045 0.07161498 0.130808634  0.003284461   3.773463e-03      9.474752e-05         1  7.129235e-02    0.001008073      2.190914e-03            3.097951e-05
118 2013-08-24 17:36:15    144 338.6 165.0 165.2058 2.576756e-05 15.94192 0.07161498 0.143910980  0.003284546   4.151429e-03      9.474997e-05         1  7.200520e-02    0.001007896      2.212821e-03            3.097407e-05
119 2013-08-24 17:36:30    145 339.3 164.8 165.0073 2.576756e-05 15.74339 0.07161498 0.135282579  0.003284490   3.902524e-03      9.474835e-05         1  7.271804e-02    0.001007774      2.234728e-03            3.097031e-05
120 2013-08-24 17:36:45    146 340.0 164.8 165.0088 2.576756e-05 15.74486 0.07161498 0.135346477  0.003284491   3.904367e-03      9.474836e-05         1  7.343089e-02    0.001007706      2.256635e-03            3.096821e-05
121 2013-08-24 17:37:00    147 340.8 164.8 165.0102 2.576756e-05 15.74633 0.07161498 0.135410375  0.003284491   3.906210e-03      9.474838e-05         1  7.424557e-02    0.001007694      2.281671e-03            3.096787e-05
122 2013-08-24 17:37:15    148 341.3 164.8 165.0117 2.576756e-05 15.74780 0.07161498 0.135474272  0.003284492   3.908054e-03      9.474839e-05         1  7.475475e-02    0.001007724      2.297319e-03            3.096876e-05
123 2013-08-24 17:37:30    149 342.0 164.8 165.0132 2.576756e-05 15.74927 0.07161498 0.135538170  0.003284492   3.909897e-03      9.474840e-05         1  7.546760e-02    0.001007811      2.319225e-03            3.097145e-05
124 2013-08-24 17:37:45    150 342.7 164.9 165.1147 2.576756e-05 15.85074 0.07161498 0.139948217  0.003284521   4.037114e-03      9.474923e-05         1  7.618044e-02    0.001007953      2.341132e-03            3.097581e-05
125 2013-08-24 17:38:00    151 343.5 164.9 165.1161 2.576756e-05 15.85221 0.07161498 0.140012115  0.003284521   4.038958e-03      9.474924e-05         1  7.699513e-02    0.001008182      2.366169e-03            3.098284e-05
126 2013-08-24 17:38:15    152 344.1 165.0 165.2176 2.576756e-05 15.95368 0.07161498 0.144422163  0.003284550   4.166175e-03      9.475007e-05         1  7.760614e-02    0.001008400      2.384946e-03            3.098954e-05
127 2013-08-24 17:38:30    153 344.8 165.0 165.2191 2.576756e-05 15.95515 0.07161498 0.144486060  0.003284550   4.168018e-03      9.475008e-05         1  7.831899e-02    0.001008705      2.406853e-03            3.099892e-05
128 2013-08-24 17:38:45    154 345.4 165.2 165.4205 2.576756e-05 16.15662 0.07161498 0.153242257  0.003284608   4.420610e-03      9.475174e-05         1  7.893000e-02    0.001009009      2.425630e-03            3.100828e-05
129 2013-08-24 17:39:00    155 346.3 165.1 165.3220 2.576756e-05 16.05809 0.07161498 0.148960005  0.003284579   4.297079e-03      9.475093e-05         1  7.984652e-02    0.001009541      2.453796e-03            3.102461e-05
130 2013-08-24 17:39:15    156 347.0 165.3 165.5235 2.576756e-05 16.25956 0.07161498 0.157716202  0.003284638   4.549671e-03      9.475260e-05         1  8.055936e-02    0.001010016      2.475703e-03            3.103922e-05
131 2013-08-24 17:39:30    157 347.8 165.3 165.5249 2.576756e-05 16.26103 0.07161498 0.157780100  0.003284638   4.551514e-03      9.475261e-05         1  8.137404e-02    0.001010626      2.500739e-03            3.105795e-05
132 2013-08-24 17:39:45    158 348.5 165.2 165.4264 2.576756e-05 16.16250 0.07161498 0.153497848  0.003284609   4.427983e-03      9.475179e-05         1  8.208689e-02    0.001011217      2.522646e-03            3.107612e-05
133 2013-08-24 17:40:00    159 349.3 165.3 165.5279 2.576756e-05 16.26397 0.07161498 0.157907895  0.003284639   4.555201e-03      9.475264e-05         1  8.290157e-02    0.001011958      2.547682e-03            3.109891e-05
134 2013-08-24 17:40:15    160 350.1 165.3 165.5294 2.576756e-05 16.26544 0.07161498 0.157971793  0.003284639   4.557044e-03      9.475265e-05         1  8.371626e-02    0.001012770      2.572718e-03            3.112386e-05
135 2013-08-24 17:40:30    161 350.9 165.4 165.6308 2.576756e-05 16.36691 0.07161498 0.162381840  0.003284669   4.684262e-03      9.475350e-05         1  8.453094e-02    0.001013652      2.597755e-03            3.115096e-05
136 2013-08-24 17:40:45    162 351.9 165.3 165.5323 2.576756e-05 16.26838 0.07161498 0.158099589  0.003284640   4.560731e-03      9.475267e-05         1  8.554929e-02    0.001014853      2.629050e-03            3.118785e-05
137 2013-08-24 17:41:00    163 352.7 165.3 165.5338 2.576756e-05 16.26985 0.07161498 0.158163486  0.003284641   4.562574e-03      9.475269e-05         1  8.636398e-02    0.001015891      2.654087e-03            3.121977e-05
138 2013-08-24 17:41:15    164 353.5 165.2 165.4352 2.576756e-05 16.17132 0.07161498 0.153881235  0.003284612   4.439043e-03      9.475186e-05         1  8.717866e-02    0.001017000      2.679123e-03            3.125383e-05
139 2013-08-24 17:41:30    165 354.3 165.4 165.6367 2.576756e-05 16.37279 0.07161498 0.162637431  0.003284670   4.691635e-03      9.475355e-05         1  8.799334e-02    0.001018177      2.704159e-03            3.129001e-05
140 2013-08-24 17:41:45    166 355.2 165.5 165.7382 2.576756e-05 16.47426 0.07161498 0.167047479  0.003284700   4.818852e-03      9.475441e-05         1  8.890986e-02    0.001019584      2.732325e-03            3.133325e-05
141 2013-08-24 17:42:00    167 356.1 165.6 165.8396 2.576756e-05 16.57574 0.07161498 0.171457526  0.003284730   4.946070e-03      9.475527e-05         1  8.982638e-02    0.001021078      2.760491e-03            3.137915e-05
142 2013-08-24 17:42:15    168 357.0 165.6 165.8411 2.576756e-05 16.57721 0.07161498 0.171521424  0.003284731   4.947913e-03      9.475528e-05         1  9.074289e-02    0.001022658      2.788657e-03            3.142772e-05
143 2013-08-24 17:42:30    169 357.7 165.6 165.8426 2.576756e-05 16.57868 0.07161498 0.171585322  0.003284731   4.949756e-03      9.475530e-05         1  9.145574e-02    0.001023947      2.810564e-03            3.146732e-05
144 2013-08-24 17:42:45    170 358.5 165.6 165.8441 2.576756e-05 16.58015 0.07161498 0.171649219  0.003284731   4.951600e-03      9.475531e-05         1  9.227042e-02    0.001025483      2.835600e-03            3.151454e-05
145 2013-08-24 17:43:00    171 359.3 165.5 165.7455 2.576756e-05 16.48162 0.07161498 0.167366968  0.003284702   4.828069e-03      9.475447e-05         1  9.308511e-02    0.001027087      2.860636e-03            3.156382e-05
146 2013-08-24 17:43:15    172 360.1 165.5 165.7470 2.576756e-05 16.48309 0.07161498 0.167430865  0.003284703   4.829912e-03      9.475448e-05         1  9.389979e-02    0.001028758      2.885673e-03            3.161517e-05
147 2013-08-24 17:43:30    173 361.0 165.6 165.8485 2.576756e-05 16.58456 0.07161498 0.171840913  0.003284733   4.957129e-03      9.475535e-05         1  9.481631e-02    0.001030717      2.913839e-03            3.167540e-05
148 2013-08-24 17:43:45    174 361.7 165.6 165.8499 2.576756e-05 16.58603 0.07161498 0.171904810  0.003284733   4.958973e-03      9.475536e-05         1  9.552915e-02    0.001032300      2.935745e-03            3.172403e-05
149 2013-08-24 17:44:00    175 362.5 165.7 165.9514 2.576756e-05 16.68750 0.07161498 0.176314858  0.003284763   5.086190e-03      9.475623e-05         1  9.634384e-02    0.001034170      2.960782e-03            3.178151e-05
150 2013-08-24 17:44:15    176 363.3 165.6 165.8529 2.576756e-05 16.58897 0.07161498 0.172032606  0.003284734   4.962659e-03      9.475538e-05         1  9.715852e-02    0.001036107      2.985818e-03            3.184101e-05
151 2013-08-24 17:44:30    177 364.2 165.7 165.9543 2.576756e-05 16.69044 0.07161498 0.176442653  0.003284764   5.089877e-03      9.475625e-05         1  9.807504e-02    0.001038363      3.013984e-03            3.191036e-05
152 2013-08-24 17:44:45    178 365.2 165.6 165.8558 2.576756e-05 16.59191 0.07161498 0.172160401  0.003284735   4.966346e-03      9.475541e-05         1  9.909339e-02    0.001040967      3.045279e-03            3.199037e-05
153 2013-08-24 17:45:00    179 366.0 165.6 165.8573 2.576756e-05 16.59338 0.07161498 0.172224299  0.003284735   4.968189e-03      9.475542e-05         1  9.990807e-02    0.001043122      3.070316e-03            3.205661e-05
154 2013-08-24 17:45:15    180 366.9 165.8 166.0588 2.576756e-05 16.79485 0.07161498 0.180980496  0.003284795   5.220781e-03      9.475715e-05         1  1.008246e-01    0.001045624      3.098482e-03            3.213349e-05
155 2013-08-24 17:45:30    181 367.8 165.6 165.8602 2.576756e-05 16.59632 0.07161498 0.172352095  0.003284736   4.971876e-03      9.475545e-05         1  1.017411e-01    0.001048206      3.126647e-03            3.221284e-05
156 2013-08-24 17:45:45    182 368.7 165.7 165.9617 2.576756e-05 16.69779 0.07161498 0.176762142  0.003284766   5.099093e-03      9.475631e-05         1  1.026576e-01    0.001050868      3.154813e-03            3.229466e-05
157 2013-08-24 17:46:00    183 369.6 165.8 166.0632 2.576756e-05 16.79926 0.07161498 0.181172189  0.003284797   5.226311e-03      9.475719e-05         1  1.035741e-01    0.001053610      3.182979e-03            3.237890e-05
158 2013-08-24 17:46:15    184 370.7 165.8 166.0646 2.576756e-05 16.80073 0.07161498 0.181236087  0.003284797   5.228154e-03      9.475720e-05         1  1.046943e-01    0.001057067      3.217404e-03            3.248516e-05
159 2013-08-24 17:46:30    185 371.6 165.8 166.0661 2.576756e-05 16.80220 0.07161498 0.181299985  0.003284797   5.229997e-03      9.475721e-05         1  1.056108e-01    0.001059983      3.245570e-03            3.257476e-05
160 2013-08-24 17:46:45    186 372.6 165.8 166.0676 2.576756e-05 16.80367 0.07161498 0.181363882  0.003284798   5.231840e-03      9.475723e-05         1  1.066292e-01    0.001063313      3.276865e-03            3.267710e-05
161 2013-08-24 17:47:00    187 373.5 165.9 166.1690 2.576756e-05 16.90514 0.07161498 0.185773930  0.003284828   5.359058e-03      9.475811e-05         1  1.075457e-01    0.001066391      3.305031e-03            3.277170e-05
162 2013-08-24 17:47:15    188 374.4 165.9 166.1705 2.576756e-05 16.90661 0.07161498 0.185837828  0.003284829   5.360901e-03      9.475812e-05         1  1.084622e-01    0.001069545      3.333197e-03            3.286863e-05
163 2013-08-24 17:47:30    189 375.4 166.0 166.2720 2.576756e-05 17.00808 0.07161498 0.190247875  0.003284859   5.488119e-03      9.475900e-05         1  1.094806e-01    0.001073138      3.364493e-03            3.297904e-05
164 2013-08-24 17:47:45    190 376.2 165.8 166.0735 2.576756e-05 16.80955 0.07161498 0.181619474  0.003284800   5.239214e-03      9.475728e-05         1  1.102953e-01    0.001076078      3.389529e-03            3.306940e-05
165 2013-08-24 17:48:00    191 377.3 165.9 166.1749 2.576756e-05 16.91102 0.07161498 0.186029521  0.003284830   5.366431e-03      9.475816e-05         1  1.114155e-01    0.001080217      3.423954e-03            3.319658e-05
166 2013-08-24 17:48:15    192 378.3 166.0 166.2764 2.576756e-05 17.01249 0.07161498 0.190439568  0.003284861   5.493649e-03      9.475904e-05         1  1.124338e-01    0.001084074      3.455249e-03            3.331511e-05
167 2013-08-24 17:48:30    193 379.3 166.1 166.3779 2.576756e-05 17.11396 0.07161498 0.194849615  0.003284892   5.620866e-03      9.475993e-05         1  1.134522e-01    0.001088020      3.486545e-03            3.343639e-05
168 2013-08-24 17:48:45    194 380.4 166.2 166.4793 2.576756e-05 17.21543 0.07161498 0.199259663  0.003284923   5.748084e-03      9.476083e-05         1  1.145724e-01    0.001092463      3.520970e-03            3.357292e-05
169 2013-08-24 17:49:00    195 381.5 166.2 166.4808 2.576756e-05 17.21690 0.07161498 0.199323560  0.003284923   5.749927e-03      9.476084e-05         1  1.156925e-01    0.001097011      3.555395e-03            3.371270e-05
170 2013-08-24 17:49:15    196 382.4 166.2 166.4823 2.576756e-05 17.21837 0.07161498 0.199387458  0.003284924   5.751770e-03      9.476085e-05         1  1.166091e-01    0.001100810      3.583561e-03            3.382944e-05
171 2013-08-24 17:49:30    197 383.3 166.1 166.3838 2.576756e-05 17.11984 0.07161498 0.195105206  0.003284893   5.628239e-03      9.475998e-05         1  1.175256e-01    0.001104678      3.611726e-03            3.394831e-05
172 2013-08-24 17:49:45    198 384.3 166.2 166.4852 2.576756e-05 17.22131 0.07161498 0.199515254  0.003284925   5.755457e-03      9.476088e-05         1  1.185439e-01    0.001109056      3.643022e-03            3.408284e-05
173 2013-08-24 17:50:00    199 385.1 166.2 166.4867 2.576756e-05 17.22278 0.07161498 0.199579151  0.003284925   5.757300e-03      9.476089e-05         1  1.193586e-01    0.001112618      3.668058e-03            3.419232e-05
174 2013-08-24 17:50:15    200 386.3 166.2 166.4882 2.576756e-05 17.22425 0.07161498 0.199643049  0.003284925   5.759143e-03      9.476091e-05         1  1.205806e-01    0.001118060      3.705613e-03            3.435957e-05
175 2013-08-24 17:50:30    201 387.2 166.1 166.3896 2.576756e-05 17.12572 0.07161498 0.195360797  0.003284895   5.635612e-03      9.476004e-05         1  1.214972e-01    0.001122219      3.733779e-03            3.448738e-05
176 2013-08-24 17:50:45    202 388.3 166.2 166.4911 2.576756e-05 17.22719 0.07161498 0.199770845  0.003284926   5.762830e-03      9.476093e-05         1  1.226173e-01    0.001127391      3.768204e-03            3.464630e-05
177 2013-08-24 17:51:00    203 389.3 166.5 166.7926 2.576756e-05 17.52866 0.07161498 0.212873191  0.003285020   6.140796e-03      9.476363e-05         1  1.236357e-01    0.001132175      3.799499e-03            3.479334e-05
178 2013-08-24 17:51:15    204 390.3 166.6 166.8940 2.576756e-05 17.63013 0.07161498 0.217283238  0.003285052   6.268013e-03      9.476454e-05         1  1.246541e-01    0.001137038      3.830794e-03            3.494278e-05
179 2013-08-24 17:51:30    205 391.2 166.7 166.9955 2.576756e-05 17.73160 0.07161498 0.221693286  0.003285084   6.395231e-03      9.476547e-05         1  1.255706e-01    0.001141481      3.858960e-03            3.507932e-05
180 2013-08-24 17:51:45    206 392.3 166.7 166.9970 2.576756e-05 17.73307 0.07161498 0.221757183  0.003285084   6.397074e-03      9.476548e-05         1  1.266908e-01    0.001146995      3.893385e-03            3.524877e-05
181 2013-08-24 17:52:00    207 393.3 166.7 166.9985 2.576756e-05 17.73454 0.07161498 0.221821081  0.003285084   6.398917e-03      9.476549e-05         1  1.277091e-01    0.001152087      3.924681e-03            3.540526e-05
182 2013-08-24 17:52:15    208 394.4 166.8 167.0999 2.576756e-05 17.83601 0.07161498 0.226231128  0.003285117   6.526135e-03      9.476642e-05         1  1.288293e-01    0.001157774      3.959106e-03            3.558003e-05
183 2013-08-24 17:52:30    209 395.5 166.6 166.9014 2.576756e-05 17.63748 0.07161498 0.217602727  0.003285054   6.277230e-03      9.476461e-05         1  1.299495e-01    0.001163550      3.993531e-03            3.575752e-05
184 2013-08-24 17:52:45    210 396.5 166.5 166.8029 2.576756e-05 17.53895 0.07161498 0.213320475  0.003285023   6.153699e-03      9.476372e-05         1  1.309678e-01    0.001168876      4.024826e-03            3.592121e-05
185 2013-08-24 17:53:00    211 397.7 166.6 166.9043 2.576756e-05 17.64042 0.07161498 0.217730523  0.003285055   6.280916e-03      9.476464e-05         1  1.321899e-01    0.001175362      4.062381e-03            3.612052e-05
186 2013-08-24 17:53:15    212 398.6 166.6 166.9058 2.576756e-05 17.64189 0.07161498 0.217794420  0.003285055   6.282760e-03      9.476465e-05         1  1.331064e-01    0.001180292      4.090546e-03            3.627204e-05
187 2013-08-24 17:53:30    213 399.9 166.7 167.0073 2.576756e-05 17.74337 0.07161498 0.222204468  0.003285087   6.409977e-03      9.476557e-05         1  1.344302e-01    0.001187513      4.131231e-03            3.649394e-05
188 2013-08-24 17:53:45    214 400.9 165.9 166.2087 2.576756e-05 16.94484 0.07161498 0.187499169  0.003284840   5.408826e-03      9.475845e-05         0  1.354486e-01    0.001193145      4.162526e-03            3.666703e-05

$dryleafvolt
            timestamp record LWSmV  SEmV    CSEmV     CSEmV.sd   loadmV  loadmV.sd
1 2013-08-24 17:05:00     19 264.0 161.2 161.2221 2.576756e-05 11.95814 0.07161498
2 2013-08-24 17:05:15     20 264.1 161.7 161.7235 2.576756e-05 12.45961 0.07161498
3 2013-08-24 17:05:30     21 264.3 162.0 162.0250 2.576756e-05 12.76108 0.07161498
4 2013-08-24 17:05:45     22 264.4 161.9 161.9265 2.576756e-05 12.66255 0.07161498
5 2013-08-24 17:06:00     23 264.4 161.9 161.9279 2.576756e-05 12.66402 0.07161498
6 2013-08-24 17:06:15     24 264.4 162.0 162.0294 2.576756e-05 12.76549 0.07161498
7 2013-08-24 17:06:30     25 264.4 162.0 162.0309 2.576756e-05 12.76696 0.07161498
8 2013-08-24 17:06:45     26 264.4 162.0 162.0323 2.576756e-05 12.76843 0.07161498
9 2013-08-24 17:07:00     27 264.4 162.1 162.1338 2.576756e-05 12.86990 0.07161498

$runtime
Time difference of 46.75 mins

$startcalibvolt
             timestamp record LWSmV  SEmV    CSEmV     CSEmV.sd   loadmV  loadmV.sd
1  2013-08-24 17:01:45      6 264.2 271.8 271.8029 2.576756e-05 122.5390 0.07161498
2  2013-08-24 17:02:00      7 264.1 271.9 271.9044 2.576756e-05 122.6405 0.07161498
3  2013-08-24 17:02:15      8 264.1 271.9 271.9059 2.576756e-05 122.6420 0.07161498
4  2013-08-24 17:02:30      9 264.0 271.9 271.9074 2.576756e-05 122.6434 0.07161498
5  2013-08-24 17:02:45     10 263.9 271.9 271.9088 2.576756e-05 122.6449 0.07161498
6  2013-08-24 17:03:00     11 263.8 271.9 271.9103 2.576756e-05 122.6464 0.07161498
7  2013-08-24 17:03:15     12 263.8 271.8 271.8118 2.576756e-05 122.5479 0.07161498
8  2013-08-24 17:03:30     13 263.7 271.9 271.9132 2.576756e-05 122.6493 0.07161498
9  2013-08-24 17:03:45     14 263.7 271.9 271.9147 2.576756e-05 122.6508 0.07161498
10 2013-08-24 17:04:00     15 263.7 272.0 272.0162 2.576756e-05 122.7523 0.07161498
11 2013-08-24 17:04:15     16 263.7 271.9 271.9176 2.576756e-05 122.6537 0.07161498

$endcalibvolt
             timestamp record LWSmV  SEmV
1  2013-08-24 17:58:00    231 265.1 271.3
2  2013-08-24 17:58:15    232 265.1 271.5
3  2013-08-24 17:58:30    233 265.1 271.4
4  2013-08-24 17:58:45    234 265.1 271.4
5  2013-08-24 17:59:00    235 265.1 271.6
6  2013-08-24 17:59:15    236 265.1 271.5
7  2013-08-24 17:59:30    237 265.1 271.3
8  2013-08-24 17:59:45    238 265.1 271.4
9  2013-08-24 18:00:00    239 265.1 271.4
10 2013-08-24 18:00:15    240 265.1 271.5
11 2013-08-24 18:00:30    241 265.1 271.4
12 2013-08-24 18:00:45    242 265.1 271.4
13 2013-08-24 18:01:00    243 265.1 271.3
14 2013-08-24 18:01:15    244 265.1 271.4
15 2013-08-24 18:01:30    245 265.1 271.5
16 2013-08-24 18:01:45    246 265.1 271.4
17 2013-08-24 18:02:00    247 265.1 271.4
18 2013-08-24 18:02:15    248 265.1 271.3
19 2013-08-24 18:02:30    249 265.1 271.4
20 2013-08-24 18:02:45    250 265.1 271.4
21 2013-08-24 18:03:00    251 265.1 271.6
22 2013-08-24 18:03:15    252 265.1 271.7
23 2013-08-24 18:03:30    253 265.1 271.8
24 2013-08-24 18:03:45    254 265.1 271.6
25 2013-08-24 18:04:00    255 265.1 271.7
26 2013-08-24 18:04:15    256 265.1 271.6
27 2013-08-24 18:04:30    257 265.1 271.6
28 2013-08-24 18:04:45    258 265.1 271.5
29 2013-08-24 18:05:00    259 265.1 271.5
30 2013-08-24 18:05:15    260 265.1 271.6

$lastLWSvolt
[1] 397.9

$maxLWSvolt
[1] 401.5

$species
[1] "garryoak"

$trial
[1] "4"

$replicate
[1] "1"

$isvertical
[1] FALSE

$conversionfactor
        avg        stdev
1 0.0434615 7.652258e-06

$LWSwatermass
        avg    stdev
1 0.1333472 0.001951

$dryleafmass
        avg      stdev
1 0.5489487 0.00104199

$lwsmodel

Call:
lm(formula = LWSsurfacedensity ~ record, data = rd[rd$runfilter == 
    1, ])

Coefficients:
(Intercept)       record  
 -1.008e-03    2.298e-05  


$leafmodel

Call:
lm(formula = surfacedensity ~ record, data = rd[rd$runfilter == 
    1, ])

Coefficients:
(Intercept)       record  
 -1.073e-03    3.448e-05  


