$name
[1] "garryoak2"

$leafarea
[1] 29.59744

$startbasevolt
             timestamp record LWSmV  SEmV CSEmV CSEmV.sd       loadmV loadmV.sd
1  2013-08-24 14:03:30      2 263.1 149.1 149.1        0 -0.607083852 0.2344908
2  2013-08-24 14:03:45      3 263.1 149.2 149.2        0 -0.507083852 0.2344908
3  2013-08-24 14:04:00      4 263.1 149.2 149.2        0 -0.507083852 0.2344908
4  2013-08-24 14:04:15      5 263.1 149.3 149.3        0 -0.407083852 0.2344908
5  2013-08-24 14:04:30      6 263.1 149.3 149.3        0 -0.407083852 0.2344908
6  2013-08-24 14:04:45      7 263.1 149.3 149.3        0 -0.407083852 0.2344908
7  2013-08-24 14:05:00      8 263.1 149.4 149.4        0 -0.307083852 0.2344908
8  2013-08-24 14:05:15      9 263.1 149.3 149.3        0 -0.407083852 0.2344908
9  2013-08-24 14:05:30     10 263.1 149.4 149.4        0 -0.307083852 0.2344908
10 2013-08-24 14:05:45     11 263.1 149.5 149.5        0 -0.207083852 0.2344908
11 2013-08-24 14:06:00     12 263.1 149.6 149.6        0 -0.107083852 0.2344908
12 2013-08-24 14:06:15     13 263.1 149.6 149.6        0 -0.107083852 0.2344908
13 2013-08-24 14:06:30     14 263.1 149.5 149.5        0 -0.207083852 0.2344908
14 2013-08-24 14:06:45     15 263.1 149.5 149.5        0 -0.207083852 0.2344908
15 2013-08-24 14:07:00     16 263.1 149.5 149.5        0 -0.207083852 0.2344908
16 2013-08-24 14:07:15     17 263.1 149.7 149.7        0 -0.007083852 0.2344908
17 2013-08-24 14:07:30     18 263.1 149.6 149.6        0 -0.107083852 0.2344908
18 2013-08-24 14:07:45     19 263.1 149.6 149.6        0 -0.107083852 0.2344908
19 2013-08-24 14:08:00     20 263.1 149.7 149.7        0 -0.007083852 0.2344908
20 2013-08-24 14:08:15     21 263.1 149.8 149.8        0  0.092916148 0.2344908
21 2013-08-24 14:08:30     22 263.1 149.9 149.9        0  0.192916148 0.2344908
22 2013-08-24 14:08:45     23 263.1 149.8 149.8        0  0.092916148 0.2344908
23 2013-08-24 14:09:00     24 263.1 149.8 149.8        0  0.092916148 0.2344908
24 2013-08-24 14:09:15     25 263.1 149.8 149.8        0  0.092916148 0.2344908
25 2013-08-24 14:09:30     26 263.1 149.8 149.8        0  0.092916148 0.2344908
26 2013-08-24 14:09:45     27 263.1 150.0 150.0        0  0.292916148 0.2344908
27 2013-08-24 14:10:00     28 263.1 149.9 149.9        0  0.192916148 0.2344908
28 2013-08-24 14:10:15     29 263.1 150.0 150.0        0  0.292916148 0.2344908
29 2013-08-24 14:10:30     30 263.1 150.0 150.0        0  0.292916148 0.2344908
30 2013-08-24 14:10:45     31 263.1 150.0 150.0        0  0.292916148 0.2344908
31 2013-08-24 14:11:00     32 263.1 150.0 150.0        0  0.292916148 0.2344908
32 2013-08-24 14:11:15     33 263.1 149.9 149.9        0  0.192916148 0.2344908
33 2013-08-24 14:11:30     34 263.1 149.8 149.8        0  0.092916148 0.2344908
34 2013-08-24 14:11:45     35 263.1 149.9 149.9        0  0.192916148 0.2344908
35 2013-08-24 14:12:00     36 263.1 149.9 149.9        0  0.192916148 0.2344908
36 2013-08-24 14:12:15     37 263.1 150.0 150.0        0  0.292916148 0.2344908
37 2013-08-24 14:12:30     38 263.1 150.0 150.0        0  0.292916148 0.2344908
38 2013-08-24 14:12:45     39 263.1 150.0 150.0        0  0.292916148 0.2344908
39 2013-08-24 14:13:00     40 263.1 149.9 149.9        0  0.192916148 0.2344908
40 2013-08-24 14:13:15     41 263.1 150.0 150.0        0  0.292916148 0.2344908
41 2013-08-24 14:13:30     42 263.1 149.9 149.9        0  0.192916148 0.2344908
42 2013-08-24 14:13:45     43 263.1 149.9 149.9        0  0.192916148 0.2344908

$endbasevolt
             timestamp record LWSmV  SEmV    CSEmV     CSEmV.sd      loadmV loadmV.sd
1  2013-08-24 15:09:15    265 265.1 150.5 149.9685 8.185968e-05  0.26139071 0.2344908
2  2013-08-24 15:09:30    266 265.1 150.4 149.8661 8.185968e-05  0.15899645 0.2344908
3  2013-08-24 15:09:45    267 265.1 150.4 149.8637 8.185968e-05  0.15660219 0.2344908
4  2013-08-24 15:10:00    268 265.1 150.4 149.8613 8.185968e-05  0.15420793 0.2344908
5  2013-08-24 15:10:15    269 265.0 150.4 149.8589 8.185968e-05  0.15181367 0.2344908
6  2013-08-24 15:10:30    270 264.7 150.4 149.8565 8.185968e-05  0.14941941 0.2344908
7  2013-08-24 15:10:45    271 264.6 150.3 149.7541 8.185968e-05  0.04702515 0.2344908
8  2013-08-24 15:11:00    272 264.5 150.2 149.6517 8.185968e-05 -0.05536910 0.2344908
9  2013-08-24 15:11:15    273 264.5 150.4 149.8493 8.185968e-05  0.14223664 0.2344908
10 2013-08-24 15:11:30    274 264.5 150.2 149.6469 8.185968e-05 -0.06015762 0.2344908
11 2013-08-24 15:11:45    275 264.4 150.3 149.7445 8.185968e-05  0.03744812 0.2344908
12 2013-08-24 15:12:00    276 264.4 150.3 149.7421 8.185968e-05  0.03505386 0.2344908
13 2013-08-24 15:12:15    277 264.4 150.3 149.7397 8.185968e-05  0.03265960 0.2344908
14 2013-08-24 15:12:30    278 264.4 150.2 149.6373 8.185968e-05 -0.06973466 0.2344908
15 2013-08-24 15:12:45    279 264.4 150.2 149.6350 8.185968e-05 -0.07212892 0.2344908
16 2013-08-24 15:13:00    280 264.4 150.3 149.7326 8.185968e-05  0.02547683 0.2344908
17 2013-08-24 15:13:15    281 264.4 150.3 149.7302 8.185968e-05  0.02308257 0.2344908
18 2013-08-24 15:13:30    282 264.4 150.3 149.7278 8.185968e-05  0.02068831 0.2344908
19 2013-08-24 15:13:45    283 264.4 150.2 149.6254 8.185968e-05 -0.08170595 0.2344908
20 2013-08-24 15:14:00    284 264.4 150.1 149.5230 8.185968e-05 -0.18410021 0.2344908
21 2013-08-24 15:14:15    285 264.4 150.1 149.5206 8.185968e-05 -0.18649447 0.2344908
22 2013-08-24 15:14:30    286 264.4 150.0 149.4182 8.185968e-05 -0.28888873 0.2344908

$dryragvolt
            timestamp record LWSmV  SEmV    CSEmV     CSEmV.sd   loadmV loadmV.sd
1 2013-08-24 15:03:00    240 393.0 246.4 245.9283 8.185968e-05 96.22125 0.2344908
2 2013-08-24 15:03:15    241 392.5 246.2 245.7259 8.185968e-05 96.01885 0.2344908
3 2013-08-24 15:03:30    242 391.8 246.0 245.5235 8.185968e-05 95.81646 0.2344908
4 2013-08-24 15:03:45    243 391.2 245.9 245.4211 8.185968e-05 95.71406 0.2344908
5 2013-08-24 15:04:00    244 390.5 245.8 245.3188 8.185968e-05 95.61167 0.2344908
6 2013-08-24 15:04:15    245 389.8 245.6 245.1164 8.185968e-05 95.40928 0.2344908
7 2013-08-24 15:04:30    246 389.0 245.5 245.0140 8.185968e-05 95.30688 0.2344908
8 2013-08-24 15:04:45    247 388.5 245.4 244.9116 8.185968e-05 95.20449 0.2344908

$wetragvolt
            timestamp record LWSmV  SEmV    CSEmV     CSEmV.sd   loadmV loadmV.sd
1 2013-08-24 15:05:30    250 266.0 248.7 248.2044 8.185968e-05 98.49730 0.2344908
2 2013-08-24 15:05:45    251 265.3 248.7 248.2020 8.185968e-05 98.49491 0.2344908
3 2013-08-24 15:06:00    252 265.1 248.6 248.0996 8.185968e-05 98.39252 0.2344908
4 2013-08-24 15:06:15    253 265.1 248.5 247.9972 8.185968e-05 98.29012 0.2344908
5 2013-08-24 15:06:30    254 265.1 248.4 247.8948 8.185968e-05 98.18773 0.2344908

$rundata
              timestamp record LWSmV  SEmV    CSEmV     CSEmV.sd   loadmV loadmV.sd     watermass watermass.sd surfacedensity surfacedensity.sd runfilter      LWSwater LWSwater.stdev LWSsurfacedensity LWSsurfacedensity.stdev
1   2013-08-24 14:18:00     60 263.1 163.4 163.3593 8.185968e-05 13.65221 0.2344908 -0.0009315275   0.01089398  -3.147325e-05      0.0003680717         0 -0.0048804625    0.001298735     -1.499835e-04            3.991196e-05
2   2013-08-24 14:18:15     61 263.7 163.4 163.3569 8.185968e-05 13.64982 0.2344908 -0.0010354154   0.01089398  -3.498328e-05      0.0003680716         0 -0.0042694506    0.001294739     -1.312062e-04            3.978915e-05
3   2013-08-24 14:18:30     62 263.8 163.3 163.2545 8.185968e-05 13.54743 0.2344908 -0.0054783485   0.01089385  -1.850954e-04      0.0003680673         0 -0.0041676153    0.001294075     -1.280767e-04            3.976874e-05
4   2013-08-24 14:18:45     63 264.1 163.4 163.3521 8.185968e-05 13.64503 0.2344908 -0.0012431914   0.01089397  -4.200335e-05      0.0003680714         0 -0.0038621094    0.001292086     -1.186881e-04            3.970761e-05
5   2013-08-24 14:19:00     64 264.5 163.4 163.3497 8.185968e-05 13.64264 0.2344908 -0.0013470793   0.01089397  -4.551338e-05      0.0003680713         0 -0.0034547681    0.001289440     -1.061699e-04            3.962632e-05
6   2013-08-24 14:19:15     65 265.1 163.4 163.3473 8.185968e-05 13.64024 0.2344908 -0.0014509673   0.01089396  -4.902341e-05      0.0003680712         0 -0.0028437563    0.001285489     -8.739263e-05            3.950488e-05
7   2013-08-24 14:19:30     66 265.3 163.5 163.4449 8.185968e-05 13.73785 0.2344908  0.0027841898   0.01089408   9.406861e-05      0.0003680752         0 -0.0026400857    0.001284176     -8.113355e-05            3.946453e-05
8   2013-08-24 14:19:45     67 265.8 163.6 163.5425 8.185968e-05 13.83545 0.2344908  0.0070193469   0.01089420   2.371606e-04      0.0003680793         0 -0.0021309091    0.001280903     -6.548584e-05            3.936394e-05
9   2013-08-24 14:20:00     68 266.4 163.5 163.4401 8.185968e-05 13.73306 0.2344908  0.0025764139   0.01089408   8.704855e-05      0.0003680750         0 -0.0015198973    0.001276993     -4.670858e-05            3.924379e-05
10  2013-08-24 14:20:15     69 266.9 163.5 163.4377 8.185968e-05 13.73067 0.2344908  0.0024725259   0.01089407   8.353851e-05      0.0003680749         0 -0.0010107207    0.001273750     -3.106087e-05            3.914413e-05
11  2013-08-24 14:20:30     70 267.5 163.4 163.3354 8.185968e-05 13.62827 0.2344908 -0.0019704071   0.01089395  -6.657357e-05      0.0003680707         0 -0.0003997088    0.001269876     -1.228362e-05            3.902509e-05
12  2013-08-24 14:20:45     71 268.1 163.6 163.5330 8.185968e-05 13.82588 0.2344908  0.0066037950   0.01089419   2.231205e-04      0.0003680789         0  0.0002113030    0.001266023      6.493639e-06            3.890666e-05
13  2013-08-24 14:21:00     72 268.7 163.7 163.6306 8.185968e-05 13.92348 0.2344908  0.0108389522   0.01089431   3.662125e-04      0.0003680830         0  0.0008223149    0.001262189      2.527089e-05            3.878885e-05
14  2013-08-24 14:21:15     73 269.3 163.7 163.6282 8.185968e-05 13.92109 0.2344908  0.0107350642   0.01089431   3.627025e-04      0.0003680829         0  0.0014333267    0.001258376      4.404815e-05            3.867167e-05
15  2013-08-24 14:21:30     74 269.9 163.7 163.6258 8.185968e-05 13.91869 0.2344908  0.0106311762   0.01089431   3.591925e-04      0.0003680828         0  0.0020443386    0.001254584      6.282540e-05            3.855512e-05
16  2013-08-24 14:21:45     75 270.6 163.7 163.6234 8.185968e-05 13.91630 0.2344908  0.0105272883   0.01089431   3.556824e-04      0.0003680827         0  0.0027571858    0.001250185      8.473220e-05            3.841995e-05
17  2013-08-24 14:22:00     76 271.3 163.9 163.8210 8.185968e-05 14.11391 0.2344908  0.0191014905   0.01089455   6.453765e-04      0.0003680912         0  0.0034700329    0.001245815      1.066390e-04            3.828566e-05
18  2013-08-24 14:22:15     77 271.9 163.8 163.7186 8.185968e-05 14.01151 0.2344908  0.0146585574   0.01089443   4.952644e-04      0.0003680868         0  0.0040810448    0.001242093      1.254163e-04            3.817126e-05
19  2013-08-24 14:22:30     78 272.5 163.8 163.7162 8.185968e-05 14.00912 0.2344908  0.0145546694   0.01089442   4.917544e-04      0.0003680867         0  0.0046920566    0.001238391      1.441935e-04            3.805751e-05
20  2013-08-24 14:22:45     79 273.2 163.7 163.6138 8.185968e-05 13.90672 0.2344908  0.0101117364   0.01089429   3.416423e-04      0.0003680823         0  0.0054049038    0.001234101      1.661003e-04            3.792565e-05
21  2013-08-24 14:23:00     80 273.9 163.6 163.5114 8.185968e-05 13.80433 0.2344908  0.0056688033   0.01089417   1.915302e-04      0.0003680780         0  0.0061177510    0.001229839      1.880071e-04            3.779469e-05
22  2013-08-24 14:23:15     81 274.6 163.7 163.6090 8.185968e-05 13.90193 0.2344908  0.0099039605   0.01089429   3.346222e-04      0.0003680821         0  0.0068305982    0.001225608      2.099139e-04            3.766465e-05
23  2013-08-24 14:23:30     82 275.2 163.7 163.6066 8.185968e-05 13.89954 0.2344908  0.0098000725   0.01089428   3.311122e-04      0.0003680820         0  0.0074416100    0.001222005      2.286911e-04            3.755393e-05
24  2013-08-24 14:23:45     83 275.9 163.9 163.8042 8.185968e-05 14.09715 0.2344908  0.0183742747   0.01089453   6.208063e-04      0.0003680904         0  0.0081544572    0.001217830      2.505979e-04            3.742563e-05
25  2013-08-24 14:24:00     84 276.5 164.0 163.9018 8.185968e-05 14.19475 0.2344908  0.0226094318   0.01089466   7.638983e-04      0.0003680946         0  0.0087654690    0.001214276      2.693752e-04            3.731642e-05
26  2013-08-24 14:24:15     85 277.2 164.0 163.8994 8.185968e-05 14.19236 0.2344908  0.0225055438   0.01089465   7.603883e-04      0.0003680945         0  0.0094783162    0.001210159      2.912820e-04            3.718988e-05
27  2013-08-24 14:24:30     86 277.8 164.0 163.8970 8.185968e-05 14.18996 0.2344908  0.0224016559   0.01089465   7.568782e-04      0.0003680944         0  0.0100893281    0.001206655      3.100593e-04            3.708220e-05
28  2013-08-24 14:24:45     87 278.5 163.8 163.6947 8.185968e-05 13.98757 0.2344908  0.0136196777   0.01089440   4.601641e-04      0.0003680858         0  0.0108021752    0.001202596      3.319660e-04            3.695747e-05
29  2013-08-24 14:25:00     88 279.1 163.9 163.7923 8.185968e-05 14.08517 0.2344908  0.0178548349   0.01089452   6.032561e-04      0.0003680899         0  0.0114131871    0.001199143      3.507433e-04            3.685134e-05
30  2013-08-24 14:25:15     89 279.8 164.0 163.8899 8.185968e-05 14.18278 0.2344908  0.0220899920   0.01089464   7.463481e-04      0.0003680941         0  0.0121260343    0.001195144      3.726501e-04            3.672844e-05
31  2013-08-24 14:25:30     90 280.5 164.1 163.9875 8.185968e-05 14.28039 0.2344908  0.0263251491   0.01089477   8.894402e-04      0.0003680983         0  0.0128388814    0.001191177      3.945569e-04            3.660655e-05
32  2013-08-24 14:25:45     91 281.2 164.1 163.9851 8.185968e-05 14.27799 0.2344908  0.0262212611   0.01089476   8.859301e-04      0.0003680982         0  0.0135517286    0.001187244      4.164637e-04            3.648567e-05
33  2013-08-24 14:26:00     92 281.8 164.2 164.0827 8.185968e-05 14.37560 0.2344908  0.0304564182   0.01089489   1.029022e-03      0.0003681025         1  0.0141627405    0.001183899      4.352409e-04            3.638288e-05
34  2013-08-24 14:26:15     93 282.5 164.3 164.1803 8.185968e-05 14.47320 0.2344908  0.0346915753   0.01089502   1.172114e-03      0.0003681068         1  0.0148755876    0.001180028      4.571477e-04            3.626391e-05
35  2013-08-24 14:26:30     94 283.2 164.2 164.0779 8.185968e-05 14.37081 0.2344908  0.0302486423   0.01089488   1.022002e-03      0.0003681023         1  0.0155884348    0.001176190      4.790545e-04            3.614598e-05
36  2013-08-24 14:26:45     95 283.9 164.2 164.0755 8.185968e-05 14.36841 0.2344908  0.0301447543   0.01089488   1.018492e-03      0.0003681022         1  0.0163012820    0.001172387      5.009613e-04            3.602911e-05
37  2013-08-24 14:27:00     96 284.5 164.1 163.9731 8.185968e-05 14.26602 0.2344908  0.0257018213   0.01089475   8.683800e-04      0.0003680977         0  0.0169122938    0.001169155      5.197386e-04            3.592977e-05
38  2013-08-24 14:27:15     97 285.2 164.3 164.1707 8.185968e-05 14.46363 0.2344908  0.0342760235   0.01089500   1.158074e-03      0.0003681064         1  0.0176251410    0.001165416      5.416454e-04            3.581488e-05
39  2013-08-24 14:27:30     98 285.8 164.1 163.9683 8.185968e-05 14.26123 0.2344908  0.0254940454   0.01089474   8.613599e-04      0.0003680975         0  0.0182361528    0.001162240      5.604226e-04            3.571726e-05
40  2013-08-24 14:27:45     99 286.5 164.2 164.0659 8.185968e-05 14.35884 0.2344908  0.0297292025   0.01089487   1.004452e-03      0.0003681018         1  0.0189490000    0.001158567      5.823294e-04            3.560438e-05
41  2013-08-24 14:28:00    100 287.2 164.4 164.2635 8.185968e-05 14.55644 0.2344908  0.0383034047   0.01089513   1.294146e-03      0.0003681104         1  0.0196618472    0.001154929      6.042362e-04            3.549261e-05
42  2013-08-24 14:28:15    101 287.9 164.4 164.2611 8.185968e-05 14.55405 0.2344908  0.0381995167   0.01089512   1.290636e-03      0.0003681103         1  0.0203746944    0.001151328      6.261430e-04            3.538194e-05
43  2013-08-24 14:28:30    102 288.5 164.3 164.1587 8.185968e-05 14.45165 0.2344908  0.0337565836   0.01089499   1.140524e-03      0.0003681058         1  0.0209857062    0.001148271      6.449203e-04            3.528798e-05
44  2013-08-24 14:28:45    103 289.2 164.2 164.0563 8.185968e-05 14.34926 0.2344908  0.0293136506   0.01089486   9.904118e-04      0.0003681013         1  0.0216985534    0.001144738      6.668271e-04            3.517941e-05
45  2013-08-24 14:29:00    104 289.9 164.3 164.1540 8.185968e-05 14.44687 0.2344908  0.0335488077   0.01089498   1.133504e-03      0.0003681056         1  0.0224114006    0.001141242      6.887339e-04            3.507198e-05
46  2013-08-24 14:29:15    105 290.6 164.3 164.1516 8.185968e-05 14.44447 0.2344908  0.0334449197   0.01089498   1.129994e-03      0.0003681055         1  0.0231242477    0.001137784      7.106407e-04            3.496570e-05
47  2013-08-24 14:29:30    106 291.2 164.5 164.3492 8.185968e-05 14.64208 0.2344908  0.0420191219   0.01089524   1.419688e-03      0.0003681142         1  0.0237352596    0.001134850      7.294179e-04            3.487553e-05
48  2013-08-24 14:29:45    107 291.9 164.5 164.3468 8.185968e-05 14.63968 0.2344908  0.0419152340   0.01089523   1.416178e-03      0.0003681141         1  0.0244481067    0.001131462      7.513247e-04            3.477141e-05
49  2013-08-24 14:30:00    108 292.5 164.5 164.3444 8.185968e-05 14.63729 0.2344908  0.0418113460   0.01089523   1.412668e-03      0.0003681140         1  0.0250591186    0.001128589      7.701020e-04            3.468312e-05
50  2013-08-24 14:30:15    109 293.2 164.4 164.2420 8.185968e-05 14.53490 0.2344908  0.0373684130   0.01089510   1.262556e-03      0.0003681095         1  0.0257719658    0.001125272      7.920088e-04            3.458121e-05
51  2013-08-24 14:30:30    110 293.9 164.5 164.3396 8.185968e-05 14.63250 0.2344908  0.0416035701   0.01089523   1.405648e-03      0.0003681138         1  0.0264848129    0.001121996      8.139156e-04            3.448050e-05
52  2013-08-24 14:30:45    111 294.6 164.5 164.3372 8.185968e-05 14.63011 0.2344908  0.0414996821   0.01089522   1.402138e-03      0.0003681137         1  0.0271976601    0.001118758      8.358224e-04            3.438101e-05
53  2013-08-24 14:31:00    112 295.3 164.6 164.4348 8.185968e-05 14.72771 0.2344908  0.0457348392   0.01089535   1.545230e-03      0.0003681181         1  0.0279105073    0.001115560      8.577292e-04            3.428274e-05
54  2013-08-24 14:31:15    113 296.0 164.7 164.5324 8.185968e-05 14.82532 0.2344908  0.0499699963   0.01089548   1.688322e-03      0.0003681225         1  0.0286233544    0.001112403      8.796360e-04            3.418570e-05
55  2013-08-24 14:31:30    114 296.6 164.8 164.6300 8.185968e-05 14.92292 0.2344908  0.0542051534   0.01089561   1.831414e-03      0.0003681269         1  0.0292343663    0.001109728      8.984132e-04            3.410351e-05
56  2013-08-24 14:31:45    115 297.4 164.8 164.6276 8.185968e-05 14.92053 0.2344908  0.0541012655   0.01089561   1.827904e-03      0.0003681268         1  0.0300490488    0.001106209      9.234496e-04            3.399536e-05
57  2013-08-24 14:32:00    116 298.0 164.8 164.6252 8.185968e-05 14.91814 0.2344908  0.0539973775   0.01089561   1.824394e-03      0.0003681266         1  0.0306600606    0.001103605      9.422268e-04            3.391534e-05
58  2013-08-24 14:32:15    117 298.7 164.8 164.6228 8.185968e-05 14.91574 0.2344908  0.0538934895   0.01089560   1.820884e-03      0.0003681265         1  0.0313729078    0.001100605      9.641336e-04            3.382315e-05
59  2013-08-24 14:32:30    118 299.3 164.8 164.6204 8.185968e-05 14.91335 0.2344908  0.0537896016   0.01089560   1.817374e-03      0.0003681264         1  0.0319839197    0.001098068      9.829109e-04            3.374516e-05
60  2013-08-24 14:32:45    119 300.0 164.7 164.5180 8.185968e-05 14.81095 0.2344908  0.0493466685   0.01089546   1.667262e-03      0.0003681218         1  0.0326967668    0.001095146      1.004818e-03            3.365537e-05
61  2013-08-24 14:33:00    120 300.6 164.9 164.7156 8.185968e-05 15.00856 0.2344908  0.0579208707   0.01089573   1.956956e-03      0.0003681308         1  0.0333077787    0.001092675      1.023595e-03            3.357945e-05
62  2013-08-24 14:33:15    121 301.3 165.0 164.8132 8.185968e-05 15.10616 0.2344908  0.0621560278   0.01089586   2.100048e-03      0.0003681352         1  0.0340206259    0.001089833      1.045502e-03            3.349209e-05
63  2013-08-24 14:33:30    122 302.0 165.1 164.9109 8.185968e-05 15.20377 0.2344908  0.0663911849   0.01089599   2.243140e-03      0.0003681397         1  0.0347334730    0.001087033      1.067409e-03            3.340605e-05
64  2013-08-24 14:33:45    123 302.7 165.0 164.8085 8.185968e-05 15.10138 0.2344908  0.0619482519   0.01089585   2.093028e-03      0.0003681350         1  0.0354463202    0.001084277      1.089315e-03            3.332135e-05
65  2013-08-24 14:34:00    124 303.3 165.1 164.9061 8.185968e-05 15.19898 0.2344908  0.0661834090   0.01089599   2.236120e-03      0.0003681395         1  0.0360573321    0.001081949      1.108093e-03            3.324981e-05
66  2013-08-24 14:34:15    125 304.0 165.1 164.9037 8.185968e-05 15.19659 0.2344908  0.0660795211   0.01089598   2.232610e-03      0.0003681394         1  0.0367701792    0.001079274      1.129999e-03            3.316761e-05
67  2013-08-24 14:34:30    126 304.7 165.0 164.8013 8.185968e-05 15.09419 0.2344908  0.0616365880   0.01089584   2.082497e-03      0.0003681347         1  0.0374830264    0.001076643      1.151906e-03            3.308677e-05
68  2013-08-24 14:34:45    127 305.3 165.1 164.8989 8.185968e-05 15.19180 0.2344908  0.0658717451   0.01089598   2.225590e-03      0.0003681392         1  0.0380940383    0.001074424      1.170683e-03            3.301857e-05
69  2013-08-24 14:35:00    128 306.0 165.2 164.9965 8.185968e-05 15.28940 0.2344908  0.0701069022   0.01089611   2.368682e-03      0.0003681437         1  0.0388068854    0.001071877      1.192590e-03            3.294029e-05
70  2013-08-24 14:35:15    129 306.7 165.2 164.9941 8.185968e-05 15.28701 0.2344908  0.0700030143   0.01089611   2.365171e-03      0.0003681436         1  0.0395197326    0.001069375      1.214497e-03            3.286339e-05
71  2013-08-24 14:35:30    130 307.3 165.1 164.8917 8.185968e-05 15.18462 0.2344908  0.0655600812   0.01089597   2.215059e-03      0.0003681388         1  0.0401307445    0.001067266      1.233274e-03            3.279860e-05
72  2013-08-24 14:35:45    131 308.2 165.1 164.8893 8.185968e-05 15.18222 0.2344908  0.0654561933   0.01089596   2.211549e-03      0.0003681387         1  0.0410472622    0.001064167      1.261440e-03            3.270335e-05
73  2013-08-24 14:36:00    132 308.6 165.2 164.9869 8.185968e-05 15.27983 0.2344908  0.0696913504   0.01089610   2.354641e-03      0.0003681432         1  0.0414546035    0.001062814      1.273958e-03            3.266177e-05
74  2013-08-24 14:36:15    133 309.4 165.3 165.0845 8.185968e-05 15.37743 0.2344908  0.0739265075   0.01089623   2.497733e-03      0.0003681478         1  0.0422692860    0.001060153      1.298995e-03            3.258001e-05
75  2013-08-24 14:36:30    134 310.0 165.3 165.0821 8.185968e-05 15.37504 0.2344908  0.0738226195   0.01089623   2.494223e-03      0.0003681477         1  0.0428802978    0.001058198      1.317772e-03            3.251991e-05
76  2013-08-24 14:36:45    135 310.7 165.3 165.0797 8.185968e-05 15.37264 0.2344908  0.0737187315   0.01089622   2.490713e-03      0.0003681476         1  0.0435931450    0.001055960      1.339679e-03            3.245115e-05
77  2013-08-24 14:37:00    136 311.4 165.0 164.7773 8.185968e-05 15.07025 0.2344908  0.0605977083   0.01089581   2.047397e-03      0.0003681336         1  0.0443059922    0.001053770      1.361585e-03            3.238384e-05
78  2013-08-24 14:37:15    137 312.1 165.2 164.9749 8.185968e-05 15.26786 0.2344908  0.0691719105   0.01089608   2.337091e-03      0.0003681427         1  0.0450188393    0.001051628      1.383492e-03            3.231799e-05
79  2013-08-24 14:37:30    138 312.7 165.1 164.8725 8.185968e-05 15.16546 0.2344908  0.0647289775   0.01089594   2.186979e-03      0.0003681380         1  0.0456298512    0.001049829      1.402270e-03            3.226273e-05
80  2013-08-24 14:37:45    139 313.4 165.1 164.8702 8.185968e-05 15.16307 0.2344908  0.0646250895   0.01089594   2.183469e-03      0.0003681378         1  0.0463426984    0.001047776      1.424176e-03            3.219962e-05
81  2013-08-24 14:38:00    140 314.0 165.2 164.9678 8.185968e-05 15.26067 0.2344908  0.0688602466   0.01089607   2.326561e-03      0.0003681424         1  0.0469537102    0.001046054      1.442954e-03            3.214671e-05
82  2013-08-24 14:38:15    141 314.7 165.3 165.0654 8.185968e-05 15.35828 0.2344908  0.0730954037   0.01089620   2.469653e-03      0.0003681469         1  0.0476665574    0.001044091      1.464860e-03            3.208638e-05
83  2013-08-24 14:38:30    142 315.4 165.6 165.3630 8.185968e-05 15.65588 0.2344908  0.0860086510   0.01089662   2.905949e-03      0.0003681609         1  0.0483794045    0.001042177      1.486767e-03            3.202755e-05
84  2013-08-24 14:38:45    143 316.0 165.3 165.0606 8.185968e-05 15.35349 0.2344908  0.0728876278   0.01089620   2.462633e-03      0.0003681467         1  0.0489904164    0.001040575      1.505544e-03            3.197833e-05
85  2013-08-24 14:39:00    144 316.7 165.3 165.0582 8.185968e-05 15.35110 0.2344908  0.0727837398   0.01089619   2.459123e-03      0.0003681466         1  0.0497032636    0.001038752      1.527451e-03            3.192231e-05
86  2013-08-24 14:39:15    145 317.4 165.4 165.1558 8.185968e-05 15.44870 0.2344908  0.0770188970   0.01089633   2.602215e-03      0.0003681511         1  0.0504161107    0.001036979      1.549358e-03            3.186783e-05
87  2013-08-24 14:39:30    146 318.1 165.4 165.1534 8.185968e-05 15.44631 0.2344908  0.0769150090   0.01089633   2.598705e-03      0.0003681510         1  0.0511289579    0.001035256      1.571265e-03            3.181488e-05
88  2013-08-24 14:39:45    147 318.8 165.2 164.9510 8.185968e-05 15.24391 0.2344908  0.0681330309   0.01089605   2.301991e-03      0.0003681416         1  0.0518418051    0.001033583      1.593172e-03            3.176347e-05
89  2013-08-24 14:40:00    148 319.5 165.4 165.1486 8.185968e-05 15.44152 0.2344908  0.0767072331   0.01089632   2.591685e-03      0.0003681508         1  0.0525546523    0.001031961      1.615078e-03            3.171361e-05
90  2013-08-24 14:40:15    149 320.1 165.4 165.1462 8.185968e-05 15.43912 0.2344908  0.0766033451   0.01089632   2.588175e-03      0.0003681507         1  0.0531656641    0.001030611      1.633856e-03            3.167212e-05
91  2013-08-24 14:40:30    150 320.8 165.4 165.1438 8.185968e-05 15.43673 0.2344908  0.0764994571   0.01089631   2.584665e-03      0.0003681506         1  0.0538785113    0.001029083      1.655762e-03            3.162516e-05
92  2013-08-24 14:40:45    151 321.4 165.5 165.2414 8.185968e-05 15.53434 0.2344908  0.0807346142   0.01089645   2.727757e-03      0.0003681552         1  0.0544895231    0.001027814      1.674540e-03            3.158616e-05
93  2013-08-24 14:41:00    152 322.1 165.5 165.2390 8.185968e-05 15.53194 0.2344908  0.0806307263   0.01089645   2.724247e-03      0.0003681550         1  0.0552023703    0.001026381      1.696447e-03            3.154212e-05
94  2013-08-24 14:41:15    153 322.7 165.4 165.1366 8.185968e-05 15.42955 0.2344908  0.0761877932   0.01089630   2.574135e-03      0.0003681502         1  0.0558133822    0.001025194      1.715224e-03            3.150564e-05
95  2013-08-24 14:41:30    154 323.4 165.6 165.3342 8.185968e-05 15.62715 0.2344908  0.0847619954   0.01089658   2.863829e-03      0.0003681596         1  0.0565262293    0.001023857      1.737131e-03            3.146455e-05
96  2013-08-24 14:41:45    155 324.1 165.6 165.3318 8.185968e-05 15.62476 0.2344908  0.0846581075   0.01089658   2.860319e-03      0.0003681594         1  0.0572390765    0.001022571      1.759037e-03            3.142506e-05
97  2013-08-24 14:42:00    156 324.8 165.6 165.3294 8.185968e-05 15.62236 0.2344908  0.0845542195   0.01089657   2.856809e-03      0.0003681593         1  0.0579519237    0.001021338      1.780944e-03            3.138717e-05
98  2013-08-24 14:42:15    157 325.5 165.7 165.4271 8.185968e-05 15.71997 0.2344908  0.0887893766   0.01089671   2.999901e-03      0.0003681640         1  0.0586647708    0.001020158      1.802851e-03            3.135088e-05
99  2013-08-24 14:42:30    158 326.1 165.7 165.4247 8.185968e-05 15.71758 0.2344908  0.0886854886   0.01089671   2.996391e-03      0.0003681639         1  0.0592757827    0.001019187      1.821628e-03            3.132106e-05
100 2013-08-24 14:42:45    159 326.7 165.8 165.5223 8.185968e-05 15.81518 0.2344908  0.0929206457   0.01089685   3.139483e-03      0.0003681685         1  0.0598867946    0.001018256      1.840405e-03            3.129243e-05
101 2013-08-24 14:43:00    160 327.5 165.8 165.5199 8.185968e-05 15.81279 0.2344908  0.0928167578   0.01089684   3.135973e-03      0.0003681684         1  0.0607014770    0.001017074      1.865442e-03            3.125611e-05
102 2013-08-24 14:43:15    161 328.1 165.7 165.4175 8.185968e-05 15.71039 0.2344908  0.0883738247   0.01089670   2.985861e-03      0.0003681635         1  0.0613124889    0.001016233      1.884219e-03            3.123027e-05
103 2013-08-24 14:43:30    162 328.9 165.7 165.4151 8.185968e-05 15.70800 0.2344908  0.0882699368   0.01089669   2.982351e-03      0.0003681634         1  0.0621271714    0.001015172      1.909255e-03            3.119767e-05
104 2013-08-24 14:43:45    163 329.5 165.8 165.5127 8.185968e-05 15.80561 0.2344908  0.0925050939   0.01089683   3.125443e-03      0.0003681681         1  0.0627381832    0.001014422      1.928033e-03            3.117463e-05
105 2013-08-24 14:44:00    164 330.3 165.6 165.3103 8.185968e-05 15.60321 0.2344908  0.0837231158   0.01089655   2.828729e-03      0.0003681584         1  0.0635528657    0.001013484      1.953069e-03            3.114578e-05
106 2013-08-24 14:44:15    165 330.9 165.7 165.4079 8.185968e-05 15.70082 0.2344908  0.0879582729   0.01089668   2.971821e-03      0.0003681631         1  0.0641638776    0.001012825      1.971846e-03            3.112555e-05
107 2013-08-24 14:44:30    166 331.7 165.7 165.4055 8.185968e-05 15.69842 0.2344908  0.0878543849   0.01089668   2.968311e-03      0.0003681629         1  0.0649785600    0.001012009      1.996883e-03            3.110046e-05
108 2013-08-24 14:44:45    167 332.4 165.8 165.5031 8.185968e-05 15.79603 0.2344908  0.0920895420   0.01089682   3.111403e-03      0.0003681676         1  0.0656914072    0.001011352      2.018789e-03            3.108028e-05
109 2013-08-24 14:45:00    168 333.1 165.8 165.5007 8.185968e-05 15.79363 0.2344908  0.0919856541   0.01089681   3.107893e-03      0.0003681675         1  0.0664042544    0.001010750      2.040696e-03            3.106176e-05
110 2013-08-24 14:45:15    169 333.8 165.8 165.4983 8.185968e-05 15.79124 0.2344908  0.0918817661   0.01089681   3.104383e-03      0.0003681674         1  0.0671171016    0.001010201      2.062603e-03            3.104489e-05
111 2013-08-24 14:45:30    170 334.5 165.9 165.5959 8.185968e-05 15.88885 0.2344908  0.0961169232   0.01089695   3.247475e-03      0.0003681721         1  0.0678299487    0.001009706      2.084510e-03            3.102968e-05
112 2013-08-24 14:45:45    171 335.3 165.8 165.4935 8.185968e-05 15.78645 0.2344908  0.0916739902   0.01089680   3.097362e-03      0.0003681672         1  0.0686446312    0.001009207      2.109546e-03            3.101434e-05
113 2013-08-24 14:46:00    172 335.9 166.0 165.6911 8.185968e-05 15.98406 0.2344908  0.1002481923   0.01089709   3.387057e-03      0.0003681767         1  0.0692556431    0.001008879      2.128323e-03            3.100426e-05
114 2013-08-24 14:46:15    173 336.6 166.0 165.6887 8.185968e-05 15.98166 0.2344908  0.1001443044   0.01089708   3.383547e-03      0.0003681766         1  0.0699684902    0.001008546      2.150230e-03            3.099405e-05
115 2013-08-24 14:46:30    174 337.2 165.9 165.5864 8.185968e-05 15.87927 0.2344908  0.0957013713   0.01089694   3.233434e-03      0.0003681716         1  0.0705795021    0.001008305      2.169007e-03            3.098662e-05
116 2013-08-24 14:46:45    175 338.0 165.9 165.5840 8.185968e-05 15.87687 0.2344908  0.0955974834   0.01089693   3.229924e-03      0.0003681715         1  0.0713941846    0.001008045      2.194044e-03            3.097863e-05
117 2013-08-24 14:47:00    176 338.6 166.1 165.7816 8.185968e-05 16.07448 0.2344908  0.1041716856   0.01089722   3.519618e-03      0.0003681811         1  0.0720051964    0.001007896      2.212821e-03            3.097407e-05
118 2013-08-24 14:47:15    177 339.4 165.9 165.5792 8.185968e-05 15.87209 0.2344908  0.0953897074   0.01089693   3.222904e-03      0.0003681713         1  0.0728198789    0.001007761      2.237857e-03            3.096990e-05
119 2013-08-24 14:47:30    178 340.1 165.9 165.5768 8.185968e-05 15.86969 0.2344908  0.0952858195   0.01089692   3.219394e-03      0.0003681712         1  0.0735327261    0.001007700      2.259764e-03            3.096805e-05
120 2013-08-24 14:47:45    179 341.0 166.1 165.7744 8.185968e-05 16.06730 0.2344908  0.1038600217   0.01089721   3.509088e-03      0.0003681808         1  0.0744492439    0.001007703      2.287930e-03            3.096812e-05
121 2013-08-24 14:48:00    180 341.7 165.9 165.5720 8.185968e-05 15.86490 0.2344908  0.0950780435   0.01089692   3.212374e-03      0.0003681709         1  0.0751620910    0.001007767      2.309837e-03            3.097009e-05
122 2013-08-24 14:48:15    181 342.5 166.0 165.6696 8.185968e-05 15.96251 0.2344908  0.0993132006   0.01089706   3.355466e-03      0.0003681757         1  0.0759767735    0.001007907      2.334873e-03            3.097439e-05
123 2013-08-24 14:48:30    182 343.1 165.9 165.5672 8.185968e-05 15.86011 0.2344908  0.0948702676   0.01089691   3.205354e-03      0.0003681707         1  0.0765877854    0.001008058      2.353650e-03            3.097905e-05
124 2013-08-24 14:48:45    183 343.9 166.0 165.6648 8.185968e-05 15.95772 0.2344908  0.0991054247   0.01089705   3.348446e-03      0.0003681754         1  0.0774024678    0.001008323      2.378687e-03            3.098717e-05
125 2013-08-24 14:49:00    184 344.5 166.0 165.6624 8.185968e-05 15.95533 0.2344908  0.0990015367   0.01089705   3.344936e-03      0.0003681753         1  0.0780134797    0.001008567      2.397464e-03            3.099469e-05
126 2013-08-24 14:49:15    185 345.3 166.1 165.7600 8.185968e-05 16.05293 0.2344908  0.1032366939   0.01089719   3.488028e-03      0.0003681801         1  0.0788281622    0.001008956      2.422500e-03            3.100663e-05
127 2013-08-24 14:49:30    186 346.0 166.1 165.7576 8.185968e-05 16.05054 0.2344908  0.1031328059   0.01089718   3.484518e-03      0.0003681799         1  0.0795410093    0.001009354      2.444407e-03            3.101886e-05
128 2013-08-24 14:49:45    187 346.7 166.1 165.7552 8.185968e-05 16.04814 0.2344908  0.1030289179   0.01089718   3.481008e-03      0.0003681798         1  0.0802538565    0.001009806      2.466314e-03            3.103276e-05
129 2013-08-24 14:50:00    188 347.6 166.1 165.7528 8.185968e-05 16.04575 0.2344908  0.1029250300   0.01089718   3.477498e-03      0.0003681797         1  0.0811703743    0.001010467      2.494480e-03            3.105307e-05
130 2013-08-24 14:50:15    189 348.3 166.1 165.7504 8.185968e-05 16.04335 0.2344908  0.1028211420   0.01089717   3.473988e-03      0.0003681796         1  0.0818832215    0.001011043      2.516387e-03            3.107076e-05
131 2013-08-24 14:50:30    190 349.1 166.0 165.6480 8.185968e-05 15.94096 0.2344908  0.0983782089   0.01089702   3.323876e-03      0.0003681746         1  0.0826979040    0.001011767      2.541423e-03            3.109301e-05
132 2013-08-24 14:50:45    191 349.9 166.0 165.6456 8.185968e-05 15.93857 0.2344908  0.0982743210   0.01089702   3.320366e-03      0.0003681745         1  0.0835125864    0.001012561      2.566459e-03            3.111742e-05
133 2013-08-24 14:51:00    192 350.6 166.1 165.7433 8.185968e-05 16.03617 0.2344908  0.1025094781   0.01089716   3.463458e-03      0.0003681792         1  0.0842254336    0.001013313      2.588366e-03            3.114054e-05
134 2013-08-24 14:51:15    193 351.5 166.1 165.7409 8.185968e-05 16.03378 0.2344908  0.1024055901   0.01089716   3.459948e-03      0.0003681791         1  0.0851419514    0.001014359      2.616532e-03            3.117269e-05
135 2013-08-24 14:51:30    194 352.2 166.0 165.6385 8.185968e-05 15.93138 0.2344908  0.0979626571   0.01089701   3.309836e-03      0.0003681741         1  0.0858547986    0.001015234      2.638439e-03            3.119957e-05
136 2013-08-24 14:51:45    195 353.1 166.1 165.7361 8.185968e-05 16.02899 0.2344908  0.1021978142   0.01089715   3.452928e-03      0.0003681789         1  0.0867713163    0.001016437      2.666605e-03            3.123653e-05
137 2013-08-24 14:52:00    196 353.9 166.1 165.7337 8.185968e-05 16.02659 0.2344908  0.1020939262   0.01089715   3.449418e-03      0.0003681788         1  0.0875859988    0.001017580      2.691641e-03            3.127165e-05
138 2013-08-24 14:52:15    197 354.7 166.2 165.8313 8.185968e-05 16.12420 0.2344908  0.1063290833   0.01089729   3.592510e-03      0.0003681835         1  0.0884006813    0.001018791      2.716677e-03            3.130890e-05
139 2013-08-24 14:52:30    198 355.6 166.2 165.8289 8.185968e-05 16.12181 0.2344908  0.1062251954   0.01089729   3.589000e-03      0.0003681834         1  0.0893171991    0.001020237      2.744843e-03            3.135332e-05
140 2013-08-24 14:52:45    199 356.3 166.2 165.8265 8.185968e-05 16.11941 0.2344908  0.1061213074   0.01089728   3.585490e-03      0.0003681833         1  0.0900300463    0.001021421      2.766750e-03            3.138972e-05
141 2013-08-24 14:53:00    200 357.2 166.2 165.8241 8.185968e-05 16.11702 0.2344908  0.1060174194   0.01089728   3.581980e-03      0.0003681832         1  0.0909465640    0.001023021      2.794916e-03            3.143887e-05
142 2013-08-24 14:53:15    201 358.0 166.2 165.8217 8.185968e-05 16.11462 0.2344908  0.1059135315   0.01089728   3.578470e-03      0.0003681831         1  0.0917612465    0.001024515      2.819952e-03            3.148478e-05
143 2013-08-24 14:53:30    202 359.1 166.2 165.8193 8.185968e-05 16.11223 0.2344908  0.1058096435   0.01089727   3.574960e-03      0.0003681829         1  0.0928814349    0.001026680      2.854377e-03            3.155131e-05
144 2013-08-24 14:53:45    203 359.8 166.2 165.8169 8.185968e-05 16.10983 0.2344908  0.1057057555   0.01089727   3.571450e-03      0.0003681828         1  0.0935942821    0.001028123      2.876284e-03            3.159568e-05
145 2013-08-24 14:54:00    204 360.7 166.3 165.9145 8.185968e-05 16.20744 0.2344908  0.1099409127   0.01089741   3.714542e-03      0.0003681876         1  0.0945107999    0.001030055      2.904450e-03            3.165504e-05
146 2013-08-24 14:54:15    205 361.6 166.3 165.9121 8.185968e-05 16.20505 0.2344908  0.1098370247   0.01089741   3.711032e-03      0.0003681875         1  0.0954273177    0.001032071      2.932616e-03            3.171699e-05
147 2013-08-24 14:54:30    206 362.6 166.3 165.9097 8.185968e-05 16.20265 0.2344908  0.1097331367   0.01089740   3.707522e-03      0.0003681874         1  0.0964456708    0.001034409      2.963911e-03            3.178884e-05
148 2013-08-24 14:54:45    207 363.4 166.4 166.0073 8.185968e-05 16.30026 0.2344908  0.1139682938   0.01089755   3.850614e-03      0.0003681922         1  0.0972603533    0.001036353      2.988948e-03            3.184859e-05
149 2013-08-24 14:55:00    208 364.2 166.5 166.1049 8.185968e-05 16.39786 0.2344908  0.1182034510   0.01089769   3.993706e-03      0.0003681971         1  0.0980750357    0.001038363      3.013984e-03            3.191036e-05
150 2013-08-24 14:55:15    209 365.1 166.5 166.1026 8.185968e-05 16.39547 0.2344908  0.1180995630   0.01089769   3.990196e-03      0.0003681969         1  0.0989915535    0.001040702      3.042150e-03            3.198223e-05
151 2013-08-24 14:55:30    210 365.9 166.5 166.1002 8.185968e-05 16.39307 0.2344908  0.1179956750   0.01089768   3.986686e-03      0.0003681968         1  0.0998062360    0.001042849      3.067186e-03            3.204823e-05
152 2013-08-24 14:55:45    211 366.9 166.6 166.1978 8.185968e-05 16.49068 0.2344908  0.1222308321   0.01089783   4.129778e-03      0.0003682017         1  0.1008245891    0.001045624      3.098482e-03            3.213349e-05
153 2013-08-24 14:56:00    212 367.9 166.8 166.3954 8.185968e-05 16.68829 0.2344908  0.1308050343   0.01089812   4.419472e-03      0.0003682117         1  0.1018429422    0.001048498      3.129777e-03            3.222181e-05
154 2013-08-24 14:56:15    213 368.8 166.6 166.1930 8.185968e-05 16.48589 0.2344908  0.1220230562   0.01089782   4.122758e-03      0.0003682015         1  0.1027594600    0.001051169      3.157943e-03            3.230390e-05
155 2013-08-24 14:56:30    214 369.9 166.5 166.0906 8.185968e-05 16.38350 0.2344908  0.1175801232   0.01089767   3.972645e-03      0.0003681963         1  0.1038796484    0.001054541      3.192368e-03            3.240753e-05
156 2013-08-24 14:56:45    215 370.8 166.6 166.1882 8.185968e-05 16.48110 0.2344908  0.1218152803   0.01089781   4.115737e-03      0.0003682012         1  0.1047961662    0.001057387      3.220534e-03            3.249500e-05
157 2013-08-24 14:57:00    216 371.9 166.5 166.0858 8.185968e-05 16.37871 0.2344908  0.1173723472   0.01089766   3.965625e-03      0.0003681961         1  0.1059163546    0.001060972      3.254959e-03            3.260516e-05
158 2013-08-24 14:57:15    217 373.0 166.6 166.1834 8.185968e-05 16.47632 0.2344908  0.1216075043   0.01089781   4.108717e-03      0.0003682010         1  0.1070365430    0.001064672      3.289384e-03            3.271886e-05
159 2013-08-24 14:57:30    218 374.0 166.6 166.1810 8.185968e-05 16.47392 0.2344908  0.1215036164   0.01089780   4.105207e-03      0.0003682009         1  0.1080548961    0.001068134      3.320679e-03            3.282526e-05
160 2013-08-24 14:57:45    219 374.9 166.6 166.1786 8.185968e-05 16.47153 0.2344908  0.1213997284   0.01089780   4.101697e-03      0.0003682007         1  0.1089714139    0.001071330      3.348845e-03            3.292348e-05
161 2013-08-24 14:58:00    220 375.8 166.6 166.1762 8.185968e-05 16.46913 0.2344908  0.1212958404   0.01089779   4.098187e-03      0.0003682006         1  0.1098879317    0.001074601      3.377011e-03            3.302400e-05
162 2013-08-24 14:58:15    221 376.9 166.6 166.1738 8.185968e-05 16.46674 0.2344908  0.1211919525   0.01089779   4.094677e-03      0.0003682005         1  0.1110081201    0.001078699      3.411436e-03            3.314995e-05
163 2013-08-24 14:58:30    222 377.7 166.6 166.1714 8.185968e-05 16.46434 0.2344908  0.1210880645   0.01089779   4.091167e-03      0.0003682004         1  0.1118228026    0.001081749      3.436472e-03            3.324367e-05
164 2013-08-24 14:58:45    223 378.5 166.6 166.1690 8.185968e-05 16.46195 0.2344908  0.1209841765   0.01089778   4.087657e-03      0.0003682003         1  0.1126374850    0.001084856      3.461508e-03            3.333915e-05
165 2013-08-24 14:59:00    224 379.6 166.7 166.2666 8.185968e-05 16.55956 0.2344908  0.1252193336   0.01089793   4.230749e-03      0.0003682052         1  0.1137576734    0.001089221      3.495933e-03            3.347330e-05
166 2013-08-24 14:59:15    225 380.5 166.6 166.1642 8.185968e-05 16.45716 0.2344908  0.1207764006   0.01089778   4.080637e-03      0.0003682000         1  0.1146741912    0.001092872      3.524099e-03            3.358549e-05
167 2013-08-24 14:59:30    226 381.5 166.7 166.2619 8.185968e-05 16.55477 0.2344908  0.1250115577   0.01089792   4.223729e-03      0.0003682049         1  0.1156925443    0.001097011      3.555395e-03            3.371270e-05
168 2013-08-24 14:59:45    227 382.6 166.6 166.1595 8.185968e-05 16.45237 0.2344908  0.1205686247   0.01089777   4.073617e-03      0.0003681998         1  0.1168127327    0.001101664      3.589820e-03            3.385567e-05
169 2013-08-24 15:00:00    228 383.7 166.6 166.1571 8.185968e-05 16.44998 0.2344908  0.1204647367   0.01089777   4.070107e-03      0.0003681997         1  0.1179329211    0.001106419      3.624245e-03            3.400181e-05
170 2013-08-24 15:00:15    229 384.8 166.7 166.2547 8.185968e-05 16.54758 0.2344908  0.1246998938   0.01089791   4.213199e-03      0.0003682046         1  0.1190531096    0.001111276      3.658670e-03            3.415108e-05
171 2013-08-24 15:00:30    230 385.8 166.8 166.3523 8.185968e-05 16.64519 0.2344908  0.1289350509   0.01089806   4.356291e-03      0.0003682095         1  0.1200714626    0.001115778      3.689965e-03            3.428944e-05
172 2013-08-24 15:00:45    231 386.7 166.7 166.2499 8.185968e-05 16.54280 0.2344908  0.1244921179   0.01089790   4.206179e-03      0.0003682043         1  0.1209879804    0.001119901      3.718131e-03            3.441613e-05
173 2013-08-24 15:01:00    232 387.6 166.8 166.3475 8.185968e-05 16.64040 0.2344908  0.1287272750   0.01089805   4.349271e-03      0.0003682092         1  0.1219044982    0.001124089      3.746297e-03            3.454482e-05
174 2013-08-24 15:01:15    233 388.7 166.8 166.3451 8.185968e-05 16.63801 0.2344908  0.1286233870   0.01089805   4.345761e-03      0.0003682091         1  0.1230246866    0.001129295      3.780722e-03            3.470482e-05
175 2013-08-24 15:01:30    234 389.8 166.9 166.4427 8.185968e-05 16.73561 0.2344908  0.1328585441   0.01089819   4.488853e-03      0.0003682141         1  0.1241448750    0.001134597      3.815147e-03            3.486776e-05
176 2013-08-24 15:01:45    235 390.7 167.1 166.6403 8.185968e-05 16.93322 0.2344908  0.1414327463   0.01089849   4.778547e-03      0.0003682242         1  0.1250613928    0.001139005      3.843313e-03            3.500323e-05
177 2013-08-24 15:02:00    236 391.9 167.1 166.6379 8.185968e-05 16.93082 0.2344908  0.1413288584   0.01089849   4.775037e-03      0.0003682240         1  0.1262834165    0.001144979      3.880867e-03            3.518683e-05

$dryleafvolt
            timestamp record LWSmV  SEmV    CSEmV     CSEmV.sd   loadmV loadmV.sd
1 2013-08-24 14:16:30     54 263.1 163.6 163.5737 8.185968e-05 13.86658 0.2344908
2 2013-08-24 14:16:45     55 263.1 163.4 163.3713 8.185968e-05 13.66419 0.2344908
3 2013-08-24 14:17:00     56 263.1 163.3 163.2689 8.185968e-05 13.56179 0.2344908
4 2013-08-24 14:17:15     57 263.1 163.4 163.3665 8.185968e-05 13.65940 0.2344908
5 2013-08-24 14:17:30     58 263.1 163.3 163.2641 8.185968e-05 13.55700 0.2344908
6 2013-08-24 14:17:45     59 263.1 163.5 163.4617 8.185968e-05 13.75461 0.2344908
7 2013-08-24 14:18:00     60 263.1 163.4 163.3593 8.185968e-05 13.65221 0.2344908

$runtime
Time difference of 44 mins

$startcalibvolt
            timestamp record LWSmV  SEmV    CSEmV     CSEmV.sd   loadmV loadmV.sd
1 2013-08-24 14:14:15     45 263.1 272.4 272.3952 8.185968e-05 122.6881 0.2344908
2 2013-08-24 14:14:30     46 263.1 272.4 272.3928 8.185968e-05 122.6857 0.2344908
3 2013-08-24 14:14:45     47 263.1 272.6 272.5904 8.185968e-05 122.8833 0.2344908
4 2013-08-24 14:15:00     48 263.1 272.7 272.6880 8.185968e-05 122.9809 0.2344908
5 2013-08-24 14:15:15     49 263.1 272.6 272.5856 8.185968e-05 122.8786 0.2344908
6 2013-08-24 14:15:30     50 263.1 272.6 272.5832 8.185968e-05 122.8762 0.2344908
7 2013-08-24 14:15:45     51 263.1 272.6 272.5808 8.185968e-05 122.8738 0.2344908

$endcalibvolt
            timestamp record LWSmV  SEmV
1 2013-08-24 15:07:00    256 265.1 273.4
2 2013-08-24 15:07:15    257 265.1 273.2
3 2013-08-24 15:07:30    258 265.1 273.2
4 2013-08-24 15:07:45    259 265.1 273.1
5 2013-08-24 15:08:00    260 265.1 273.1
6 2013-08-24 15:08:15    261 265.1 273.0
7 2013-08-24 15:08:30    262 265.1 273.1
8 2013-08-24 15:08:45    263 265.1 273.0

$lastLWSvolt
[1] 388.5

$maxLWSvolt
[1] 393.7

$species
[1] "garryoak"

$trial
[1] "2"

$replicate
[1] "1"

$isvertical
[1] FALSE

$conversionfactor
         avg        stdev
1 0.04339045 3.130674e-05

$LWSwatermass
        avg      stdev
1 0.1175729 0.00580107

$dryleafmass
        avg       stdev
1 0.5933072 0.003869413

$lwsmodel

Call:
lm(formula = LWSsurfacedensity ~ record, data = rd[rd$runfilter == 
    1, ])

Coefficients:
(Intercept)       record  
 -1.785e-03    2.318e-05  


$leafmodel

Call:
lm(formula = surfacedensity ~ record, data = rd[rd$runfilter == 
    1, ])

Coefficients:
(Intercept)       record  
 -0.0008941    0.0000231  


