$name
[1] "garryoak5rep2"

$leafarea
[1] 31.23267

$startbasevolt
            timestamp record LWSmV  SEmV CSEmV CSEmV.sd      loadmV  loadmV.sd
1 2013-09-18 16:38:45      2 264.4 150.1 150.1        0 -0.05922374 0.05165385
2 2013-09-18 16:39:00      3 264.4 150.1 150.1        0 -0.05922374 0.05165385
3 2013-09-18 16:39:15      4 264.4 150.2 150.2        0  0.04077626 0.05165385
4 2013-09-18 16:39:30      5 264.4 150.2 150.2        0  0.04077626 0.05165385
5 2013-09-18 16:39:45      6 264.4 150.2 150.2        0  0.04077626 0.05165385

$endbasevolt
            timestamp record LWSmV  SEmV    CSEmV     CSEmV.sd      loadmV  loadmV.sd
1 2013-09-18 17:33:45    222 265.7 149.9 150.1236 2.422595e-05 -0.03566210 0.05165386
2 2013-09-18 17:34:00    223 265.7 150.0 150.2246 2.422595e-05  0.06537291 0.05165386
3 2013-09-18 17:34:15    224 265.5 149.9 150.1256 2.422595e-05 -0.03359209 0.05165386

$dryragvolt
            timestamp record LWSmV  SEmV    CSEmV     CSEmV.sd   loadmV  loadmV.sd
1 2013-09-18 17:29:45    206 536.9 290.6 290.8070 2.422595e-05 140.6478 0.05165386
2 2013-09-18 17:30:00    207 536.5 290.7 290.9080 2.422595e-05 140.7488 0.05165386
3 2013-09-18 17:30:15    208 536.2 290.2 290.4091 2.422595e-05 140.2498 0.05165386

$wetragvolt
            timestamp record LWSmV  SEmV    CSEmV     CSEmV.sd   loadmV  loadmV.sd
1 2013-09-18 17:31:00    211 266.5 297.3 297.5122 2.422595e-05 147.3530 0.05165386
2 2013-09-18 17:31:15    212 265.9 297.2 297.4132 2.422595e-05 147.2540 0.05165386
3 2013-09-18 17:31:30    213 265.7 296.8 297.0142 2.422595e-05 146.8550 0.05165386
4 2013-09-18 17:31:45    214 265.7 296.6 296.8153 2.422595e-05 146.6561 0.05165386

$rundata
              timestamp record LWSmV  SEmV    CSEmV     CSEmV.sd   loadmV  loadmV.sd   watermass watermass.sd surfacedensity surfacedensity.sd runfilter      LWSwater LWSwater.stdev LWSsurfacedensity LWSsurfacedensity.stdev
1   2013-09-18 16:43:45     22 264.4 164.4 164.4166 2.422595e-05 14.25734 0.05165386 0.006577406  0.002515291   0.0002105938      8.053397e-05         0 -0.0035566034    0.001290101     -1.092994e-04            3.964662e-05
2   2013-09-18 16:44:00     23 264.9 164.4 164.4176 2.422595e-05 14.25837 0.05165386 0.006622326  0.002515291   0.0002120320      8.053399e-05         0 -0.0030474269    0.001286804     -9.365172e-05            3.954529e-05
3   2013-09-18 16:44:15     24 265.1 164.5 164.5186 2.422595e-05 14.35941 0.05165386 0.011007264  0.002515355   0.0003524279      8.053604e-05         0 -0.0028437563    0.001285489     -8.739263e-05            3.950488e-05
4   2013-09-18 16:44:30     25 265.8 164.4 164.4197 2.422595e-05 14.26044 0.05165386 0.006712165  0.002515293   0.0002149085      8.053404e-05         0 -0.0021309091    0.001280903     -6.548584e-05            3.936394e-05
5   2013-09-18 16:44:45     26 266.6 164.4 164.4207 2.422595e-05 14.26148 0.05165386 0.006757084  0.002515293   0.0002163467      8.053406e-05         0 -0.0013162266    0.001275694     -4.044950e-05            3.920387e-05
6   2013-09-18 16:45:00     27 267.4 164.5 164.5217 2.422595e-05 14.36251 0.05165386 0.011142022  0.002515357   0.0003567426      8.053610e-05         0 -0.0005015442    0.001270520     -1.541316e-05            3.904488e-05
7   2013-09-18 16:45:15     28 268.3 164.5 164.5228 2.422595e-05 14.36355 0.05165386 0.011186942  0.002515358   0.0003581808      8.053612e-05         0  0.0004149736    0.001264743      1.275272e-05            3.886732e-05
8   2013-09-18 16:45:30     29 269.4 164.5 164.5238 2.422595e-05 14.36458 0.05165386 0.011231861  0.002515358   0.0003596190      8.053614e-05         0  0.0015351620    0.001257743      4.717769e-05            3.865220e-05
9   2013-09-18 16:45:45     30 270.3 164.6 164.6248 2.422595e-05 14.46562 0.05165386 0.015616799  0.002515423   0.0005000149      8.053820e-05         0  0.0024516798    0.001252067      7.534357e-05            3.847778e-05
10  2013-09-18 16:46:00     31 271.5 164.6 164.6259 2.422595e-05 14.46665 0.05165386 0.015661718  0.002515423   0.0005014531      8.053822e-05         0  0.0036737035    0.001244572      1.128981e-04            3.824746e-05
11  2013-09-18 16:46:15     32 272.7 164.8 164.8269 2.422595e-05 14.66769 0.05165386 0.024386674  0.002515553   0.0007808067      8.054236e-05         0  0.0048957273    0.001237162      1.504526e-04            3.801974e-05
12  2013-09-18 16:46:30     33 273.8 164.7 164.7279 2.422595e-05 14.56872 0.05165386 0.020091575  0.002515489   0.0006432872      8.054032e-05         0  0.0060159157    0.001230446      1.848776e-04            3.781334e-05
13  2013-09-18 16:46:45     34 275.1 164.7 164.7290 2.422595e-05 14.56976 0.05165386 0.020136495  0.002515490   0.0006447255      8.054034e-05         1  0.0073397747    0.001222604      2.255616e-04            3.757234e-05
14  2013-09-18 16:47:00     35 276.3 164.8 164.8300 2.422595e-05 14.67079 0.05165386 0.024521433  0.002515555   0.0007851213      8.054243e-05         1  0.0085617984    0.001215458      2.631161e-04            3.735274e-05
15  2013-09-18 16:47:15     36 277.6 164.8 164.8311 2.422595e-05 14.67183 0.05165386 0.024566352  0.002515555   0.0007865596      8.054245e-05         1  0.0098856574    0.001207820      3.038002e-04            3.711801e-05
16  2013-09-18 16:47:30     37 278.8 165.0 165.0321 2.422595e-05 14.87286 0.05165386 0.033291308  0.002515687   0.0010659131      8.054665e-05         1  0.0111076812    0.001200866      3.413547e-04            3.690431e-05
17  2013-09-18 16:47:45     38 280.0 165.0 165.0331 2.422595e-05 14.87390 0.05165386 0.033336227  0.002515687   0.0010673513      8.054667e-05         1  0.0123297049    0.001194007      3.789092e-04            3.669352e-05
18  2013-09-18 16:48:00     39 281.3 165.0 165.0342 2.422595e-05 14.87493 0.05165386 0.033381147  0.002515688   0.0010687895      8.054669e-05         1  0.0136535639    0.001186685      4.195932e-04            3.646849e-05
19  2013-09-18 16:48:15     40 282.5 165.0 165.0352 2.422595e-05 14.87597 0.05165386 0.033426066  0.002515689   0.0010702278      8.054671e-05         1  0.0148755876    0.001180028      4.571477e-04            3.626391e-05
20  2013-09-18 16:48:30     41 283.8 165.2 165.2362 2.422595e-05 15.07700 0.05165386 0.042151022  0.002515822   0.0013495813      8.055097e-05         1  0.0161994467    0.001172928      4.978318e-04            3.604574e-05
21  2013-09-18 16:48:45     42 285.1 165.1 165.1373 2.422595e-05 14.97804 0.05165386 0.037855923  0.002515756   0.0012120619      8.054887e-05         1  0.0175233057    0.001165948      5.385158e-04            3.583123e-05
22  2013-09-18 16:49:00     43 286.4 165.1 165.1383 2.422595e-05 14.97907 0.05165386 0.037900843  0.002515757   0.0012135001      8.054889e-05         1  0.0188471647    0.001159089      5.791999e-04            3.562044e-05
23  2013-09-18 16:49:15     44 287.7 165.1 165.1393 2.422595e-05 14.98011 0.05165386 0.037945762  0.002515757   0.0012149383      8.054891e-05         1  0.0201710237    0.001152354      6.198840e-04            3.541345e-05
24  2013-09-18 16:49:30     45 288.9 165.3 165.3404 2.422595e-05 15.18114 0.05165386 0.046670718  0.002515891   0.0014942919      8.055320e-05         1  0.0213930475    0.001146247      6.574385e-04            3.522580e-05
25  2013-09-18 16:49:45     46 290.3 165.3 165.3414 2.422595e-05 15.18218 0.05165386 0.046715638  0.002515892   0.0014957301      8.055322e-05         1  0.0228187418    0.001139261      7.012521e-04            3.501110e-05
26  2013-09-18 16:50:00     47 291.5 165.4 165.4424 2.422595e-05 15.28321 0.05165386 0.051100575  0.002515960   0.0016361260      8.055539e-05         1  0.0240407655    0.001133393      7.388066e-04            3.483076e-05
27  2013-09-18 16:50:15     48 292.8 165.3 165.3435 2.422595e-05 15.18425 0.05165386 0.046805477  0.002515893   0.0014986065      8.055326e-05         1  0.0253646245    0.001127163      7.794906e-04            3.463929e-05
28  2013-09-18 16:50:30     49 294.1 165.4 165.4445 2.422595e-05 15.28528 0.05165386 0.051190414  0.002515961   0.0016390024      8.055544e-05         1  0.0266884836    0.001121066      8.201747e-04            3.445195e-05
29  2013-09-18 16:50:45     50 295.4 165.7 165.7455 2.422595e-05 15.58632 0.05165386 0.064255388  0.002516166   0.0020573136      8.056201e-05         1  0.0280123426    0.001115107      8.608587e-04            3.426880e-05
30  2013-09-18 16:51:00     51 296.8 165.5 165.5466 2.422595e-05 15.38735 0.05165386 0.055620271  0.002516030   0.0017808365      8.055765e-05         1  0.0294380369    0.001108843      9.046723e-04            3.407632e-05
31  2013-09-18 16:51:15     52 298.1 165.4 165.4476 2.422595e-05 15.28839 0.05165386 0.051325173  0.002515963   0.0016433171      8.055551e-05         1  0.0307618960    0.001103174      9.453564e-04            3.390209e-05
32  2013-09-18 16:51:30     53 299.4 165.6 165.6486 2.422595e-05 15.48942 0.05165386 0.060050129  0.002516100   0.0019226706      8.055988e-05         1  0.0320857550    0.001097648      9.860404e-04            3.373225e-05
33  2013-09-18 16:51:45     54 300.7 165.6 165.6497 2.422595e-05 15.49046 0.05165386 0.060095048  0.002516100   0.0019241088      8.055990e-05         1  0.0334096140    0.001092266      1.026724e-03            3.356689e-05
34  2013-09-18 16:52:00     55 302.0 165.7 165.7507 2.422595e-05 15.59149 0.05165386 0.064479986  0.002516170   0.0020645047      8.056212e-05         1  0.0347334730    0.001087033      1.067409e-03            3.340605e-05
35  2013-09-18 16:52:15     56 303.4 165.7 165.7518 2.422595e-05 15.59253 0.05165386 0.064524905  0.002516171   0.0020659429      8.056214e-05         1  0.0361591674    0.001081564      1.111222e-03            3.323798e-05
36  2013-09-18 16:52:30     57 304.8 165.9 165.9528 2.422595e-05 15.79356 0.05165386 0.073249861  0.002516310   0.0023452965      8.056660e-05         1  0.0375848617    0.001076271      1.155036e-03            3.307533e-05
37  2013-09-18 16:52:45     58 306.1 165.9 165.9538 2.422595e-05 15.79460 0.05165386 0.073294780  0.002516310   0.0023467347      8.056663e-05         1  0.0389087207    0.001071517      1.195720e-03            3.292922e-05
38  2013-09-18 16:53:00     59 307.4 165.7 165.7549 2.422595e-05 15.59563 0.05165386 0.064659664  0.002516173   0.0020702576      8.056221e-05         1  0.0402325798    0.001066918      1.236404e-03            3.278790e-05
39  2013-09-18 16:53:15     60 308.8 165.8 165.8559 2.422595e-05 15.69667 0.05165386 0.069044601  0.002516242   0.0022106535      8.056445e-05         1  0.0416582741    0.001062143      1.280217e-03            3.264115e-05
40  2013-09-18 16:53:30     61 310.0 165.9 165.9569 2.422595e-05 15.79770 0.05165386 0.073429539  0.002516313   0.0023510494      8.056669e-05         1  0.0428802978    0.001058198      1.317772e-03            3.251991e-05
41  2013-09-18 16:53:45     62 311.3 165.8 165.8580 2.422595e-05 15.69874 0.05165386 0.069134440  0.002516244   0.0022135299      8.056449e-05         1  0.0442041568    0.001054080      1.358456e-03            3.239337e-05
42  2013-09-18 16:54:00     63 312.6 165.9 165.9590 2.422595e-05 15.79977 0.05165386 0.073519378  0.002516314   0.0023539258      8.056674e-05         1  0.0455280159    0.001050126      1.399140e-03            3.227186e-05
43  2013-09-18 16:54:15     64 313.9 166.0 166.0600 2.422595e-05 15.90081 0.05165386 0.077904316  0.002516385   0.0024943217      8.056900e-05         1  0.0468518749    0.001046339      1.439824e-03            3.215546e-05
44  2013-09-18 16:54:30     65 315.3 166.0 166.0611 2.422595e-05 15.90184 0.05165386 0.077949235  0.002516386   0.0024957599      8.056903e-05         1  0.0482775692    0.001042447      1.483638e-03            3.203586e-05
45  2013-09-18 16:54:45     66 316.6 166.1 166.1621 2.422595e-05 16.00288 0.05165386 0.082334173  0.002516457   0.0026361558      8.057130e-05         1  0.0496014283    0.001039009      1.524322e-03            3.193022e-05
46  2013-09-18 16:55:00     67 317.9 166.2 166.2631 2.422595e-05 16.10391 0.05165386 0.086719110  0.002516528   0.0027765517      8.057360e-05         1  0.0509252873    0.001035743      1.565006e-03            3.182985e-05
47  2013-09-18 16:55:15     68 319.2 166.3 166.3642 2.422595e-05 16.20495 0.05165386 0.091104048  0.002516600   0.0029169475      8.057590e-05         1  0.0522491463    0.001032650      1.605690e-03            3.173479e-05
48  2013-09-18 16:55:30     69 320.6 166.3 166.3652 2.422595e-05 16.20598 0.05165386 0.091148967  0.002516601   0.0029183858      8.057593e-05         1  0.0536748407    0.001029514      1.649503e-03            3.163842e-05
49  2013-09-18 16:55:45     70 321.9 166.5 166.5662 2.422595e-05 16.40702 0.05165386 0.099873923  0.002516746   0.0031977393      8.058056e-05         1  0.0549986997    0.001026785      1.690187e-03            3.155455e-05
50  2013-09-18 16:56:00     71 323.3 166.2 166.2673 2.422595e-05 16.10805 0.05165386 0.086898788  0.002516531   0.0027823046      8.057369e-05         1  0.0564243940    0.001024044      1.734001e-03            3.147032e-05
51  2013-09-18 16:56:15     72 324.6 166.2 166.2683 2.422595e-05 16.10909 0.05165386 0.086943708  0.002516532   0.0027837428      8.057371e-05         1  0.0577482531    0.001021685      1.774685e-03            3.139783e-05
52  2013-09-18 16:56:30     73 326.0 166.1 166.1693 2.422595e-05 16.01012 0.05165386 0.082648609  0.002516462   0.0026462233      8.057147e-05         1  0.0591739474    0.001019346      1.818499e-03            3.132595e-05
53  2013-09-18 16:56:45     74 327.3 166.3 166.3704 2.422595e-05 16.21116 0.05165386 0.091373565  0.002516605   0.0029255769      8.057605e-05         1  0.0604978064    0.001017363      1.859183e-03            3.126499e-05
54  2013-09-18 16:57:00     75 328.6 166.5 166.5714 2.422595e-05 16.41219 0.05165386 0.100098521  0.002516749   0.0032049304      8.058068e-05         1  0.0618216654    0.001015562      1.899867e-03            3.120965e-05
55  2013-09-18 16:57:15     76 330.1 166.5 166.5725 2.422595e-05 16.41323 0.05165386 0.100143440  0.002516750   0.0032063686      8.058070e-05         1  0.0633491951    0.001013712      1.946810e-03            3.115279e-05
56  2013-09-18 16:57:30     77 331.3 166.5 166.5735 2.422595e-05 16.41426 0.05165386 0.100188360  0.002516751   0.0032078069      8.058073e-05         1  0.0645712188    0.001012408      1.984364e-03            3.111274e-05
57  2013-09-18 16:57:45     78 332.7 166.5 166.5745 2.422595e-05 16.41530 0.05165386 0.100233279  0.002516752   0.0032092451      8.058075e-05         1  0.0659969131    0.001011087      2.028178e-03            3.107214e-05
58  2013-09-18 16:58:00     79 334.2 166.7 166.7756 2.422595e-05 16.61633 0.05165386 0.108958235  0.002516898   0.0034885986      8.058544e-05         1  0.0675244428    0.001009911      2.075121e-03            3.103599e-05
59  2013-09-18 16:58:15     80 335.6 166.6 166.6766 2.422595e-05 16.51737 0.05165386 0.104663136  0.002516826   0.0033510792      8.058313e-05         1  0.0689501371    0.001009038      2.118935e-03            3.100914e-05
60  2013-09-18 16:58:30     81 337.0 166.7 166.7776 2.422595e-05 16.61840 0.05165386 0.109048074  0.002516900   0.0034914751      8.058549e-05         1  0.0703758315    0.001008381      2.162748e-03            3.098896e-05
61  2013-09-18 16:58:45     82 338.4 166.8 166.8787 2.422595e-05 16.71944 0.05165386 0.113433012  0.002516974   0.0036318709      8.058787e-05         1  0.0718015258    0.001007941      2.206562e-03            3.097546e-05
62  2013-09-18 16:59:00     83 339.8 166.9 166.9797 2.422595e-05 16.82047 0.05165386 0.117817949  0.002517049   0.0037722668      8.059026e-05         1  0.0732272201    0.001007720      2.250376e-03            3.096864e-05
63  2013-09-18 16:59:15     84 341.3 167.0 167.0807 2.422595e-05 16.92151 0.05165386 0.122202887  0.002517124   0.0039126627      8.059267e-05         1  0.0747547498    0.001007724      2.297319e-03            3.096876e-05
64  2013-09-18 16:59:30     85 342.8 166.9 166.9818 2.422595e-05 16.82254 0.05165386 0.117907788  0.002517050   0.0037751433      8.059031e-05         1  0.0762822794    0.001007978      2.344262e-03            3.097657e-05
65  2013-09-18 16:59:45     86 344.4 167.0 167.0828 2.422595e-05 16.92358 0.05165386 0.122292726  0.002517126   0.0039155391      8.059272e-05         1  0.0779116444    0.001008524      2.394334e-03            3.099336e-05
66  2013-09-18 17:00:00     87 346.1 167.1 167.1838 2.422595e-05 17.02461 0.05165386 0.126677664  0.002517201   0.0040559350      8.059515e-05         1  0.0796428447    0.001009415      2.447537e-03            3.102075e-05
67  2013-09-18 17:00:15     88 347.6 167.0 167.0849 2.422595e-05 16.92565 0.05165386 0.122382565  0.002517127   0.0039184156      8.059277e-05         1  0.0811703743    0.001010467      2.494480e-03            3.105307e-05
68  2013-09-18 17:00:30     89 349.3 167.0 167.0859 2.422595e-05 16.92668 0.05165386 0.122427484  0.002517128   0.0039198538      8.059280e-05         1  0.0829015746    0.001011958      2.547682e-03            3.109891e-05
69  2013-09-18 17:00:45     90 350.9 167.3 167.3869 2.422595e-05 17.22772 0.05165386 0.135492458  0.002517355   0.0043381650      8.060006e-05         1  0.0845309395    0.001013652      2.597755e-03            3.115096e-05
70  2013-09-18 17:01:00     91 352.7 167.3 167.3880 2.422595e-05 17.22875 0.05165386 0.135537378  0.002517356   0.0043396032      8.060008e-05         1  0.0863639751    0.001015891      2.654087e-03            3.121977e-05
71  2013-09-18 17:01:15     92 354.3 167.3 167.3890 2.422595e-05 17.22979 0.05165386 0.135582297  0.002517356   0.0043410415      8.060011e-05         1  0.0879933401    0.001018177      2.704159e-03            3.129001e-05
72  2013-09-18 17:01:30     93 356.2 167.3 167.3900 2.422595e-05 17.23082 0.05165386 0.135627217  0.002517357   0.0043424797      8.060014e-05         1  0.0899282109    0.001021249      2.763620e-03            3.138442e-05
73  2013-09-18 17:01:45     94 357.9 167.5 167.5911 2.422595e-05 17.43186 0.05165386 0.144352173  0.002517511   0.0046218332      8.060506e-05         1  0.0916594112    0.001024324      2.816823e-03            3.147893e-05
74  2013-09-18 17:02:00     95 359.5 167.4 167.4921 2.422595e-05 17.33289 0.05165386 0.140057074  0.002517435   0.0044843138      8.060263e-05         1  0.0932887762    0.001027498      2.866895e-03            3.157647e-05
75  2013-09-18 17:02:15     96 361.3 167.4 167.4932 2.422595e-05 17.33393 0.05165386 0.140101993  0.002517436   0.0044857520      8.060265e-05         1  0.0951218117    0.001031389      2.923227e-03            3.169605e-05
76  2013-09-18 17:02:30     97 363.2 167.4 167.4942 2.422595e-05 17.33496 0.05165386 0.140146913  0.002517437   0.0044871902      8.060268e-05         1  0.0970566826    0.001035861      2.982688e-03            3.183347e-05
77  2013-09-18 17:02:45     98 365.0 167.6 167.6952 2.422595e-05 17.53600 0.05165386 0.148871869  0.002517591   0.0047665438      8.060763e-05         1  0.0988897182    0.001040438      3.039020e-03            3.197412e-05
78  2013-09-18 17:03:00     99 366.8 167.6 167.6963 2.422595e-05 17.53703 0.05165386 0.148916788  0.002517592   0.0047679820      8.060765e-05         1  0.1007227538    0.001045342      3.095352e-03            3.212483e-05
79  2013-09-18 17:03:15    100 368.5 167.7 167.7973 2.422595e-05 17.63807 0.05165386 0.153301726  0.002517670   0.0049083779      8.061016e-05         1  0.1024539541    0.001050270      3.148554e-03            3.227626e-05
80  2013-09-18 17:03:30    101 370.3 167.7 167.7983 2.422595e-05 17.63910 0.05165386 0.153346645  0.002517671   0.0049098161      8.061019e-05         1  0.1042869896    0.001055796      3.204886e-03            3.244611e-05
81  2013-09-18 17:03:45    102 372.2 167.8 167.8994 2.422595e-05 17.74014 0.05165386 0.157731583  0.002517750   0.0050502120      8.061271e-05         1  0.1062218605    0.001061969      3.264347e-03            3.263582e-05
82  2013-09-18 17:04:00    103 374.3 167.8 167.9004 2.422595e-05 17.74117 0.05165386 0.157776502  0.002517751   0.0050516502      8.061274e-05         1  0.1083604020    0.001069191      3.330068e-03            3.285774e-05
83  2013-09-18 17:04:15    104 376.1 167.8 167.9014 2.422595e-05 17.74221 0.05165386 0.157821422  0.002517752   0.0050530884      8.061277e-05         1  0.1101934376    0.001075708      3.386399e-03            3.305801e-05
84  2013-09-18 17:04:30    105 378.1 167.9 168.0025 2.422595e-05 17.84324 0.05165386 0.162206360  0.002517831   0.0051934843      8.061531e-05         1  0.1122301438    0.001083295      3.448990e-03            3.329119e-05
85  2013-09-18 17:04:45    106 380.1 168.0 168.1035 2.422595e-05 17.94428 0.05165386 0.166591297  0.002517911   0.0053338802      8.061786e-05         1  0.1142668500    0.001091241      3.511581e-03            3.353536e-05
86  2013-09-18 17:05:00    107 381.9 168.1 168.2045 2.422595e-05 18.04531 0.05165386 0.170976235  0.002517991   0.0054742761      8.062043e-05         1  0.1160998856    0.001098691      3.567913e-03            3.376432e-05
87  2013-09-18 17:05:15    108 383.9 168.0 168.1056 2.422595e-05 17.94635 0.05165386 0.166681136  0.002517912   0.0053367566      8.061791e-05         1  0.1181365918    0.001107295      3.630504e-03            3.402872e-05
88  2013-09-18 17:05:30    109 385.6 168.1 168.2066 2.422595e-05 18.04738 0.05165386 0.171066074  0.002517993   0.0054771525      8.062048e-05         1  0.1198677920    0.001114871      3.683706e-03            3.426157e-05
89  2013-09-18 17:05:45    110 387.7 168.2 168.3076 2.422595e-05 18.14842 0.05165386 0.175451011  0.002518073   0.0056175484      8.062306e-05         1  0.1220063335    0.001124558      3.749426e-03            3.455925e-05
90  2013-09-18 17:06:00    111 389.8 168.2 168.3087 2.422595e-05 18.14945 0.05165386 0.175495931  0.002518074   0.0056189866      8.062309e-05         1  0.1241448750    0.001134597      3.815147e-03            3.486776e-05
91  2013-09-18 17:06:15    112 392.0 168.4 168.5097 2.422595e-05 18.35049 0.05165386 0.184220887  0.002518236   0.0058983401      8.062827e-05         1  0.1263852519    0.001145482      3.883997e-03            3.520228e-05
92  2013-09-18 17:06:30    113 393.9 168.3 168.4107 2.422595e-05 18.25152 0.05165386 0.179925788  0.002518156   0.0057608207      8.062571e-05         1  0.1283201227    0.001155178      3.943458e-03            3.550025e-05
93  2013-09-18 17:06:45    114 396.3 168.3 168.4118 2.422595e-05 18.25256 0.05165386 0.179970708  0.002518157   0.0057622589      8.062574e-05         1  0.1307641702    0.001167805      4.018567e-03            3.588830e-05
94  2013-09-18 17:07:00    115 398.4 168.2 168.3128 2.422595e-05 18.15359 0.05165386 0.175675609  0.002518077   0.0056247395      8.062319e-05         1  0.1329027117    0.001179192      4.084287e-03            3.623822e-05
95  2013-09-18 17:07:15    116 401.0 168.3 168.4139 2.422595e-05 18.25463 0.05165386 0.180060547  0.002518158   0.0057651354      8.062579e-05         1  0.1355504297    0.001193712      4.165655e-03            3.668446e-05
96  2013-09-18 17:07:30    117 403.2 168.2 168.3149 2.422595e-05 18.15566 0.05165386 0.175765448  0.002518079   0.0056276159      8.062325e-05         1  0.1377908066    0.001206352      4.234505e-03            3.707291e-05
97  2013-09-18 17:07:45    118 405.4 168.3 168.4159 2.422595e-05 18.25670 0.05165386 0.180150386  0.002518160   0.0057680118      8.062585e-05         1  0.1400311834    0.001219306      4.303355e-03            3.747099e-05
98  2013-09-18 17:08:00    119 407.9 168.2 168.3170 2.422595e-05 18.15773 0.05165386 0.175855287  0.002518081   0.0056304924      8.062330e-05         1  0.1425770661    0.001234394      4.381594e-03            3.793467e-05
99  2013-09-18 17:08:15    120 409.9 168.5 168.6180 2.422595e-05 18.45877 0.05165386 0.188920261  0.002518324   0.0060488036      8.063108e-05         1  0.1446137723    0.001246737      4.444185e-03            3.831399e-05
100 2013-09-18 17:08:30    121 412.1 168.4 168.5190 2.422595e-05 18.35980 0.05165386 0.184625162  0.002518243   0.0059112841      8.062851e-05         1  0.1468541491    0.001260586      4.513035e-03            3.873957e-05
101 2013-09-18 17:08:45    122 413.9 168.4 168.5201 2.422595e-05 18.36084 0.05165386 0.184670082  0.002518244   0.0059127224      8.062854e-05         1  0.1486871847    0.001272121      4.569366e-03            3.909407e-05
102 2013-09-18 17:09:00    123 415.7 168.5 168.6211 2.422595e-05 18.46187 0.05165386 0.189055019  0.002518326   0.0060531182      8.063117e-05         1  0.1505202203    0.001283835      4.625698e-03            3.945406e-05
103 2013-09-18 17:09:15    124 417.8 168.6 168.7221 2.422595e-05 18.56291 0.05165386 0.193439957  0.002518409   0.0061935141      8.063381e-05         1  0.1526587618    0.001297721      4.691419e-03            3.988080e-05
104 2013-09-18 17:09:30    125 419.6 168.4 168.5232 2.422595e-05 18.36394 0.05165386 0.184804840  0.002518247   0.0059170370      8.062862e-05         1  0.1544917974    0.001309807      4.747750e-03            4.025221e-05
105 2013-09-18 17:09:45    126 421.3 168.7 168.8242 2.422595e-05 18.66498 0.05165386 0.197869814  0.002518493   0.0063353482      8.063649e-05         1  0.1562229976    0.001321371      4.800953e-03            4.060760e-05
106 2013-09-18 17:10:00    127 423.2 168.6 168.7252 2.422595e-05 18.56601 0.05165386 0.193574716  0.002518411   0.0061978288      8.063389e-05         1  0.1581578685    0.001334465      4.860414e-03            4.100999e-05
107 2013-09-18 17:10:15    128 424.8 168.6 168.7263 2.422595e-05 18.56705 0.05165386 0.193619635  0.002518412   0.0061992670      8.063392e-05         1  0.1597872335    0.001345625      4.910487e-03            4.135296e-05
108 2013-09-18 17:10:30    129 426.3 168.8 168.9273 2.422595e-05 18.76808 0.05165386 0.202344591  0.002518578   0.0064786205      8.063921e-05         1  0.1613147631    0.001356197      4.957430e-03            4.167783e-05
109 2013-09-18 17:10:45    130 427.9 168.9 169.0283 2.422595e-05 18.86912 0.05165386 0.206729528  0.002518661   0.0066190164      8.064190e-05         1  0.1629441281    0.001367586      5.007502e-03            4.202784e-05
110 2013-09-18 17:11:00    131 429.3 169.0 169.1294 2.422595e-05 18.97015 0.05165386 0.211114466  0.002518746   0.0067594123      8.064460e-05         1  0.1643698224    0.001377645      5.051316e-03            4.233696e-05
111 2013-09-18 17:11:15    132 430.7 169.0 169.1304 2.422595e-05 18.97119 0.05165386 0.211159386  0.002518747   0.0067608505      8.064463e-05         1  0.1657955167    0.001387789      5.095130e-03            4.264871e-05
112 2013-09-18 17:11:30    133 432.1 169.1 169.2314 2.422595e-05 19.07222 0.05165386 0.215544323  0.002518831   0.0069012464      8.064734e-05         1  0.1672212111    0.001398017      5.138943e-03            4.296302e-05
113 2013-09-18 17:11:45    134 433.6 169.1 169.2325 2.422595e-05 19.07326 0.05165386 0.215589243  0.002518832   0.0069026846      8.064737e-05         1  0.1687487407    0.001409065      5.185886e-03            4.330256e-05
114 2013-09-18 17:12:00    135 435.1 169.2 169.3335 2.422595e-05 19.17429 0.05165386 0.219974180  0.002518917   0.0070430805      8.065009e-05         1  0.1702762704    0.001420205      5.232829e-03            4.364491e-05
115 2013-09-18 17:12:15    136 436.5 169.3 169.4346 2.422595e-05 19.27533 0.05165386 0.224359118  0.002519003   0.0071834764      8.065284e-05         1  0.1717019647    0.001430683      5.276643e-03            4.396691e-05
116 2013-09-18 17:12:30    137 437.9 169.3 169.4356 2.422595e-05 19.27636 0.05165386 0.224404037  0.002519004   0.0071849146      8.065286e-05         1  0.1731276591    0.001441237      5.320457e-03            4.429125e-05
117 2013-09-18 17:12:45    138 439.4 169.3 169.4366 2.422595e-05 19.27740 0.05165386 0.224448957  0.002519005   0.0071863528      8.065289e-05         1  0.1746551887    0.001452628      5.367400e-03            4.464130e-05
118 2013-09-18 17:13:00    139 440.9 169.3 169.4377 2.422595e-05 19.27843 0.05165386 0.224493876  0.002519006   0.0071877911      8.065292e-05         1  0.1761827183    0.001464102      5.414343e-03            4.499391e-05
119 2013-09-18 17:13:15    140 442.3 169.3 169.4387 2.422595e-05 19.27947 0.05165386 0.224538796  0.002519007   0.0071892293      8.065295e-05         1  0.1776084127    0.001474885      5.458157e-03            4.532528e-05
120 2013-09-18 17:13:30    141 443.8 169.2 169.3397 2.422595e-05 19.18050 0.05165386 0.220243697  0.002518923   0.0070517098      8.065026e-05         1  0.1791359423    0.001486514      5.505100e-03            4.568268e-05
121 2013-09-18 17:13:45    142 445.4 169.3 169.4408 2.422595e-05 19.28154 0.05165386 0.224628635  0.002519008   0.0071921057      8.065301e-05         1  0.1807653073    0.001499005      5.555172e-03            4.606655e-05
122 2013-09-18 17:14:00    143 446.8 169.4 169.5418 2.422595e-05 19.38257 0.05165386 0.229013573  0.002519095   0.0073325016      8.065576e-05         1  0.1821910016    0.001510006      5.598986e-03            4.640461e-05
123 2013-09-18 17:14:15    144 448.4 169.5 169.6428 2.422595e-05 19.48361 0.05165386 0.233398510  0.002519181   0.0074728975      8.065853e-05         1  0.1838203666    0.001522657      5.649059e-03            4.679341e-05
124 2013-09-18 17:14:30    145 449.9 169.6 169.7439 2.422595e-05 19.58464 0.05165386 0.237783448  0.002519268   0.0076132934      8.066132e-05         1  0.1853478962    0.001534593      5.696002e-03            4.716020e-05
125 2013-09-18 17:14:45    146 451.7 169.4 169.5449 2.422595e-05 19.38568 0.05165386 0.229148331  0.002519097   0.0073368163      8.065585e-05         1  0.1871809318    0.001549009      5.752333e-03            4.760322e-05
126 2013-09-18 17:15:00    147 453.1 169.6 169.7459 2.422595e-05 19.58671 0.05165386 0.237873287  0.002519270   0.0076161698      8.066138e-05         1  0.1886066261    0.001560290      5.796147e-03            4.794991e-05
127 2013-09-18 17:15:15    148 454.8 169.6 169.7470 2.422595e-05 19.58775 0.05165386 0.237918206  0.002519271   0.0076176080      8.066141e-05         1  0.1903378264    0.001574067      5.849349e-03            4.837330e-05
128 2013-09-18 17:15:30    149 456.4 169.8 169.9480 2.422595e-05 19.78878 0.05165386 0.246643162  0.002519445   0.0078969616      8.066699e-05         1  0.1919671914    0.001587111      5.899422e-03            4.877415e-05
129 2013-09-18 17:15:45    150 457.8 169.9 170.0490 2.422595e-05 19.88982 0.05165386 0.251028100  0.002519534   0.0080373574      8.066982e-05         1  0.1933928857    0.001598584      5.943236e-03            4.912674e-05
130 2013-09-18 17:16:00    151 459.0 169.9 170.0501 2.422595e-05 19.89085 0.05165386 0.251073019  0.002519535   0.0080387957      8.066985e-05         1  0.1946149094    0.001608462      5.980790e-03            4.943029e-05
131 2013-09-18 17:16:15    152 460.3 169.9 170.0511 2.422595e-05 19.89189 0.05165386 0.251117939  0.002519535   0.0080402339      8.066988e-05         1  0.1959387685    0.001619207      6.021474e-03            4.976050e-05
132 2013-09-18 17:16:30    153 461.6 169.9 170.0521 2.422595e-05 19.89292 0.05165386 0.251162858  0.002519536   0.0080416721      8.066991e-05         1  0.1972626275    0.001629997      6.062158e-03            5.009211e-05
133 2013-09-18 17:16:45    154 463.3 169.8 169.9532 2.422595e-05 19.79396 0.05165386 0.246867760  0.002519450   0.0079041527      8.066714e-05         1  0.1989938277    0.001644174      6.115360e-03            5.052779e-05
134 2013-09-18 17:17:00    155 464.9 170.0 170.1542 2.422595e-05 19.99499 0.05165386 0.255592715  0.002519626   0.0081835062      8.067278e-05         1  0.2006231927    0.001657585      6.165433e-03            5.093993e-05
135 2013-09-18 17:17:15    156 466.8 170.0 170.1553 2.422595e-05 19.99603 0.05165386 0.255637635  0.002519627   0.0081849444      8.067281e-05         1  0.2025580636    0.001673594      6.224894e-03            5.143189e-05
136 2013-09-18 17:17:30    157 468.3 170.0 170.1563 2.422595e-05 19.99706 0.05165386 0.255682554  0.002519628   0.0081863827      8.067284e-05         1  0.2040855932    0.001686294      6.271838e-03            5.182218e-05
137 2013-09-18 17:17:45    158 470.0 170.2 170.3573 2.422595e-05 20.19810 0.05165386 0.264407510  0.002519806   0.0084657362      8.067854e-05         1  0.2058167935    0.001700752      6.325040e-03            5.226649e-05
138 2013-09-18 17:18:00    159 471.7 170.2 170.3584 2.422595e-05 20.19913 0.05165386 0.264452430  0.002519807   0.0084671744      8.067857e-05         1  0.2075479938    0.001715276      6.378242e-03            5.271286e-05
139 2013-09-18 17:18:15    160 473.1 170.3 170.4594 2.422595e-05 20.30017 0.05165386 0.268837367  0.002519897   0.0086075703      8.068146e-05         1  0.2089736881    0.001727287      6.422056e-03            5.308196e-05
140 2013-09-18 17:18:30    161 475.0 170.2 170.3604 2.422595e-05 20.20120 0.05165386 0.264542269  0.002519809   0.0084700509      8.067863e-05         1  0.2109085590    0.001743656      6.481517e-03            5.358500e-05
141 2013-09-18 17:18:45    162 476.5 170.2 170.3615 2.422595e-05 20.20224 0.05165386 0.264587188  0.002519810   0.0084714891      8.067866e-05         1  0.2124360886    0.001756634      6.528460e-03            5.398382e-05
142 2013-09-18 17:19:00    163 477.7 170.3 170.4625 2.422595e-05 20.30327 0.05165386 0.268972126  0.002519900   0.0086118850      8.068155e-05         1  0.2136581124    0.001767050      6.566015e-03            5.430393e-05
143 2013-09-18 17:19:15    164 479.2 170.3 170.4635 2.422595e-05 20.30431 0.05165386 0.269017045  0.002519901   0.0086133232      8.068158e-05         1  0.2151856420    0.001780112      6.612958e-03            5.470534e-05
144 2013-09-18 17:19:30    165 480.9 170.3 170.4646 2.422595e-05 20.30534 0.05165386 0.269061965  0.002519902   0.0086147614      8.068161e-05         1  0.2169168423    0.001794970      6.666160e-03            5.516195e-05
145 2013-09-18 17:19:45    166 482.0 170.5 170.6656 2.422595e-05 20.50638 0.05165386 0.277786921  0.002520083   0.0088941150      8.068740e-05         1  0.2180370307    0.001804614      6.700585e-03            5.545834e-05
146 2013-09-18 17:20:00    167 483.4 170.5 170.6666 2.422595e-05 20.50741 0.05165386 0.277831840  0.002520083   0.0088955532      8.068743e-05         1  0.2194627250    0.001816923      6.744398e-03            5.583660e-05
147 2013-09-18 17:20:15    168 484.8 170.6 170.7677 2.422595e-05 20.60845 0.05165386 0.282216778  0.002520175   0.0090359491      8.069036e-05         1  0.2208884194    0.001829269      6.788212e-03            5.621601e-05
148 2013-09-18 17:20:30    169 486.2 170.5 170.6687 2.422595e-05 20.50948 0.05165386 0.277921679  0.002520085   0.0088984296      8.068749e-05         1  0.2223141137    0.001841651      6.832026e-03            5.659653e-05
149 2013-09-18 17:20:45    170 487.5 170.5 170.6697 2.422595e-05 20.51052 0.05165386 0.277966599  0.002520086   0.0088998678      8.068752e-05         1  0.2236379727    0.001853181      6.872710e-03            5.695086e-05
150 2013-09-18 17:21:00    171 488.6 170.7 170.8708 2.422595e-05 20.71155 0.05165386 0.286691554  0.002520269   0.0091792214      8.069337e-05         1  0.2247581611    0.001862960      6.907135e-03            5.725140e-05
151 2013-09-18 17:21:15    172 490.2 170.6 170.7718 2.422595e-05 20.61259 0.05165386 0.282396456  0.002520179   0.0090417019      8.069048e-05         1  0.2263875261    0.001877223      6.957207e-03            5.768971e-05
152 2013-09-18 17:21:30    173 492.0 170.5 170.6728 2.422595e-05 20.51362 0.05165386 0.278101357  0.002520089   0.0089041825      8.068761e-05         1  0.2282205617    0.001893321      7.013539e-03            5.818443e-05
153 2013-09-18 17:21:45    174 493.4 170.6 170.7739 2.422595e-05 20.61466 0.05165386 0.282486295  0.002520181   0.0090445784      8.069054e-05         1  0.2296462560    0.001905880      7.057353e-03            5.857036e-05
154 2013-09-18 17:22:00    175 494.8 170.8 170.9749 2.422595e-05 20.81569 0.05165386 0.291211251  0.002520364   0.0093239319      8.069642e-05         1  0.2310719503    0.001918470      7.101166e-03            5.895729e-05
155 2013-09-18 17:22:15    176 496.3 170.9 171.0760 2.422595e-05 20.91673 0.05165386 0.295596188  0.002520457   0.0094643278      8.069939e-05         1  0.2325994800    0.001931995      7.148109e-03            5.937293e-05
156 2013-09-18 17:22:30    177 497.7 171.0 171.1770 2.422595e-05 21.01776 0.05165386 0.299981126  0.002520550   0.0096047237      8.070238e-05         1  0.2340251743    0.001944650      7.191923e-03            5.976184e-05
157 2013-09-18 17:22:45    178 499.1 171.0 171.1780 2.422595e-05 21.01880 0.05165386 0.300026045  0.002520551   0.0096061619      8.070241e-05         1  0.2354508687    0.001957336      7.235737e-03            6.015168e-05
158 2013-09-18 17:23:00    179 500.6 171.0 171.1791 2.422595e-05 21.01983 0.05165386 0.300070965  0.002520552   0.0096076001      8.070244e-05         1  0.2369783983    0.001970960      7.282680e-03            6.057039e-05
159 2013-09-18 17:23:15    180 502.0 171.1 171.2801 2.422595e-05 21.12087 0.05165386 0.304455902  0.002520646   0.0097479960      8.070544e-05         1  0.2384040926    0.001983707      7.326493e-03            6.096210e-05
160 2013-09-18 17:23:30    181 503.2 171.0 171.1811 2.422595e-05 21.02190 0.05165386 0.300160804  0.002520554   0.0096104766      8.070250e-05         1  0.2396261164    0.001994655      7.364048e-03            6.129856e-05
161 2013-09-18 17:23:45    182 504.5 171.0 171.1822 2.422595e-05 21.02294 0.05165386 0.300205723  0.002520555   0.0096119148      8.070253e-05         1  0.2409499754    0.002006539      7.404732e-03            6.166377e-05
162 2013-09-18 17:24:00    183 505.6 171.2 171.3832 2.422595e-05 21.22397 0.05165386 0.308930679  0.002520742   0.0098912683      8.070852e-05         1  0.2420701638    0.002016613      7.439157e-03            6.197337e-05
163 2013-09-18 17:24:15    184 507.1 171.0 171.1842 2.422595e-05 21.02501 0.05165386 0.300295562  0.002520557   0.0096147912      8.070259e-05         1  0.2435976934    0.002030378      7.486100e-03            6.239637e-05
164 2013-09-18 17:24:30    185 509.0 171.2 171.3853 2.422595e-05 21.22604 0.05165386 0.309020518  0.002520744   0.0098941448      8.070859e-05         1  0.2455325643    0.002047857      7.545561e-03            6.293352e-05
165 2013-09-18 17:24:45    186 510.9 171.2 171.3863 2.422595e-05 21.22708 0.05165386 0.309065438  0.002520745   0.0098955830      8.070862e-05         1  0.2474674352    0.002065383      7.605023e-03            6.347214e-05
166 2013-09-18 17:25:00    187 512.3 171.3 171.4873 2.422595e-05 21.32811 0.05165386 0.313450375  0.002520840   0.0100359789      8.071165e-05         1  0.2488931295    0.002078328      7.648836e-03            6.386994e-05
167 2013-09-18 17:25:15    188 513.6 171.5 171.6884 2.422595e-05 21.52915 0.05165386 0.322175331  0.002521030   0.0103153324      8.071773e-05         1  0.2502169886    0.002090370      7.689520e-03            6.424000e-05
168 2013-09-18 17:25:30    189 515.0 171.6 171.7894 2.422595e-05 21.63018 0.05165386 0.326560268  0.002521126   0.0104557283      8.072080e-05         1  0.2516426829    0.002103362      7.733334e-03            6.463926e-05
169 2013-09-18 17:25:45    190 516.7 171.5 171.6904 2.422595e-05 21.53122 0.05165386 0.322265170  0.002521032   0.0103182089      8.071779e-05         1  0.2533738832    0.002119169      7.786536e-03            6.512506e-05
170 2013-09-18 17:26:00    191 518.5 171.7 171.8915 2.422595e-05 21.73225 0.05165386 0.330990126  0.002521223   0.0105975624      8.072392e-05         1  0.2552069188    0.002135945      7.842868e-03            6.564059e-05
171 2013-09-18 17:26:15    192 520.2 171.8 171.9925 2.422595e-05 21.83329 0.05165386 0.335375063  0.002521320   0.0107379583      8.072703e-05         1  0.2569381190    0.002151823      7.896070e-03            6.612855e-05
172 2013-09-18 17:26:30    193 521.7 171.7 171.8935 2.422595e-05 21.73432 0.05165386 0.331079965  0.002521225   0.0106004388      8.072399e-05         1  0.2584656487    0.002165860      7.943013e-03            6.655994e-05
173 2013-09-18 17:26:45    194 523.2 172.1 172.2946 2.422595e-05 22.13536 0.05165386 0.348484957  0.002521613   0.0111577077      8.073639e-05         1  0.2599931783    0.002179923      7.989956e-03            6.699211e-05
174 2013-09-18 17:27:00    195 524.7 171.9 172.0956 2.422595e-05 21.93639 0.05165386 0.339849840  0.002521420   0.0108812306      8.073021e-05         1  0.2615207080    0.002194011      8.036899e-03            6.742503e-05
175 2013-09-18 17:27:15    196 526.2 171.8 171.9967 2.422595e-05 21.83743 0.05165386 0.335554741  0.002521324   0.0107437112      8.072716e-05         1  0.2630482376    0.002208122      8.083843e-03            6.785870e-05
176 2013-09-18 17:27:30    197 527.7 171.9 172.0977 2.422595e-05 21.93846 0.05165386 0.339939679  0.002521422   0.0108841071      8.073028e-05         1  0.2645757673    0.002222258      8.130786e-03            6.829310e-05
177 2013-09-18 17:27:45    198 529.0 171.9 172.0987 2.422595e-05 21.93950 0.05165386 0.339984598  0.002521423   0.0108855453      8.073031e-05         1  0.2658996263    0.002234527      8.171470e-03            6.867016e-05
178 2013-09-18 17:28:00    199 530.4 172.1 172.2998 2.422595e-05 22.14053 0.05165386 0.348709554  0.002521618   0.0111648988      8.073656e-05         1  0.2673253206    0.002247760      8.215283e-03            6.907682e-05
179 2013-09-18 17:28:15    200 531.7 172.1 172.3008 2.422595e-05 22.14157 0.05165386 0.348754474  0.002521619   0.0111663370      8.073659e-05         1  0.2686491796    0.002260065      8.255967e-03            6.945497e-05
180 2013-09-18 17:28:30    201 533.6 172.3 172.5018 2.422595e-05 22.34260 0.05165386 0.357479429  0.002521816   0.0114456906      8.074289e-05         1  0.2705840505    0.002278079      8.315429e-03            7.000857e-05
181 2013-09-18 17:28:45    202 534.7 172.4 172.6029 2.422595e-05 22.44364 0.05165386 0.361864367  0.002521915   0.0115860865      8.074608e-05         1  0.2717042389    0.002288524      8.349854e-03            7.032956e-05
182 2013-09-18 17:29:00    203 535.9 172.4 172.6039 2.422595e-05 22.44467 0.05165386 0.361909286  0.002521917   0.0115875247      8.074612e-05         1  0.2729262627    0.002299932      8.387408e-03            7.068014e-05

$dryleafvolt
            timestamp record LWSmV  SEmV    CSEmV     CSEmV.sd   loadmV  loadmV.sd
1 2013-09-18 16:43:00     19 264.4 164.2 164.2135 2.422595e-05 14.05423 0.05165386
2 2013-09-18 16:43:15     20 264.4 164.2 164.2145 2.422595e-05 14.05527 0.05165386
3 2013-09-18 16:43:30     21 264.4 164.2 164.2155 2.422595e-05 14.05630 0.05165386
4 2013-09-18 16:43:45     22 264.4 164.4 164.4166 2.422595e-05 14.25734 0.05165386

$runtime
Time difference of 45.25 mins

$startcalibvolt
            timestamp record LWSmV  SEmV    CSEmV     CSEmV.sd   loadmV  loadmV.sd
1 2013-09-18 16:40:15      8 264.4 272.9 272.9021 2.422595e-05 122.7428 0.05165386
2 2013-09-18 16:40:30      9 264.4 273.0 273.0031 2.422595e-05 122.8439 0.05165386
3 2013-09-18 16:40:45     10 264.3 273.0 273.0041 2.422595e-05 122.8449 0.05165386

$endcalibvolt
            timestamp record LWSmV  SEmV
1 2013-09-18 17:32:15    216 265.7 272.7
2 2013-09-18 17:32:30    217 265.7 272.3
3 2013-09-18 17:32:45    218 265.7 272.5
4 2013-09-18 17:33:00    219 265.7 272.6
5 2013-09-18 17:33:15    220 265.7 272.6

$lastLWSvolt
[1] 536.2

$maxLWSvolt
[1] 536.9

$species
[1] "garryoak"

$trial
[1] "5"

$replicate
[1] "2"

$isvertical
[1] FALSE

$conversionfactor
         avg        stdev
1 0.04340018 1.053897e-05

$LWSwatermass
        avg       stdev
1 0.2812632 0.001713555

$dryleafmass
        avg       stdev
1 0.6121936 0.001130709

$lwsmodel

Call:
lm(formula = LWSsurfacedensity ~ record, data = rd[rd$runfilter == 
    1, ])

Coefficients:
(Intercept)       record  
 -1.736e-03    5.049e-05  


$leafmodel

Call:
lm(formula = surfacedensity ~ record, data = rd[rd$runfilter == 
    1, ])

Coefficients:
(Intercept)       record  
 -1.425e-03    6.199e-05  


