$name
[1] "garryoak1"

$leafarea
[1] 29.21984

$startbasevolt
             timestamp record LWSmV  SEmV CSEmV CSEmV.sd      loadmV  loadmV.sd
1  2013-08-20 14:52:15      3 264.4 143.2 143.2        0 -0.02924502 0.07312805
2  2013-08-20 14:52:30      4 264.4 143.3 143.3        0  0.07075498 0.07312805
3  2013-08-20 14:52:45      5 264.4 143.2 143.2        0 -0.02924502 0.07312805
4  2013-08-20 14:53:00      6 264.4 143.3 143.3        0  0.07075498 0.07312805
5  2013-08-20 14:53:15      7 264.4 143.2 143.2        0 -0.02924502 0.07312805
6  2013-08-20 14:53:30      8 264.4 143.2 143.2        0 -0.02924502 0.07312805
7  2013-08-20 14:53:45      9 264.4 143.2 143.2        0 -0.02924502 0.07312805
8  2013-08-20 14:54:00     10 264.4 143.3 143.3        0  0.07075498 0.07312805
9  2013-08-20 14:54:15     11 264.4 143.2 143.2        0 -0.02924502 0.07312805
10 2013-08-20 14:54:30     12 264.4 143.2 143.2        0 -0.02924502 0.07312805

$endbasevolt
            timestamp record LWSmV  SEmV    CSEmV     CSEmV.sd        loadmV  loadmV.sd
1 2013-08-20 15:49:30    232 265.7 143.2 143.3265 3.531619e-05  0.0973036504 0.07312806
2 2013-08-20 15:49:45    233 265.7 143.2 143.3271 3.531619e-05  0.0978788717 0.07312806
3 2013-08-20 15:50:00    234 265.7 143.1 143.2277 3.531619e-05 -0.0015459071 0.07312806
4 2013-08-20 15:50:15    235 265.7 143.1 143.2283 3.531619e-05 -0.0009706858 0.07312806
5 2013-08-20 15:50:30    236 265.7 142.9 143.0288 3.531619e-05 -0.2003954646 0.07312806
6 2013-08-20 15:50:45    237 265.7 143.1 143.2294 3.531619e-05  0.0001797566 0.07312806

$dryragvolt
            timestamp record LWSmV  SEmV    CSEmV     CSEmV.sd   loadmV  loadmV.sd
1 2013-08-20 15:44:30    212 379.1 231.5 231.6150 3.531619e-05 88.38580 0.07312806
2 2013-08-20 15:44:45    213 378.4 231.4 231.5156 3.531619e-05 88.28637 0.07312806
3 2013-08-20 15:45:00    214 377.9 231.3 231.4162 3.531619e-05 88.18695 0.07312806
4 2013-08-20 15:45:15    215 377.3 231.2 231.3168 3.531619e-05 88.08752 0.07312806
5 2013-08-20 15:45:30    216 376.8 231.1 231.2173 3.531619e-05 87.98810 0.07312806
6 2013-08-20 15:45:45    217 376.3 230.9 231.0179 3.531619e-05 87.78868 0.07312806

$wetragvolt
            timestamp record LWSmV  SEmV    CSEmV     CSEmV.sd   loadmV  loadmV.sd
1 2013-08-20 15:46:45    221 267.1 234.1 234.2202 3.531619e-05 90.99098 0.07312806
2 2013-08-20 15:47:00    222 266.4 234.1 234.2208 3.531619e-05 90.99155 0.07312806
3 2013-08-20 15:47:15    223 266.4 234.0 234.1214 3.531619e-05 90.89213 0.07312806
4 2013-08-20 15:47:30    224 266.4 233.9 234.0219 3.531619e-05 90.79270 0.07312806
5 2013-08-20 15:47:45    225 266.4 233.9 234.0225 3.531619e-05 90.79328 0.07312806

$rundata
              timestamp record LWSmV  SEmV    CSEmV     CSEmV.sd   loadmV  loadmV.sd     watermass watermass.sd surfacedensity surfacedensity.sd runfilter      LWSwater LWSwater.stdev LWSsurfacedensity LWSsurfacedensity.stdev
1   2013-08-20 14:57:30     24 264.4 156.8 156.8069 3.531619e-05 13.57766 0.07312806 -4.315775e-03  0.003671007  -1.477002e-04      0.0001256341         0 -3.556603e-03    0.001290101     -1.092994e-04            3.964662e-05
2   2013-08-20 14:57:45     25 264.5 156.7 156.7075 3.531619e-05 13.47823 0.07312806 -8.631550e-03  0.003670966  -2.954003e-04      0.0001256327         0 -3.454768e-03    0.001289440     -1.061699e-04            3.962632e-05
3   2013-08-20 14:58:00     26 264.9 156.8 156.8081 3.531619e-05 13.57881 0.07312806 -4.265837e-03  0.003671008  -1.459911e-04      0.0001256341         0 -3.047427e-03    0.001286804     -9.365172e-05            3.954529e-05
4   2013-08-20 14:58:15     27 265.1 156.9 156.9086 3.531619e-05 13.67938 0.07312806  9.987553e-05  0.003671049   3.418073e-06      0.0001256355         0 -2.843756e-03    0.001285489     -8.739263e-05            3.950488e-05
5   2013-08-20 14:58:30     28 265.1 156.6 156.6092 3.531619e-05 13.37996 0.07312806 -1.289739e-02  0.003670926  -4.413915e-04      0.0001256313         0 -2.843756e-03    0.001285489     -8.739263e-05            3.950488e-05
6   2013-08-20 14:58:45     29 265.1 156.9 156.9098 3.531619e-05 13.68053 0.07312806  1.498133e-04  0.003671050   5.127109e-06      0.0001256355         0 -2.843756e-03    0.001285489     -8.739263e-05            3.950488e-05
7   2013-08-20 14:59:00     30 265.1 156.7 156.7104 3.531619e-05 13.48111 0.07312806 -8.506706e-03  0.003670967  -2.911278e-04      0.0001256327         0 -2.843756e-03    0.001285489     -8.739263e-05            3.950488e-05
8   2013-08-20 14:59:15     31 265.7 156.7 156.7109 3.531619e-05 13.48168 0.07312806 -8.481737e-03  0.003670968  -2.902732e-04      0.0001256327         0 -2.232744e-03    0.001281556     -6.861538e-05            3.938403e-05
9   2013-08-20 14:59:30     32 266.0 156.8 156.8115 3.531619e-05 13.58226 0.07312806 -4.116024e-03  0.003671009  -1.408640e-04      0.0001256341         0 -1.927238e-03    0.001279597     -5.922675e-05            3.932383e-05
10  2013-08-20 14:59:45     33 266.4 156.8 156.8121 3.531619e-05 13.58283 0.07312806 -4.091055e-03  0.003671009  -1.400095e-04      0.0001256341         0 -1.519897e-03    0.001276993     -4.670858e-05            3.924379e-05
11  2013-08-20 15:00:00     34 266.9 156.8 156.8127 3.531619e-05 13.58341 0.07312806 -4.066086e-03  0.003671009  -1.391550e-04      0.0001256341         0 -1.010721e-03    0.001273750     -3.106087e-05            3.914413e-05
12  2013-08-20 15:00:15     35 267.2 156.9 156.9132 3.531619e-05 13.68399 0.07312806  2.996266e-04  0.003671051   1.025422e-05      0.0001256356         0 -7.052148e-04    0.001271811     -2.167224e-05            3.908453e-05
13  2013-08-20 15:00:30     36 267.8 156.9 156.9138 3.531619e-05 13.68456 0.07312806  3.245955e-04  0.003671051   1.110874e-05      0.0001256356         0 -9.420292e-05    0.001267947     -2.894988e-06            3.896579e-05
14  2013-08-20 15:00:45     37 268.3 156.7 156.7144 3.531619e-05 13.48514 0.07312806 -8.331924e-03  0.003670969  -2.851461e-04      0.0001256328         0  4.149736e-04    0.001264743      1.275272e-05            3.886732e-05
15  2013-08-20 15:01:00     38 268.7 156.8 156.8150 3.531619e-05 13.58571 0.07312806 -3.966211e-03  0.003671010  -1.357369e-04      0.0001256342         0  8.223149e-04    0.001262189      2.527089e-05            3.878885e-05
16  2013-08-20 15:01:15     39 269.2 156.8 156.8155 3.531619e-05 13.58629 0.07312806 -3.941242e-03  0.003671011  -1.348824e-04      0.0001256342         0  1.331491e-03    0.001259010      4.091861e-05            3.869116e-05
17  2013-08-20 15:01:30     40 269.8 156.8 156.8161 3.531619e-05 13.58686 0.07312806 -3.916273e-03  0.003671011  -1.340279e-04      0.0001256342         0  1.942503e-03    0.001255214      5.969586e-05            3.857450e-05
18  2013-08-20 15:01:45     41 270.4 157.0 157.0167 3.531619e-05 13.78744 0.07312806  4.790184e-03  0.003671094   1.639360e-04      0.0001256370         0  2.553515e-03    0.001251439      7.847311e-05            3.845849e-05
19  2013-08-20 15:02:00     42 270.9 156.8 156.8173 3.531619e-05 13.58801 0.07312806 -3.866335e-03  0.003671011  -1.323188e-04      0.0001256342         0  3.062692e-03    0.001248309      9.412083e-05            3.836229e-05
20  2013-08-20 15:02:15     43 271.5 156.9 156.9178 3.531619e-05 13.68859 0.07312806  4.993776e-04  0.003671053   1.709036e-05      0.0001256356         0  3.673704e-03    0.001244572      1.128981e-04            3.824746e-05
21  2013-08-20 15:02:30     44 272.1 156.8 156.8184 3.531619e-05 13.58916 0.07312806 -3.816397e-03  0.003671012  -1.306098e-04      0.0001256342         0  4.284715e-03    0.001240857      1.316753e-04            3.813327e-05
22  2013-08-20 15:02:45     45 272.7 156.9 156.9190 3.531619e-05 13.68974 0.07312806  5.493154e-04  0.003671053   1.879940e-05      0.0001256357         0  4.895727e-03    0.001237162      1.504526e-04            3.801974e-05
23  2013-08-20 15:03:00     46 273.2 156.9 156.9196 3.531619e-05 13.69031 0.07312806  5.742843e-04  0.003671054   1.965392e-05      0.0001256357         0  5.404904e-03    0.001234101      1.661003e-04            3.792565e-05
24  2013-08-20 15:03:15     47 273.9 157.1 157.1201 3.531619e-05 13.89089 0.07312806  9.280741e-03  0.003671138   3.176178e-04      0.0001256385         0  6.117751e-03    0.001229839      1.880071e-04            3.779469e-05
25  2013-08-20 15:03:30     48 274.5 157.1 157.1207 3.531619e-05 13.89146 0.07312806  9.305710e-03  0.003671138   3.184723e-04      0.0001256385         0  6.728763e-03    0.001226210      2.067844e-04            3.768317e-05
26  2013-08-20 15:03:45     49 275.1 157.1 157.1213 3.531619e-05 13.89204 0.07312806  9.330679e-03  0.003671138   3.193269e-04      0.0001256385         0  7.339775e-03    0.001222604      2.255616e-04            3.757234e-05
27  2013-08-20 15:04:00     50 275.6 157.1 157.1219 3.531619e-05 13.89261 0.07312806  9.355648e-03  0.003671138   3.201814e-04      0.0001256386         0  7.848951e-03    0.001219616      2.412093e-04            3.748050e-05
28  2013-08-20 15:04:15     51 276.2 157.2 157.2224 3.531619e-05 13.99319 0.07312806  1.372136e-02  0.003671181   4.695906e-04      0.0001256400         1  8.459963e-03    0.001216050      2.599866e-04            3.737094e-05
29  2013-08-20 15:04:30     52 276.8 157.1 157.1230 3.531619e-05 13.89376 0.07312806  9.405586e-03  0.003671139   3.218904e-04      0.0001256386         0  9.070975e-03    0.001212508      2.787638e-04            3.726207e-05
30  2013-08-20 15:04:45     53 277.4 157.2 157.2236 3.531619e-05 13.99434 0.07312806  1.377130e-02  0.003671181   4.712996e-04      0.0001256400         1  9.681987e-03    0.001208988      2.975411e-04            3.715391e-05
31  2013-08-20 15:05:00     54 278.0 157.3 157.3242 3.531619e-05 14.09491 0.07312806  1.813701e-02  0.003671224   6.207088e-04      0.0001256415         1  1.029300e-02    0.001205492      3.163183e-04            3.704646e-05
32  2013-08-20 15:05:15     55 278.6 157.4 157.4247 3.531619e-05 14.19549 0.07312806  2.250272e-02  0.003671267   7.701180e-04      0.0001256430         1  1.090401e-02    0.001202019      3.350956e-04            3.693973e-05
33  2013-08-20 15:05:30     56 279.2 157.4 157.4253 3.531619e-05 14.19606 0.07312806  2.252769e-02  0.003671268   7.709725e-04      0.0001256430         1  1.151502e-02    0.001198569      3.538728e-04            3.683372e-05
34  2013-08-20 15:05:45     57 279.8 157.5 157.5259 3.531619e-05 14.29664 0.07312806  2.689341e-02  0.003671311   9.203818e-04      0.0001256445         1  1.212603e-02    0.001195144      3.726501e-04            3.672844e-05
35  2013-08-20 15:06:00     58 280.4 157.5 157.5265 3.531619e-05 14.29722 0.07312806  2.691837e-02  0.003671311   9.212363e-04      0.0001256445         1  1.273705e-02    0.001191742      3.914274e-04            3.662390e-05
36  2013-08-20 15:06:15     59 281.0 157.3 157.3270 3.531619e-05 14.09779 0.07312806  1.826186e-02  0.003671225   6.249814e-04      0.0001256415         1  1.334806e-02    0.001188364      4.102046e-04            3.652011e-05
37  2013-08-20 15:06:30     60 281.6 157.4 157.4276 3.531619e-05 14.19837 0.07312806  2.262757e-02  0.003671269   7.743906e-04      0.0001256430         1  1.395907e-02    0.001185011      4.289819e-04            3.641706e-05
38  2013-08-20 15:06:45     61 282.2 157.4 157.4282 3.531619e-05 14.19894 0.07312806  2.265254e-02  0.003671269   7.752451e-04      0.0001256430         1  1.457008e-02    0.001181683      4.477591e-04            3.631477e-05
39  2013-08-20 15:07:00     62 282.7 157.3 157.3288 3.531619e-05 14.09952 0.07312806  1.833676e-02  0.003671226   6.275450e-04      0.0001256416         1  1.507926e-02    0.001178928      4.634068e-04            3.623011e-05
40  2013-08-20 15:07:15     63 283.4 157.3 157.3293 3.531619e-05 14.10009 0.07312806  1.836173e-02  0.003671226   6.283995e-04      0.0001256416         1  1.579211e-02    0.001175100      4.853136e-04            3.611248e-05
41  2013-08-20 15:07:30     64 284.0 157.4 157.4299 3.531619e-05 14.20067 0.07312806  2.272744e-02  0.003671270   7.778087e-04      0.0001256431         1  1.640312e-02    0.001171847      5.040909e-04            3.601250e-05
42  2013-08-20 15:07:45     65 284.6 157.5 157.5305 3.531619e-05 14.30124 0.07312806  2.709316e-02  0.003671313   9.272179e-04      0.0001256445         1  1.701413e-02    0.001168619      5.228681e-04            3.591329e-05
43  2013-08-20 15:08:00     66 285.2 157.4 157.4311 3.531619e-05 14.20182 0.07312806  2.277738e-02  0.003671270   7.795177e-04      0.0001256431         1  1.762514e-02    0.001165416      5.416454e-04            3.581488e-05
44  2013-08-20 15:08:15     67 285.8 157.4 157.4316 3.531619e-05 14.20239 0.07312806  2.280235e-02  0.003671270   7.803722e-04      0.0001256431         1  1.823615e-02    0.001162240      5.604226e-04            3.571726e-05
45  2013-08-20 15:08:30     68 286.5 157.6 157.6322 3.531619e-05 14.40297 0.07312806  3.150881e-02  0.003671357   1.078336e-03      0.0001256461         1  1.894900e-02    0.001158567      5.823294e-04            3.560438e-05
46  2013-08-20 15:08:45     69 287.0 157.5 157.5328 3.531619e-05 14.30354 0.07312806  2.719303e-02  0.003671314   9.306360e-04      0.0001256446         1  1.945818e-02    0.001155965      5.979772e-04            3.552443e-05
47  2013-08-20 15:09:00     70 287.7 157.5 157.5334 3.531619e-05 14.30412 0.07312806  2.721800e-02  0.003671314   9.314905e-04      0.0001256446         1  2.017102e-02    0.001152354      6.198840e-04            3.541345e-05
48  2013-08-20 15:09:15     71 288.2 157.5 157.5339 3.531619e-05 14.30469 0.07312806  2.724297e-02  0.003671315   9.323450e-04      0.0001256446         1  2.068020e-02    0.001149796      6.355317e-04            3.533486e-05
49  2013-08-20 15:09:30     72 288.9 157.4 157.4345 3.531619e-05 14.20527 0.07312806  2.292720e-02  0.003671272   7.846448e-04      0.0001256431         1  2.139305e-02    0.001146247      6.574385e-04            3.522580e-05
50  2013-08-20 15:09:45     73 289.5 157.4 157.4351 3.531619e-05 14.20584 0.07312806  2.295216e-02  0.003671272   7.854994e-04      0.0001256431         1  2.200406e-02    0.001143235      6.762157e-04            3.513322e-05
51  2013-08-20 15:10:00     74 290.2 157.5 157.5357 3.531619e-05 14.30642 0.07312806  2.731788e-02  0.003671315   9.349086e-04      0.0001256446         1  2.271691e-02    0.001139755      6.981225e-04            3.502629e-05
52  2013-08-20 15:10:15     75 290.8 157.7 157.7362 3.531619e-05 14.50699 0.07312806  3.602433e-02  0.003671403   1.232872e-03      0.0001256476         1  2.332792e-02    0.001136803      7.168998e-04            3.493554e-05
53  2013-08-20 15:10:30     76 291.3 157.6 157.6368 3.531619e-05 14.40757 0.07312806  3.170856e-02  0.003671359   1.085172e-03      0.0001256461         1  2.383709e-02    0.001134363      7.325475e-04            3.486058e-05
54  2013-08-20 15:10:45     77 291.9 157.7 157.7374 3.531619e-05 14.50814 0.07312806  3.607427e-02  0.003671404   1.234581e-03      0.0001256476         1  2.444811e-02    0.001131462      7.513247e-04            3.477141e-05
55  2013-08-20 15:11:00     78 292.5 157.6 157.6380 3.531619e-05 14.40872 0.07312806  3.175850e-02  0.003671360   1.086881e-03      0.0001256461         1  2.505912e-02    0.001128589      7.701020e-04            3.468312e-05
56  2013-08-20 15:11:15     79 293.1 157.6 157.6385 3.531619e-05 14.40929 0.07312806  3.178347e-02  0.003671360   1.087736e-03      0.0001256461         1  2.567013e-02    0.001125744      7.888792e-04            3.459569e-05
57  2013-08-20 15:11:30     80 293.7 157.7 157.7391 3.531619e-05 14.50987 0.07312806  3.614918e-02  0.003671404   1.237145e-03      0.0001256477         1  2.628114e-02    0.001122928      8.076565e-04            3.450915e-05
58  2013-08-20 15:11:45     81 294.3 157.6 157.6397 3.531619e-05 14.41045 0.07312806  3.183340e-02  0.003671361   1.089445e-03      0.0001256462         1  2.689215e-02    0.001120141      8.264337e-04            3.442350e-05
59  2013-08-20 15:12:00     82 295.0 157.8 157.8403 3.531619e-05 14.61102 0.07312806  4.053986e-02  0.003671449   1.387409e-03      0.0001256492         1  2.760500e-02    0.001116926      8.483405e-04            3.432470e-05
60  2013-08-20 15:12:15     83 295.6 157.9 157.9408 3.531619e-05 14.71160 0.07312806  4.490557e-02  0.003671494   1.536818e-03      0.0001256507         1  2.821601e-02    0.001114202      8.671178e-04            3.424100e-05
61  2013-08-20 15:12:30     84 296.1 157.7 157.7414 3.531619e-05 14.51217 0.07312806  3.624905e-02  0.003671405   1.240563e-03      0.0001256477         1  2.872519e-02    0.001111955      8.827655e-04            3.417194e-05
62  2013-08-20 15:12:45     85 296.7 157.7 157.7420 3.531619e-05 14.51275 0.07312806  3.627402e-02  0.003671406   1.241418e-03      0.0001256477         1  2.933620e-02    0.001109285      9.015428e-04            3.408990e-05
63  2013-08-20 15:13:00     86 297.4 157.7 157.7426 3.531619e-05 14.51332 0.07312806  3.629899e-02  0.003671406   1.242272e-03      0.0001256477         1  3.004905e-02    0.001106209      9.234496e-04            3.399536e-05
64  2013-08-20 15:13:15     87 298.0 157.6 157.6431 3.531619e-05 14.41390 0.07312806  3.198322e-02  0.003671362   1.094572e-03      0.0001256462         1  3.066006e-02    0.001103605      9.422268e-04            3.391534e-05
65  2013-08-20 15:13:30     88 298.6 157.8 157.8437 3.531619e-05 14.61447 0.07312806  4.068967e-02  0.003671450   1.392536e-03      0.0001256492         1  3.127107e-02    0.001101031      9.610041e-04            3.383624e-05
66  2013-08-20 15:13:45     89 299.3 157.8 157.8443 3.531619e-05 14.61505 0.07312806  4.071464e-02  0.003671451   1.393390e-03      0.0001256492         1  3.198392e-02    0.001098068      9.829109e-04            3.374516e-05
67  2013-08-20 15:14:00     90 299.9 157.9 157.9449 3.531619e-05 14.71562 0.07312806  4.508036e-02  0.003671495   1.542800e-03      0.0001256508         1  3.259493e-02    0.001095561      1.001688e-03            3.366812e-05
68  2013-08-20 15:14:15     91 300.5 157.8 157.8454 3.531619e-05 14.61620 0.07312806  4.076458e-02  0.003671451   1.395099e-03      0.0001256493         1  3.320594e-02    0.001093085      1.020465e-03            3.359203e-05
69  2013-08-20 15:14:30     92 301.2 157.8 157.8460 3.531619e-05 14.61677 0.07312806  4.078955e-02  0.003671451   1.395954e-03      0.0001256493         1  3.391879e-02    0.001090236      1.042372e-03            3.350449e-05
70  2013-08-20 15:14:45     93 301.8 157.9 157.9466 3.531619e-05 14.71735 0.07312806  4.515526e-02  0.003671496   1.545363e-03      0.0001256508         1  3.452980e-02    0.001087828      1.061149e-03            3.343050e-05
71  2013-08-20 15:15:00     94 302.5 157.8 157.8472 3.531619e-05 14.61792 0.07312806  4.083949e-02  0.003671452   1.397663e-03      0.0001256493         1  3.524265e-02    0.001085060      1.083056e-03            3.334541e-05
72  2013-08-20 15:15:15     95 303.1 157.8 157.8477 3.531619e-05 14.61850 0.07312806  4.086446e-02  0.003671452   1.398518e-03      0.0001256493         1  3.585366e-02    0.001082721      1.101833e-03            3.327355e-05
73  2013-08-20 15:15:30     96 303.7 158.0 158.0483 3.531619e-05 14.81907 0.07312806  4.957091e-02  0.003671542   1.696481e-03      0.0001256524         1  3.646467e-02    0.001080415      1.120611e-03            3.320267e-05
74  2013-08-20 15:15:45     97 304.4 158.1 158.1489 3.531619e-05 14.91965 0.07312806  5.393663e-02  0.003671587   1.845891e-03      0.0001256539         1  3.717752e-02    0.001077765      1.142518e-03            3.312125e-05
75  2013-08-20 15:16:00     98 305.0 158.2 158.2495 3.531619e-05 15.02022 0.07312806  5.830234e-02  0.003671633   1.995300e-03      0.0001256555         1  3.778853e-02    0.001075530      1.161295e-03            3.305254e-05
76  2013-08-20 15:16:15     99 305.6 158.2 158.2500 3.531619e-05 15.02080 0.07312806  5.832731e-02  0.003671633   1.996154e-03      0.0001256555         1  3.839954e-02    0.001073327      1.180072e-03            3.298485e-05
77  2013-08-20 15:16:30    100 306.2 158.3 158.3506 3.531619e-05 15.12137 0.07312806  6.269302e-02  0.003671679   2.145564e-03      0.0001256571         1  3.901056e-02    0.001071157      1.198849e-03            3.291817e-05
78  2013-08-20 15:16:45    101 306.9 158.1 158.1512 3.531619e-05 14.92195 0.07312806  5.403650e-02  0.003671588   1.849309e-03      0.0001256540         1  3.972340e-02    0.001068668      1.220756e-03            3.284168e-05
79  2013-08-20 15:17:00    102 307.5 158.1 158.1518 3.531619e-05 14.92252 0.07312806  5.406147e-02  0.003671588   1.850163e-03      0.0001256540         1  4.033442e-02    0.001066571      1.239533e-03            3.277723e-05
80  2013-08-20 15:17:15    103 308.3 158.2 158.2523 3.531619e-05 15.02310 0.07312806  5.842718e-02  0.003671634   1.999572e-03      0.0001256555         1  4.114910e-02    0.001063827      1.264570e-03            3.269291e-05
81  2013-08-20 15:17:30    104 308.7 158.1 158.1529 3.531619e-05 14.92368 0.07312806  5.411141e-02  0.003671589   1.851872e-03      0.0001256540         1  4.155644e-02    0.001062478      1.277088e-03            3.265145e-05
82  2013-08-20 15:17:45    105 309.3 158.0 158.0535 3.531619e-05 14.82425 0.07312806  4.979563e-02  0.003671544   1.704172e-03      0.0001256524         1  4.216745e-02    0.001060483      1.295865e-03            3.259012e-05
83  2013-08-20 15:18:00    106 309.9 158.0 158.0541 3.531619e-05 14.82483 0.07312806  4.982060e-02  0.003671544   1.705027e-03      0.0001256525         1  4.277846e-02    0.001058522      1.314642e-03            3.252986e-05
84  2013-08-20 15:18:15    107 310.6 158.1 158.1546 3.531619e-05 14.92540 0.07312806  5.418631e-02  0.003671590   1.854436e-03      0.0001256540         1  4.349131e-02    0.001056277      1.336549e-03            3.246089e-05
85  2013-08-20 15:18:30    108 311.2 158.2 158.2552 3.531619e-05 15.02598 0.07312806  5.855203e-02  0.003671635   2.003845e-03      0.0001256556         1  4.410232e-02    0.001054391      1.355326e-03            3.240292e-05
86  2013-08-20 15:18:45    109 311.8 158.1 158.1558 3.531619e-05 14.92655 0.07312806  5.423625e-02  0.003671590   1.856145e-03      0.0001256540         1  4.471333e-02    0.001052540      1.374104e-03            3.234603e-05
87  2013-08-20 15:19:00    110 312.4 158.3 158.3564 3.531619e-05 15.12713 0.07312806  6.294271e-02  0.003671682   2.154109e-03      0.0001256572         1  4.532435e-02    0.001050724      1.392881e-03            3.229022e-05
88  2013-08-20 15:19:15    111 312.9 158.3 158.3569 3.531619e-05 15.12770 0.07312806  6.296768e-02  0.003671682   2.154963e-03      0.0001256572         1  4.583352e-02    0.001049237      1.408529e-03            3.224454e-05
89  2013-08-20 15:19:30    112 313.5 158.5 158.5575 3.531619e-05 15.32828 0.07312806  7.167413e-02  0.003671775   2.452927e-03      0.0001256603         1  4.644453e-02    0.001047486      1.427306e-03            3.219073e-05
90  2013-08-20 15:19:45    113 314.2 158.6 158.6581 3.531619e-05 15.42885 0.07312806  7.603985e-02  0.003671822   2.602336e-03      0.0001256619         1  4.715738e-02    0.001045488      1.449213e-03            3.212932e-05
91  2013-08-20 15:20:00    114 314.8 158.4 158.4587 3.531619e-05 15.22943 0.07312806  6.738333e-02  0.003671729   2.306081e-03      0.0001256588         1  4.776839e-02    0.001043814      1.467990e-03            3.207788e-05
92  2013-08-20 15:20:15    115 315.5 158.3 158.3592 3.531619e-05 15.13000 0.07312806  6.306755e-02  0.003671683   2.158381e-03      0.0001256572         1  4.848124e-02    0.001041907      1.489897e-03            3.201927e-05
93  2013-08-20 15:20:30    116 316.1 158.2 158.2598 3.531619e-05 15.03058 0.07312806  5.875178e-02  0.003671638   2.010681e-03      0.0001256556         1  4.909225e-02    0.001040311      1.508674e-03            3.197023e-05
94  2013-08-20 15:20:45    117 316.7 158.2 158.2604 3.531619e-05 15.03115 0.07312806  5.877675e-02  0.003671638   2.011536e-03      0.0001256557         1  4.970326e-02    0.001038752      1.527451e-03            3.192231e-05
95  2013-08-20 15:21:00    118 317.4 158.5 158.5610 3.531619e-05 15.33173 0.07312806  7.182395e-02  0.003671776   2.458054e-03      0.0001256604         1  5.041611e-02    0.001036979      1.549358e-03            3.186783e-05
96  2013-08-20 15:21:15    119 318.1 158.5 158.5615 3.531619e-05 15.33230 0.07312806  7.184892e-02  0.003671777   2.458909e-03      0.0001256604         1  5.112896e-02    0.001035256      1.571265e-03            3.181488e-05
97  2013-08-20 15:21:30    120 318.7 158.6 158.6621 3.531619e-05 15.43288 0.07312806  7.621463e-02  0.003671823   2.608318e-03      0.0001256620         1  5.173997e-02    0.001033819      1.590042e-03            3.177072e-05
98  2013-08-20 15:21:45    121 319.3 158.5 158.5627 3.531619e-05 15.33345 0.07312806  7.189885e-02  0.003671777   2.460618e-03      0.0001256604         1  5.235098e-02    0.001032419      1.608819e-03            3.172770e-05
99  2013-08-20 15:22:00    122 320.0 158.6 158.6633 3.531619e-05 15.43403 0.07312806  7.626457e-02  0.003671824   2.610027e-03      0.0001256620         1  5.306383e-02    0.001030833      1.630726e-03            3.167895e-05
100 2013-08-20 15:22:15    123 320.6 158.5 158.5638 3.531619e-05 15.33460 0.07312806  7.194879e-02  0.003671778   2.462327e-03      0.0001256604         1  5.367484e-02    0.001029514      1.649503e-03            3.163842e-05
101 2013-08-20 15:22:30    124 321.2 158.4 158.4644 3.531619e-05 15.23518 0.07312806  6.763302e-02  0.003671732   2.314627e-03      0.0001256589         1  5.428585e-02    0.001028232      1.668281e-03            3.159903e-05
102 2013-08-20 15:22:45    125 322.0 158.4 158.4650 3.531619e-05 15.23575 0.07312806  6.765799e-02  0.003671732   2.315481e-03      0.0001256589         1  5.510053e-02    0.001026582      1.693317e-03            3.154832e-05
103 2013-08-20 15:23:00    126 322.5 158.5 158.5656 3.531619e-05 15.33633 0.07312806  7.202370e-02  0.003671778   2.464890e-03      0.0001256605         1  5.560971e-02    0.001025585      1.708965e-03            3.151767e-05
104 2013-08-20 15:23:15    127 323.1 158.6 158.6662 3.531619e-05 15.43691 0.07312806  7.638941e-02  0.003671825   2.614300e-03      0.0001256621         1  5.622072e-02    0.001024423      1.727742e-03            3.148197e-05
105 2013-08-20 15:23:30    128 323.7 158.6 158.6667 3.531619e-05 15.43748 0.07312806  7.641438e-02  0.003671826   2.615154e-03      0.0001256621         1  5.683174e-02    0.001023299      1.746519e-03            3.144743e-05
106 2013-08-20 15:23:45    129 324.4 158.7 158.7673 3.531619e-05 15.53806 0.07312806  8.078009e-02  0.003671873   2.764563e-03      0.0001256637         1  5.754458e-02    0.001022037      1.768426e-03            3.140862e-05
107 2013-08-20 15:24:00    130 325.0 158.6 158.6679 3.531619e-05 15.43863 0.07312806  7.646432e-02  0.003671826   2.616863e-03      0.0001256621         1  5.815559e-02    0.001020996      1.787203e-03            3.137663e-05
108 2013-08-20 15:24:15    131 325.6 158.6 158.6685 3.531619e-05 15.43921 0.07312806  7.648929e-02  0.003671826   2.617718e-03      0.0001256621         1  5.876661e-02    0.001019993      1.805981e-03            3.134583e-05
109 2013-08-20 15:24:30    132 326.2 158.6 158.6690 3.531619e-05 15.43978 0.07312806  7.651426e-02  0.003671827   2.618572e-03      0.0001256621         1  5.937762e-02    0.001019029      1.824758e-03            3.131621e-05
110 2013-08-20 15:24:45    133 326.8 158.7 158.7696 3.531619e-05 15.54036 0.07312806  8.087997e-02  0.003671874   2.767981e-03      0.0001256637         1  5.998863e-02    0.001018104      1.843535e-03            3.128778e-05
111 2013-08-20 15:25:00    134 327.4 158.8 158.8702 3.531619e-05 15.64093 0.07312806  8.524568e-02  0.003671922   2.917391e-03      0.0001256654         1  6.059964e-02    0.001017218      1.862312e-03            3.126054e-05
112 2013-08-20 15:25:15    135 328.1 158.9 158.9708 3.531619e-05 15.74151 0.07312806  8.961139e-02  0.003671969   3.066800e-03      0.0001256670         1  6.131249e-02    0.001016233      1.884219e-03            3.123027e-05
113 2013-08-20 15:25:30    136 328.8 158.8 158.8713 3.531619e-05 15.64208 0.07312806  8.529562e-02  0.003671922   2.919100e-03      0.0001256654         1  6.202534e-02    0.001015301      1.906126e-03            3.120163e-05
114 2013-08-20 15:25:45    137 329.3 158.9 158.9719 3.531619e-05 15.74266 0.07312806  8.966133e-02  0.003671970   3.068509e-03      0.0001256670         1  6.253451e-02    0.001014668      1.921774e-03            3.118218e-05
115 2013-08-20 15:26:00    138 330.1 158.8 158.8725 3.531619e-05 15.64323 0.07312806  8.534556e-02  0.003671923   2.920809e-03      0.0001256654         1  6.334920e-02    0.001013712      1.946810e-03            3.115279e-05
116 2013-08-20 15:26:15    139 330.6 158.8 158.8731 3.531619e-05 15.64381 0.07312806  8.537053e-02  0.003671923   2.921663e-03      0.0001256654         1  6.385837e-02    0.001013150      1.962458e-03            3.113551e-05
117 2013-08-20 15:26:30    140 331.3 158.8 158.8736 3.531619e-05 15.64438 0.07312806  8.539550e-02  0.003671923   2.922518e-03      0.0001256654         1  6.457122e-02    0.001012408      1.984364e-03            3.111274e-05
118 2013-08-20 15:26:45    141 331.9 158.9 158.9742 3.531619e-05 15.74496 0.07312806  8.976121e-02  0.003671971   3.071927e-03      0.0001256671         1  6.518223e-02    0.001011816      2.003142e-03            3.109453e-05
119 2013-08-20 15:27:00    142 332.6 159.0 159.0748 3.531619e-05 15.84553 0.07312806  9.412692e-02  0.003672019   3.221336e-03      0.0001256687         1  6.589508e-02    0.001011175      2.025048e-03            3.107482e-05
120 2013-08-20 15:27:15    143 333.3 159.2 159.2754 3.531619e-05 16.04611 0.07312806  1.028334e-01  0.003672116   3.519300e-03      0.0001256720         1  6.660793e-02    0.001010587      2.046955e-03            3.105677e-05
121 2013-08-20 15:27:30    144 333.9 159.2 159.2759 3.531619e-05 16.04668 0.07312806  1.028583e-01  0.003672117   3.520155e-03      0.0001256720         1  6.721894e-02    0.001010127      2.065733e-03            3.104261e-05
122 2013-08-20 15:27:45    145 334.6 159.1 159.1765 3.531619e-05 15.94726 0.07312806  9.854257e-02  0.003672068   3.372454e-03      0.0001256704         1  6.793178e-02    0.001009640      2.087639e-03            3.102764e-05
123 2013-08-20 15:28:00    146 335.3 159.2 159.2771 3.531619e-05 16.04783 0.07312806  1.029083e-01  0.003672117   3.521864e-03      0.0001256721         1  6.864463e-02    0.001009207      2.109546e-03            3.101434e-05
124 2013-08-20 15:28:15    147 336.0 159.2 159.2777 3.531619e-05 16.04841 0.07312806  1.029333e-01  0.003672117   3.522718e-03      0.0001256721         1  6.935748e-02    0.001008828      2.131453e-03            3.100270e-05
125 2013-08-20 15:28:30    148 336.6 159.2 159.2782 3.531619e-05 16.04899 0.07312806  1.029582e-01  0.003672118   3.523573e-03      0.0001256721         1  6.996849e-02    0.001008546      2.150230e-03            3.099405e-05
126 2013-08-20 15:28:45    149 337.2 159.2 159.2788 3.531619e-05 16.04956 0.07312806  1.029832e-01  0.003672118   3.524427e-03      0.0001256721         1  7.057950e-02    0.001008305      2.169007e-03            3.098662e-05
127 2013-08-20 15:29:00    150 337.9 159.3 159.3794 3.531619e-05 16.15014 0.07312806  1.073489e-01  0.003672167   3.673836e-03      0.0001256738         1  7.129235e-02    0.001008073      2.190914e-03            3.097951e-05
128 2013-08-20 15:29:15    151 338.6 159.3 159.3800 3.531619e-05 16.15071 0.07312806  1.073739e-01  0.003672167   3.674691e-03      0.0001256738         1  7.200520e-02    0.001007896      2.212821e-03            3.097407e-05
129 2013-08-20 15:29:30    152 339.2 159.2 159.2805 3.531619e-05 16.05129 0.07312806  1.030581e-01  0.003672119   3.526991e-03      0.0001256721         1  7.261621e-02    0.001007788      2.231598e-03            3.097074e-05
130 2013-08-20 15:29:45    153 339.8 159.3 159.3811 3.531619e-05 16.15186 0.07312806  1.074238e-01  0.003672168   3.676400e-03      0.0001256738         1  7.322722e-02    0.001007720      2.250376e-03            3.096864e-05
131 2013-08-20 15:30:00    154 340.4 159.3 159.3817 3.531619e-05 16.15244 0.07312806  1.074488e-01  0.003672168   3.677254e-03      0.0001256738         1  7.383823e-02    0.001007691      2.269153e-03            3.096777e-05
132 2013-08-20 15:30:15    155 341.2 159.4 159.4823 3.531619e-05 16.25301 0.07312806  1.118145e-01  0.003672218   3.826664e-03      0.0001256755         1  7.465291e-02    0.001007716      2.294189e-03            3.096852e-05
133 2013-08-20 15:30:30    156 341.7 159.2 159.2828 3.531619e-05 16.05359 0.07312806  1.031580e-01  0.003672120   3.530409e-03      0.0001256722         1  7.516209e-02    0.001007767      2.309837e-03            3.097009e-05
134 2013-08-20 15:30:45    157 342.3 159.3 159.3834 3.531619e-05 16.15416 0.07312806  1.075237e-01  0.003672169   3.679818e-03      0.0001256738         1  7.577310e-02    0.001007865      2.328614e-03            3.097311e-05
135 2013-08-20 15:31:00    158 343.0 159.3 159.3840 3.531619e-05 16.15474 0.07312806  1.075487e-01  0.003672169   3.680673e-03      0.0001256738         1  7.648595e-02    0.001008030      2.350521e-03            3.097819e-05
136 2013-08-20 15:31:15    159 343.7 159.3 159.3846 3.531619e-05 16.15531 0.07312806  1.075736e-01  0.003672170   3.681527e-03      0.0001256739         1  7.719880e-02    0.001008250      2.372428e-03            3.098494e-05
137 2013-08-20 15:31:30    160 344.2 159.4 159.4851 3.531619e-05 16.25589 0.07312806  1.119393e-01  0.003672219   3.830936e-03      0.0001256755         1  7.770797e-02    0.001008440      2.388075e-03            3.099078e-05
138 2013-08-20 15:31:45    161 345.0 159.4 159.4857 3.531619e-05 16.25646 0.07312806  1.119643e-01  0.003672219   3.831791e-03      0.0001256756         1  7.852266e-02    0.001008802      2.413112e-03            3.100190e-05
139 2013-08-20 15:32:00    162 345.7 159.3 159.3863 3.531619e-05 16.15704 0.07312806  1.076485e-01  0.003672170   3.684091e-03      0.0001256739         1  7.923550e-02    0.001009177      2.435019e-03            3.101342e-05
140 2013-08-20 15:32:15    163 346.4 159.5 159.5869 3.531619e-05 16.35761 0.07312806  1.163550e-01  0.003672269   3.982054e-03      0.0001256773         1  7.994835e-02    0.001009606      2.456925e-03            3.102660e-05
141 2013-08-20 15:32:30    164 347.0 159.5 159.5874 3.531619e-05 16.35819 0.07312806  1.163800e-01  0.003672270   3.982909e-03      0.0001256773         1  8.055936e-02    0.001010016      2.475703e-03            3.103922e-05
142 2013-08-20 15:32:45    165 347.7 159.5 159.5880 3.531619e-05 16.35876 0.07312806  1.164049e-01  0.003672270   3.983764e-03      0.0001256773         1  8.127221e-02    0.001010546      2.497609e-03            3.105549e-05
143 2013-08-20 15:33:00    166 348.3 159.5 159.5886 3.531619e-05 16.35934 0.07312806  1.164299e-01  0.003672270   3.984618e-03      0.0001256773         1  8.188322e-02    0.001011043      2.516387e-03            3.107076e-05
144 2013-08-20 15:33:15    167 349.1 159.4 159.4892 3.531619e-05 16.25991 0.07312806  1.121141e-01  0.003672221   3.836918e-03      0.0001256756         1  8.269790e-02    0.001011767      2.541423e-03            3.109301e-05
145 2013-08-20 15:33:30    168 349.8 159.4 159.4897 3.531619e-05 16.26049 0.07312806  1.121391e-01  0.003672221   3.837772e-03      0.0001256756         1  8.341075e-02    0.001012458      2.563330e-03            3.111425e-05
146 2013-08-20 15:33:45    169 350.5 159.4 159.4903 3.531619e-05 16.26106 0.07312806  1.121641e-01  0.003672222   3.838627e-03      0.0001256756         1  8.412360e-02    0.001013202      2.585237e-03            3.113714e-05
147 2013-08-20 15:34:00    170 351.2 159.5 159.5909 3.531619e-05 16.36164 0.07312806  1.165298e-01  0.003672271   3.988036e-03      0.0001256773         1  8.483645e-02    0.001014001      2.607143e-03            3.116167e-05
148 2013-08-20 15:34:15    171 352.0 159.5 159.5915 3.531619e-05 16.36222 0.07312806  1.165547e-01  0.003672272   3.988891e-03      0.0001256773         1  8.565113e-02    0.001014979      2.632180e-03            3.119172e-05
149 2013-08-20 15:34:30    172 352.7 159.4 159.4920 3.531619e-05 16.26279 0.07312806  1.122390e-01  0.003672222   3.841190e-03      0.0001256757         1  8.636398e-02    0.001015891      2.654087e-03            3.121977e-05
150 2013-08-20 15:34:45    173 353.6 159.5 159.5926 3.531619e-05 16.36337 0.07312806  1.166047e-01  0.003672272   3.990600e-03      0.0001256774         1  8.728049e-02    0.001017143      2.682252e-03            3.125823e-05
151 2013-08-20 15:35:00    174 354.4 159.5 159.5932 3.531619e-05 16.36394 0.07312806  1.166296e-01  0.003672272   3.991454e-03      0.0001256774         1  8.809518e-02    0.001018329      2.707289e-03            3.129468e-05
152 2013-08-20 15:35:15    175 355.2 159.6 159.6938 3.531619e-05 16.46452 0.07312806  1.209954e-01  0.003672323   4.140863e-03      0.0001256791         1  8.890986e-02    0.001019584      2.732325e-03            3.133325e-05
153 2013-08-20 15:35:30    176 355.8 159.6 159.6943 3.531619e-05 16.46509 0.07312806  1.210203e-01  0.003672323   4.141718e-03      0.0001256791         1  8.952087e-02    0.001020570      2.751102e-03            3.136355e-05
154 2013-08-20 15:35:45    177 356.6 159.7 159.7949 3.531619e-05 16.56567 0.07312806  1.253860e-01  0.003672373   4.291127e-03      0.0001256808         1  9.033555e-02    0.001021945      2.776139e-03            3.140581e-05
155 2013-08-20 15:36:00    178 357.3 159.6 159.6955 3.531619e-05 16.46624 0.07312806  1.210703e-01  0.003672323   4.143427e-03      0.0001256791         1  9.104840e-02    0.001023204      2.798045e-03            3.144450e-05
156 2013-08-20 15:36:15    179 358.0 159.8 159.8961 3.531619e-05 16.66682 0.07312806  1.297767e-01  0.003672424   4.441391e-03      0.0001256826         1  9.176125e-02    0.001024515      2.819952e-03            3.148478e-05
157 2013-08-20 15:36:30    180 358.9 159.9 159.9966 3.531619e-05 16.76739 0.07312806  1.341424e-01  0.003672475   4.590800e-03      0.0001256843         1  9.267776e-02    0.001026276      2.848118e-03            3.153892e-05
158 2013-08-20 15:36:45    181 359.8 159.8 159.8972 3.531619e-05 16.66797 0.07312806  1.298267e-01  0.003672425   4.443100e-03      0.0001256826         1  9.359428e-02    0.001028123      2.876284e-03            3.159568e-05
159 2013-08-20 15:37:00    182 360.5 159.9 159.9978 3.531619e-05 16.76854 0.07312806  1.341924e-01  0.003672476   4.592509e-03      0.0001256843         1  9.430713e-02    0.001029618      2.898191e-03            3.164162e-05
160 2013-08-20 15:37:15    183 361.3 159.9 159.9984 3.531619e-05 16.76912 0.07312806  1.342173e-01  0.003672476   4.593364e-03      0.0001256843         1  9.512181e-02    0.001031389      2.923227e-03            3.169605e-05
161 2013-08-20 15:37:30    184 362.0 159.8 159.8989 3.531619e-05 16.66969 0.07312806  1.299016e-01  0.003672426   4.445663e-03      0.0001256826         1  9.583466e-02    0.001032994      2.945134e-03            3.174535e-05
162 2013-08-20 15:37:45    185 362.8 159.9 159.9995 3.531619e-05 16.77027 0.07312806  1.342673e-01  0.003672477   4.595073e-03      0.0001256844         1  9.664934e-02    0.001034889      2.970170e-03            3.180359e-05
163 2013-08-20 15:38:00    186 363.5 159.9 160.0001 3.531619e-05 16.77084 0.07312806  1.342922e-01  0.003672477   4.595927e-03      0.0001256844         1  9.736219e-02    0.001036601      2.992077e-03            3.185620e-05
164 2013-08-20 15:38:15    187 364.2 159.9 160.0007 3.531619e-05 16.77142 0.07312806  1.343172e-01  0.003672477   4.596782e-03      0.0001256844         1  9.807504e-02    0.001038363      3.013984e-03            3.191036e-05
165 2013-08-20 15:38:30    188 364.9 159.9 160.0012 3.531619e-05 16.77199 0.07312806  1.343422e-01  0.003672478   4.597636e-03      0.0001256844         1  9.878788e-02    0.001040175      3.035891e-03            3.196604e-05
166 2013-08-20 15:38:45    189 365.6 160.0 160.1018 3.531619e-05 16.87257 0.07312806  1.387079e-01  0.003672529   4.747045e-03      0.0001256861         1  9.950073e-02    0.001042036      3.057797e-03            3.202325e-05
167 2013-08-20 15:39:00    190 366.4 160.3 160.4024 3.531619e-05 17.17314 0.07312806  1.517551e-01  0.003672684   5.193564e-03      0.0001256915         1  1.003154e-01    0.001044224      3.082834e-03            3.209048e-05
168 2013-08-20 15:39:15    191 367.1 160.1 160.2030 3.531619e-05 16.97372 0.07312806  1.430986e-01  0.003672581   4.897309e-03      0.0001256879         1  1.010283e-01    0.001046191      3.104741e-03            3.215091e-05
169 2013-08-20 15:39:30    192 367.9 160.1 160.2035 3.531619e-05 16.97429 0.07312806  1.431235e-01  0.003672581   4.898164e-03      0.0001256879         1  1.018429e-01    0.001048498      3.129777e-03            3.222181e-05
170 2013-08-20 15:39:45    193 368.6 160.2 160.3041 3.531619e-05 17.07487 0.07312806  1.474893e-01  0.003672633   5.047573e-03      0.0001256897         1  1.025558e-01    0.001050568      3.151684e-03            3.228544e-05
171 2013-08-20 15:40:00    194 369.5 160.2 160.3047 3.531619e-05 17.07545 0.07312806  1.475142e-01  0.003672633   5.048427e-03      0.0001256897         1  1.034723e-01    0.001053301      3.179850e-03            3.236942e-05
172 2013-08-20 15:40:15    195 370.2 160.3 160.4053 3.531619e-05 17.17602 0.07312806  1.518799e-01  0.003672686   5.197837e-03      0.0001256915         1  1.041852e-01    0.001055481      3.201756e-03            3.243642e-05
173 2013-08-20 15:40:30    196 371.1 160.3 160.4058 3.531619e-05 17.17660 0.07312806  1.519049e-01  0.003672686   5.198691e-03      0.0001256915         1  1.051017e-01    0.001058353      3.229922e-03            3.252469e-05
174 2013-08-20 15:40:45    197 372.0 160.3 160.4064 3.531619e-05 17.17717 0.07312806  1.519299e-01  0.003672686   5.199546e-03      0.0001256915         1  1.060182e-01    0.001061303      3.258088e-03            3.261535e-05
175 2013-08-20 15:41:00    198 372.7 160.2 160.3070 3.531619e-05 17.07775 0.07312806  1.476141e-01  0.003672634   5.051845e-03      0.0001256898         1  1.067310e-01    0.001063651      3.279995e-03            3.268750e-05
176 2013-08-20 15:41:15    199 373.5 160.3 160.4076 3.531619e-05 17.17832 0.07312806  1.519798e-01  0.003672687   5.201255e-03      0.0001256915         1  1.075457e-01    0.001066391      3.305031e-03            3.277170e-05
177 2013-08-20 15:41:30    200 374.3 160.2 160.3081 3.531619e-05 17.07890 0.07312806  1.476640e-01  0.003672635   5.053554e-03      0.0001256898         1  1.083604e-01    0.001069191      3.330068e-03            3.285774e-05
178 2013-08-20 15:41:45    201 375.0 160.1 160.2087 3.531619e-05 16.97947 0.07312806  1.433483e-01  0.003672584   4.905854e-03      0.0001256880         1  1.090732e-01    0.001071690      3.351974e-03            3.293453e-05
179 2013-08-20 15:42:00    202 375.7 160.2 160.3093 3.531619e-05 17.08005 0.07312806  1.477140e-01  0.003672636   5.055264e-03      0.0001256898         1  1.097861e-01    0.001074234      3.373881e-03            3.301271e-05
180 2013-08-20 15:42:15    203 376.6 160.3 160.4099 3.531619e-05 17.18062 0.07312806  1.520797e-01  0.003672688   5.204673e-03      0.0001256916         1  1.107026e-01    0.001077571      3.402047e-03            3.311526e-05
181 2013-08-20 15:42:30    204 377.3 160.3 160.4104 3.531619e-05 17.18120 0.07312806  1.521047e-01  0.003672688   5.205527e-03      0.0001256916         1  1.114155e-01    0.001080217      3.423954e-03            3.319658e-05
182 2013-08-20 15:42:45    205 378.1 160.4 160.5110 3.531619e-05 17.28177 0.07312806  1.564704e-01  0.003672741   5.354936e-03      0.0001256934         1  1.122301e-01    0.001083295      3.448990e-03            3.329119e-05
183 2013-08-20 15:43:00    206 378.9 160.3 160.4116 3.531619e-05 17.18235 0.07312806  1.521546e-01  0.003672689   5.207236e-03      0.0001256916         1  1.130448e-01    0.001086431      3.474027e-03            3.338755e-05
184 2013-08-20 15:43:15    207 379.6 160.5 160.6122 3.531619e-05 17.38292 0.07312806  1.608611e-01  0.003672794   5.505200e-03      0.0001256952         1  1.137577e-01    0.001089221      3.495933e-03            3.347330e-05
185 2013-08-20 15:43:30    208 380.4 160.1 160.2127 3.531619e-05 16.98350 0.07312806  1.435231e-01  0.003672586   4.911836e-03      0.0001256881         0  1.145724e-01    0.001092463      3.520970e-03            3.357292e-05

$dryleafvolt
            timestamp record LWSmV  SEmV    CSEmV     CSEmV.sd   loadmV  loadmV.sd
1 2013-08-20 14:57:00     22 264.4 156.9 156.9058 3.531619e-05 13.67651 0.07312806
2 2013-08-20 14:57:15     23 264.4 157.0 157.0063 3.531619e-05 13.77708 0.07312806
3 2013-08-20 14:57:30     24 264.4 156.8 156.8069 3.531619e-05 13.57766 0.07312806

$runtime
Time difference of 46 mins

$startcalibvolt
            timestamp record LWSmV  SEmV    CSEmV     CSEmV.sd   loadmV  loadmV.sd
1 2013-08-20 14:55:00     14 264.4 265.9 265.9012 3.531619e-05 122.6719 0.07312806
2 2013-08-20 14:55:15     15 264.4 266.0 266.0017 3.531619e-05 122.7725 0.07312806
3 2013-08-20 14:55:30     16 264.4 266.1 266.1023 3.531619e-05 122.8731 0.07312806
4 2013-08-20 14:55:45     17 264.4 266.0 266.0029 3.531619e-05 122.7736 0.07312806
5 2013-08-20 14:56:00     18 264.4 266.0 266.0035 3.531619e-05 122.7742 0.07312806
6 2013-08-20 14:56:15     19 264.4 266.1 266.1040 3.531619e-05 122.8748 0.07312806

$endcalibvolt
            timestamp record LWSmV  SEmV
1 2013-08-20 15:48:15    227 266.3 266.1
2 2013-08-20 15:48:30    228 266.1 266.1
3 2013-08-20 15:48:45    229 265.9 266.1
4 2013-08-20 15:49:00    230 265.8 266.0

$lastLWSvolt
[1] 376.3

$maxLWSvolt
[1] 380.6

$species
[1] "garryoak"

$trial
[1] "1"

$replicate
[1] "1"

$isvertical
[1] FALSE

$conversionfactor
         avg        stdev
1 0.04340744 1.055382e-05

$LWSwatermass
        avg       stdev
1 0.1203062 0.001922358

$dryleafmass
        avg      stdev
1 0.5936871 0.00183836

$lwsmodel

Call:
lm(formula = LWSsurfacedensity ~ record, data = rd[rd$runfilter == 
    1, ])

Coefficients:
(Intercept)       record  
 -8.413e-04    2.048e-05  


$leafmodel

Call:
lm(formula = surfacedensity ~ record, data = rd[rd$runfilter == 
    1, ])

Coefficients:
(Intercept)       record  
 -1.345e-03    3.199e-05  


