$name
[1] "redwood6"

$leafarea
[1] 21.32556

$startbasevolt
            timestamp record LWSmV  SEmV CSEmV CSEmV.sd      loadmV  loadmV.sd
1 2013-08-06 11:11:45      2 264.5 149.1 149.1        0  0.07562541 0.07514378
2 2013-08-06 11:12:00      3 264.5 149.0 149.0        0 -0.02437459 0.07514378
3 2013-08-06 11:12:15      4 264.5 149.0 149.0        0 -0.02437459 0.07514378
4 2013-08-06 11:12:30      5 264.5 149.0 149.0        0 -0.02437459 0.07514378

$endbasevolt
            timestamp record LWSmV  SEmV    CSEmV     CSEmV.sd      loadmV  loadmV.sd
1 2013-08-06 12:06:00    219 265.1 149.0 149.1561 3.865763e-05  0.13176980 0.07514379
2 2013-08-06 12:06:15    220 265.1 148.8 148.9569 3.865763e-05 -0.06750055 0.07514379
3 2013-08-06 12:06:30    221 265.1 148.8 148.9576 3.865763e-05 -0.06677090 0.07514379

$dryragvolt
            timestamp record LWSmV  SEmV    CSEmV     CSEmV.sd   loadmV  loadmV.sd
1 2013-08-06 12:02:30    205 338.3 284.5 284.6459 3.865763e-05 135.6216 0.07514379
2 2013-08-06 12:02:45    206 337.8 284.6 284.7467 3.865763e-05 135.7223 0.07514379
3 2013-08-06 12:03:00    207 337.8 284.4 284.5474 3.865763e-05 135.5230 0.07514379

$wetragvolt
            timestamp record LWSmV  SEmV    CSEmV     CSEmV.sd   loadmV  loadmV.sd
1 2013-08-06 12:03:45    210 265.8 286.0 286.1496 3.865763e-05 137.1252 0.07514379
2 2013-08-06 12:04:00    211 265.3 285.7 285.8503 3.865763e-05 136.8259 0.07514379
3 2013-08-06 12:04:15    212 265.2 285.6 285.7510 3.865763e-05 136.7267 0.07514379
4 2013-08-06 12:04:30    213 265.1 285.8 285.9518 3.865763e-05 136.9274 0.07514379

$rundata
              timestamp record LWSmV  SEmV    CSEmV     CSEmV.sd   loadmV  loadmV.sd    watermass watermass.sd surfacedensity surfacedensity.sd runfilter      LWSwater LWSwater.stdev LWSsurfacedensity LWSsurfacedensity.stdev
1   2013-08-06 11:16:45     22 265.1 168.4 168.4124 3.865763e-05 19.38803 0.07514379 -0.002608431  0.003432296  -1.223148e-04      0.0001609476         0 -2.843756e-03    0.001285489     -8.739263e-05            3.950488e-05
2   2013-08-06 11:17:00     23 265.7 168.5 168.5131 3.865763e-05 19.48876 0.07514379  0.001771541  0.003432397   8.307128e-05      0.0001609523         0 -2.232744e-03    0.001281556     -6.861538e-05            3.938403e-05
3   2013-08-06 11:17:15     24 265.8 168.5 168.5139 3.865763e-05 19.48949 0.07514379  0.001803268  0.003432398   8.455901e-05      0.0001609523         0 -2.130909e-03    0.001280903     -6.548584e-05            3.936394e-05
4   2013-08-06 11:17:30     25 265.9 168.4 168.4146 3.865763e-05 19.39022 0.07514379 -0.002513251  0.003432298  -1.178516e-04      0.0001609477         0 -2.029074e-03    0.001280250     -6.235629e-05            3.934388e-05
5   2013-08-06 11:17:45     26 266.4 168.5 168.5153 3.865763e-05 19.49095 0.07514379  0.001866722  0.003432400   8.753449e-05      0.0001609524         0 -1.519897e-03    0.001276993     -4.670858e-05            3.924379e-05
6   2013-08-06 11:18:00     27 266.5 168.6 168.6161 3.865763e-05 19.59168 0.07514379  0.006246694  0.003432501   2.929206e-04      0.0001609572         0 -1.418062e-03    0.001276343     -4.357904e-05            3.922382e-05
7   2013-08-06 11:18:15     28 266.8 168.4 168.4168 3.865763e-05 19.39241 0.07514379 -0.002418070  0.003432300  -1.133884e-04      0.0001609478         0 -1.112556e-03    0.001274397     -3.419041e-05            3.916402e-05
8   2013-08-06 11:18:30     29 267.1 168.5 168.5175 3.865763e-05 19.49314 0.07514379  0.001961902  0.003432402   9.199770e-05      0.0001609525         0 -8.070501e-04    0.001272456     -2.480179e-05            3.910438e-05
9   2013-08-06 11:18:45     30 267.3 168.8 168.8182 3.865763e-05 19.79387 0.07514379  0.015038365  0.003432707   7.051805e-04      0.0001609669         0 -6.033795e-04    0.001271165     -1.854270e-05            3.906470e-05
10  2013-08-06 11:19:00     31 267.8 168.6 168.6190 3.865763e-05 19.59460 0.07514379  0.006373601  0.003432504   2.988715e-04      0.0001609573         0 -9.420292e-05    0.001267947     -2.894988e-06            3.896579e-05
11  2013-08-06 11:19:15     32 267.9 168.5 168.5197 3.865763e-05 19.49533 0.07514379  0.002057083  0.003432404   9.646092e-05      0.0001609526         0  7.632394e-06    0.001267305      2.345542e-07            3.894607e-05
12  2013-08-06 11:19:30     33 268.5 168.7 168.7204 3.865763e-05 19.69606 0.07514379  0.010785300  0.003432608   5.057453e-04      0.0001609622         0  6.186443e-04    0.001263465      1.901181e-05            3.882805e-05
13  2013-08-06 11:19:45     34 268.6 168.8 168.8212 3.865763e-05 19.79679 0.07514379  0.015165272  0.003432710   7.111314e-04      0.0001609670         0  7.204796e-04    0.001262827      2.214135e-05            3.880844e-05
14  2013-08-06 11:20:00     35 269.2 168.8 168.8219 3.865763e-05 19.79751 0.07514379  0.015196999  0.003432711   7.126192e-04      0.0001609670         0  1.331491e-03    0.001259010      4.091861e-05            3.869116e-05
15  2013-08-06 11:20:15     36 269.3 168.8 168.8226 3.865763e-05 19.79824 0.07514379  0.015228726  0.003432712   7.141069e-04      0.0001609671         0  1.433327e-03    0.001258376      4.404815e-05            3.867167e-05
16  2013-08-06 11:20:30     37 269.9 168.6 168.6233 3.865763e-05 19.59897 0.07514379  0.006563962  0.003432509   3.077979e-04      0.0001609575         0  2.044339e-03    0.001254584      6.282540e-05            3.855512e-05
17  2013-08-06 11:20:45     38 270.1 168.4 168.4241 3.865763e-05 19.39970 0.07514379 -0.002100802  0.003432308  -9.851100e-05      0.0001609481         0  2.248009e-03    0.001253324      6.908449e-05            3.851641e-05
18  2013-08-06 11:21:00     39 270.5 168.5 168.5248 3.865763e-05 19.50043 0.07514379  0.002279170  0.003432409   1.068751e-04      0.0001609529         0  2.655350e-03    0.001250812      8.160266e-05            3.843921e-05
19  2013-08-06 11:21:15     40 270.9 168.6 168.6255 3.865763e-05 19.60116 0.07514379  0.006659143  0.003432511   3.122612e-04      0.0001609576         0  3.062692e-03    0.001248309      9.412083e-05            3.836229e-05
20  2013-08-06 11:21:30     41 271.2 168.7 168.7263 3.865763e-05 19.70189 0.07514379  0.011039115  0.003432613   5.176472e-04      0.0001609624         0  3.368198e-03    0.001246438      1.035095e-04            3.830479e-05
21  2013-08-06 11:21:45     42 271.8 168.7 168.7270 3.865763e-05 19.70262 0.07514379  0.011070842  0.003432614   5.191350e-04      0.0001609625         0  3.979209e-03    0.001242712      1.222867e-04            3.819028e-05
22  2013-08-06 11:22:00     43 272.2 168.8 168.8277 3.865763e-05 19.80335 0.07514379  0.015450814  0.003432717   7.245211e-04      0.0001609673         0  4.386551e-03    0.001240239      1.348049e-04            3.811430e-05
23  2013-08-06 11:22:15     44 272.6 168.9 168.9285 3.865763e-05 19.90408 0.07514379  0.019830786  0.003432821   9.299071e-04      0.0001609722         0  4.793892e-03    0.001237777      1.473230e-04            3.803862e-05
24  2013-08-06 11:22:30     45 273.0 168.8 168.8292 3.865763e-05 19.80481 0.07514379  0.015514267  0.003432719   7.274965e-04      0.0001609674         0  5.201233e-03    0.001235323      1.598412e-04            3.796323e-05
25  2013-08-06 11:22:45     46 273.3 168.7 168.7299 3.865763e-05 19.70554 0.07514379  0.011197749  0.003432617   5.250859e-04      0.0001609626         0  5.506739e-03    0.001233490      1.692298e-04            3.790688e-05
26  2013-08-06 11:23:00     47 273.8 168.6 168.6306 3.865763e-05 19.60627 0.07514379  0.006881230  0.003432516   3.226753e-04      0.0001609579         0  6.015916e-03    0.001230446      1.848776e-04            3.781334e-05
27  2013-08-06 11:23:15     48 274.1 168.8 168.8314 3.865763e-05 19.80700 0.07514379  0.015609448  0.003432721   7.319597e-04      0.0001609675         1  6.321422e-03    0.001228627      1.942662e-04            3.775744e-05
28  2013-08-06 11:23:30     49 274.6 168.9 168.9321 3.865763e-05 19.90773 0.07514379  0.019989420  0.003432824   9.373458e-04      0.0001609723         1  6.830598e-03    0.001225608      2.099139e-04            3.766465e-05
29  2013-08-06 11:23:45     50 274.9 168.9 168.9328 3.865763e-05 19.90846 0.07514379  0.020021147  0.003432825   9.388336e-04      0.0001609724         1  7.136104e-03    0.001223804      2.193025e-04            3.760921e-05
30  2013-08-06 11:24:00     51 275.3 168.9 168.9336 3.865763e-05 19.90919 0.07514379  0.020052874  0.003432826   9.403213e-04      0.0001609724         1  7.543445e-03    0.001221407      2.318207e-04            3.753555e-05
31  2013-08-06 11:24:15     52 275.8 168.7 168.7343 3.865763e-05 19.70992 0.07514379  0.011388110  0.003432622   5.340124e-04      0.0001609628         1  8.052622e-03    0.001218425      2.474684e-04            3.744391e-05
32  2013-08-06 11:24:30     53 276.0 168.6 168.6350 3.865763e-05 19.61065 0.07514379  0.007071591  0.003432521   3.316017e-04      0.0001609581         0  8.256292e-03    0.001217236      2.537275e-04            3.740738e-05
33  2013-08-06 11:24:45     54 276.7 168.8 168.8358 3.865763e-05 19.81138 0.07514379  0.015799809  0.003432725   7.408862e-04      0.0001609677         1  8.969140e-03    0.001213097      2.756343e-04            3.728017e-05
34  2013-08-06 11:25:00     55 276.9 168.8 168.8365 3.865763e-05 19.81211 0.07514379  0.015831536  0.003432726   7.423739e-04      0.0001609677         1  9.172810e-03    0.001211920      2.818934e-04            3.724399e-05
35  2013-08-06 11:25:15     56 277.3 168.8 168.8372 3.865763e-05 19.81284 0.07514379  0.015863263  0.003432727   7.438616e-04      0.0001609678         1  9.580152e-03    0.001209573      2.944115e-04            3.717189e-05
36  2013-08-06 11:25:30     57 277.8 169.0 169.0379 3.865763e-05 20.01357 0.07514379  0.024591480  0.003432934   1.153146e-03      0.0001609775         1  1.008933e-02    0.001206655      3.100593e-04            3.708220e-05
37  2013-08-06 11:25:45     58 278.1 168.8 168.8387 3.865763e-05 19.81430 0.07514379  0.015926716  0.003432728   7.468371e-04      0.0001609678         1  1.039483e-02    0.001204911      3.194479e-04            3.702862e-05
38  2013-08-06 11:26:00     59 278.7 168.8 168.8394 3.865763e-05 19.81503 0.07514379  0.015958443  0.003432729   7.483249e-04      0.0001609679         1  1.100585e-02    0.001201442      3.382251e-04            3.692201e-05
39  2013-08-06 11:26:15     60 278.9 168.8 168.8401 3.865763e-05 19.81576 0.07514379  0.015990170  0.003432730   7.498126e-04      0.0001609679         1  1.120952e-02    0.001200291      3.444842e-04            3.688663e-05
40  2013-08-06 11:26:30     61 279.4 168.9 168.9409 3.865763e-05 19.91649 0.07514379  0.020370142  0.003432833   9.551987e-04      0.0001609728         1  1.171869e-02    0.001197425      3.601319e-04            3.679855e-05
41  2013-08-06 11:26:45     62 279.9 168.9 168.9416 3.865763e-05 19.91722 0.07514379  0.020401869  0.003432834   9.566864e-04      0.0001609728         1  1.222787e-02    0.001194575      3.757796e-04            3.671097e-05
42  2013-08-06 11:27:00     63 280.1 169.0 169.0423 3.865763e-05 20.01794 0.07514379  0.024781841  0.003432938   1.162072e-03      0.0001609777         1  1.243154e-02    0.001193440      3.820387e-04            3.667608e-05
43  2013-08-06 11:27:15     64 280.7 169.0 169.0430 3.865763e-05 20.01867 0.07514379  0.024813568  0.003432939   1.163560e-03      0.0001609777         1  1.304255e-02    0.001190050      4.008160e-04            3.657191e-05
44  2013-08-06 11:27:30     65 281.0 169.0 169.0438 3.865763e-05 20.01940 0.07514379  0.024845295  0.003432940   1.165048e-03      0.0001609777         1  1.334806e-02    0.001188364      4.102046e-04            3.652011e-05
45  2013-08-06 11:27:45     66 281.4 168.9 168.9445 3.865763e-05 19.92013 0.07514379  0.020528776  0.003432837   9.626374e-04      0.0001609729         1  1.375540e-02    0.001186126      4.227228e-04            3.645133e-05
46  2013-08-06 11:28:00     67 281.9 169.0 169.0452 3.865763e-05 20.02086 0.07514379  0.024908748  0.003432941   1.168023e-03      0.0001609778         1  1.426458e-02    0.001183344      4.383705e-04            3.636582e-05
47  2013-08-06 11:28:15     68 282.1 169.1 169.1460 3.865763e-05 20.12159 0.07514379  0.029288721  0.003433046   1.373410e-03      0.0001609827         1  1.446825e-02    0.001182236      4.446296e-04            3.633177e-05
48  2013-08-06 11:28:30     69 282.8 169.1 169.1467 3.865763e-05 20.12232 0.07514379  0.029320447  0.003433047   1.374897e-03      0.0001609828         1  1.518109e-02    0.001178379      4.665364e-04            3.621324e-05
49  2013-08-06 11:28:45     70 283.0 169.1 169.1474 3.865763e-05 20.12305 0.07514379  0.029352174  0.003433047   1.376385e-03      0.0001609828         1  1.538476e-02    0.001177283      4.727955e-04            3.617957e-05
50  2013-08-06 11:29:00     71 283.5 169.3 169.3482 3.865763e-05 20.32378 0.07514379  0.038080392  0.003433257   1.785669e-03      0.0001609926         1  1.589394e-02    0.001174556      4.884432e-04            3.609576e-05
51  2013-08-06 11:29:15     72 283.9 169.2 169.2489 3.865763e-05 20.22451 0.07514379  0.033763873  0.003433153   1.583259e-03      0.0001609878         1  1.630128e-02    0.001172387      5.009613e-04            3.602911e-05
52  2013-08-06 11:29:30     73 284.2 169.3 169.3496 3.865763e-05 20.32524 0.07514379  0.038143845  0.003433259   1.788645e-03      0.0001609927         1  1.660679e-02    0.001170768      5.103500e-04            3.597934e-05
53  2013-08-06 11:29:45     74 284.8 169.1 169.1503 3.865763e-05 20.12597 0.07514379  0.029479082  0.003433050   1.382336e-03      0.0001609829         1  1.721780e-02    0.001167548      5.291272e-04            3.588040e-05
54  2013-08-06 11:30:00     75 285.2 168.9 168.9511 3.865763e-05 19.92670 0.07514379  0.020814318  0.003432844   9.760270e-04      0.0001609733         1  1.762514e-02    0.001165416      5.416454e-04            3.581488e-05
55  2013-08-06 11:30:15     76 285.5 169.0 169.0518 3.865763e-05 20.02743 0.07514379  0.025194290  0.003432948   1.181413e-03      0.0001609781         1  1.793065e-02    0.001163825      5.510340e-04            3.576597e-05
56  2013-08-06 11:30:30     77 286.0 169.1 169.1525 3.865763e-05 20.12816 0.07514379  0.029574262  0.003433053   1.386799e-03      0.0001609830         1  1.843982e-02    0.001161187      5.666817e-04            3.568490e-05
57  2013-08-06 11:30:45     78 286.4 169.2 169.2533 3.865763e-05 20.22889 0.07514379  0.033954234  0.003433158   1.592185e-03      0.0001609880         1  1.884716e-02    0.001159089      5.791999e-04            3.562044e-05
58  2013-08-06 11:31:00     79 286.9 169.0 169.0540 3.865763e-05 20.02962 0.07514379  0.025289470  0.003432950   1.185876e-03      0.0001609782         1  1.935634e-02    0.001156484      5.948476e-04            3.554037e-05
59  2013-08-06 11:31:15     80 287.3 169.0 169.0547 3.865763e-05 20.03035 0.07514379  0.025321197  0.003432951   1.187364e-03      0.0001609783         1  1.976368e-02    0.001154413      6.073658e-04            3.547673e-05
60  2013-08-06 11:31:30     81 287.6 169.0 169.0555 3.865763e-05 20.03108 0.07514379  0.025352924  0.003432952   1.188852e-03      0.0001609783         1  2.006919e-02    0.001152867      6.167544e-04            3.542923e-05
61  2013-08-06 11:31:45     82 288.2 168.9 168.9562 3.865763e-05 19.93181 0.07514379  0.021036405  0.003432849   9.864412e-04      0.0001609735         1  2.068020e-02    0.001149796      6.355317e-04            3.533486e-05
62  2013-08-06 11:32:00     83 288.4 169.2 169.2569 3.865763e-05 20.23254 0.07514379  0.034112868  0.003433162   1.599624e-03      0.0001609882         1  2.088387e-02    0.001148779      6.417907e-04            3.530358e-05
63  2013-08-06 11:32:15     84 288.9 169.3 169.3576 3.865763e-05 20.33327 0.07514379  0.038492841  0.003433267   1.805010e-03      0.0001609931         1  2.139305e-02    0.001146247      6.574385e-04            3.522580e-05
64  2013-08-06 11:32:30     85 289.4 169.2 169.2584 3.865763e-05 20.23400 0.07514379  0.034176322  0.003433163   1.602599e-03      0.0001609882         1  2.190222e-02    0.001143735      6.730862e-04            3.514860e-05
65  2013-08-06 11:32:45     86 289.6 169.1 169.1591 3.865763e-05 20.13473 0.07514379  0.029859804  0.003433060   1.400189e-03      0.0001609834         1  2.210589e-02    0.001142736      6.793453e-04            3.511788e-05
66  2013-08-06 11:33:00     87 290.3 169.1 169.1598 3.865763e-05 20.13546 0.07514379  0.029891530  0.003433060   1.401677e-03      0.0001609834         1  2.281874e-02    0.001139261      7.012521e-04            3.501110e-05
67  2013-08-06 11:33:15     88 290.6 169.0 169.0606 3.865763e-05 20.03619 0.07514379  0.025575012  0.003432957   1.199266e-03      0.0001609786         1  2.312425e-02    0.001137784      7.106407e-04            3.496570e-05
68  2013-08-06 11:33:30     89 290.9 169.0 169.0613 3.865763e-05 20.03692 0.07514379  0.025606739  0.003432958   1.200754e-03      0.0001609786         1  2.342975e-02    0.001136313      7.200293e-04            3.492050e-05
69  2013-08-06 11:33:45     90 291.5 169.2 169.2620 3.865763e-05 20.23765 0.07514379  0.034334956  0.003433167   1.610038e-03      0.0001609884         1  2.404077e-02    0.001133393      7.388066e-04            3.483076e-05
70  2013-08-06 11:34:00     91 291.8 169.2 169.2627 3.865763e-05 20.23838 0.07514379  0.034366683  0.003433168   1.611526e-03      0.0001609884         1  2.434627e-02    0.001131943      7.481952e-04            3.478621e-05
71  2013-08-06 11:34:15     92 292.4 169.2 169.2635 3.865763e-05 20.23910 0.07514379  0.034398410  0.003433169   1.613014e-03      0.0001609885         1  2.495728e-02    0.001129065      7.669724e-04            3.469777e-05
72  2013-08-06 11:34:30     93 293.0 169.2 169.2642 3.865763e-05 20.23983 0.07514379  0.034430137  0.003433169   1.614501e-03      0.0001609885         1  2.556830e-02    0.001126216      7.857497e-04            3.461020e-05
73  2013-08-06 11:34:45     94 293.3 169.3 169.3649 3.865763e-05 20.34056 0.07514379  0.038810109  0.003433275   1.819887e-03      0.0001609935         1  2.587380e-02    0.001124802      7.951383e-04            3.456675e-05
74  2013-08-06 11:35:00     95 293.7 169.4 169.4657 3.865763e-05 20.44129 0.07514379  0.043190081  0.003433381   2.025273e-03      0.0001609985         1  2.628114e-02    0.001122928      8.076565e-04            3.450915e-05
75  2013-08-06 11:35:15     96 294.2 169.4 169.4664 3.865763e-05 20.44202 0.07514379  0.043221808  0.003433382   2.026761e-03      0.0001609985         1  2.679032e-02    0.001120603      8.233042e-04            3.443771e-05
76  2013-08-06 11:35:30     97 294.5 169.3 169.3671 3.865763e-05 20.34275 0.07514379  0.038905289  0.003433277   1.824351e-03      0.0001609936         1  2.709582e-02    0.001119218      8.326928e-04            3.439515e-05
77  2013-08-06 11:35:45     98 295.0 169.3 169.3679 3.865763e-05 20.34348 0.07514379  0.038937016  0.003433278   1.825838e-03      0.0001609936         1  2.760500e-02    0.001116926      8.483405e-04            3.432470e-05
78  2013-08-06 11:36:00     99 295.3 169.5 169.5686 3.865763e-05 20.54421 0.07514379  0.047665234  0.003433491   2.235123e-03      0.0001610036         1  2.791051e-02    0.001115560      8.577292e-04            3.428274e-05
79  2013-08-06 11:36:15    100 295.7 169.4 169.4693 3.865763e-05 20.44494 0.07514379  0.043348715  0.003433385   2.032712e-03      0.0001609986         1  2.831785e-02    0.001113751      8.702473e-04            3.422713e-05
80  2013-08-06 11:36:30    101 296.3 169.4 169.4700 3.865763e-05 20.44567 0.07514379  0.043380442  0.003433386   2.034200e-03      0.0001609987         1  2.892886e-02    0.001111062      8.890246e-04            3.414449e-05
81  2013-08-06 11:36:45    102 296.5 169.5 169.5708 3.865763e-05 20.54640 0.07514379  0.047760414  0.003433493   2.239586e-03      0.0001610037         1  2.913253e-02    0.001110172      8.952837e-04            3.411715e-05
82  2013-08-06 11:37:00    103 297.1 169.5 169.5715 3.865763e-05 20.54713 0.07514379  0.047792141  0.003433494   2.241074e-03      0.0001610037         1  2.974354e-02    0.001107523      9.140609e-04            3.403573e-05
83  2013-08-06 11:37:15    104 297.5 169.7 169.7722 3.865763e-05 20.74786 0.07514379  0.056520359  0.003433708   2.650358e-03      0.0001610138         1  3.015088e-02    0.001105773      9.265791e-04            3.398196e-05
84  2013-08-06 11:37:30    105 297.7 169.5 169.5730 3.865763e-05 20.54859 0.07514379  0.047855595  0.003433495   2.244049e-03      0.0001610038         1  3.035455e-02    0.001104903      9.328382e-04            3.395523e-05
85  2013-08-06 11:37:45    106 298.3 169.6 169.6737 3.865763e-05 20.64932 0.07514379  0.052235567  0.003433603   2.449435e-03      0.0001610088         1  3.096557e-02    0.001102314      9.516154e-04            3.387567e-05
86  2013-08-06 11:38:00    107 298.6 169.4 169.4744 3.865763e-05 20.45005 0.07514379  0.043570803  0.003433391   2.043126e-03      0.0001609989         1  3.127107e-02    0.001101031      9.610041e-04            3.383624e-05
87  2013-08-06 11:38:15    108 299.1 169.7 169.7752 3.865763e-05 20.75078 0.07514379  0.056647266  0.003433711   2.656309e-03      0.0001610139         1  3.178025e-02    0.001098910      9.766518e-04            3.377105e-05
88  2013-08-06 11:38:30    109 299.5 169.7 169.7759 3.865763e-05 20.75151 0.07514379  0.056678993  0.003433712   2.657797e-03      0.0001610140         1  3.218759e-02    0.001097228      9.891700e-04            3.371937e-05
89  2013-08-06 11:38:45    110 299.8 169.7 169.7766 3.865763e-05 20.75224 0.07514379  0.056710720  0.003433713   2.659285e-03      0.0001610140         1  3.249310e-02    0.001095976      9.985586e-04            3.368089e-05
90  2013-08-06 11:39:00    111 300.4 169.7 169.7773 3.865763e-05 20.75297 0.07514379  0.056742446  0.003433714   2.660772e-03      0.0001610140         1  3.310411e-02    0.001093495      1.017336e-03            3.360465e-05
91  2013-08-06 11:39:15    112 300.6 169.6 169.6781 3.865763e-05 20.65370 0.07514379  0.052425928  0.003433607   2.458362e-03      0.0001610090         1  3.330778e-02    0.001092675      1.023595e-03            3.357945e-05
92  2013-08-06 11:39:30    113 301.1 169.5 169.5788 3.865763e-05 20.55443 0.07514379  0.048109409  0.003433501   2.255951e-03      0.0001610041         1  3.381696e-02    0.001090640      1.039243e-03            3.351691e-05
93  2013-08-06 11:39:45    114 301.6 169.6 169.6795 3.865763e-05 20.65516 0.07514379  0.052489382  0.003433609   2.461337e-03      0.0001610091         1  3.432613e-02    0.001088627      1.054890e-03            3.345505e-05
94  2013-08-06 11:40:00    115 301.8 169.7 169.7803 3.865763e-05 20.75589 0.07514379  0.056869354  0.003433717   2.666723e-03      0.0001610142         1  3.452980e-02    0.001087828      1.061149e-03            3.343050e-05
95  2013-08-06 11:40:15    116 302.4 169.7 169.7810 3.865763e-05 20.75662 0.07514379  0.056901081  0.003433717   2.668211e-03      0.0001610142         1  3.514081e-02    0.001085453      1.079927e-03            3.335748e-05
96  2013-08-06 11:40:30    117 302.7 169.4 169.4817 3.865763e-05 20.45735 0.07514379  0.043888071  0.003433398   2.058004e-03      0.0001609992         1  3.544632e-02    0.001084277      1.089315e-03            3.332135e-05
97  2013-08-06 11:40:45    118 303.2 169.6 169.6825 3.865763e-05 20.65808 0.07514379  0.052616289  0.003433612   2.467288e-03      0.0001610093         1  3.595550e-02    0.001082335      1.104963e-03            3.326166e-05
98  2013-08-06 11:41:00    119 303.6 169.7 169.7832 3.865763e-05 20.75881 0.07514379  0.056996261  0.003433720   2.672674e-03      0.0001610143         1  3.636284e-02    0.001080797      1.117481e-03            3.321442e-05
99  2013-08-06 11:41:15    120 304.0 169.5 169.5839 3.865763e-05 20.55953 0.07514379  0.048331497  0.003433507   2.266365e-03      0.0001610043         1  3.677018e-02    0.001079274      1.129999e-03            3.316761e-05
100 2013-08-06 11:41:30    121 304.5 169.5 169.5846 3.865763e-05 20.56026 0.07514379  0.048363224  0.003433508   2.267853e-03      0.0001610044         1  3.727936e-02    0.001077391      1.145647e-03            3.310973e-05
101 2013-08-06 11:41:45    122 304.8 169.6 169.6854 3.865763e-05 20.66099 0.07514379  0.052743196  0.003433615   2.473239e-03      0.0001610094         1  3.758486e-02    0.001076271      1.155036e-03            3.307533e-05
102 2013-08-06 11:42:00    123 305.2 169.6 169.6861 3.865763e-05 20.66172 0.07514379  0.052774923  0.003433616   2.474727e-03      0.0001610094         1  3.799220e-02    0.001074792      1.167554e-03            3.302987e-05
103 2013-08-06 11:42:15    124 305.8 169.7 169.7868 3.865763e-05 20.76245 0.07514379  0.057154895  0.003433724   2.680113e-03      0.0001610145         1  3.860321e-02    0.001072600      1.186331e-03            3.296251e-05
104 2013-08-06 11:42:30    125 306.0 169.7 169.7876 3.865763e-05 20.76318 0.07514379  0.057186622  0.003433724   2.681601e-03      0.0001610145         1  3.880689e-02    0.001071877      1.192590e-03            3.294029e-05
105 2013-08-06 11:42:45    126 306.6 169.7 169.7883 3.865763e-05 20.76391 0.07514379  0.057218349  0.003433725   2.683088e-03      0.0001610146         1  3.941790e-02    0.001069729      1.211367e-03            3.287429e-05
106 2013-08-06 11:43:00    127 306.8 169.6 169.6890 3.865763e-05 20.66464 0.07514379  0.052901830  0.003433619   2.480678e-03      0.0001610096         1  3.962157e-02    0.001069021      1.217627e-03            3.285252e-05
107 2013-08-06 11:43:15    128 307.3 169.7 169.7897 3.865763e-05 20.76537 0.07514379  0.057281803  0.003433727   2.686064e-03      0.0001610147         1  4.013074e-02    0.001067266      1.233274e-03            3.279860e-05
108 2013-08-06 11:43:30    129 307.9 169.8 169.8905 3.865763e-05 20.86610 0.07514379  0.061661775  0.003433835   2.891450e-03      0.0001610197         1  4.074176e-02    0.001065192      1.252052e-03            3.273484e-05
109 2013-08-06 11:43:45    130 308.5 169.5 169.5912 3.865763e-05 20.56683 0.07514379  0.048648765  0.003433515   2.281243e-03      0.0001610047         1  4.135277e-02    0.001063151      1.270829e-03            3.267212e-05
110 2013-08-06 11:44:00    131 308.6 169.8 169.8919 3.865763e-05 20.86756 0.07514379  0.061725228  0.003433837   2.894425e-03      0.0001610198         1  4.145460e-02    0.001062814      1.273958e-03            3.266177e-05
111 2013-08-06 11:44:15    132 309.1 169.6 169.6927 3.865763e-05 20.66829 0.07514379  0.053060465  0.003433623   2.488116e-03      0.0001610098         1  4.196378e-02    0.001061144      1.289606e-03            3.261045e-05
112 2013-08-06 11:44:30    133 309.3 169.9 169.9934 3.865763e-05 20.96902 0.07514379  0.066136927  0.003433947   3.101299e-03      0.0001610250         1  4.216745e-02    0.001060483      1.295865e-03            3.259012e-05
113 2013-08-06 11:44:45    134 310.0 169.7 169.7941 3.865763e-05 20.76975 0.07514379  0.057472164  0.003433732   2.694990e-03      0.0001610149         1  4.288030e-02    0.001058198      1.317772e-03            3.251991e-05
114 2013-08-06 11:45:00    135 310.2 169.8 169.8949 3.865763e-05 20.87048 0.07514379  0.061852136  0.003433840   2.900376e-03      0.0001610200         1  4.308397e-02    0.001057554      1.324031e-03            3.250012e-05
115 2013-08-06 11:45:15    136 310.7 169.6 169.6956 3.865763e-05 20.67121 0.07514379  0.053187372  0.003433626   2.494067e-03      0.0001610099         1  4.359314e-02    0.001055960      1.339679e-03            3.245115e-05
116 2013-08-06 11:45:30    137 311.1 169.7 169.7963 3.865763e-05 20.77194 0.07514379  0.057567344  0.003433734   2.699453e-03      0.0001610150         1  4.400049e-02    0.001054703      1.352197e-03            3.241251e-05
117 2013-08-06 11:45:45    138 311.3 169.9 169.9970 3.865763e-05 20.97267 0.07514379  0.066295562  0.003433951   3.108738e-03      0.0001610251         1  4.420416e-02    0.001054080      1.358456e-03            3.239337e-05
118 2013-08-06 11:46:00    139 311.9 170.0 170.0978 3.865763e-05 21.07340 0.07514379  0.070675534  0.003434060   3.314124e-03      0.0001610303         1  4.481517e-02    0.001052235      1.377233e-03            3.233666e-05
119 2013-08-06 11:46:15    140 312.2 169.6 169.6985 3.865763e-05 20.67413 0.07514379  0.053314279  0.003433629   2.500018e-03      0.0001610101         1  4.512067e-02    0.001051325      1.386622e-03            3.230871e-05
120 2013-08-06 11:46:30    141 312.7 169.7 169.7992 3.865763e-05 20.77486 0.07514379  0.057694251  0.003433737   2.705404e-03      0.0001610151         1  4.562985e-02    0.001049829      1.402270e-03            3.226273e-05
121 2013-08-06 11:46:45    142 313.0 169.8 169.9000 3.865763e-05 20.87559 0.07514379  0.062074224  0.003433846   2.910791e-03      0.0001610202         1  4.593536e-02    0.001048943      1.411658e-03            3.223550e-05
122 2013-08-06 11:47:00    143 313.4 169.7 169.8007 3.865763e-05 20.77632 0.07514379  0.057757705  0.003433739   2.708380e-03      0.0001610152         1  4.634270e-02    0.001047776      1.424176e-03            3.219962e-05
123 2013-08-06 11:47:15    144 313.9 169.5 169.6014 3.865763e-05 20.57705 0.07514379  0.049092941  0.003433525   2.302071e-03      0.0001610052         1  4.685187e-02    0.001046339      1.439824e-03            3.215546e-05
124 2013-08-06 11:47:30    145 314.2 169.6 169.7022 3.865763e-05 20.67778 0.07514379  0.053472913  0.003433633   2.507457e-03      0.0001610102         1  4.715738e-02    0.001045488      1.449213e-03            3.212932e-05
125 2013-08-06 11:47:45    146 314.7 169.7 169.8029 3.865763e-05 20.77851 0.07514379  0.057852885  0.003433741   2.712843e-03      0.0001610153         1  4.766656e-02    0.001044091      1.464860e-03            3.208638e-05
126 2013-08-06 11:48:00    147 315.2 169.6 169.7036 3.865763e-05 20.67924 0.07514379  0.053536367  0.003433634   2.510433e-03      0.0001610103         1  4.817573e-02    0.001042718      1.480508e-03            3.204421e-05
127 2013-08-06 11:48:15    148 315.4 169.8 169.9043 3.865763e-05 20.87996 0.07514379  0.062264585  0.003433850   2.919717e-03      0.0001610204         1  4.837940e-02    0.001042177      1.486767e-03            3.202755e-05
128 2013-08-06 11:48:30    149 316.1 169.6 169.7051 3.865763e-05 20.68069 0.07514379  0.053599821  0.003433636   2.513408e-03      0.0001610104         1  4.909225e-02    0.001040311      1.508674e-03            3.197023e-05
129 2013-08-06 11:48:45    150 316.4 169.5 169.6058 3.865763e-05 20.58142 0.07514379  0.049283302  0.003433530   2.310997e-03      0.0001610054         1  4.939776e-02    0.001039527      1.518063e-03            3.194613e-05
130 2013-08-06 11:49:00    151 316.8 169.7 169.8065 3.865763e-05 20.78215 0.07514379  0.058011520  0.003433745   2.720282e-03      0.0001610155         1  4.980510e-02    0.001038496      1.530581e-03            3.191444e-05
131 2013-08-06 11:49:15    152 317.3 169.8 169.9073 3.865763e-05 20.88288 0.07514379  0.062391492  0.003433853   2.925668e-03      0.0001610206         1  5.031428e-02    0.001037229      1.546229e-03            3.187552e-05
132 2013-08-06 11:49:30    153 317.6 169.9 170.0080 3.865763e-05 20.98361 0.07514379  0.066771464  0.003433962   3.131054e-03      0.0001610257         1  5.061978e-02    0.001036482      1.555617e-03            3.185254e-05
133 2013-08-06 11:49:45    154 318.1 169.8 169.9087 3.865763e-05 20.88434 0.07514379  0.062454945  0.003433855   2.928643e-03      0.0001610207         1  5.112896e-02    0.001035256      1.571265e-03            3.181488e-05
134 2013-08-06 11:50:00    155 318.4 169.7 169.8094 3.865763e-05 20.78507 0.07514379  0.058138427  0.003433748   2.726233e-03      0.0001610156         1  5.143446e-02    0.001034533      1.580653e-03            3.179266e-05
135 2013-08-06 11:50:15    156 318.8 169.9 170.0102 3.865763e-05 20.98580 0.07514379  0.066866645  0.003433965   3.135517e-03      0.0001610258         1  5.184181e-02    0.001033583      1.593172e-03            3.176347e-05
136 2013-08-06 11:50:30    157 319.3 169.7 169.8109 3.865763e-05 20.78653 0.07514379  0.058201881  0.003433750   2.729208e-03      0.0001610157         1  5.235098e-02    0.001032419      1.608819e-03            3.172770e-05
137 2013-08-06 11:50:45    158 319.5 169.8 169.9116 3.865763e-05 20.88726 0.07514379  0.062581853  0.003433858   2.934594e-03      0.0001610208         1  5.255465e-02    0.001031961      1.615078e-03            3.171361e-05
138 2013-08-06 11:51:00    159 320.1 169.9 170.0124 3.865763e-05 20.98799 0.07514379  0.066961825  0.003433967   3.139980e-03      0.0001610259         1  5.316566e-02    0.001030611      1.633856e-03            3.167212e-05
139 2013-08-06 11:51:15    160 320.6 169.9 170.0131 3.865763e-05 20.98872 0.07514379  0.066993552  0.003433968   3.141468e-03      0.0001610260         1  5.367484e-02    0.001029514      1.649503e-03            3.163842e-05
140 2013-08-06 11:51:30    161 320.9 169.9 170.0138 3.865763e-05 20.98945 0.07514379  0.067025279  0.003433969   3.142956e-03      0.0001610260         1  5.398035e-02    0.001028869      1.658892e-03            3.161858e-05
141 2013-08-06 11:51:45    162 321.4 169.7 169.8146 3.865763e-05 20.79018 0.07514379  0.058360515  0.003433753   2.736647e-03      0.0001610159         1  5.448952e-02    0.001027814      1.674540e-03            3.158616e-05
142 2013-08-06 11:52:00    163 321.7 169.6 169.7153 3.865763e-05 20.69091 0.07514379  0.054043996  0.003433647   2.534236e-03      0.0001610109         1  5.479503e-02    0.001027193      1.683928e-03            3.156709e-05
143 2013-08-06 11:52:15    164 322.2 170.1 170.2160 3.865763e-05 21.19164 0.07514379  0.075816950  0.003434189   3.555216e-03      0.0001610363         1  5.530421e-02    0.001026180      1.699576e-03            3.153596e-05
144 2013-08-06 11:52:30    165 322.5 170.0 170.1167 3.865763e-05 21.09237 0.07514379  0.071500431  0.003434081   3.352805e-03      0.0001610313         1  5.560971e-02    0.001025585      1.708965e-03            3.151767e-05
145 2013-08-06 11:52:45    166 322.9 170.1 170.2175 3.865763e-05 21.19310 0.07514379  0.075880404  0.003434191   3.558191e-03      0.0001610364         1  5.601705e-02    0.001024806      1.721483e-03            3.149374e-05
146 2013-08-06 11:53:00    167 323.5 169.8 169.9182 3.865763e-05 20.89383 0.07514379  0.062867394  0.003433865   2.947984e-03      0.0001610211         1  5.662806e-02    0.001023670      1.740260e-03            3.145881e-05
147 2013-08-06 11:53:15    168 323.7 169.8 169.9189 3.865763e-05 20.89456 0.07514379  0.062899121  0.003433866   2.949472e-03      0.0001610212         1  5.683174e-02    0.001023299      1.746519e-03            3.144743e-05
148 2013-08-06 11:53:30    169 324.2 170.1 170.2197 3.865763e-05 21.19529 0.07514379  0.075975584  0.003434193   3.562654e-03      0.0001610365         1  5.734091e-02    0.001022392      1.762167e-03            3.141955e-05
149 2013-08-06 11:53:45    170 324.7 170.2 170.3204 3.865763e-05 21.29602 0.07514379  0.080355556  0.003434304   3.768041e-03      0.0001610417         1  5.785009e-02    0.001021511      1.777815e-03            3.139248e-05
150 2013-08-06 11:54:00    171 324.9 170.1 170.2211 3.865763e-05 21.19675 0.07514379  0.076039038  0.003434195   3.565630e-03      0.0001610366         1  5.805376e-02    0.001021166      1.784074e-03            3.138188e-05
151 2013-08-06 11:54:15    172 325.5 170.1 170.2219 3.865763e-05 21.19748 0.07514379  0.076070765  0.003434196   3.567118e-03      0.0001610366         1  5.866477e-02    0.001020158      1.802851e-03            3.135088e-05
152 2013-08-06 11:54:30    173 325.8 169.9 170.0226 3.865763e-05 20.99821 0.07514379  0.067406001  0.003433978   3.160809e-03      0.0001610264         1  5.897028e-02    0.001019668      1.812240e-03            3.133582e-05
153 2013-08-06 11:54:45    174 326.3 170.0 170.1233 3.865763e-05 21.09894 0.07514379  0.071785973  0.003434088   3.366195e-03      0.0001610316         1  5.947945e-02    0.001018873      1.827887e-03            3.131139e-05
154 2013-08-06 11:55:00    175 326.6 170.1 170.2240 3.865763e-05 21.19967 0.07514379  0.076165945  0.003434198   3.571581e-03      0.0001610368         1  5.978496e-02    0.001018408      1.837276e-03            3.129712e-05
155 2013-08-06 11:55:15    176 327.0 169.9 170.0248 3.865763e-05 21.00039 0.07514379  0.067501181  0.003433981   3.165272e-03      0.0001610266         1  6.019230e-02    0.001017804      1.849794e-03            3.127856e-05
156 2013-08-06 11:55:30    177 327.6 170.0 170.1255 3.865763e-05 21.10112 0.07514379  0.071881153  0.003434090   3.370658e-03      0.0001610317         1  6.080331e-02    0.001016931      1.868571e-03            3.125172e-05
157 2013-08-06 11:55:45    178 327.7 169.9 170.0262 3.865763e-05 21.00185 0.07514379  0.067564635  0.003433982   3.168247e-03      0.0001610266         1  6.090515e-02    0.001016789      1.871701e-03            3.124736e-05
158 2013-08-06 11:56:00    179 328.3 170.0 170.1270 3.865763e-05 21.10258 0.07514379  0.071944607  0.003434092   3.373633e-03      0.0001610318         1  6.151616e-02    0.001015961      1.890478e-03            3.122192e-05
159 2013-08-06 11:56:15    180 328.7 170.0 170.1277 3.865763e-05 21.10331 0.07514379  0.071976334  0.003434093   3.375121e-03      0.0001610318         1  6.192350e-02    0.001015431      1.902996e-03            3.120562e-05
160 2013-08-06 11:56:30    181 329.0 170.0 170.1284 3.865763e-05 21.10404 0.07514379  0.072008061  0.003434094   3.376609e-03      0.0001610318         1  6.222901e-02    0.001015045      1.912385e-03            3.119375e-05
161 2013-08-06 11:56:45    182 329.6 169.8 169.9291 3.865763e-05 20.90477 0.07514379  0.063343297  0.003433877   2.970300e-03      0.0001610217         1  6.284002e-02    0.001014301      1.931162e-03            3.117091e-05
162 2013-08-06 11:57:00    183 330.1 170.1 170.2299 3.865763e-05 21.20550 0.07514379  0.076419760  0.003434205   3.583483e-03      0.0001610371         1  6.334920e-02    0.001013712      1.946810e-03            3.115279e-05
163 2013-08-06 11:57:15    184 330.4 170.0 170.1306 3.865763e-05 21.10623 0.07514379  0.072103241  0.003434096   3.381072e-03      0.0001610320         1  6.365470e-02    0.001013371      1.956199e-03            3.114232e-05
164 2013-08-06 11:57:30    185 330.7 170.2 170.3313 3.865763e-05 21.30696 0.07514379  0.080831459  0.003434316   3.790357e-03      0.0001610423         1  6.396021e-02    0.001013040      1.965587e-03            3.113216e-05
165 2013-08-06 11:57:45    186 331.0 170.1 170.2321 3.865763e-05 21.20769 0.07514379  0.076514940  0.003434207   3.587946e-03      0.0001610372         1  6.426571e-02    0.001012720      1.974976e-03            3.112230e-05
166 2013-08-06 11:58:00    187 331.7 170.1 170.2328 3.865763e-05 21.20842 0.07514379  0.076546667  0.003434208   3.589434e-03      0.0001610372         1  6.497856e-02    0.001012009      1.996883e-03            3.110046e-05
167 2013-08-06 11:58:15    188 331.8 170.1 170.2335 3.865763e-05 21.20915 0.07514379  0.076578394  0.003434209   3.590921e-03      0.0001610372         1  6.508040e-02    0.001011912      2.000012e-03            3.109748e-05
168 2013-08-06 11:58:30    189 332.4 170.1 170.2343 3.865763e-05 21.20988 0.07514379  0.076610121  0.003434209   3.592409e-03      0.0001610373         1  6.569141e-02    0.001011352      2.018789e-03            3.108028e-05
169 2013-08-06 11:58:45    190 332.9 170.2 170.3350 3.865763e-05 21.31061 0.07514379  0.080990093  0.003434320   3.797795e-03      0.0001610425         1  6.620058e-02    0.001010916      2.034437e-03            3.106688e-05
170 2013-08-06 11:59:00    191 333.2 170.0 170.1357 3.865763e-05 21.11134 0.07514379  0.072325329  0.003434102   3.391486e-03      0.0001610322         1  6.650609e-02    0.001010668      2.043826e-03            3.105924e-05
171 2013-08-06 11:59:15    192 333.8 170.1 170.2364 3.865763e-05 21.21207 0.07514379  0.076705301  0.003434212   3.596872e-03      0.0001610374         1  6.711710e-02    0.001010201      2.062603e-03            3.104489e-05
172 2013-08-06 11:59:30    193 334.2 170.2 170.3372 3.865763e-05 21.31280 0.07514379  0.081085273  0.003434323   3.802258e-03      0.0001610426         1  6.752444e-02    0.001009911      2.075121e-03            3.103599e-05
173 2013-08-06 11:59:45    194 334.6 170.3 170.4379 3.865763e-05 21.41353 0.07514379  0.085465245  0.003434434   4.007645e-03      0.0001610478         1  6.793178e-02    0.001009640      2.087639e-03            3.102764e-05
174 2013-08-06 12:00:00    195 335.3 170.2 170.3386 3.865763e-05 21.31426 0.07514379  0.081148727  0.003434324   3.805234e-03      0.0001610427         1  6.864463e-02    0.001009207      2.109546e-03            3.101434e-05
175 2013-08-06 12:00:15    196 335.8 170.2 170.3394 3.865763e-05 21.31499 0.07514379  0.081180454  0.003434325   3.806722e-03      0.0001610427         1  6.915381e-02    0.001008930      2.125194e-03            3.100585e-05
176 2013-08-06 12:00:30    197 336.2 170.1 170.2401 3.865763e-05 21.21572 0.07514379  0.076863935  0.003434216   3.604311e-03      0.0001610376         1  6.956115e-02    0.001008729      2.137712e-03            3.099968e-05
177 2013-08-06 12:00:45    198 336.5 170.3 170.4408 3.865763e-05 21.41645 0.07514379  0.085592153  0.003434437   4.013596e-03      0.0001610480         1  6.986665e-02    0.001008590      2.147101e-03            3.099540e-05
178 2013-08-06 12:01:00    199 337.1 170.2 170.3416 3.865763e-05 21.31718 0.07514379  0.081275634  0.003434327   3.811185e-03      0.0001610428         1  7.047767e-02    0.001008342      2.165878e-03            3.098777e-05
179 2013-08-06 12:01:15    200 337.3 170.2 170.3423 3.865763e-05 21.31791 0.07514379  0.081307361  0.003434328   3.812673e-03      0.0001610429         1  7.068134e-02    0.001008268      2.172137e-03            3.098550e-05
180 2013-08-06 12:01:30    201 337.8 170.3 170.4430 3.865763e-05 21.41864 0.07514379  0.085687333  0.003434440   4.018059e-03      0.0001610481         1  7.119051e-02    0.001008103      2.187785e-03            3.098043e-05
181 2013-08-06 12:01:45    202 338.3 170.3 170.4437 3.865763e-05 21.41937 0.07514379  0.085719060  0.003434440   4.019546e-03      0.0001610481         1  7.169969e-02    0.001007966      2.203432e-03            3.097620e-05

$dryleafvolt
             timestamp record LWSmV  SEmV    CSEmV     CSEmV.sd   loadmV  loadmV.sd
1  2013-08-06 11:14:15     12 264.6 168.2 168.2051 3.865763e-05 19.18073 0.07514379
2  2013-08-06 11:14:30     13 264.7 168.7 168.7058 3.865763e-05 19.68146 0.07514379
3  2013-08-06 11:14:45     14 265.0 168.3 168.3066 3.865763e-05 19.28219 0.07514379
4  2013-08-06 11:15:00     15 265.1 168.3 168.3073 3.865763e-05 19.28292 0.07514379
5  2013-08-06 11:15:15     16 265.1 168.4 168.4080 3.865763e-05 19.38365 0.07514379
6  2013-08-06 11:15:30     17 265.1 168.5 168.5088 3.865763e-05 19.48438 0.07514379
7  2013-08-06 11:15:45     18 265.1 168.6 168.6095 3.865763e-05 19.58511 0.07514379
8  2013-08-06 11:16:00     19 265.1 168.6 168.6102 3.865763e-05 19.58584 0.07514379
9  2013-08-06 11:16:15     20 265.1 168.6 168.6109 3.865763e-05 19.58657 0.07514379
10 2013-08-06 11:16:30     21 265.1 168.5 168.5117 3.865763e-05 19.48730 0.07514379
11 2013-08-06 11:16:45     22 265.1 168.4 168.4124 3.865763e-05 19.38803 0.07514379

$runtime
Time difference of 45 mins

$startcalibvolt
            timestamp record LWSmV  SEmV    CSEmV     CSEmV.sd   loadmV  loadmV.sd
1 2013-08-06 11:13:00      7 264.5 271.6 271.6015 3.865763e-05 122.5771 0.07514379
2 2013-08-06 11:13:15      8 264.5 271.6 271.6022 3.865763e-05 122.5778 0.07514379
3 2013-08-06 11:13:30      9 264.5 271.6 271.6029 3.865763e-05 122.5785 0.07514379
4 2013-08-06 11:13:45     10 264.4 271.6 271.6036 3.865763e-05 122.5793 0.07514379

$endcalibvolt
            timestamp record LWSmV  SEmV
1 2013-08-06 12:05:00    215 265.1 271.6
2 2013-08-06 12:05:15    216 265.1 271.5
3 2013-08-06 12:05:30    217 265.1 271.5

$lastLWSvolt
[1] 337.8

$maxLWSvolt
[1] 338.5

$species
[1] "redwood"

$trial
[1] "6"

$replicate
[1] "1"

$isvertical
[1] FALSE

$conversionfactor
         avg        stdev
1 0.04348245 1.332797e-05

$LWSwatermass
         avg       stdev
1 0.05561463 0.002495604

$dryleafmass
        avg       stdev
1 0.8456475 0.001018697

$lwsmodel

Call:
lm(formula = LWSsurfacedensity ~ record, data = rd[rd$runfilter == 
    1, ])

Coefficients:
(Intercept)       record  
 -4.305e-04    1.299e-05  


$leafmodel

Call:
lm(formula = surfacedensity ~ record, data = rd[rd$runfilter == 
    1, ])

Coefficients:
(Intercept)       record  
 -9.489e-05    2.005e-05  


