$name
[1] "redwood6rep2"

$leafarea
[1] 21.32556

$startbasevolt
            timestamp record LWSmV  SEmV CSEmV CSEmV.sd    loadmV  loadmV.sd
1 2013-09-17 14:16:45      2 265.1 138.1 138.1        0  0.103125 0.09111169
2 2013-09-17 14:17:00      3 265.1 138.0 138.0        0  0.003125 0.09111169
3 2013-09-17 14:17:15      4 265.1 138.0 138.0        0  0.003125 0.09111169
4 2013-09-17 14:17:30      5 265.1 137.9 137.9        0 -0.096875 0.09111169

$endbasevolt
            timestamp record LWSmV  SEmV    CSEmV     CSEmV.sd    loadmV loadmV.sd
1 2013-09-17 15:06:30    201 265.3 137.6 138.0900 4.714045e-05  0.093125 0.0911117
2 2013-09-17 15:06:45    202 265.1 137.6 138.0925 4.714045e-05  0.095625 0.0911117
3 2013-09-17 15:07:00    203 265.1 137.4 137.8950 4.714045e-05 -0.101875 0.0911117
4 2013-09-17 15:07:15    204 265.1 137.4 137.8975 4.714045e-05 -0.099375 0.0911117

$dryragvolt
            timestamp record LWSmV  SEmV    CSEmV     CSEmV.sd   loadmV loadmV.sd
1 2013-09-17 15:02:45    186 484.6 266.5 266.9525 4.714045e-05 128.9556 0.0911117
2 2013-09-17 15:03:00    187 484.3 266.4 266.8550 4.714045e-05 128.8581 0.0911117
3 2013-09-17 15:03:15    188 483.9 266.2 266.6575 4.714045e-05 128.6606 0.0911117

$wetragvolt
            timestamp record LWSmV  SEmV    CSEmV     CSEmV.sd   loadmV loadmV.sd
1 2013-09-17 15:04:00    191 266.2 271.8 272.2650 4.714045e-05 134.2681 0.0911117
2 2013-09-17 15:04:15    192 265.8 271.8 272.2675 4.714045e-05 134.2706 0.0911117
3 2013-09-17 15:04:30    193 265.6 271.8 272.2700 4.714045e-05 134.2731 0.0911117
4 2013-09-17 15:04:45    194 265.3 271.7 272.1725 4.714045e-05 134.1756 0.0911117

$rundata
              timestamp record LWSmV  SEmV    CSEmV     CSEmV.sd   loadmV loadmV.sd     watermass watermass.sd surfacedensity surfacedensity.sd runfilter      LWSwater LWSwater.stdev LWSsurfacedensity LWSsurfacedensity.stdev
1   2013-09-17 14:20:45     18 265.1 155.6 155.6325 4.714045e-05 17.63563 0.0911117  0.0089634460  0.004301795   4.203148e-04      0.0002017202         0 -0.0028437563    0.001285489     -8.739263e-05            3.950488e-05
2   2013-09-17 14:21:00     19 265.2 155.6 155.6350 4.714045e-05 17.63813 0.0911117  0.0090720938  0.004301799   4.254095e-04      0.0002017204         0 -0.0027419210    0.001284832     -8.426309e-05            3.948469e-05
3   2013-09-17 14:21:15     20 265.8 155.4 155.4375 4.714045e-05 17.44063 0.0911117  0.0004889152  0.004301519   2.292626e-05      0.0002017073         0 -0.0021309091    0.001280903     -6.548584e-05            3.936394e-05
4   2013-09-17 14:21:30     21 266.2 155.3 155.3400 4.714045e-05 17.34313 0.0911117 -0.0037483502  0.004301382  -1.757680e-04      0.0002017008         0 -0.0017235679    0.001278294     -5.296767e-05            3.928377e-05
5   2013-09-17 14:21:45     22 266.8 155.5 155.5425 4.714045e-05 17.54563 0.0911117  0.0050521241  0.004301668   2.369047e-04      0.0002017142         0 -0.0011125560    0.001274397     -3.419041e-05            3.916402e-05
6   2013-09-17 14:22:00     23 267.5 155.7 155.7450 4.714045e-05 17.74812 0.0911117  0.0138525984  0.004301956   6.495774e-04      0.0002017277         0 -0.0003997088    0.001269876     -1.228362e-05            3.902509e-05
7   2013-09-17 14:22:15     24 268.2 155.6 155.6475 4.714045e-05 17.65063 0.0911117  0.0096153330  0.004301817   4.508831e-04      0.0002017212         0  0.0003131383    0.001265382      9.623181e-06            3.888698e-05
8   2013-09-17 14:22:30     25 269.1 155.7 155.7500 4.714045e-05 17.75313 0.0911117  0.0140698941  0.004301963   6.597668e-04      0.0002017281         0  0.0012296561    0.001259645      3.778906e-05            3.871066e-05
9   2013-09-17 14:22:45     26 270.0 155.7 155.7525 4.714045e-05 17.75563 0.0911117  0.0141785419  0.004301967   6.648616e-04      0.0002017283         0  0.0021461739    0.001253954      6.595494e-05            3.853576e-05
10  2013-09-17 14:23:00     27 270.9 155.8 155.8550 4.714045e-05 17.85813 0.0911117  0.0186331029  0.004302114   8.737453e-04      0.0002017352         0  0.0030626917    0.001248309      9.412083e-05            3.836229e-05
11  2013-09-17 14:23:15     28 272.0 155.7 155.7575 4.714045e-05 17.76063 0.0911117  0.0143958375  0.004301974   6.750510e-04      0.0002017286         0  0.0041828801    0.001241474      1.285458e-04            3.815226e-05
12  2013-09-17 14:23:30     29 272.9 155.8 155.8600 4.714045e-05 17.86313 0.0911117  0.0188503986  0.004302122   8.839347e-04      0.0002017355         0  0.0050993979    0.001235936      1.567117e-04            3.798205e-05
13  2013-09-17 14:23:45     30 274.1 156.2 156.2625 4.714045e-05 18.26562 0.0911117  0.0363426993  0.004302709   1.704185e-03      0.0002017630         1  0.0063214216    0.001228627      1.942662e-04            3.775744e-05
14  2013-09-17 14:24:00     31 275.0 156.0 156.0650 4.714045e-05 18.06813 0.0911117  0.0277595207  0.004302419   1.301702e-03      0.0002017495         1  0.0072379394    0.001223203      2.224321e-04            3.759077e-05
15  2013-09-17 14:24:15     32 276.2 156.2 156.2675 4.714045e-05 18.27062 0.0911117  0.0365599950  0.004302716   1.714375e-03      0.0002017634         1  0.0084599631    0.001216050      2.599866e-04            3.737094e-05
16  2013-09-17 14:24:30     33 277.2 156.1 156.1700 4.714045e-05 18.17312 0.0911117  0.0323227296  0.004302573   1.515681e-03      0.0002017567         1  0.0094783162    0.001210159      2.912820e-04            3.718988e-05
17  2013-09-17 14:24:45     34 278.3 156.1 156.1725 4.714045e-05 18.17562 0.0911117  0.0324313774  0.004302576   1.520775e-03      0.0002017568         1  0.0105985046    0.001203752      3.257070e-04            3.699300e-05
18  2013-09-17 14:25:00     35 279.3 156.1 156.1750 4.714045e-05 18.17812 0.0911117  0.0325400252  0.004302580   1.525870e-03      0.0002017570         1  0.0116168577    0.001197997      3.570024e-04            3.681612e-05
19  2013-09-17 14:25:15     36 280.4 156.2 156.2775 4.714045e-05 18.28062 0.0911117  0.0369945863  0.004302731   1.734754e-03      0.0002017641         1  0.0127370461    0.001191742      3.914274e-04            3.662390e-05
20  2013-09-17 14:25:30     37 281.5 156.2 156.2800 4.714045e-05 18.28313 0.0911117  0.0371032341  0.004302735   1.739848e-03      0.0002017642         1  0.0138572345    0.001185568      4.258523e-04            3.643418e-05
21  2013-09-17 14:25:45     38 282.6 156.2 156.2825 4.714045e-05 18.28563 0.0911117  0.0372118820  0.004302738   1.744943e-03      0.0002017644         1  0.0149774229    0.001179477      4.602773e-04            3.624700e-05
22  2013-09-17 14:26:00     39 283.7 156.1 156.1850 4.714045e-05 18.18813 0.0911117  0.0329746166  0.004302595   1.546249e-03      0.0002017577         1  0.0160976113    0.001173470      4.947023e-04            3.606239e-05
23  2013-09-17 14:26:15     40 284.8 156.2 156.2875 4.714045e-05 18.29063 0.0911117  0.0374291776  0.004302746   1.755133e-03      0.0002017648         1  0.0172177998    0.001167548      5.291272e-04            3.588040e-05
24  2013-09-17 14:26:30     41 285.9 156.3 156.3900 4.714045e-05 18.39313 0.0911117  0.0418837387  0.004302898   1.964016e-03      0.0002017719         1  0.0183379882    0.001161713      5.635522e-04            3.570107e-05
25  2013-09-17 14:26:45     42 287.0 156.5 156.5925 4.714045e-05 18.59563 0.0911117  0.0506842129  0.004303200   2.376689e-03      0.0002017861         1  0.0194581766    0.001155965      5.979772e-04            3.552443e-05
26  2013-09-17 14:27:00     43 288.1 156.4 156.4950 4.714045e-05 18.49813 0.0911117  0.0464469475  0.004303054   2.177995e-03      0.0002017792         1  0.0205783650    0.001150306      6.324021e-04            3.535053e-05
27  2013-09-17 14:27:15     44 289.2 156.3 156.3975 4.714045e-05 18.40063 0.0911117  0.0422096822  0.004302909   1.979301e-03      0.0002017724         1  0.0216985534    0.001144738      6.668271e-04            3.517941e-05
28  2013-09-17 14:27:30     45 290.4 156.3 156.4000 4.714045e-05 18.40313 0.0911117  0.0423183300  0.004302912   1.984395e-03      0.0002017726         1  0.0229205771    0.001138768      7.043816e-04            3.499594e-05
29  2013-09-17 14:27:45     46 291.5 156.5 156.6025 4.714045e-05 18.60563 0.0911117  0.0511188043  0.004303215   2.397068e-03      0.0002017868         1  0.0240407655    0.001133393      7.388066e-04            3.483076e-05
30  2013-09-17 14:28:00     47 292.6 156.5 156.6050 4.714045e-05 18.60813 0.0911117  0.0512274521  0.004303219   2.402163e-03      0.0002017869         1  0.0251609539    0.001128112      7.732315e-04            3.466848e-05
31  2013-09-17 14:28:15     48 293.9 156.6 156.7075 4.714045e-05 18.71062 0.0911117  0.0556820131  0.004303373   2.611046e-03      0.0002017942         1  0.0264848129    0.001121996      8.139156e-04            3.448050e-05
32  2013-09-17 14:28:30     49 295.0 156.4 156.5100 4.714045e-05 18.51313 0.0911117  0.0470988345  0.004303076   2.208563e-03      0.0002017803         1  0.0276050014    0.001116926      8.483405e-04            3.432470e-05
33  2013-09-17 14:28:45     50 296.2 156.2 156.3125 4.714045e-05 18.31563 0.0911117  0.0385156559  0.004302783   1.806080e-03      0.0002017665         1  0.0288270251    0.001111508      8.858951e-04            3.415820e-05
34  2013-09-17 14:29:00     51 297.4 156.4 156.5150 4.714045e-05 18.51813 0.0911117  0.0473161302  0.004303084   2.218753e-03      0.0002017806         1  0.0300490488    0.001106209      9.234496e-04            3.399536e-05
35  2013-09-17 14:29:15     52 298.5 156.6 156.7175 4.714045e-05 18.72063 0.0911117  0.0561166045  0.004303388   2.631425e-03      0.0002017949         1  0.0311692372    0.001101458      9.578745e-04            3.384936e-05
36  2013-09-17 14:29:30     53 299.6 156.5 156.6200 4.714045e-05 18.62313 0.0911117  0.0518793391  0.004303241   2.432731e-03      0.0002017880         1  0.0322894256    0.001096810      9.922995e-04            3.370652e-05
37  2013-09-17 14:29:45     54 300.7 156.6 156.7225 4.714045e-05 18.72563 0.0911117  0.0563339001  0.004303396   2.641615e-03      0.0002017953         1  0.0334096140    0.001092266      1.026724e-03            3.356689e-05
38  2013-09-17 14:30:00     55 301.9 156.7 156.8250 4.714045e-05 18.82812 0.0911117  0.0607884612  0.004303551   2.850498e-03      0.0002018025         1  0.0346316377    0.001087430      1.064279e-03            3.341826e-05
39  2013-09-17 14:30:15     56 303.0 156.7 156.8275 4.714045e-05 18.83062 0.0911117  0.0608971090  0.004303555   2.855593e-03      0.0002018027         1  0.0357518261    0.001083109      1.098704e-03            3.328545e-05
40  2013-09-17 14:30:30     57 304.2 156.7 156.8300 4.714045e-05 18.83312 0.0911117  0.0610057568  0.004303559   2.860688e-03      0.0002018029         1  0.0369738499    0.001078518      1.136258e-03            3.314437e-05
41  2013-09-17 14:30:45     58 305.4 156.7 156.8325 4.714045e-05 18.83562 0.0911117  0.0611144047  0.004303563   2.865783e-03      0.0002018031         1  0.0381958736    0.001074058      1.173813e-03            3.300730e-05
42  2013-09-17 14:31:00     59 306.6 156.7 156.8350 4.714045e-05 18.83812 0.0911117  0.0612230525  0.004303566   2.870877e-03      0.0002018033         1  0.0394178973    0.001069729      1.211367e-03            3.287429e-05
43  2013-09-17 14:31:15     60 307.8 156.8 156.9375 4.714045e-05 18.94063 0.0911117  0.0656776136  0.004303723   3.079761e-03      0.0002018106         1  0.0406399210    0.001065535      1.248922e-03            3.274539e-05
44  2013-09-17 14:31:30     61 308.9 156.9 157.0400 4.714045e-05 19.04313 0.0911117  0.0701321746  0.004303880   3.288645e-03      0.0002018180         1  0.0417601094    0.001061809      1.283347e-03            3.263089e-05
45  2013-09-17 14:31:45     62 310.2 156.8 156.9425 4.714045e-05 18.94563 0.0911117  0.0658949092  0.004303730   3.089950e-03      0.0002018109         1  0.0430839684    0.001057554      1.324031e-03            3.250012e-05
46  2013-09-17 14:32:00     63 311.3 156.9 157.0450 4.714045e-05 19.04813 0.0911117  0.0703494703  0.004303888   3.298834e-03      0.0002018183         1  0.0442041568    0.001054080      1.358456e-03            3.239337e-05
47  2013-09-17 14:32:15     64 312.5 156.8 156.9475 4.714045e-05 18.95063 0.0911117  0.0661122049  0.004303738   3.100140e-03      0.0002018113         1  0.0454261806    0.001050425      1.396010e-03            3.228103e-05
48  2013-09-17 14:32:30     65 313.7 156.8 156.9500 4.714045e-05 18.95313 0.0911117  0.0662208527  0.004303742   3.105235e-03      0.0002018115         1  0.0466482043    0.001046910      1.433565e-03            3.217303e-05
49  2013-09-17 14:32:45     66 314.8 157.0 157.1525 4.714045e-05 19.15563 0.0911117  0.0750213270  0.004304053   3.517907e-03      0.0002018261         1  0.0477683927    0.001043814      1.467990e-03            3.207788e-05
50  2013-09-17 14:33:00     67 316.0 156.9 157.0550 4.714045e-05 19.05813 0.0911117  0.0707840616  0.004303903   3.319213e-03      0.0002018190         1  0.0489904164    0.001040575      1.505544e-03            3.197833e-05
51  2013-09-17 14:33:15     68 317.1 156.7 156.8575 4.714045e-05 18.86062 0.0911117  0.0622008830  0.004303601   2.916730e-03      0.0002018049         1  0.0501106048    0.001037733      1.539969e-03            3.189099e-05
52  2013-09-17 14:33:30     69 318.3 157.0 157.1600 4.714045e-05 19.16313 0.0911117  0.0753472705  0.004304065   3.533192e-03      0.0002018266         1  0.0513326285    0.001034773      1.577524e-03            3.180003e-05
53  2013-09-17 14:33:45     70 319.4 157.1 157.2625 4.714045e-05 19.26562 0.0911117  0.0798018315  0.004304224   3.742075e-03      0.0002018341         1  0.0524528169    0.001032190      1.611949e-03            3.172064e-05
54  2013-09-17 14:34:00     71 320.6 156.9 157.0650 4.714045e-05 19.06813 0.0911117  0.0712186529  0.004303918   3.339592e-03      0.0002018198         1  0.0536748407    0.001029514      1.649503e-03            3.163842e-05
55  2013-09-17 14:34:15     72 321.8 157.0 157.1675 4.714045e-05 19.17063 0.0911117  0.0756732140  0.004304077   3.548476e-03      0.0002018272         1  0.0548968644    0.001026989      1.687058e-03            3.156080e-05
56  2013-09-17 14:34:30     73 323.1 157.0 157.1700 4.714045e-05 19.17312 0.0911117  0.0757818618  0.004304080   3.553570e-03      0.0002018274         1  0.0562207234    0.001024423      1.727742e-03            3.148197e-05
57  2013-09-17 14:34:45     74 324.3 156.9 157.0725 4.714045e-05 19.07563 0.0911117  0.0715445964  0.004303930   3.354876e-03      0.0002018203         1  0.0574427471    0.001022214      1.765296e-03            3.141407e-05
58  2013-09-17 14:35:00     75 325.5 157.0 157.1750 4.714045e-05 19.17813 0.0911117  0.0759991575  0.004304088   3.563760e-03      0.0002018277         1  0.0586647708    0.001020158      1.802851e-03            3.135088e-05
59  2013-09-17 14:35:15     76 326.7 157.0 157.1775 4.714045e-05 19.18063 0.0911117  0.0761078053  0.004304092   3.568855e-03      0.0002018279         1  0.0598867946    0.001018256      1.840405e-03            3.129243e-05
60  2013-09-17 14:35:30     77 328.0 157.0 157.1800 4.714045e-05 19.18313 0.0911117  0.0762164531  0.004304096   3.573949e-03      0.0002018281         1  0.0612106536    0.001016370      1.881090e-03            3.123449e-05
61  2013-09-17 14:35:45     78 329.3 157.1 157.2825 4.714045e-05 19.28563 0.0911117  0.0806710142  0.004304255   3.782833e-03      0.0002018355         1  0.0625345126    0.001014668      1.921774e-03            3.118218e-05
62  2013-09-17 14:36:00     79 330.6 157.1 157.2850 4.714045e-05 19.28813 0.0911117  0.0807796620  0.004304259   3.787928e-03      0.0002018357         1  0.0638583716    0.001013150      1.962458e-03            3.113551e-05
63  2013-09-17 14:36:15     80 331.8 157.2 157.3875 4.714045e-05 19.39062 0.0911117  0.0852342230  0.004304419   3.996811e-03      0.0002018432         1  0.0650803954    0.001011912      2.000012e-03            3.109748e-05
64  2013-09-17 14:36:30     81 333.0 157.3 157.4900 4.714045e-05 19.49313 0.0911117  0.0896887841  0.004304580   4.205695e-03      0.0002018508         1  0.0663024191    0.001010832      2.037567e-03            3.106430e-05
65  2013-09-17 14:36:45     82 334.2 157.3 157.4925 4.714045e-05 19.49563 0.0911117  0.0897974319  0.004304584   4.210790e-03      0.0002018510         1  0.0675244428    0.001009911      2.075121e-03            3.103599e-05
66  2013-09-17 14:37:00     83 335.5 157.4 157.5950 4.714045e-05 19.59813 0.0911117  0.0942519930  0.004304745   4.419674e-03      0.0002018585         1  0.0688483018    0.001009093      2.115805e-03            3.101084e-05
67  2013-09-17 14:37:15     84 336.7 157.3 157.4975 4.714045e-05 19.50063 0.0911117  0.0900147276  0.004304592   4.220979e-03      0.0002018513         1  0.0700703255    0.001008503      2.153360e-03            3.099272e-05
68  2013-09-17 14:37:30     85 338.0 157.3 157.5000 4.714045e-05 19.50313 0.0911117  0.0901233754  0.004304596   4.226074e-03      0.0002018515         1  0.0713941846    0.001008045      2.194044e-03            3.097863e-05
69  2013-09-17 14:37:45     86 339.2 157.3 157.5025 4.714045e-05 19.50563 0.0911117  0.0902320233  0.004304599   4.231169e-03      0.0002018517         1  0.0726162083    0.001007788      2.231598e-03            3.097074e-05
70  2013-09-17 14:38:00     87 340.5 157.4 157.6050 4.714045e-05 19.60813 0.0911117  0.0946865843  0.004304761   4.440052e-03      0.0002018593         1  0.0739400673    0.001007690      2.272282e-03            3.096774e-05
71  2013-09-17 14:38:15     88 341.7 157.3 157.5075 4.714045e-05 19.51063 0.0911117  0.0904493189  0.004304607   4.241358e-03      0.0002018521         1  0.0751620910    0.001007767      2.309837e-03            3.097009e-05
72  2013-09-17 14:38:30     89 343.0 157.2 157.4100 4.714045e-05 19.41313 0.0911117  0.0862120535  0.004304454   4.042664e-03      0.0002018449         1  0.0764859501    0.001008030      2.350521e-03            3.097819e-05
73  2013-09-17 14:38:45     90 344.3 157.4 157.6125 4.714045e-05 19.61563 0.0911117  0.0950125278  0.004304773   4.455337e-03      0.0002018598         1  0.0778098091    0.001008481      2.391205e-03            3.099205e-05
74  2013-09-17 14:39:00     91 345.7 157.3 157.5150 4.714045e-05 19.51813 0.0911117  0.0907752624  0.004304619   4.256642e-03      0.0002018526         1  0.0792355034    0.001009177      2.435019e-03            3.101342e-05
75  2013-09-17 14:39:15     92 347.2 157.5 157.7175 4.714045e-05 19.72063 0.0911117  0.0995757367  0.004304940   4.669315e-03      0.0002018677         1  0.0807630331    0.001010162      2.481962e-03            3.104370e-05
76  2013-09-17 14:39:30     93 348.6 157.5 157.7200 4.714045e-05 19.72313 0.0911117  0.0996843845  0.004304944   4.674410e-03      0.0002018678         1  0.0821887274    0.001011306      2.525775e-03            3.107885e-05
77  2013-09-17 14:39:45     94 350.0 157.4 157.6225 4.714045e-05 19.62563 0.0911117  0.0954471191  0.004304789   4.475716e-03      0.0002018606         1  0.0836144217    0.001012665      2.569589e-03            3.112062e-05
78  2013-09-17 14:40:00     95 351.5 157.3 157.5250 4.714045e-05 19.52813 0.0911117  0.0912098537  0.004304635   4.277021e-03      0.0002018534         1  0.0851419514    0.001014359      2.616532e-03            3.117269e-05
79  2013-09-17 14:40:15     96 352.9 157.4 157.6275 4.714045e-05 19.63063 0.0911117  0.0956644148  0.004304797   4.485905e-03      0.0002018610         1  0.0865676457    0.001016162      2.660346e-03            3.122809e-05
80  2013-09-17 14:40:30     97 354.5 157.6 157.8300 4.714045e-05 19.83312 0.0911117  0.1044648891  0.004305119   4.898578e-03      0.0002018761         1  0.0881970107    0.001018482      2.710418e-03            3.129939e-05
81  2013-09-17 14:40:45     98 356.3 157.5 157.7325 4.714045e-05 19.73562 0.0911117  0.1002276237  0.004304964   4.699883e-03      0.0002018688         1  0.0900300463    0.001021421      2.766750e-03            3.138972e-05
82  2013-09-17 14:41:00     99 358.0 157.4 157.6350 4.714045e-05 19.63813 0.0911117  0.0959903583  0.004304809   4.501189e-03      0.0002018615         1  0.0917612465    0.001024515      2.819952e-03            3.148478e-05
83  2013-09-17 14:41:15    100 359.7 157.3 157.5375 4.714045e-05 19.54063 0.0911117  0.0917530929  0.004304655   4.302495e-03      0.0002018543         1  0.0934924468    0.001027914      2.873154e-03            3.158924e-05
84  2013-09-17 14:41:30    101 361.4 157.6 157.8400 4.714045e-05 19.84313 0.0911117  0.1048994804  0.004305135   4.918957e-03      0.0002018768         1  0.0952236471    0.001031615      2.926357e-03            3.170300e-05
85  2013-09-17 14:41:45    102 362.9 157.4 157.6425 4.714045e-05 19.64563 0.0911117  0.0963163018  0.004304821   4.516473e-03      0.0002018621         1  0.0967511767    0.001035130      2.973300e-03            3.181101e-05
86  2013-09-17 14:42:00    103 364.6 157.5 157.7450 4.714045e-05 19.74813 0.0911117  0.1007708628  0.004304984   4.725357e-03      0.0002018697         1  0.0984823770    0.001039392      3.026502e-03            3.194199e-05
87  2013-09-17 14:42:15    104 366.4 157.5 157.7475 4.714045e-05 19.75063 0.0911117  0.1008795106  0.004304988   4.730452e-03      0.0002018699         1  0.1003154125    0.001044224      3.082834e-03            3.209048e-05
88  2013-09-17 14:42:30    105 367.9 157.5 157.7500 4.714045e-05 19.75313 0.0911117  0.1009881585  0.004304992   4.735547e-03      0.0002018701         1  0.1018429422    0.001048498      3.129777e-03            3.222181e-05
89  2013-09-17 14:42:45    106 369.6 157.6 157.8525 4.714045e-05 19.85563 0.0911117  0.1054427195  0.004305155   4.944430e-03      0.0002018778         1  0.1035741425    0.001053610      3.182979e-03            3.237890e-05
90  2013-09-17 14:43:00    107 371.5 157.7 157.9550 4.714045e-05 19.95812 0.0911117  0.1098972806  0.004305320   5.153314e-03      0.0002018855         1  0.1055090133    0.001059655      3.242440e-03            3.256469e-05
91  2013-09-17 14:43:15    108 373.3 157.7 157.9575 4.714045e-05 19.96062 0.0911117  0.1100059284  0.004305324   5.158409e-03      0.0002018857         1  0.1073420489    0.001065700      3.298772e-03            3.275048e-05
92  2013-09-17 14:43:30    109 374.9 157.9 158.1600 4.714045e-05 20.16313 0.0911117  0.1188064027  0.004305652   5.571081e-03      0.0002019010         1  0.1089714139    0.001071330      3.348845e-03            3.292348e-05
93  2013-09-17 14:43:45    110 376.7 157.8 158.0625 4.714045e-05 20.06563 0.0911117  0.1145691373  0.004305494   5.372387e-03      0.0002018936         1  0.1108044495    0.001077946      3.405177e-03            3.312679e-05
94  2013-09-17 14:44:00    111 378.5 157.8 158.0650 4.714045e-05 20.06813 0.0911117  0.1146777851  0.004305498   5.377482e-03      0.0002018938         1  0.1126374850    0.001084856      3.461508e-03            3.333915e-05
95  2013-09-17 14:44:15    112 380.1 157.9 158.1675 4.714045e-05 20.17063 0.0911117  0.1191323462  0.004305664   5.586366e-03      0.0002019016         1  0.1142668500    0.001091241      3.511581e-03            3.353536e-05
96  2013-09-17 14:44:30    113 382.0 157.8 158.0700 4.714045e-05 20.07313 0.0911117  0.1148950808  0.004305506   5.387671e-03      0.0002018942         1  0.1162017209    0.001099113      3.571042e-03            3.377729e-05
97  2013-09-17 14:44:45    114 383.8 157.7 157.9725 4.714045e-05 19.97563 0.0911117  0.1106578154  0.004305348   5.188977e-03      0.0002018868         1  0.1180347565    0.001106856      3.627374e-03            3.401525e-05
98  2013-09-17 14:45:00    115 385.4 157.9 158.1750 4.714045e-05 20.17813 0.0911117  0.1194582897  0.004305676   5.601650e-03      0.0002019022         1  0.1196641214    0.001113968      3.677447e-03            3.423379e-05
99  2013-09-17 14:45:15    116 387.1 158.0 158.2775 4.714045e-05 20.28063 0.0911117  0.1239128507  0.004305844   5.810533e-03      0.0002019100         1  0.1213953217    0.001121754      3.730649e-03            3.447308e-05
100 2013-09-17 14:45:30    117 388.8 158.0 158.2800 4.714045e-05 20.28313 0.0911117  0.1240214985  0.004305848   5.815628e-03      0.0002019102         1  0.1231265219    0.001129773      3.783851e-03            3.471952e-05
101 2013-09-17 14:45:45    118 390.6 157.9 158.1825 4.714045e-05 20.18563 0.0911117  0.1197842332  0.004305689   5.616934e-03      0.0002019028         1  0.1249595575    0.001138512      3.840183e-03            3.498808e-05
102 2013-09-17 14:46:00    119 392.5 158.1 158.3850 4.714045e-05 20.38813 0.0911117  0.1285847074  0.004306020   6.029607e-03      0.0002019183         1  0.1268944284    0.001148007      3.899644e-03            3.527988e-05
103 2013-09-17 14:46:15    120 394.4 158.0 158.2875 4.714045e-05 20.29063 0.0911117  0.1243474420  0.004305860   5.830912e-03      0.0002019108         1  0.1288292993    0.001157774      3.959106e-03            3.558003e-05
104 2013-09-17 14:46:30    121 396.5 158.0 158.2900 4.714045e-05 20.29313 0.0911117  0.1244560899  0.004305864   5.836007e-03      0.0002019110         1  0.1309678408    0.001168876      4.024826e-03            3.592121e-05
105 2013-09-17 14:46:45    122 398.5 158.2 158.4925 4.714045e-05 20.49562 0.0911117  0.1332565641  0.004306197   6.248680e-03      0.0002019266         1  0.1330045470    0.001179742      4.087417e-03            3.625512e-05
106 2013-09-17 14:47:00    123 400.3 158.0 158.2950 4.714045e-05 20.29812 0.0911117  0.1246733855  0.004305872   5.846196e-03      0.0002019114         1  0.1348375826    0.001189758      4.143749e-03            3.656293e-05
107 2013-09-17 14:47:15    124 402.0 158.2 158.4975 4.714045e-05 20.50063 0.0911117  0.1334738598  0.004306206   6.258869e-03      0.0002019270         1  0.1365687828    0.001199418      4.196951e-03            3.685981e-05
108 2013-09-17 14:47:30    125 403.7 158.2 158.5000 4.714045e-05 20.50313 0.0911117  0.1335825076  0.004306210   6.263964e-03      0.0002019272         1  0.1382999831    0.001209269      4.250153e-03            3.716255e-05
109 2013-09-17 14:47:45    126 405.6 158.2 158.5025 4.714045e-05 20.50563 0.0911117  0.1336911555  0.004306214   6.269059e-03      0.0002019274         1  0.1402348540    0.001220499      4.309614e-03            3.750765e-05
110 2013-09-17 14:48:00    127 407.6 158.5 158.8050 4.714045e-05 20.80813 0.0911117  0.1468375430  0.004306718   6.885520e-03      0.0002019510         1  0.1422715602    0.001232563      4.372205e-03            3.787841e-05
111 2013-09-17 14:48:15    128 409.2 158.2 158.5075 4.714045e-05 20.51063 0.0911117  0.1339084511  0.004306222   6.279248e-03      0.0002019278         1  0.1439009251    0.001242390      4.422278e-03            3.818040e-05
112 2013-09-17 14:48:30    129 411.0 158.2 158.5100 4.714045e-05 20.51313 0.0911117  0.1340170990  0.004306226   6.284343e-03      0.0002019280         1  0.1457339607    0.001253627      4.478610e-03            3.852571e-05
113 2013-09-17 14:48:45    130 412.8 158.1 158.4125 4.714045e-05 20.41563 0.0911117  0.1297798336  0.004306065   6.085649e-03      0.0002019204         1  0.1475669963    0.001265050      4.534941e-03            3.887677e-05
114 2013-09-17 14:49:00    131 414.9 158.2 158.5150 4.714045e-05 20.51812 0.0911117  0.1342343946  0.004306235   6.294532e-03      0.0002019284         1  0.1497055378    0.001278607      4.600662e-03            3.929339e-05
115 2013-09-17 14:49:15    132 416.5 158.2 158.5175 4.714045e-05 20.52062 0.0911117  0.1343430424  0.004306239   6.299627e-03      0.0002019286         1  0.1513349028    0.001289098      4.650735e-03            3.961578e-05
116 2013-09-17 14:49:30    133 417.8 158.3 158.6200 4.714045e-05 20.62313 0.0911117  0.1387976035  0.004306409   6.508511e-03      0.0002019365         1  0.1526587618    0.001297721      4.691419e-03            3.988080e-05
117 2013-09-17 14:49:45    134 419.3 158.2 158.5225 4.714045e-05 20.52562 0.0911117  0.1345603381  0.004306247   6.309816e-03      0.0002019290         1  0.1541862914    0.001307781      4.738362e-03            4.018995e-05
118 2013-09-17 14:50:00    135 420.8 158.4 158.7250 4.714045e-05 20.72813 0.0911117  0.1433608124  0.004306584   6.722489e-03      0.0002019448         1  0.1557138211    0.001317955      4.785305e-03            4.050262e-05
119 2013-09-17 14:50:15    136 422.5 158.5 158.8275 4.714045e-05 20.83062 0.0911117  0.1478153734  0.004306756   6.931373e-03      0.0002019528         1  0.1574450213    0.001329621      4.838507e-03            4.086111e-05
120 2013-09-17 14:50:30    137 424.1 158.5 158.8300 4.714045e-05 20.83313 0.0911117  0.1479240213  0.004306760   6.936468e-03      0.0002019530         1  0.1590743863    0.001340728      4.888580e-03            4.120245e-05
121 2013-09-17 14:50:45    138 425.5 158.4 158.7325 4.714045e-05 20.73563 0.0911117  0.1436867559  0.004306597   6.737773e-03      0.0002019453         1  0.1605000806    0.001350546      4.932393e-03            4.150417e-05
122 2013-09-17 14:51:00    139 426.6 158.5 158.8350 4.714045e-05 20.83813 0.0911117  0.1481413169  0.004306769   6.946657e-03      0.0002019534         1  0.1616202690    0.001358323      4.966818e-03            4.174319e-05
123 2013-09-17 14:51:15    140 428.2 158.5 158.8375 4.714045e-05 20.84063 0.0911117  0.1482499648  0.004306773   6.951752e-03      0.0002019536         1  0.1632496340    0.001369734      5.016891e-03            4.209386e-05
124 2013-09-17 14:51:30    141 429.5 158.4 158.7400 4.714045e-05 20.74313 0.0911117  0.1440126994  0.004306609   6.753057e-03      0.0002019459         1  0.1645734930    0.001379089      5.057575e-03            4.238134e-05
125 2013-09-17 14:51:45    142 431.0 158.6 158.9425 4.714045e-05 20.94563 0.0911117  0.1528131736  0.004306950   7.165730e-03      0.0002019619         1  0.1661010227    0.001389974      5.104518e-03            4.271585e-05
126 2013-09-17 14:52:00    143 432.2 158.7 159.0450 4.714045e-05 21.04812 0.0911117  0.1572677347  0.004307123   7.374614e-03      0.0002019700         1  0.1673230464    0.001398750      5.142073e-03            4.298557e-05
127 2013-09-17 14:52:15    144 433.4 158.7 159.0475 4.714045e-05 21.05062 0.0911117  0.1573763825  0.004307128   7.379709e-03      0.0002019702         1  0.1685450701    0.001407587      5.179627e-03            4.325712e-05
128 2013-09-17 14:52:30    145 434.5 158.6 158.9500 4.714045e-05 20.95312 0.0911117  0.1531391171  0.004306962   7.181014e-03      0.0002019625         1  0.1696652585    0.001415738      5.214052e-03            4.350763e-05
129 2013-09-17 14:52:45    146 435.9 158.7 159.0525 4.714045e-05 21.05562 0.0911117  0.1575936782  0.004307136   7.389898e-03      0.0002019706         1  0.1710909529    0.001426183      5.257866e-03            4.382862e-05
130 2013-09-17 14:53:00    147 437.6 158.7 159.0550 4.714045e-05 21.05812 0.0911117  0.1577023260  0.004307140   7.394993e-03      0.0002019708         1  0.1728221531    0.001438969      5.311068e-03            4.422156e-05
131 2013-09-17 14:53:15    148 438.9 158.9 159.2575 4.714045e-05 21.26063 0.0911117  0.1665028003  0.004307486   7.807665e-03      0.0002019870         1  0.1741460122    0.001448822      5.351752e-03            4.452433e-05
132 2013-09-17 14:53:30    149 440.1 158.8 159.1600 4.714045e-05 21.16313 0.0911117  0.1622655349  0.004307319   7.608971e-03      0.0002019792         1  0.1753680359    0.001457972      5.389307e-03            4.480554e-05
133 2013-09-17 14:53:45    150 441.4 158.8 159.1625 4.714045e-05 21.16563 0.0911117  0.1623741827  0.004307323   7.614066e-03      0.0002019794         1  0.1766918949    0.001467945      5.429991e-03            4.511201e-05
134 2013-09-17 14:54:00    151 442.5 158.7 159.0650 4.714045e-05 21.06813 0.0911117  0.1581369173  0.004307157   7.415372e-03      0.0002019716         1  0.1778120833    0.001476431      5.464416e-03            4.537279e-05
135 2013-09-17 14:54:15    152 443.7 158.8 159.1675 4.714045e-05 21.17063 0.0911117  0.1625914784  0.004307332   7.624255e-03      0.0002019798         1  0.1790341070    0.001485737      5.501970e-03            4.565878e-05
136 2013-09-17 14:54:30    153 445.0 159.0 159.3700 4.714045e-05 21.37313 0.0911117  0.1713919527  0.004307679   8.036928e-03      0.0002019961         1  0.1803579661    0.001495875      5.542654e-03            4.597033e-05
137 2013-09-17 14:54:45    154 446.3 159.1 159.4725 4.714045e-05 21.47563 0.0911117  0.1758465137  0.004307856   8.245812e-03      0.0002020044         1  0.1816818251    0.001506070      5.583338e-03            4.628364e-05
138 2013-09-17 14:55:00    155 447.7 159.0 159.3750 4.714045e-05 21.37813 0.0911117  0.1716092483  0.004307688   8.047118e-03      0.0002019965         1  0.1831075194    0.001517112      5.627152e-03            4.662299e-05
139 2013-09-17 14:55:15    156 449.0 158.9 159.2775 4.714045e-05 21.28063 0.0911117  0.1673719829  0.004307520   7.848423e-03      0.0002019887         1  0.1844313784    0.001527423      5.667836e-03            4.693986e-05
140 2013-09-17 14:55:30    157 449.8 159.0 159.3800 4.714045e-05 21.38313 0.0911117  0.1718265440  0.004307697   8.057307e-03      0.0002019969         1  0.1852460609    0.001533795      5.692872e-03            4.713568e-05
141 2013-09-17 14:55:45    158 450.8 159.1 159.4825 4.714045e-05 21.48562 0.0911117  0.1762811050  0.004307874   8.266191e-03      0.0002020052         1  0.1862644140    0.001541788      5.724168e-03            4.738133e-05
142 2013-09-17 14:56:00    159 452.2 158.9 159.2850 4.714045e-05 21.28813 0.0911117  0.1676979264  0.004307533   7.863707e-03      0.0002019893         1  0.1876901084    0.001553031      5.767981e-03            4.772683e-05
143 2013-09-17 14:56:15    160 453.8 159.0 159.3875 4.714045e-05 21.39062 0.0911117  0.1721524875  0.004307710   8.072591e-03      0.0002019975         1  0.1893194733    0.001565953      5.818054e-03            4.812393e-05
144 2013-09-17 14:56:30    161 455.0 158.9 159.2900 4.714045e-05 21.29313 0.0911117  0.1679152221  0.004307542   7.873897e-03      0.0002019897         1  0.1905414970    0.001575694      5.855608e-03            4.842328e-05
145 2013-09-17 14:56:45    162 456.4 159.1 159.4925 4.714045e-05 21.49563 0.0911117  0.1767156964  0.004307891   8.286570e-03      0.0002020060         1  0.1919671914    0.001587111      5.899422e-03            4.877415e-05
146 2013-09-17 14:57:00    163 457.7 159.1 159.4950 4.714045e-05 21.49813 0.0911117  0.1768243442  0.004307895   8.291664e-03      0.0002020063         1  0.1932910504    0.001597763      5.940106e-03            4.910150e-05
147 2013-09-17 14:57:15    164 458.9 159.0 159.3975 4.714045e-05 21.40063 0.0911117  0.1725870788  0.004307727   8.092970e-03      0.0002019983         1  0.1945130741    0.001607637      5.977661e-03            4.940495e-05
148 2013-09-17 14:57:30    165 460.3 159.0 159.4000 4.714045e-05 21.40313 0.0911117  0.1726957266  0.004307731   8.098065e-03      0.0002019985         1  0.1959387685    0.001619207      6.021474e-03            4.976050e-05
149 2013-09-17 14:57:45    166 461.7 159.1 159.5025 4.714045e-05 21.50563 0.0911117  0.1771502877  0.004307908   8.306948e-03      0.0002020069         1  0.1973644628    0.001630829      6.065288e-03            5.011767e-05
150 2013-09-17 14:58:00    167 463.0 159.1 159.5050 4.714045e-05 21.50813 0.0911117  0.1772589355  0.004307913   8.312043e-03      0.0002020071         1  0.1986883218    0.001641667      6.105972e-03            5.045074e-05
151 2013-09-17 14:58:15    168 464.5 159.2 159.6075 4.714045e-05 21.61062 0.0911117  0.1817134966  0.004308091   8.520927e-03      0.0002020154         1  0.2002158515    0.001654227      6.152915e-03            5.083671e-05
152 2013-09-17 14:58:30    169 466.0 159.3 159.7100 4.714045e-05 21.71313 0.0911117  0.1861680576  0.004308270   8.729811e-03      0.0002020238         1  0.2017433811    0.001666842      6.199858e-03            5.122441e-05
153 2013-09-17 14:58:45    170 467.3 159.4 159.8125 4.714045e-05 21.81563 0.0911117  0.1906226187  0.004308450   8.938694e-03      0.0002020323         1  0.2030672401    0.001677821      6.240542e-03            5.156180e-05
154 2013-09-17 14:59:00    171 468.8 159.6 160.0150 4.714045e-05 22.01812 0.0911117  0.1994230929  0.004308808   9.351367e-03      0.0002020490         1  0.2045947698    0.001690539      6.287485e-03            5.195264e-05
155 2013-09-17 14:59:15    172 470.1 159.6 160.0175 4.714045e-05 22.02062 0.0911117  0.1995317408  0.004308812   9.356462e-03      0.0002020492         1  0.2059186288    0.001701604      6.328169e-03            5.229269e-05
156 2013-09-17 14:59:30    173 471.4 159.4 159.8200 4.714045e-05 21.82313 0.0911117  0.1909485621  0.004308463   8.953978e-03      0.0002020329         1  0.2072424878    0.001712708      6.368853e-03            5.263394e-05
157 2013-09-17 14:59:45    174 472.3 159.3 159.7225 4.714045e-05 21.72563 0.0911117  0.1867112968  0.004308292   8.755284e-03      0.0002020248         1  0.2081590056    0.001720418      6.397019e-03            5.287088e-05
158 2013-09-17 15:00:00    175 473.8 159.6 160.0250 4.714045e-05 22.02813 0.0911117  0.1998576843  0.004308826   9.371746e-03      0.0002020499         1  0.2096865353    0.001733308      6.443962e-03            5.326701e-05
159 2013-09-17 15:00:15    176 475.2 159.5 159.9275 4.714045e-05 21.93063 0.0911117  0.1956204189  0.004308653   9.173052e-03      0.0002020418         1  0.2111122296    0.001745383      6.487776e-03            5.363809e-05
160 2013-09-17 15:00:30    177 476.7 159.7 160.1300 4.714045e-05 22.13313 0.0911117  0.2044208931  0.004309013   9.585724e-03      0.0002020586         1  0.2126397593    0.001758368      6.534719e-03            5.403711e-05
161 2013-09-17 15:00:45    178 478.3 159.5 159.9325 4.714045e-05 21.93563 0.0911117  0.1958377145  0.004308662   9.183241e-03      0.0002020422         1  0.2142691242    0.001772269      6.584792e-03            5.446432e-05
162 2013-09-17 15:01:00    179 479.5 159.5 159.9350 4.714045e-05 21.93813 0.0911117  0.1959463624  0.004308666   9.188336e-03      0.0002020424         1  0.2154911479    0.001782729      6.622346e-03            5.478579e-05
163 2013-09-17 15:01:15    180 480.6 159.4 159.8375 4.714045e-05 21.84063 0.0911117  0.1917090970  0.004308494   8.989642e-03      0.0002020343         1  0.2166113363    0.001792344      6.656771e-03            5.508124e-05
164 2013-09-17 15:01:30    181 482.1 159.5 159.9400 4.714045e-05 21.94313 0.0911117  0.1961636580  0.004308675   9.198525e-03      0.0002020428         1  0.2181388660    0.001805492      6.703714e-03            5.548532e-05
165 2013-09-17 15:01:45    182 483.5 159.6 160.0425 4.714045e-05 22.04563 0.0911117  0.2006182191  0.004308857   9.407409e-03      0.0002020513         1  0.2195645603    0.001817804      6.747528e-03            5.586367e-05

$dryleafvolt
            timestamp record LWSmV  SEmV    CSEmV     CSEmV.sd   loadmV loadmV.sd
1 2013-09-17 14:19:30     13 265.1 155.5 155.5200 4.714045e-05 17.52313 0.0911117
2 2013-09-17 14:19:45     14 265.1 155.3 155.3225 4.714045e-05 17.32563 0.0911117
3 2013-09-17 14:20:00     15 265.1 155.3 155.3250 4.714045e-05 17.32813 0.0911117
4 2013-09-17 14:20:15     16 265.1 155.3 155.3275 4.714045e-05 17.33063 0.0911117
5 2013-09-17 14:20:30     17 265.1 155.4 155.4300 4.714045e-05 17.43313 0.0911117
6 2013-09-17 14:20:45     18 265.1 155.6 155.6325 4.714045e-05 17.63563 0.0911117

$runtime
Time difference of 41 mins

$startcalibvolt
            timestamp record LWSmV  SEmV    CSEmV     CSEmV.sd   loadmV loadmV.sd
1 2013-09-17 14:18:00      7 265.1 260.5 260.5050 4.714045e-05 122.5081 0.0911117
2 2013-09-17 14:18:15      8 265.1 260.7 260.7075 4.714045e-05 122.7106 0.0911117
3 2013-09-17 14:18:30      9 265.1 260.7 260.7100 4.714045e-05 122.7131 0.0911117

$endcalibvolt
            timestamp record LWSmV  SEmV
1 2013-09-17 15:05:30    197 265.6 260.3
2 2013-09-17 15:05:45    198 265.5 260.3
3 2013-09-17 15:06:00    199 265.3 260.4

$lastLWSvolt
[1] 483.9

$maxLWSvolt
[1] 485.3

$species
[1] "redwood"

$trial
[1] "6"

$replicate
[1] "2"

$isvertical
[1] FALSE

$conversionfactor
         avg        stdev
1 0.04345913 1.864011e-05

$LWSwatermass
       avg      stdev
1 0.235639 0.00302591

$dryleafmass
        avg       stdev
1 0.7574655 0.001648839

$lwsmodel

Call:
lm(formula = LWSsurfacedensity ~ record, data = rd[rd$runfilter == 
    1, ])

Coefficients:
(Intercept)       record  
 -1.451e-03    4.516e-05  


$leafmodel

Call:
lm(formula = surfacedensity ~ record, data = rd[rd$runfilter == 
    1, ])

Coefficients:
(Intercept)       record  
 -2.715e-04    5.226e-05  


