$name
[1] "redwood1"

$leafarea
[1] 25.94262

$startbasevolt
            timestamp record LWSmV  SEmV CSEmV CSEmV.sd      loadmV  loadmV.sd
1 2013-09-17 12:28:45      3 263.8 149.0 149.0        0  0.04106061 0.07631851
2 2013-09-17 12:29:00      4 263.8 149.0 149.0        0  0.04106061 0.07631851
3 2013-09-17 12:29:15      5 263.8 148.9 148.9        0 -0.05893939 0.07631851

$endbasevolt
            timestamp record LWSmV  SEmV    CSEmV     CSEmV.sd      loadmV  loadmV.sd
1 2013-09-17 13:23:00    220 265.1 148.1 148.9861 3.226004e-05  0.02712121 0.07631852
2 2013-09-17 13:23:15    221 265.1 147.9 148.7902 3.226004e-05 -0.16875758 0.07631852
3 2013-09-17 13:23:30    222 265.1 148.1 148.9943 3.226004e-05  0.03536364 0.07631852
4 2013-09-17 13:23:45    223 265.1 148.1 148.9984 3.226004e-05  0.03948485 0.07631852
5 2013-09-17 13:24:00    224 265.1 148.1 149.0025 3.226004e-05  0.04360606 0.07631852

$dryragvolt
            timestamp record LWSmV  SEmV    CSEmV     CSEmV.sd   loadmV  loadmV.sd
1 2013-09-17 13:19:45    207 531.6 273.1 273.9325 3.226004e-05 124.9735 0.07631852
2 2013-09-17 13:20:00    208 531.2 273.0 273.8366 3.226004e-05 124.8777 0.07631852
3 2013-09-17 13:20:15    209 530.9 272.9 273.7407 3.226004e-05 124.7818 0.07631852

$wetragvolt
            timestamp record LWSmV  SEmV    CSEmV     CSEmV.sd   loadmV  loadmV.sd
1 2013-09-17 13:21:00    212 265.8 279.5 280.3531 3.226004e-05 131.3942 0.07631852
2 2013-09-17 13:21:15    213 265.4 279.3 280.1572 3.226004e-05 131.1983 0.07631852
3 2013-09-17 13:21:30    214 265.1 279.2 280.0613 3.226004e-05 131.1024 0.07631852

$rundata
              timestamp record LWSmV  SEmV    CSEmV     CSEmV.sd   loadmV  loadmV.sd     watermass watermass.sd surfacedensity surfacedensity.sd runfilter      LWSwater LWSwater.stdev LWSsurfacedensity LWSsurfacedensity.stdev
1   2013-09-17 12:33:00     20 263.8 171.0 171.0618 3.226004e-05 22.10288 0.07631852 -0.0002765368  0.003615302  -1.065955e-05      0.0001393576         0 -0.0041676153    0.001294075     -1.280767e-04            3.976874e-05
2   2013-09-17 12:33:15     21 264.3 171.1 171.1659 3.226004e-05 22.20700 0.07631852  0.0042481315  0.003615458   1.637510e-04      0.0001393636         0 -0.0036584388    0.001290762     -1.124290e-04            3.966693e-05
3   2013-09-17 12:33:30     22 264.8 171.1 171.1701 3.226004e-05 22.21112 0.07631852  0.0044272220  0.003615464   1.706544e-04      0.0001393639         0 -0.0031492622    0.001287462     -9.678126e-05            3.956552e-05
4   2013-09-17 12:33:45     23 265.1 171.0 171.0742 3.226004e-05 22.11524 0.07631852  0.0002607347  0.003615321   1.005044e-05      0.0001393583         0 -0.0028437563    0.001285489     -8.739263e-05            3.950488e-05
5   2013-09-17 12:34:00     24 265.7 171.1 171.1783 3.226004e-05 22.21936 0.07631852  0.0047854030  0.003615476   1.844610e-04      0.0001393643         0 -0.0022327444    0.001281556     -6.861538e-05            3.938403e-05
6   2013-09-17 12:34:15     25 266.4 171.2 171.2824 3.226004e-05 22.32348 0.07631852  0.0093100713  0.003615632   3.588716e-04      0.0001393704         0 -0.0015198973    0.001276993     -4.670858e-05            3.924379e-05
7   2013-09-17 12:34:30     26 267.2 171.2 171.2865 3.226004e-05 22.32761 0.07631852  0.0094891617  0.003615639   3.657750e-04      0.0001393706         0 -0.0007052148    0.001271811     -2.167224e-05            3.908453e-05
8   2013-09-17 12:34:45     27 268.0 171.3 171.3907 3.226004e-05 22.43173 0.07631852  0.0140138301  0.003615796   5.401856e-04      0.0001393766         0  0.0001094677    0.001266664      3.364097e-06            3.892635e-05
9   2013-09-17 12:35:00     28 268.9 171.2 171.2948 3.226004e-05 22.33585 0.07631852  0.0098473427  0.003615651   3.795816e-04      0.0001393711         0  0.0010259855    0.001260916      3.152998e-05            3.874972e-05
10  2013-09-17 12:35:15     29 269.9 171.3 171.3989 3.226004e-05 22.43997 0.07631852  0.0143720110  0.003615808   5.539922e-04      0.0001393771         0  0.0020443386    0.001254584      6.282540e-05            3.855512e-05
11  2013-09-17 12:35:30     30 270.9 171.5 171.6030 3.226004e-05 22.64409 0.07631852  0.0232422571  0.003616118   8.959101e-04      0.0001393891         0  0.0030626917    0.001248309      9.412083e-05            3.836229e-05
12  2013-09-17 12:35:45     31 271.9 171.4 171.5072 3.226004e-05 22.54821 0.07631852  0.0190757698  0.003615972   7.353061e-04      0.0001393835         0  0.0040810448    0.001242093      1.254163e-04            3.817126e-05
13  2013-09-17 12:36:00     32 273.0 171.4 171.5113 3.226004e-05 22.55233 0.07631852  0.0192548603  0.003615979   7.422095e-04      0.0001393837         0  0.0052012332    0.001235323      1.598412e-04            3.796323e-05
14  2013-09-17 12:36:15     33 274.1 171.4 171.5154 3.226004e-05 22.55645 0.07631852  0.0194339508  0.003615985   7.491128e-04      0.0001393839         1  0.0063214216    0.001228627      1.942662e-04            3.775744e-05
15  2013-09-17 12:36:30     34 275.1 171.6 171.7195 3.226004e-05 22.76058 0.07631852  0.0283041969  0.003616297   1.091031e-03      0.0001393960         1  0.0073397747    0.001222604      2.255616e-04            3.757234e-05
16  2013-09-17 12:36:45     35 276.3 171.6 171.7236 3.226004e-05 22.76470 0.07631852  0.0284832874  0.003616303   1.097934e-03      0.0001393962         1  0.0085617984    0.001215458      2.631161e-04            3.735274e-05
17  2013-09-17 12:37:00     36 277.4 171.4 171.5278 3.226004e-05 22.56882 0.07631852  0.0199712222  0.003616004   7.698228e-04      0.0001393847         1  0.0096819868    0.001208988      2.975411e-04            3.715391e-05
18  2013-09-17 12:37:15     37 278.4 171.5 171.6319 3.226004e-05 22.67294 0.07631852  0.0244958905  0.003616162   9.442334e-04      0.0001393908         1  0.0107003399    0.001203174      3.288365e-04            3.697522e-05
19  2013-09-17 12:37:30     38 279.7 171.5 171.6360 3.226004e-05 22.67706 0.07631852  0.0246749810  0.003616169   9.511367e-04      0.0001393910         1  0.0120241990    0.001195713      3.695206e-04            3.674594e-05
20  2013-09-17 12:37:45     39 280.8 171.6 171.7401 3.226004e-05 22.78118 0.07631852  0.0291996493  0.003616328   1.125547e-03      0.0001393972         1  0.0131443874    0.001189487      4.039455e-04            3.655462e-05
21  2013-09-17 12:38:00     40 281.9 171.7 171.8442 3.226004e-05 22.88530 0.07631852  0.0337243176  0.003616488   1.299958e-03      0.0001394033         1  0.0142645758    0.001183344      4.383705e-04            3.636582e-05
22  2013-09-17 12:38:15     41 283.1 171.7 171.8484 3.226004e-05 22.88942 0.07631852  0.0339034081  0.003616495   1.306861e-03      0.0001394036         1  0.0154865995    0.001176736      4.759250e-04            3.616276e-05
23  2013-09-17 12:38:30     42 284.3 171.9 172.0525 3.226004e-05 23.09355 0.07631852  0.0427736542  0.003616811   1.648779e-03      0.0001394158         1  0.0167086232    0.001170229      5.134795e-04            3.596280e-05
24  2013-09-17 12:38:45     43 285.5 171.8 171.9566 3.226004e-05 22.99767 0.07631852  0.0386071668  0.003616662   1.488175e-03      0.0001394100         1  0.0179306469    0.001163825      5.510340e-04            3.576597e-05
25  2013-09-17 12:39:00     44 286.7 171.9 172.0607 3.226004e-05 23.10179 0.07631852  0.0431318351  0.003616824   1.662586e-03      0.0001394163         1  0.0191526706    0.001157524      5.885885e-04            3.557233e-05
26  2013-09-17 12:39:15     45 287.9 172.0 172.1648 3.226004e-05 23.20591 0.07631852  0.0476565034  0.003616986   1.836996e-03      0.0001394225         1  0.0203746944    0.001151328      6.261430e-04            3.538194e-05
27  2013-09-17 12:39:30     46 289.1 171.9 172.0690 3.226004e-05 23.11003 0.07631852  0.0434900161  0.003616837   1.676392e-03      0.0001394168         1  0.0215967181    0.001145240      6.636975e-04            3.519485e-05
28  2013-09-17 12:39:45     47 290.3 171.9 172.0731 3.226004e-05 23.11415 0.07631852  0.0436691066  0.003616843   1.683296e-03      0.0001394170         1  0.0228187418    0.001139261      7.012521e-04            3.501110e-05
29  2013-09-17 12:40:00     48 291.5 171.8 171.9772 3.226004e-05 23.01827 0.07631852  0.0395026192  0.003616694   1.522692e-03      0.0001394113         1  0.0240407655    0.001133393      7.388066e-04            3.483076e-05
30  2013-09-17 12:40:15     49 292.7 171.9 172.0813 3.226004e-05 23.12239 0.07631852  0.0440272875  0.003616856   1.697102e-03      0.0001394175         1  0.0252627892    0.001127637      7.763611e-04            3.465388e-05
31  2013-09-17 12:40:30     50 294.0 171.9 172.0855 3.226004e-05 23.12652 0.07631852  0.0442063780  0.003616862   1.704006e-03      0.0001394178         1  0.0265866483    0.001121531      8.170451e-04            3.446621e-05
32  2013-09-17 12:40:45     51 295.3 172.0 172.1896 3.226004e-05 23.23064 0.07631852  0.0487310463  0.003617025   1.878416e-03      0.0001394240         1  0.0279105073    0.001115560      8.577292e-04            3.428274e-05
33  2013-09-17 12:41:00     52 296.5 172.1 172.2937 3.226004e-05 23.33476 0.07631852  0.0532557146  0.003617188   2.052827e-03      0.0001394303         1  0.0291325310    0.001110172      8.952837e-04            3.411715e-05
34  2013-09-17 12:41:15     53 297.7 171.9 172.0978 3.226004e-05 23.13888 0.07631852  0.0447436495  0.003616882   1.724716e-03      0.0001394185         1  0.0303545547    0.001104903      9.328382e-04            3.395523e-05
35  2013-09-17 12:41:30     54 298.9 172.1 172.3019 3.226004e-05 23.34300 0.07631852  0.0536138956  0.003617201   2.066634e-03      0.0001394308         1  0.0315765784    0.001099756      9.703927e-04            3.379705e-05
36  2013-09-17 12:41:45     55 300.2 171.8 172.0061 3.226004e-05 23.04712 0.07631852  0.0407562526  0.003616739   1.571015e-03      0.0001394130         1  0.0329004375    0.001094319      1.011077e-03            3.362996e-05
37  2013-09-17 12:42:00     56 301.5 172.2 172.4102 3.226004e-05 23.45124 0.07631852  0.0583176544  0.003617372   2.247948e-03      0.0001394374         1  0.0342242965    0.001089028      1.051761e-03            3.346737e-05
38  2013-09-17 12:42:15     57 302.8 172.4 172.6143 3.226004e-05 23.65536 0.07631852  0.0671879005  0.003617696   2.589865e-03      0.0001394499         1  0.0355481555    0.001083886      1.092445e-03            3.330935e-05
39  2013-09-17 12:42:30     58 304.1 172.3 172.5184 3.226004e-05 23.55948 0.07631852  0.0630214131  0.003617543   2.429261e-03      0.0001394440         1  0.0368720145    0.001078895      1.133129e-03            3.315598e-05
40  2013-09-17 12:42:45     59 305.3 172.4 172.6225 3.226004e-05 23.66361 0.07631852  0.0675460814  0.003617709   2.603672e-03      0.0001394504         1  0.0380940383    0.001074424      1.170683e-03            3.301857e-05
41  2013-09-17 12:43:00     60 306.6 172.4 172.6267 3.226004e-05 23.66773 0.07631852  0.0677251719  0.003617715   2.610575e-03      0.0001394506         1  0.0394178973    0.001069729      1.211367e-03            3.287429e-05
42  2013-09-17 12:43:15     61 308.0 172.4 172.6308 3.226004e-05 23.67185 0.07631852  0.0679042624  0.003617722   2.617479e-03      0.0001394509         1  0.0408435916    0.001064849      1.255181e-03            3.272431e-05
43  2013-09-17 12:43:30     62 309.1 172.3 172.5349 3.226004e-05 23.57597 0.07631852  0.0637377751  0.003617569   2.456875e-03      0.0001394450         1  0.0419637800    0.001061144      1.289606e-03            3.261045e-05
44  2013-09-17 12:43:45     63 310.4 172.4 172.6390 3.226004e-05 23.68009 0.07631852  0.0682624434  0.003617735   2.631285e-03      0.0001394514         1  0.0432876391    0.001056914      1.330290e-03            3.248044e-05
45  2013-09-17 12:44:00     64 311.7 172.4 172.6432 3.226004e-05 23.68421 0.07631852  0.0684415338  0.003617742   2.638189e-03      0.0001394517         1  0.0446114981    0.001052846      1.370974e-03            3.235544e-05
46  2013-09-17 12:44:15     65 313.0 172.4 172.6473 3.226004e-05 23.68833 0.07631852  0.0686206243  0.003617748   2.645092e-03      0.0001394519         1  0.0459353571    0.001048943      1.411658e-03            3.223550e-05
47  2013-09-17 12:44:30     66 314.3 172.4 172.6514 3.226004e-05 23.69245 0.07631852  0.0687997148  0.003617755   2.651995e-03      0.0001394522         1  0.0472592161    0.001045207      1.452342e-03            3.212067e-05
48  2013-09-17 12:44:45     67 315.6 172.4 172.6555 3.226004e-05 23.69658 0.07631852  0.0689788053  0.003617761   2.658899e-03      0.0001394524         1  0.0485830752    0.001041639      1.493026e-03            3.201102e-05
49  2013-09-17 12:45:00     68 316.9 172.6 172.8596 3.226004e-05 23.90070 0.07631852  0.0778490514  0.003618089   3.000817e-03      0.0001394650         1  0.0499069342    0.001038240      1.533710e-03            3.190659e-05
50  2013-09-17 12:45:15     69 318.2 172.7 172.9638 3.226004e-05 24.00482 0.07631852  0.0823737197  0.003618257   3.175227e-03      0.0001394715         1  0.0512307932    0.001035014      1.574394e-03            3.180744e-05
51  2013-09-17 12:45:30     70 319.5 172.6 172.8679 3.226004e-05 23.90894 0.07631852  0.0782072324  0.003618102   3.014623e-03      0.0001394655         1  0.0525546523    0.001031961      1.615078e-03            3.171361e-05
52  2013-09-17 12:45:45     71 320.8 172.6 172.8720 3.226004e-05 23.91306 0.07631852  0.0783863228  0.003618109   3.021527e-03      0.0001394658         1  0.0538785113    0.001029083      1.655762e-03            3.162516e-05
53  2013-09-17 12:46:00     72 322.1 172.5 172.7761 3.226004e-05 23.81718 0.07631852  0.0742198355  0.003617955   2.860923e-03      0.0001394599         1  0.0552023703    0.001026381      1.696447e-03            3.154212e-05
54  2013-09-17 12:46:15     73 323.5 172.5 172.7802 3.226004e-05 23.82130 0.07631852  0.0743989260  0.003617961   2.867826e-03      0.0001394601         1  0.0566280646    0.001023670      1.740260e-03            3.145881e-05
55  2013-09-17 12:46:30     74 325.0 172.7 172.9844 3.226004e-05 24.02542 0.07631852  0.0832691721  0.003618290   3.209744e-03      0.0001394728         1  0.0581555943    0.001020996      1.787203e-03            3.137663e-05
56  2013-09-17 12:46:45     75 326.3 172.7 172.9885 3.226004e-05 24.02955 0.07631852  0.0834482626  0.003618297   3.216647e-03      0.0001394731         1  0.0594794533    0.001018873      1.827887e-03            3.131139e-05
57  2013-09-17 12:47:00     76 327.6 172.8 173.0926 3.226004e-05 24.13367 0.07631852  0.0879729309  0.003618466   3.391058e-03      0.0001394796         1  0.0608033123    0.001016931      1.868571e-03            3.125172e-05
58  2013-09-17 12:47:15     77 328.8 172.8 173.0967 3.226004e-05 24.13779 0.07631852  0.0881520214  0.003618472   3.397961e-03      0.0001394798         1  0.0620253361    0.001015301      1.906126e-03            3.120163e-05
59  2013-09-17 12:47:30     78 330.2 172.8 173.1008 3.226004e-05 24.14191 0.07631852  0.0883311118  0.003618479   3.404864e-03      0.0001394801         1  0.0634510304    0.001013597      1.949939e-03            3.114927e-05
60  2013-09-17 12:47:45     79 331.6 172.8 173.1050 3.226004e-05 24.14603 0.07631852  0.0885102023  0.003618486   3.411768e-03      0.0001394803         1  0.0648767247    0.001012107      1.993753e-03            3.110348e-05
61  2013-09-17 12:48:00     80 333.0 172.9 173.2091 3.226004e-05 24.25015 0.07631852  0.0930348706  0.003618655   3.586178e-03      0.0001394869         1  0.0663024191    0.001010832      2.037567e-03            3.106430e-05
62  2013-09-17 12:48:15     81 334.4 173.0 173.3132 3.226004e-05 24.35427 0.07631852  0.0975595389  0.003618826   3.760589e-03      0.0001394934         1  0.0677281134    0.001009773      2.081380e-03            3.103175e-05
63  2013-09-17 12:48:30     82 335.8 172.9 173.2173 3.226004e-05 24.25839 0.07631852  0.0933930516  0.003618669   3.599985e-03      0.0001394874         1  0.0691538077    0.001008930      2.125194e-03            3.100585e-05
64  2013-09-17 12:48:45     83 337.1 172.9 173.2215 3.226004e-05 24.26252 0.07631852  0.0935721421  0.003618676   3.606888e-03      0.0001394877         1  0.0704776668    0.001008342      2.165878e-03            3.098777e-05
65  2013-09-17 12:49:00     84 338.5 172.9 173.2256 3.226004e-05 24.26664 0.07631852  0.0937512325  0.003618682   3.613792e-03      0.0001394879         1  0.0719033611    0.001007918      2.209691e-03            3.097475e-05
66  2013-09-17 12:49:15     85 339.9 173.1 173.4297 3.226004e-05 24.47076 0.07631852  0.1026214787  0.003619017   3.955710e-03      0.0001395008         1  0.0733290555    0.001007712      2.253505e-03            3.096841e-05
67  2013-09-17 12:49:30     86 341.3 173.1 173.4338 3.226004e-05 24.47488 0.07631852  0.1028005691  0.003619024   3.962613e-03      0.0001395011         1  0.0747547498    0.001007724      2.297319e-03            3.096876e-05
68  2013-09-17 12:49:45     87 342.7 172.9 173.2379 3.226004e-05 24.27900 0.07631852  0.0942885040  0.003618703   3.634502e-03      0.0001394887         1  0.0761804441    0.001007953      2.341132e-03            3.097581e-05
69  2013-09-17 12:50:00     88 344.2 173.0 173.3421 3.226004e-05 24.38312 0.07631852  0.0988131723  0.003618873   3.808912e-03      0.0001394953         1  0.0777079738    0.001008440      2.388075e-03            3.099078e-05
70  2013-09-17 12:50:15     89 345.8 173.1 173.4462 3.226004e-05 24.48724 0.07631852  0.1033378406  0.003619044   3.983323e-03      0.0001395019         1  0.0793373387    0.001009235      2.438148e-03            3.101520e-05
71  2013-09-17 12:50:30     90 347.2 173.1 173.4503 3.226004e-05 24.49136 0.07631852  0.1035169311  0.003619051   3.990226e-03      0.0001395021         1  0.0807630331    0.001010162      2.481962e-03            3.104370e-05
72  2013-09-17 12:50:45     91 348.8 173.2 173.5544 3.226004e-05 24.59548 0.07631852  0.1080415994  0.003619223   4.164637e-03      0.0001395088         1  0.0823923980    0.001011487      2.532034e-03            3.108441e-05
73  2013-09-17 12:51:00     92 350.5 173.2 173.5585 3.226004e-05 24.59961 0.07631852  0.1082206898  0.003619230   4.171540e-03      0.0001395090         1  0.0841235983    0.001013202      2.585237e-03            3.113714e-05
74  2013-09-17 12:51:15     93 352.1 173.3 173.6627 3.226004e-05 24.70373 0.07631852  0.1127453581  0.003619403   4.345951e-03      0.0001395157         1  0.0857529632    0.001015106      2.635309e-03            3.119563e-05
75  2013-09-17 12:51:30     94 353.6 173.4 173.7668 3.226004e-05 24.80785 0.07631852  0.1172700264  0.003619577   4.520361e-03      0.0001395224         1  0.0872804929    0.001017143      2.682252e-03            3.125823e-05
76  2013-09-17 12:51:45     95 355.1 173.4 173.7709 3.226004e-05 24.81197 0.07631852  0.1174491169  0.003619583   4.527265e-03      0.0001395227         1  0.0888080225    0.001019423      2.729196e-03            3.132831e-05
77  2013-09-17 12:52:00     96 356.7 173.4 173.7750 3.226004e-05 24.81609 0.07631852  0.1176282074  0.003619590   4.534168e-03      0.0001395229         1  0.0904373875    0.001022122      2.779268e-03            3.141124e-05
78  2013-09-17 12:52:15     97 358.3 173.3 173.6792 3.226004e-05 24.72021 0.07631852  0.1134617201  0.003619430   4.373564e-03      0.0001395168         1  0.0920667525    0.001025093      2.829341e-03            3.150254e-05
79  2013-09-17 12:52:30     98 359.8 173.6 173.9833 3.226004e-05 25.02433 0.07631852  0.1266775440  0.003619940   4.882989e-03      0.0001395364         1  0.0935942821    0.001028123      2.876284e-03            3.159568e-05
80  2013-09-17 12:52:45     99 361.5 173.5 173.8874 3.226004e-05 24.92845 0.07631852  0.1225110567  0.003619779   4.722385e-03      0.0001395302         1  0.0953254824    0.001031843      2.929486e-03            3.170998e-05
81  2013-09-17 12:53:00    100 363.2 173.7 174.0915 3.226004e-05 25.13258 0.07631852  0.1313813028  0.003620122   5.064303e-03      0.0001395434         1  0.0970566826    0.001035861      2.982688e-03            3.183347e-05
82  2013-09-17 12:53:15    101 364.9 173.5 173.8956 3.226004e-05 24.93670 0.07631852  0.1228692376  0.003619792   4.736192e-03      0.0001395307         1  0.0987878829    0.001040175      3.035891e-03            3.196604e-05
83  2013-09-17 12:53:30    102 366.5 173.7 174.0998 3.226004e-05 25.14082 0.07631852  0.1317394837  0.003620136   5.078110e-03      0.0001395440         1  0.1004172479    0.001044502      3.085963e-03            3.209902e-05
84  2013-09-17 12:53:45    103 368.1 173.6 174.0039 3.226004e-05 25.04494 0.07631852  0.1275729964  0.003619974   4.917506e-03      0.0001395377         1  0.1020466128    0.001049084      3.136036e-03            3.223984e-05
85  2013-09-17 12:54:00    104 369.8 173.6 174.0080 3.226004e-05 25.04906 0.07631852  0.1277520869  0.003619981   4.924409e-03      0.0001395380         1  0.1037778131    0.001054229      3.189238e-03            3.239796e-05
86  2013-09-17 12:54:15    105 371.6 173.8 174.2121 3.226004e-05 25.25318 0.07631852  0.1366223330  0.003620327   5.266327e-03      0.0001395513         1  0.1056108487    0.001059983      3.245570e-03            3.257476e-05
87  2013-09-17 12:54:30    106 373.4 173.8 174.2162 3.226004e-05 25.25730 0.07631852  0.1368014235  0.003620334   5.273230e-03      0.0001395516         1  0.1074438842    0.001066045      3.301902e-03            3.276107e-05
88  2013-09-17 12:54:45    107 375.1 173.7 174.1204 3.226004e-05 25.16142 0.07631852  0.1326349361  0.003620171   5.112626e-03      0.0001395453         1  0.1091750845    0.001072050      3.355104e-03            3.294562e-05
89  2013-09-17 12:55:00    108 377.0 173.7 174.1245 3.226004e-05 25.16555 0.07631852  0.1328140266  0.003620178   5.119530e-03      0.0001395456         1  0.1111099554    0.001079077      3.414565e-03            3.316156e-05
90  2013-09-17 12:55:15    109 379.0 173.8 174.2286 3.226004e-05 25.26967 0.07631852  0.1373386949  0.003620355   5.293940e-03      0.0001395524         1  0.1131466616    0.001086827      3.477156e-03            3.339972e-05
91  2013-09-17 12:55:30    110 380.8 173.9 174.3327 3.226004e-05 25.37379 0.07631852  0.1418633632  0.003620533   5.468351e-03      0.0001395592         1  0.1149796972    0.001094105      3.533488e-03            3.362337e-05
92  2013-09-17 12:55:45    111 382.7 173.8 174.2368 3.226004e-05 25.27791 0.07631852  0.1376968759  0.003620369   5.307747e-03      0.0001395529         1  0.1169145680    0.001102092      3.592949e-03            3.386883e-05
93  2013-09-17 12:56:00    112 384.7 173.8 174.2410 3.226004e-05 25.28203 0.07631852  0.1378759664  0.003620376   5.314650e-03      0.0001395532         1  0.1189512742    0.001110830      3.655540e-03            3.413738e-05
94  2013-09-17 12:56:15    113 386.6 173.9 174.3451 3.226004e-05 25.38615 0.07631852  0.1424006347  0.003620554   5.489061e-03      0.0001395600         1  0.1208861451    0.001119439      3.715001e-03            3.440195e-05
95  2013-09-17 12:56:30    114 388.6 174.0 174.4492 3.226004e-05 25.49027 0.07631852  0.1469253030  0.003620732   5.663472e-03      0.0001395669         1  0.1229228513    0.001128818      3.777592e-03            3.469016e-05
96  2013-09-17 12:56:45    115 390.6 174.0 174.4533 3.226004e-05 25.49439 0.07631852  0.1471043934  0.003620739   5.670375e-03      0.0001395672         1  0.1249595575    0.001138512      3.840183e-03            3.498808e-05
97  2013-09-17 12:57:00    116 392.5 174.1 174.5575 3.226004e-05 25.59852 0.07631852  0.1516290617  0.003620918   5.844785e-03      0.0001395741         1  0.1268944284    0.001148007      3.899644e-03            3.527988e-05
98  2013-09-17 12:57:15    117 394.6 173.9 174.3616 3.226004e-05 25.40264 0.07631852  0.1431169966  0.003620582   5.516674e-03      0.0001395611         1  0.1290329699    0.001158818      3.965365e-03            3.561210e-05
99  2013-09-17 12:57:30    118 396.4 174.0 174.4657 3.226004e-05 25.50676 0.07631852  0.1476416649  0.003620760   5.691085e-03      0.0001395680         1  0.1308660055    0.001168340      4.021697e-03            3.590474e-05
100 2013-09-17 12:57:45    119 398.3 174.1 174.5698 3.226004e-05 25.61088 0.07631852  0.1521663332  0.003620939   5.865495e-03      0.0001395749         1  0.1328008764    0.001178643      4.081158e-03            3.622135e-05
101 2013-09-17 12:58:00    120 400.4 174.2 174.6739 3.226004e-05 25.71500 0.07631852  0.1566910015  0.003621119   6.039906e-03      0.0001395818         1  0.1349394179    0.001190321      4.146878e-03            3.658023e-05
102 2013-09-17 12:58:15    121 402.5 174.2 174.6781 3.226004e-05 25.71912 0.07631852  0.1568700920  0.003621126   6.046809e-03      0.0001395821         1  0.1370779594    0.001202296      4.212599e-03            3.694825e-05
103 2013-09-17 12:58:30    122 404.5 174.2 174.6822 3.226004e-05 25.72324 0.07631852  0.1570491824  0.003621133   6.053713e-03      0.0001395824         1  0.1391146656    0.001213970      4.275189e-03            3.730699e-05
104 2013-09-17 12:58:45    123 406.9 174.1 174.5863 3.226004e-05 25.62736 0.07631852  0.1528826951  0.003620968   5.893109e-03      0.0001395760         1  0.1415587130    0.001228313      4.350298e-03            3.774778e-05
105 2013-09-17 12:59:00    124 409.3 174.1 174.5904 3.226004e-05 25.63148 0.07631852  0.1530617856  0.003620975   5.900012e-03      0.0001395763         1  0.1440027605    0.001243009      4.425408e-03            3.819943e-05
106 2013-09-17 12:59:15    125 411.7 174.1 174.5945 3.226004e-05 25.63561 0.07631852  0.1532408761  0.003620982   5.906915e-03      0.0001395766         1  0.1464468079    0.001258047      4.500517e-03            3.866156e-05
107 2013-09-17 12:59:30    126 413.8 174.3 174.7987 3.226004e-05 25.83973 0.07631852  0.1621111222  0.003621336   6.248833e-03      0.0001395902         1  0.1485853494    0.001271475      4.566237e-03            3.907423e-05
108 2013-09-17 12:59:45    127 416.1 174.3 174.8028 3.226004e-05 25.84385 0.07631852  0.1622902127  0.003621343   6.255737e-03      0.0001395905         1  0.1509275615    0.001286462      4.638216e-03            3.953479e-05
109 2013-09-17 13:00:00    128 418.3 174.4 174.9069 3.226004e-05 25.94797 0.07631852  0.1668148810  0.003621524   6.430147e-03      0.0001395975         1  0.1531679383    0.001301062      4.707066e-03            3.998346e-05
110 2013-09-17 13:00:15    129 420.2 174.3 174.8110 3.226004e-05 25.85209 0.07631852  0.1626483936  0.003621357   6.269543e-03      0.0001395910         1  0.1551028092    0.001313872      4.766528e-03            4.037713e-05
111 2013-09-17 13:00:30    130 421.8 174.3 174.8152 3.226004e-05 25.85621 0.07631852  0.1628274841  0.003621364   6.276447e-03      0.0001395913         1  0.1567321742    0.001324800      4.816600e-03            4.071297e-05
112 2013-09-17 13:00:45    131 423.5 174.3 174.8193 3.226004e-05 25.86033 0.07631852  0.1630065746  0.003621371   6.283350e-03      0.0001395916         1  0.1584633744    0.001336548      4.869803e-03            4.107401e-05
113 2013-09-17 13:01:00    132 425.1 174.4 174.9234 3.226004e-05 25.96445 0.07631852  0.1675312429  0.003621553   6.457761e-03      0.0001395986         1  0.1600927394    0.001347731      4.919875e-03            4.141768e-05
114 2013-09-17 13:01:15    133 426.7 174.4 174.9275 3.226004e-05 25.96858 0.07631852  0.1677103334  0.003621560   6.464664e-03      0.0001395988         1  0.1617221044    0.001359033      4.969948e-03            4.176500e-05
115 2013-09-17 13:01:30    134 428.2 174.5 175.0316 3.226004e-05 26.07270 0.07631852  0.1722350017  0.003621743   6.639074e-03      0.0001396059         1  0.1632496340    0.001369734      5.016891e-03            4.209386e-05
116 2013-09-17 13:01:45    135 429.5 174.4 174.9358 3.226004e-05 25.97682 0.07631852  0.1680685143  0.003621575   6.478471e-03      0.0001395994         1  0.1645734930    0.001379089      5.057575e-03            4.238134e-05
117 2013-09-17 13:02:00    136 430.9 174.6 175.1399 3.226004e-05 26.18094 0.07631852  0.1769387604  0.003621933   6.820388e-03      0.0001396132         1  0.1659991874    0.001389245      5.101389e-03            4.269346e-05
118 2013-09-17 13:02:15    137 432.3 174.5 175.0440 3.226004e-05 26.08506 0.07631852  0.1727722731  0.003621764   6.659784e-03      0.0001396067         1  0.1674248817    0.001399484      5.145202e-03            4.300812e-05
119 2013-09-17 13:02:30    138 433.6 174.6 175.1481 3.226004e-05 26.18918 0.07631852  0.1772969414  0.003621947   6.834195e-03      0.0001396138         1  0.1687487407    0.001409065      5.185886e-03            4.330256e-05
120 2013-09-17 13:02:45    139 435.2 174.6 175.1522 3.226004e-05 26.19330 0.07631852  0.1774760319  0.003621955   6.841098e-03      0.0001396141         1  0.1703781057    0.001420951      5.235959e-03            4.366783e-05
121 2013-09-17 13:03:00    140 436.7 174.7 175.2564 3.226004e-05 26.29742 0.07631852  0.1820007002  0.003622138   7.015509e-03      0.0001396211         1  0.1719056353    0.001432186      5.282902e-03            4.401310e-05
122 2013-09-17 13:03:15    141 438.2 174.7 175.2605 3.226004e-05 26.30155 0.07631852  0.1821797907  0.003622146   7.022412e-03      0.0001396214         1  0.1734331650    0.001443509      5.329845e-03            4.436105e-05
123 2013-09-17 13:03:30    142 439.6 174.6 175.1646 3.226004e-05 26.20567 0.07631852  0.1780133033  0.003621976   6.861808e-03      0.0001396149         1  0.1748588593    0.001454153      5.373659e-03            4.468817e-05
124 2013-09-17 13:03:45    143 441.2 174.7 175.2687 3.226004e-05 26.30979 0.07631852  0.1825379716  0.003622160   7.036219e-03      0.0001396220         1  0.1764882243    0.001466407      5.423732e-03            4.506474e-05
125 2013-09-17 13:04:00    144 442.8 174.8 175.3728 3.226004e-05 26.41391 0.07631852  0.1870626399  0.003622345   7.210630e-03      0.0001396291         1  0.1781175892    0.001478752      5.473804e-03            4.544414e-05
126 2013-09-17 13:04:15    145 444.1 174.8 175.3770 3.226004e-05 26.41803 0.07631852  0.1872417304  0.003622352   7.217533e-03      0.0001396294         1  0.1794414483    0.001488850      5.514488e-03            4.575445e-05
127 2013-09-17 13:04:30    146 445.6 174.9 175.4811 3.226004e-05 26.52215 0.07631852  0.1917663987  0.003622538   7.391943e-03      0.0001396365         1  0.1809689779    0.001500573      5.561431e-03            4.611472e-05
128 2013-09-17 13:04:45    147 447.2 174.8 175.3852 3.226004e-05 26.42627 0.07631852  0.1875999114  0.003622367   7.231340e-03      0.0001396299         1  0.1825983429    0.001513161      5.611504e-03            4.650157e-05
129 2013-09-17 13:05:00    148 448.7 174.8 175.3893 3.226004e-05 26.43039 0.07631852  0.1877790018  0.003622374   7.238243e-03      0.0001396302         1  0.1841258725    0.001525039      5.658447e-03            4.686659e-05
130 2013-09-17 13:05:15    149 450.3 174.9 175.4935 3.226004e-05 26.53452 0.07631852  0.1923036701  0.003622560   7.412653e-03      0.0001396374         1  0.1857552375    0.001537788      5.708520e-03            4.725838e-05
131 2013-09-17 13:05:30    150 451.9 175.0 175.5976 3.226004e-05 26.63864 0.07631852  0.1968283384  0.003622746   7.587064e-03      0.0001396446         1  0.1873846024    0.001550617      5.758593e-03            4.765264e-05
132 2013-09-17 13:05:45    151 453.4 174.9 175.5017 3.226004e-05 26.54276 0.07631852  0.1926618511  0.003622575   7.426460e-03      0.0001396379         1  0.1889121321    0.001562715      5.805536e-03            4.802443e-05
133 2013-09-17 13:06:00    152 454.9 174.9 175.5058 3.226004e-05 26.54688 0.07631852  0.1928409416  0.003622582   7.433363e-03      0.0001396382         1  0.1904396617    0.001574880      5.852479e-03            4.839829e-05
134 2013-09-17 13:06:15    153 456.2 174.9 175.5099 3.226004e-05 26.55100 0.07631852  0.1930200321  0.003622589   7.440267e-03      0.0001396385         1  0.1917635207    0.001585477      5.893163e-03            4.872392e-05
135 2013-09-17 13:06:30    154 457.7 175.0 175.6141 3.226004e-05 26.65512 0.07631852  0.1975447004  0.003622776   7.614677e-03      0.0001396457         1  0.1932910504    0.001597763      5.940106e-03            4.910150e-05
136 2013-09-17 13:06:45    155 459.3 175.0 175.6182 3.226004e-05 26.65924 0.07631852  0.1977237908  0.003622783   7.621581e-03      0.0001396460         1  0.1949204154    0.001610937      5.990179e-03            4.950637e-05
137 2013-09-17 13:07:00    156 460.7 175.1 175.7223 3.226004e-05 26.76336 0.07631852  0.2022484591  0.003622970   7.795991e-03      0.0001396532         1  0.1963461097    0.001622522      6.033992e-03            4.986239e-05
138 2013-09-17 13:07:15    157 462.1 175.1 175.7264 3.226004e-05 26.76748 0.07631852  0.2024275496  0.003622978   7.802895e-03      0.0001396535         1  0.1977718040    0.001634159      6.077806e-03            5.022001e-05
139 2013-09-17 13:07:30    158 463.7 175.2 175.8305 3.226004e-05 26.87161 0.07631852  0.2069522179  0.003623165   7.977305e-03      0.0001396607         1  0.1994011690    0.001647521      6.127879e-03            5.063064e-05
140 2013-09-17 13:07:45    159 465.3 175.2 175.8347 3.226004e-05 26.87573 0.07631852  0.2071313084  0.003623173   7.984209e-03      0.0001396610         1  0.2010305339    0.001660948      6.177951e-03            5.104327e-05
141 2013-09-17 13:08:00    160 466.9 175.2 175.8388 3.226004e-05 26.87985 0.07631852  0.2073103989  0.003623180   7.991112e-03      0.0001396613         1  0.2026598989    0.001674439      6.228024e-03            5.145786e-05
142 2013-09-17 13:08:15    161 468.2 175.2 175.8429 3.226004e-05 26.88397 0.07631852  0.2074894894  0.003623188   7.998015e-03      0.0001396616         1  0.2039837579    0.001685445      6.268708e-03            5.179611e-05
143 2013-09-17 13:08:30    162 470.0 175.3 175.9470 3.226004e-05 26.98809 0.07631852  0.2120141577  0.003623376   8.172426e-03      0.0001396689         1  0.2058167935    0.001700752      6.325040e-03            5.226649e-05
144 2013-09-17 13:08:45    163 471.3 175.2 175.8512 3.226004e-05 26.89221 0.07631852  0.2078476703  0.003623203   8.011822e-03      0.0001396622         1  0.2071406525    0.001711853      6.365724e-03            5.260765e-05
145 2013-09-17 13:09:00    164 472.5 175.2 175.8553 3.226004e-05 26.89633 0.07631852  0.2080267608  0.003623210   8.018725e-03      0.0001396624         1  0.2083626762    0.001722134      6.403278e-03            5.292361e-05
146 2013-09-17 13:09:15    165 473.9 175.3 175.9594 3.226004e-05 27.00045 0.07631852  0.2125514291  0.003623399   8.193136e-03      0.0001396697         1  0.2097883706    0.001734170      6.447092e-03            5.329347e-05
147 2013-09-17 13:09:30    166 475.0 175.3 175.9635 3.226004e-05 27.00458 0.07631852  0.2127305196  0.003623406   8.200039e-03      0.0001396700         1  0.2109085590    0.001743656      6.481517e-03            5.358500e-05
148 2013-09-17 13:09:45    167 476.2 175.4 176.0676 3.226004e-05 27.10870 0.07631852  0.2172551879  0.003623596   8.374450e-03      0.0001396773         1  0.2121305827    0.001754034      6.519071e-03            5.390394e-05
149 2013-09-17 13:10:00    168 477.9 175.5 176.1718 3.226004e-05 27.21282 0.07631852  0.2217798562  0.003623786   8.548860e-03      0.0001396846         1  0.2138617830    0.001768789      6.572274e-03            5.435737e-05
150 2013-09-17 13:10:15    169 479.4 175.4 176.0759 3.226004e-05 27.11694 0.07631852  0.2176133688  0.003623611   8.388256e-03      0.0001396779         1  0.2153893126    0.001781857      6.619217e-03            5.475896e-05
151 2013-09-17 13:10:30    170 480.8 175.3 175.9800 3.226004e-05 27.02106 0.07631852  0.2134468815  0.003623436   8.227652e-03      0.0001396712         1  0.2168150070    0.001794094      6.663030e-03            5.513504e-05
152 2013-09-17 13:10:45    171 482.4 175.4 176.0841 3.226004e-05 27.12518 0.07631852  0.2179715498  0.003623626   8.402063e-03      0.0001396785         1  0.2184443719    0.001808127      6.713103e-03            5.556630e-05
153 2013-09-17 13:11:00    172 483.6 175.5 176.1882 3.226004e-05 27.22930 0.07631852  0.2224962181  0.003623816   8.576474e-03      0.0001396858         1  0.2196663956    0.001818685      6.750658e-03            5.589074e-05
154 2013-09-17 13:11:15    173 485.0 175.4 176.0924 3.226004e-05 27.13342 0.07631852  0.2183297308  0.003623641   8.415870e-03      0.0001396791         1  0.2210920900    0.001831036      6.794471e-03            5.627030e-05
155 2013-09-17 13:11:30    174 486.4 175.6 176.2965 3.226004e-05 27.33755 0.07631852  0.2271999769  0.003624015   8.757788e-03      0.0001396935         1  0.2225177843    0.001843423      6.838285e-03            5.665098e-05
156 2013-09-17 13:11:45    175 487.8 175.5 176.2006 3.226004e-05 27.24167 0.07631852  0.2230334895  0.003623839   8.597184e-03      0.0001396867         1  0.2239434786    0.001855846      6.882098e-03            5.703276e-05
157 2013-09-17 13:12:00    176 489.2 175.7 176.4047 3.226004e-05 27.44579 0.07631852  0.2319037357  0.003624214   8.939102e-03      0.0001397011         1  0.2253691730    0.001868304      6.925912e-03            5.741560e-05
158 2013-09-17 13:12:15    177 490.5 175.6 176.3088 3.226004e-05 27.34991 0.07631852  0.2277372483  0.003624037   8.778498e-03      0.0001396943         1  0.2266930320    0.001879902      6.966596e-03            5.777205e-05
159 2013-09-17 13:12:30    178 492.0 175.6 176.3130 3.226004e-05 27.35403 0.07631852  0.2279163388  0.003624045   8.785401e-03      0.0001396946         1  0.2282205617    0.001893321      7.013539e-03            5.818443e-05
160 2013-09-17 13:12:45    179 493.6 175.6 176.3171 3.226004e-05 27.35815 0.07631852  0.2280954293  0.003624053   8.792304e-03      0.0001396949         1  0.2298499266    0.001907676      7.063612e-03            5.862558e-05
161 2013-09-17 13:13:00    180 494.8 175.6 176.3212 3.226004e-05 27.36227 0.07631852  0.2282745198  0.003624060   8.799208e-03      0.0001396952         1  0.2310719503    0.001918470      7.101166e-03            5.895729e-05
162 2013-09-17 13:13:15    181 496.1 175.7 176.4253 3.226004e-05 27.46639 0.07631852  0.2327991881  0.003624252   8.973618e-03      0.0001397026         1  0.2323958094    0.001930190      7.141850e-03            5.931744e-05
163 2013-09-17 13:13:30    182 497.2 175.6 176.3295 3.226004e-05 27.37052 0.07631852  0.2286327007  0.003624075   8.813014e-03      0.0001396958         1  0.2335159978    0.001940127      7.176275e-03            5.962283e-05
164 2013-09-17 13:13:45    183 498.5 175.7 176.4336 3.226004e-05 27.47464 0.07631852  0.2331573690  0.003624267   8.987425e-03      0.0001397032         1  0.2348398568    0.001951895      7.216959e-03            5.998449e-05
165 2013-09-17 13:14:00    184 499.8 175.8 176.5377 3.226004e-05 27.57876 0.07631852  0.2376820373  0.003624460   9.161835e-03      0.0001397106         1  0.2361637158    0.001963690      7.257643e-03            6.034695e-05
166 2013-09-17 13:14:15    185 500.7 175.8 176.5418 3.226004e-05 27.58288 0.07631852  0.2378611278  0.003624468   9.168739e-03      0.0001397109         1  0.2370802336    0.001971870      7.285809e-03            6.059834e-05
167 2013-09-17 13:14:30    186 502.2 175.6 176.3459 3.226004e-05 27.38700 0.07631852  0.2293490626  0.003624106   8.840628e-03      0.0001396970         1  0.2386077633    0.001985530      7.332752e-03            6.101814e-05
168 2013-09-17 13:14:45    187 503.7 175.6 176.3501 3.226004e-05 27.39112 0.07631852  0.2295281531  0.003624113   8.847531e-03      0.0001396973         1  0.2401352929    0.001999223      7.379696e-03            6.143894e-05
169 2013-09-17 13:15:00    188 505.1 175.9 176.6542 3.226004e-05 27.69524 0.07631852  0.2427439771  0.003624677   9.356956e-03      0.0001397190         1  0.2415609872    0.002012032      7.423509e-03            6.183258e-05
170 2013-09-17 13:15:15    189 506.7 175.8 176.5583 3.226004e-05 27.59936 0.07631852  0.2385774897  0.003624498   9.196352e-03      0.0001397121         1  0.2431903522    0.002026704      7.473582e-03            6.228348e-05
171 2013-09-17 13:15:30    190 507.9 175.8 176.5624 3.226004e-05 27.60348 0.07631852  0.2387565802  0.003624506   9.203255e-03      0.0001397124         1  0.2444123759    0.002037732      7.511136e-03            6.262236e-05
172 2013-09-17 13:15:45    191 509.1 175.9 176.6665 3.226004e-05 27.70761 0.07631852  0.2432812485  0.003624700   9.377666e-03      0.0001397199         1  0.2456343996    0.002048778      7.548691e-03            6.296183e-05
173 2013-09-17 13:16:00    192 510.5 176.0 176.7707 3.226004e-05 27.81173 0.07631852  0.2478059168  0.003624894   9.552077e-03      0.0001397274         1  0.2470600940    0.002061690      7.592504e-03            6.335863e-05
174 2013-09-17 13:16:15    193 511.8 175.9 176.6748 3.226004e-05 27.71585 0.07631852  0.2436394295  0.003624715   9.391473e-03      0.0001397205         1  0.2483839530    0.002073702      7.633188e-03            6.372778e-05
175 2013-09-17 13:16:30    194 513.4 175.9 176.6789 3.226004e-05 27.71997 0.07631852  0.2438185199  0.003624723   9.398376e-03      0.0001397207         1  0.2500133180    0.002088516      7.683261e-03            6.418303e-05
176 2013-09-17 13:16:45    195 515.0 176.0 176.7830 3.226004e-05 27.82409 0.07631852  0.2483431882  0.003624917   9.572787e-03      0.0001397282         1  0.2516426829    0.002103362      7.733334e-03            6.463926e-05
177 2013-09-17 13:17:00    196 516.5 176.1 176.8872 3.226004e-05 27.92821 0.07631852  0.2528678565  0.003625112   9.747197e-03      0.0001397358         1  0.2531702126    0.002117308      7.780277e-03            6.506785e-05
178 2013-09-17 13:17:15    197 518.0 176.0 176.7913 3.226004e-05 27.83233 0.07631852  0.2487013692  0.003624932   9.586593e-03      0.0001397288         1  0.2546977422    0.002131281      7.827220e-03            6.549727e-05
179 2013-09-17 13:17:30    198 519.5 176.2 176.9954 3.226004e-05 28.03645 0.07631852  0.2575716153  0.003625316   9.928511e-03      0.0001397436         1  0.2562252719    0.002145281      7.874163e-03            6.592750e-05
180 2013-09-17 13:17:45    199 521.4 176.2 176.9995 3.226004e-05 28.04058 0.07631852  0.2577507058  0.003625324   9.935414e-03      0.0001397439         1  0.2581601427    0.002163051      7.933625e-03            6.647360e-05
181 2013-09-17 13:18:00    200 522.9 176.2 177.0036 3.226004e-05 28.04470 0.07631852  0.2579297963  0.003625331   9.942318e-03      0.0001397442         1  0.2596876724    0.002177109      7.980568e-03            6.690561e-05
182 2013-09-17 13:18:15    201 524.5 176.2 177.0078 3.226004e-05 28.04882 0.07631852  0.2581088868  0.003625339   9.949221e-03      0.0001397445         1  0.2613170373    0.002192131      8.030640e-03            6.736726e-05
183 2013-09-17 13:18:30    202 526.1 176.2 177.0119 3.226004e-05 28.05294 0.07631852  0.2582879772  0.003625347   9.956124e-03      0.0001397448         1  0.2629464023    0.002207181      8.080713e-03            6.782977e-05
184 2013-09-17 13:18:45    203 527.5 176.2 177.0160 3.226004e-05 28.05706 0.07631852  0.2584670677  0.003625355   9.963028e-03      0.0001397451         1  0.2643720966    0.002220371      8.124527e-03            6.823514e-05
185 2013-09-17 13:19:00    204 529.0 176.3 177.1201 3.226004e-05 28.16118 0.07631852  0.2629917360  0.003625551   1.013744e-02      0.0001397527         1  0.2658996263    0.002234527      8.171470e-03            6.867016e-05
186 2013-09-17 13:19:15    205 530.4 176.7 177.5242 3.226004e-05 28.56530 0.07631852  0.2805531378  0.003626322   1.081437e-02      0.0001397824         1  0.2673253206    0.002247760      8.215283e-03            6.907682e-05

$dryleafvolt
            timestamp record LWSmV  SEmV    CSEmV     CSEmV.sd   loadmV  loadmV.sd
1 2013-09-17 12:31:45     15 263.8 171.1 171.1412 3.226004e-05 22.18227 0.07631852
2 2013-09-17 12:32:00     16 263.8 171.1 171.1453 3.226004e-05 22.18639 0.07631852
3 2013-09-17 12:32:15     17 263.8 171.1 171.1495 3.226004e-05 22.19052 0.07631852
4 2013-09-17 12:32:30     18 263.8 170.9 170.9536 3.226004e-05 21.99464 0.07631852
5 2013-09-17 12:32:45     19 263.8 170.9 170.9577 3.226004e-05 21.99876 0.07631852
6 2013-09-17 12:33:00     20 263.8 171.0 171.0618 3.226004e-05 22.10288 0.07631852

$runtime
Time difference of 46.25 mins

$startcalibvolt
            timestamp record LWSmV  SEmV    CSEmV     CSEmV.sd   loadmV  loadmV.sd
1 2013-09-17 12:29:45      7 263.8 271.5 271.5082 3.226004e-05 122.5493 0.07631852
2 2013-09-17 12:30:00      8 263.8 271.6 271.6124 3.226004e-05 122.6534 0.07631852
3 2013-09-17 12:30:15      9 263.8 271.7 271.7165 3.226004e-05 122.7575 0.07631852

$endcalibvolt
            timestamp record LWSmV  SEmV
1 2013-09-17 13:22:00    216 265.1 270.9
2 2013-09-17 13:22:15    217 265.1 270.9
3 2013-09-17 13:22:30    218 265.1 270.8

$lastLWSvolt
[1] 530.9

$maxLWSvolt
[1] 531.6

$species
[1] "redwood"

$trial
[1] "1"

$replicate
[1] "1"

$isvertical
[1] FALSE

$conversionfactor
         avg        stdev
1 0.04345578 1.561123e-05

$LWSwatermass
        avg       stdev
1 0.2761154 0.002709711

$dryleafmass
        avg       stdev
1 0.9607743 0.001397249

$lwsmodel

Call:
lm(formula = LWSsurfacedensity ~ record, data = rd[rd$runfilter == 
    1, ])

Coefficients:
(Intercept)       record  
 -1.708e-03    4.887e-05  


$leafmodel

Call:
lm(formula = surfacedensity ~ record, data = rd[rd$runfilter == 
    1, ])

Coefficients:
(Intercept)       record  
 -7.744e-04    5.414e-05  


