$name
[1] "redwood7"

$leafarea
[1] 39.6153

$startbasevolt
            timestamp record LWSmV  SEmV CSEmV CSEmV.sd  loadmV  loadmV.sd
1 2013-09-18 15:20:30      3 264.7 141.8 141.8        0  0.1025 0.06510431
2 2013-09-18 15:20:45      4 264.6 141.7 141.7        0  0.0025 0.06510431
3 2013-09-18 15:21:00      5 264.6 141.7 141.7        0  0.0025 0.06510431
4 2013-09-18 15:21:15      6 264.6 141.6 141.6        0 -0.0975 0.06510431

$endbasevolt
            timestamp record LWSmV  SEmV   CSEmV     CSEmV.sd  loadmV  loadmV.sd
1 2013-09-18 16:16:30    227 265.1 141.3 141.742 2.962963e-05  0.0445 0.06510432
2 2013-09-18 16:16:45    228 265.1 141.2 141.644 2.962963e-05 -0.0535 0.06510432
3 2013-09-18 16:17:00    229 265.1 141.3 141.746 2.962963e-05  0.0485 0.06510432
4 2013-09-18 16:17:15    230 265.1 141.2 141.648 2.962963e-05 -0.0495 0.06510432

$dryragvolt
            timestamp record LWSmV  SEmV   CSEmV     CSEmV.sd   loadmV  loadmV.sd
1 2013-09-18 16:13:00    213 540.1 290.4 290.814 2.962963e-05 149.1165 0.06510432
2 2013-09-18 16:13:15    214 539.6 290.4 290.816 2.962963e-05 149.1185 0.06510432
3 2013-09-18 16:13:30    215 539.6 290.3 290.718 2.962963e-05 149.0205 0.06510432

$wetragvolt
            timestamp record LWSmV  SEmV   CSEmV     CSEmV.sd   loadmV  loadmV.sd
1 2013-09-18 16:14:15    218 265.8 297.3 297.724 2.962963e-05 156.0265 0.06510432
2 2013-09-18 16:14:30    219 265.1 297.0 297.426 2.962963e-05 155.7285 0.06510432
3 2013-09-18 16:14:45    220 265.1 297.0 297.428 2.962963e-05 155.7305 0.06510432
4 2013-09-18 16:15:00    221 265.1 296.7 297.130 2.962963e-05 155.4325 0.06510432

$rundata
              timestamp record LWSmV  SEmV   CSEmV     CSEmV.sd  loadmV  loadmV.sd    watermass watermass.sd surfacedensity surfacedensity.sd runfilter      LWSwater LWSwater.stdev LWSsurfacedensity LWSsurfacedensity.stdev
1   2013-09-18 15:25:15     22 264.5 175.3 175.332 2.962963e-05 33.6345 0.06510432  0.002298339  0.003194017   5.801645e-05      8.062583e-05         0 -0.0034547681    0.001289440     -1.061699e-04            3.962632e-05
2   2013-09-18 15:25:30     23 264.8 175.2 175.234 2.962963e-05 33.5365 0.06510432 -0.001951420  0.003193908  -4.925925e-05      8.062308e-05         0 -0.0031492622    0.001287462     -9.678126e-05            3.956552e-05
3   2013-09-18 15:25:45     24 265.1 175.4 175.436 2.962963e-05 33.7385 0.06510432  0.006808287  0.003194132   1.718600e-04      8.062875e-05         0 -0.0028437563    0.001285489     -8.739263e-05            3.950488e-05
4   2013-09-18 15:26:00     25 265.1 175.3 175.338 2.962963e-05 33.6405 0.06510432  0.002558528  0.003194023   6.458434e-05      8.062600e-05         0 -0.0028437563    0.001285489     -8.739263e-05            3.950488e-05
5   2013-09-18 15:26:15     26 265.4 175.2 175.240 2.962963e-05 33.5425 0.06510432 -0.001691231  0.003193914  -4.269135e-05      8.062325e-05         0 -0.0025382504    0.001283520     -7.800401e-05            3.944438e-05
6   2013-09-18 15:26:30     27 266.0 175.2 175.242 2.962963e-05 33.5445 0.06510432 -0.001604501  0.003193917  -4.050205e-05      8.062331e-05         0 -0.0019272385    0.001279597     -5.922675e-05            3.932383e-05
7   2013-09-18 15:26:45     28 266.7 175.6 175.644 2.962963e-05 33.9465 0.06510432  0.015828184  0.003194365   3.995472e-04      8.063462e-05         0 -0.0012143913    0.001275045     -3.731995e-05            3.918394e-05
8   2013-09-18 15:27:00     29 267.4 175.4 175.446 2.962963e-05 33.7485 0.06510432  0.007241936  0.003194143   1.828065e-04      8.062903e-05         0 -0.0005015442    0.001270520     -1.541316e-05            3.904488e-05
9   2013-09-18 15:27:15     30 268.2 175.6 175.648 2.962963e-05 33.9505 0.06510432  0.016001643  0.003194369   4.039258e-04      8.063473e-05         0  0.0003131383    0.001265382      9.623181e-06            3.888698e-05
10  2013-09-18 15:27:30     31 269.2 175.6 175.650 2.962963e-05 33.9525 0.06510432  0.016088373  0.003194372   4.061151e-04      8.063479e-05         0  0.0013314914    0.001259010      4.091861e-05            3.869116e-05
11  2013-09-18 15:27:45     32 270.1 175.5 175.552 2.962963e-05 33.8545 0.06510432  0.011838614  0.003194262   2.988394e-04      8.063202e-05         0  0.0022480092    0.001253324      6.908449e-05            3.851641e-05
12  2013-09-18 15:28:00     33 271.2 175.7 175.754 2.962963e-05 34.0565 0.06510432  0.020598322  0.003194488   5.199587e-04      8.063774e-05         0  0.0033681976    0.001246438      1.035095e-04            3.830479e-05
13  2013-09-18 15:28:15     34 272.3 175.8 175.856 2.962963e-05 34.1585 0.06510432  0.025021540  0.003194603   6.316130e-04      8.064064e-05         0  0.0044883860    0.001239623      1.379344e-04            3.809535e-05
14  2013-09-18 15:28:30     35 273.5 175.9 175.958 2.962963e-05 34.2605 0.06510432  0.029444759  0.003194719   7.432673e-04      8.064355e-05         0  0.0057104097    0.001232271      1.754889e-04            3.786941e-05
15  2013-09-18 15:28:45     36 274.6 176.0 176.060 2.962963e-05 34.3625 0.06510432  0.033867977  0.003194834   8.549216e-04      8.064647e-05         1  0.0068305982    0.001225608      2.099139e-04            3.766465e-05
16  2013-09-18 15:29:00     37 275.7 176.1 176.162 2.962963e-05 34.4645 0.06510432  0.038291196  0.003194950   9.665759e-04      8.064939e-05         1  0.0079507866    0.001219020      2.443389e-04            3.746220e-05
17  2013-09-18 15:29:15     38 276.9 176.1 176.164 2.962963e-05 34.4665 0.06510432  0.038377925  0.003194952   9.687652e-04      8.064945e-05         1  0.0091728103    0.001211920      2.818934e-04            3.724399e-05
18  2013-09-18 15:29:30     39 278.1 176.0 176.066 2.962963e-05 34.3685 0.06510432  0.034128166  0.003194841   8.614895e-04      8.064664e-05         1  0.0103948340    0.001204911      3.194479e-04            3.702862e-05
19  2013-09-18 15:29:45     40 279.3 176.0 176.068 2.962963e-05 34.3705 0.06510432  0.034214896  0.003194843   8.636788e-04      8.064670e-05         1  0.0116168577    0.001197997      3.570024e-04            3.681612e-05
20  2013-09-18 15:30:00     41 280.4 176.0 176.070 2.962963e-05 34.3725 0.06510432  0.034301626  0.003194846   8.658681e-04      8.064675e-05         1  0.0127370461    0.001191742      3.914274e-04            3.662390e-05
21  2013-09-18 15:30:15     42 281.7 176.1 176.172 2.962963e-05 34.4745 0.06510432  0.038724845  0.003194962   9.775224e-04      8.064968e-05         1  0.0140609051    0.001184455      4.321114e-04            3.639996e-05
22  2013-09-18 15:30:30     43 282.9 176.2 176.274 2.962963e-05 34.5765 0.06510432  0.043148063  0.003195078   1.089177e-03      8.065262e-05         1  0.0152829289    0.001177831      4.696659e-04            3.619639e-05
23  2013-09-18 15:30:45     44 284.1 176.3 176.376 2.962963e-05 34.6785 0.06510432  0.047571282  0.003195194   1.200831e-03      8.065556e-05         1  0.0165049526    0.001171307      5.072204e-04            3.599591e-05
24  2013-09-18 15:31:00     45 285.4 176.2 176.278 2.962963e-05 34.5805 0.06510432  0.043321523  0.003195082   1.093555e-03      8.065273e-05         1  0.0178288116    0.001164354      5.479045e-04            3.578225e-05
25  2013-09-18 15:31:15     46 286.6 176.5 176.580 2.962963e-05 34.8825 0.06510432  0.056417719  0.003195429   1.424140e-03      8.066148e-05         1  0.0190508353    0.001158045      5.854590e-04            3.558835e-05
26  2013-09-18 15:31:30     47 287.8 176.3 176.382 2.962963e-05 34.6845 0.06510432  0.047831471  0.003195201   1.207399e-03      8.065574e-05         1  0.0202728590    0.001151841      6.230135e-04            3.539768e-05
27  2013-09-18 15:31:45     48 289.1 176.4 176.484 2.962963e-05 34.7865 0.06510432  0.052254689  0.003195318   1.319053e-03      8.065869e-05         1  0.0215967181    0.001145240      6.636975e-04            3.519485e-05
28  2013-09-18 15:32:00     49 290.3 176.4 176.486 2.962963e-05 34.7885 0.06510432  0.052341419  0.003195321   1.321242e-03      8.065875e-05         1  0.0228187418    0.001139261      7.012521e-04            3.501110e-05
29  2013-09-18 15:32:15     50 291.6 176.6 176.688 2.962963e-05 34.9905 0.06510432  0.061101126  0.003195553   1.542362e-03      8.066462e-05         1  0.0241426008    0.001132909      7.419361e-04            3.481589e-05
30  2013-09-18 15:32:30     51 292.8 176.7 176.790 2.962963e-05 35.0925 0.06510432  0.065524345  0.003195671   1.654016e-03      8.066760e-05         1  0.0253646245    0.001127163      7.794906e-04            3.463929e-05
31  2013-09-18 15:32:45     52 294.1 176.6 176.692 2.962963e-05 34.9945 0.06510432  0.061274586  0.003195558   1.546740e-03      8.066474e-05         1  0.0266884836    0.001121066      8.201747e-04            3.445195e-05
32  2013-09-18 15:33:00     53 295.4 176.6 176.694 2.962963e-05 34.9965 0.06510432  0.061361316  0.003195560   1.548930e-03      8.066480e-05         1  0.0280123426    0.001115107      8.608587e-04            3.426880e-05
33  2013-09-18 15:33:15     54 296.8 176.7 176.796 2.962963e-05 35.0985 0.06510432  0.065784534  0.003195678   1.660584e-03      8.066778e-05         1  0.0294380369    0.001108843      9.046723e-04            3.407632e-05
34  2013-09-18 15:33:30     55 298.0 176.7 176.798 2.962963e-05 35.1005 0.06510432  0.065871264  0.003195681   1.662773e-03      8.066784e-05         1  0.0306600606    0.001103605      9.422268e-04            3.391534e-05
35  2013-09-18 15:33:45     56 299.4 176.8 176.900 2.962963e-05 35.2025 0.06510432  0.070294483  0.003195799   1.774428e-03      8.067082e-05         1  0.0320857550    0.001097648      9.860404e-04            3.373225e-05
36  2013-09-18 15:34:00     57 300.6 177.1 177.202 2.962963e-05 35.5045 0.06510432  0.083390679  0.003196152   2.105012e-03      8.067972e-05         1  0.0333077787    0.001092675      1.023595e-03            3.357945e-05
37  2013-09-18 15:34:15     58 302.0 177.2 177.304 2.962963e-05 35.6065 0.06510432  0.087813897  0.003196271   2.216666e-03      8.068274e-05         1  0.0347334730    0.001087033      1.067409e-03            3.340605e-05
38  2013-09-18 15:34:30     59 303.3 177.1 177.206 2.962963e-05 35.5085 0.06510432  0.083564138  0.003196156   2.109390e-03      8.067984e-05         1  0.0360573321    0.001081949      1.108093e-03            3.324981e-05
39  2013-09-18 15:34:45     60 304.6 177.2 177.308 2.962963e-05 35.6105 0.06510432  0.087987357  0.003196276   2.221045e-03      8.068286e-05         1  0.0373811911    0.001077017      1.148777e-03            3.309823e-05
40  2013-09-18 15:35:00     61 305.8 177.3 177.410 2.962963e-05 35.7125 0.06510432  0.092410575  0.003196396   2.332699e-03      8.068589e-05         1  0.0386032148    0.001072600      1.186331e-03            3.296251e-05
41  2013-09-18 15:35:15     62 307.1 177.5 177.612 2.962963e-05 35.9145 0.06510432  0.101170282  0.003196635   2.553818e-03      8.069192e-05         1  0.0399270738    0.001067965      1.227015e-03            3.282008e-05
42  2013-09-18 15:35:30     63 308.5 177.4 177.514 2.962963e-05 35.8165 0.06510432  0.096920523  0.003196519   2.446543e-03      8.068899e-05         1  0.0413527682    0.001063151      1.270829e-03            3.267212e-05
43  2013-09-18 15:35:45     64 309.7 177.5 177.616 2.962963e-05 35.9185 0.06510432  0.101343742  0.003196640   2.558197e-03      8.069204e-05         1  0.0425747919    0.001059171      1.308383e-03            3.254983e-05
44  2013-09-18 15:36:00     65 311.0 177.4 177.518 2.962963e-05 35.8205 0.06510432  0.097093983  0.003196524   2.450921e-03      8.068911e-05         1  0.0438986509    0.001055016      1.349067e-03            3.242212e-05
45  2013-09-18 15:36:15     66 312.3 177.4 177.520 2.962963e-05 35.8225 0.06510432  0.097180713  0.003196526   2.453110e-03      8.068917e-05         1  0.0452225099    0.001051024      1.389751e-03            3.229945e-05
46  2013-09-18 15:36:30     67 313.5 177.6 177.722 2.962963e-05 36.0245 0.06510432  0.105940420  0.003196766   2.674230e-03      8.069522e-05         1  0.0464445337    0.001047486      1.427306e-03            3.219073e-05
47  2013-09-18 15:36:45     68 314.9 177.5 177.624 2.962963e-05 35.9265 0.06510432  0.101690661  0.003196649   2.566954e-03      8.069228e-05         1  0.0478702280    0.001043539      1.471119e-03            3.206942e-05
48  2013-09-18 15:37:00     69 316.3 177.5 177.626 2.962963e-05 35.9285 0.06510432  0.101777391  0.003196652   2.569143e-03      8.069234e-05         1  0.0492959223    0.001039788      1.514933e-03            3.195414e-05
49  2013-09-18 15:37:15     70 317.6 177.6 177.728 2.962963e-05 36.0305 0.06510432  0.106200609  0.003196773   2.680798e-03      8.069540e-05         1  0.0506197814    0.001036482      1.555617e-03            3.185254e-05
50  2013-09-18 15:37:30     71 318.9 177.7 177.830 2.962963e-05 36.1325 0.06510432  0.110623828  0.003196894   2.792452e-03      8.069847e-05         1  0.0519436404    0.001033348      1.596301e-03            3.175625e-05
51  2013-09-18 15:37:45     72 320.2 177.7 177.832 2.962963e-05 36.1345 0.06510432  0.110710558  0.003196897   2.794641e-03      8.069853e-05         1  0.0532674994    0.001030389      1.636985e-03            3.166531e-05
52  2013-09-18 15:38:00     73 321.5 177.8 177.934 2.962963e-05 36.2365 0.06510432  0.115133776  0.003197018   2.906296e-03      8.070160e-05         1  0.0545913584    0.001027606      1.677669e-03            3.157977e-05
53  2013-09-18 15:38:15     74 322.8 177.8 177.936 2.962963e-05 36.2385 0.06510432  0.115220506  0.003197021   2.908485e-03      8.070166e-05         1  0.0559152175    0.001024999      1.718353e-03            3.149967e-05
54  2013-09-18 15:38:30     75 324.2 177.8 177.938 2.962963e-05 36.2405 0.06510432  0.115307236  0.003197023   2.910674e-03      8.070172e-05         1  0.0573409118    0.001022392      1.762167e-03            3.141955e-05
55  2013-09-18 15:38:45     76 325.5 177.8 177.940 2.962963e-05 36.2425 0.06510432  0.115393966  0.003197026   2.912863e-03      8.070178e-05         1  0.0586647708    0.001020158      1.802851e-03            3.135088e-05
56  2013-09-18 15:39:00     77 326.9 178.1 178.242 2.962963e-05 36.5445 0.06510432  0.128490162  0.003197388   3.243448e-03      8.071094e-05         1  0.0600904652    0.001017954      1.846665e-03            3.128315e-05
57  2013-09-18 15:39:15     78 328.2 178.2 178.344 2.962963e-05 36.6465 0.06510432  0.132913380  0.003197512   3.355102e-03      8.071405e-05         1  0.0614143242    0.001016097      1.887349e-03            3.122608e-05
58  2013-09-18 15:39:30     79 329.7 178.1 178.246 2.962963e-05 36.5485 0.06510432  0.128663621  0.003197393   3.247826e-03      8.071106e-05         1  0.0629418539    0.001014181      1.934292e-03            3.116722e-05
59  2013-09-18 15:39:45     80 331.0 178.1 178.248 2.962963e-05 36.5505 0.06510432  0.128750351  0.003197396   3.250016e-03      8.071112e-05         1  0.0642657129    0.001012720      1.974976e-03            3.112230e-05
60  2013-09-18 15:40:00     81 332.4 178.2 178.350 2.962963e-05 36.6525 0.06510432  0.133173569  0.003197519   3.361670e-03      8.071423e-05         1  0.0656914072    0.001011352      2.018789e-03            3.108028e-05
61  2013-09-18 15:40:15     82 333.7 178.2 178.352 2.962963e-05 36.6545 0.06510432  0.133260299  0.003197521   3.363859e-03      8.071429e-05         1  0.0670152662    0.001010276      2.059473e-03            3.104720e-05
62  2013-09-18 15:40:30     83 335.2 178.4 178.554 2.962963e-05 36.8565 0.06510432  0.142020006  0.003197766   3.584978e-03      8.072048e-05         1  0.0685427959    0.001009265      2.106417e-03            3.101614e-05
63  2013-09-18 15:40:45     84 336.7 178.5 178.656 2.962963e-05 36.9585 0.06510432  0.146443225  0.003197890   3.696633e-03      8.072361e-05         1  0.0700703255    0.001008503      2.153360e-03            3.099272e-05
64  2013-09-18 15:41:00     85 338.1 178.3 178.458 2.962963e-05 36.7605 0.06510432  0.137856977  0.003197650   3.479892e-03      8.071754e-05         1  0.0714960199    0.001008017      2.197173e-03            3.097779e-05
65  2013-09-18 15:41:15     86 339.6 178.4 178.560 2.962963e-05 36.8625 0.06510432  0.142280196  0.003197773   3.591546e-03      8.072066e-05         1  0.0730235495    0.001007738      2.244116e-03            3.096920e-05
66  2013-09-18 15:41:30     87 341.1 178.6 178.762 2.962963e-05 37.0645 0.06510432  0.151039903  0.003198020   3.812666e-03      8.072688e-05         1  0.0745510792    0.001007709      2.291060e-03            3.096830e-05
67  2013-09-18 15:41:45     88 342.6 178.6 178.764 2.962963e-05 37.0665 0.06510432  0.151126633  0.003198022   3.814855e-03      8.072694e-05         1  0.0760786088    0.001007929      2.338003e-03            3.097508e-05
68  2013-09-18 15:42:00     89 344.0 178.8 178.966 2.962963e-05 37.2685 0.06510432  0.159886340  0.003198270   4.035974e-03      8.073320e-05         1  0.0775043032    0.001008361      2.381816e-03            3.098834e-05
69  2013-09-18 15:42:15     90 345.6 178.7 178.868 2.962963e-05 37.1705 0.06510432  0.155636581  0.003198150   3.928699e-03      8.073016e-05         1  0.0791336681    0.001009120      2.431889e-03            3.101167e-05
70  2013-09-18 15:42:30     91 347.0 178.8 178.970 2.962963e-05 37.2725 0.06510432  0.160059800  0.003198275   4.040353e-03      8.073332e-05         1  0.0805593624    0.001010016      2.475703e-03            3.103922e-05
71  2013-09-18 15:42:45     92 348.5 178.9 179.072 2.962963e-05 37.3745 0.06510432  0.164483018  0.003198401   4.152007e-03      8.073649e-05         1  0.0820868921    0.001011217      2.522646e-03            3.107612e-05
72  2013-09-18 15:43:00     93 350.3 178.8 178.974 2.962963e-05 37.2765 0.06510432  0.160233259  0.003198280   4.044731e-03      8.073345e-05         1  0.0839199277    0.001012984      2.578977e-03            3.113043e-05
73  2013-09-18 15:43:15     94 351.9 178.9 179.076 2.962963e-05 37.3785 0.06510432  0.164656478  0.003198405   4.156386e-03      8.073662e-05         1  0.0855492926    0.001014853      2.629050e-03            3.118785e-05
74  2013-09-18 15:43:30     95 353.4 179.0 179.178 2.962963e-05 37.4805 0.06510432  0.169079696  0.003198531   4.268040e-03      8.073980e-05         1  0.0870768223    0.001016857      2.675993e-03            3.124945e-05
75  2013-09-18 15:43:45     96 355.1 179.1 179.280 2.962963e-05 37.5825 0.06510432  0.173502915  0.003198658   4.379694e-03      8.074298e-05         1  0.0888080225    0.001019423      2.729196e-03            3.132831e-05
76  2013-09-18 15:44:00     97 356.6 179.1 179.282 2.962963e-05 37.5845 0.06510432  0.173589644  0.003198660   4.381884e-03      8.074305e-05         1  0.0903355522    0.001021945      2.776139e-03            3.140581e-05
77  2013-09-18 15:44:15     98 358.2 179.0 179.184 2.962963e-05 37.4865 0.06510432  0.169339886  0.003198539   4.274608e-03      8.073998e-05         1  0.0919649171    0.001024899      2.826211e-03            3.149659e-05
78  2013-09-18 15:44:30     99 360.0 179.2 179.386 2.962963e-05 37.6885 0.06510432  0.178099593  0.003198789   4.495727e-03      8.074631e-05         1  0.0937979527    0.001028545      2.882543e-03            3.160864e-05
79  2013-09-18 15:44:45    100 361.8 179.3 179.488 2.962963e-05 37.7905 0.06510432  0.182522811  0.003198916   4.607381e-03      8.074951e-05         1  0.0956309883    0.001032530      2.938875e-03            3.173110e-05
80  2013-09-18 15:45:00    101 363.5 179.4 179.590 2.962963e-05 37.8925 0.06510432  0.186946030  0.003199044   4.719036e-03      8.075273e-05         1  0.0973621886    0.001036601      2.992077e-03            3.185620e-05
81  2013-09-18 15:45:15    102 365.2 179.4 179.592 2.962963e-05 37.8945 0.06510432  0.187032760  0.003199046   4.721225e-03      8.075279e-05         1  0.0990933888    0.001040967      3.045279e-03            3.199037e-05
82  2013-09-18 15:45:30    103 367.0 179.5 179.694 2.962963e-05 37.9965 0.06510432  0.191455978  0.003199174   4.832879e-03      8.075601e-05         1  0.1009264244    0.001045907      3.101611e-03            3.214219e-05
83  2013-09-18 15:45:45    104 368.9 179.6 179.796 2.962963e-05 38.0985 0.06510432  0.195879197  0.003199302   4.944534e-03      8.075924e-05         1  0.1028612953    0.001051470      3.161072e-03            3.231317e-05
84  2013-09-18 15:46:00    105 370.5 179.6 179.798 2.962963e-05 38.1005 0.06510432  0.195965926  0.003199304   4.946723e-03      8.075931e-05         1  0.1044906602    0.001056430      3.211145e-03            3.246557e-05
85  2013-09-18 15:46:15    106 372.3 179.7 179.900 2.962963e-05 38.2025 0.06510432  0.200389145  0.003199433   5.058377e-03      8.076255e-05         1  0.1063236958    0.001062304      3.267477e-03            3.264610e-05
86  2013-09-18 15:46:30    107 374.0 179.7 179.902 2.962963e-05 38.2045 0.06510432  0.200475875  0.003199435   5.060567e-03      8.076261e-05         1  0.1080548961    0.001068134      3.320679e-03            3.282526e-05
87  2013-09-18 15:46:45    108 375.9 179.7 179.904 2.962963e-05 38.2065 0.06510432  0.200562604  0.003199438   5.062756e-03      8.076267e-05         1  0.1099897670    0.001074969      3.380140e-03            3.303531e-05
88  2013-09-18 15:47:00    109 377.9 179.7 179.906 2.962963e-05 38.2085 0.06510432  0.200649334  0.003199440   5.064945e-03      8.076274e-05         1  0.1120264732    0.001082520      3.442731e-03            3.326737e-05
89  2013-09-18 15:47:15    110 380.0 179.8 180.008 2.962963e-05 38.3105 0.06510432  0.205072553  0.003199569   5.176599e-03      8.076599e-05         1  0.1141650147    0.001090835      3.508452e-03            3.352289e-05
90  2013-09-18 15:47:30    111 382.0 179.9 180.110 2.962963e-05 38.4125 0.06510432  0.209495771  0.003199698   5.288254e-03      8.076924e-05         1  0.1162017209    0.001099113      3.571042e-03            3.377729e-05
91  2013-09-18 15:47:45    112 384.1 179.9 180.112 2.962963e-05 38.4145 0.06510432  0.209582501  0.003199701   5.290443e-03      8.076931e-05         1  0.1183402624    0.001108174      3.636763e-03            3.405573e-05
92  2013-09-18 15:48:00    113 386.2 180.0 180.214 2.962963e-05 38.5165 0.06510432  0.214005720  0.003199830   5.402097e-03      8.077257e-05         1  0.1204788039    0.001117602      3.702483e-03            3.434550e-05
93  2013-09-18 15:48:15    114 388.3 180.0 180.216 2.962963e-05 38.5185 0.06510432  0.214092449  0.003199832   5.404287e-03      8.077264e-05         1  0.1226173454    0.001127391      3.768204e-03            3.464630e-05
94  2013-09-18 15:48:30    115 390.4 180.1 180.318 2.962963e-05 38.6205 0.06510432  0.218515668  0.003199962   5.515941e-03      8.077591e-05         1  0.1247558869    0.001137529      3.833924e-03            3.495786e-05
95  2013-09-18 15:48:45    116 392.7 180.0 180.220 2.962963e-05 38.5225 0.06510432  0.214265909  0.003199838   5.408665e-03      8.077277e-05         1  0.1270980990    0.001149023      3.905903e-03            3.531109e-05
96  2013-09-18 15:49:00    117 395.0 180.1 180.322 2.962963e-05 38.6245 0.06510432  0.218689127  0.003199967   5.520320e-03      8.077604e-05         1  0.1294403112    0.001160914      3.977883e-03            3.567651e-05
97  2013-09-18 15:49:15    118 397.5 180.2 180.424 2.962963e-05 38.7265 0.06510432  0.223112346  0.003200097   5.631974e-03      8.077932e-05         1  0.1319861939    0.001174274      4.056122e-03            3.608709e-05
98  2013-09-18 15:49:30    119 399.7 180.4 180.626 2.962963e-05 38.9285 0.06510432  0.231872053  0.003200356   5.853093e-03      8.078585e-05         1  0.1342265707    0.001186394      4.124971e-03            3.645957e-05
99  2013-09-18 15:49:45    120 401.8 180.3 180.528 2.962963e-05 38.8305 0.06510432  0.227622294  0.003200230   5.745817e-03      8.078268e-05         1  0.1363651122    0.001198272      4.190692e-03            3.682458e-05
100 2013-09-18 15:50:00    121 403.9 180.4 180.630 2.962963e-05 38.9325 0.06510432  0.232045513  0.003200361   5.857472e-03      8.078598e-05         1  0.1385036537    0.001210441      4.256412e-03            3.719854e-05
101 2013-09-18 15:50:15    122 406.2 180.6 180.832 2.962963e-05 39.1345 0.06510432  0.240805220  0.003200621   6.078591e-03      8.079255e-05         1  0.1408458658    0.001224092      4.328392e-03            3.761808e-05
102 2013-09-18 15:50:30    123 408.7 180.5 180.734 2.962963e-05 39.0365 0.06510432  0.236555461  0.003200495   5.971315e-03      8.078936e-05         1  0.1433917486    0.001239303      4.406630e-03            3.808552e-05
103 2013-09-18 15:50:45    124 410.9 180.6 180.836 2.962963e-05 39.1385 0.06510432  0.240978680  0.003200626   6.082970e-03      8.079268e-05         1  0.1456321254    0.001252997      4.475480e-03            3.850637e-05
104 2013-09-18 15:51:00    125 413.0 180.7 180.938 2.962963e-05 39.2405 0.06510432  0.245401898  0.003200758   6.194624e-03      8.079600e-05         1  0.1477706669    0.001266331      4.541201e-03            3.891612e-05
105 2013-09-18 15:51:15    126 415.0 180.7 180.940 2.962963e-05 39.2425 0.06510432  0.245488628  0.003200761   6.196813e-03      8.079607e-05         1  0.1498073731    0.001279259      4.603791e-03            3.931342e-05
106 2013-09-18 15:51:30    127 416.9 180.8 181.042 2.962963e-05 39.3445 0.06510432  0.249911846  0.003200893   6.308467e-03      8.079940e-05         1  0.1517422440    0.001291742      4.663253e-03            3.969704e-05
107 2013-09-18 15:51:45    128 418.6 180.6 180.844 2.962963e-05 39.1465 0.06510432  0.241325599  0.003200637   6.091727e-03      8.079294e-05         1  0.1534734443    0.001303072      4.716455e-03            4.004524e-05
108 2013-09-18 15:52:00    129 420.1 180.9 181.146 2.962963e-05 39.4485 0.06510432  0.254421795  0.003201028   6.422311e-03      8.080281e-05         1  0.1550009739    0.001313193      4.763398e-03            4.035627e-05
109 2013-09-18 15:52:15    130 421.6 180.8 181.048 2.962963e-05 39.3505 0.06510432  0.250172036  0.003200901   6.315035e-03      8.079960e-05         1  0.1565285036    0.001323427      4.810341e-03            4.067078e-05
110 2013-09-18 15:52:30    131 423.1 180.9 181.150 2.962963e-05 39.4525 0.06510432  0.254595254  0.003201033   6.426690e-03      8.080294e-05         1  0.1580560332    0.001333771      4.857284e-03            4.098868e-05
111 2013-09-18 15:52:45    132 424.7 180.7 180.952 2.962963e-05 39.2545 0.06510432  0.246009007  0.003200776   6.209949e-03      8.079646e-05         1  0.1596853982    0.001344924      4.907357e-03            4.133142e-05
112 2013-09-18 15:53:00    133 426.3 181.0 181.254 2.962963e-05 39.5565 0.06510432  0.259105203  0.003201168   6.540533e-03      8.080636e-05         1  0.1613147631    0.001356197      4.957430e-03            4.167783e-05
113 2013-09-18 15:53:15    134 428.1 181.1 181.356 2.962963e-05 39.6585 0.06510432  0.263528421  0.003201302   6.652188e-03      8.080972e-05         1  0.1631477987    0.001369018      5.013761e-03            4.207184e-05
114 2013-09-18 15:53:30    135 429.4 181.0 181.258 2.962963e-05 39.5605 0.06510432  0.259278662  0.003201174   6.544912e-03      8.080649e-05         1  0.1644716577    0.001378367      5.054446e-03            4.235915e-05
115 2013-09-18 15:53:45    136 430.9 181.0 181.260 2.962963e-05 39.5625 0.06510432  0.259365392  0.003201176   6.547101e-03      8.080656e-05         1  0.1659991874    0.001389245      5.101389e-03            4.269346e-05
116 2013-09-18 15:54:00    137 432.3 181.2 181.462 2.962963e-05 39.7645 0.06510432  0.268125099  0.003201440   6.768220e-03      8.081323e-05         1  0.1674248817    0.001399484      5.145202e-03            4.300812e-05
117 2013-09-18 15:54:15    138 433.9 181.2 181.464 2.962963e-05 39.7665 0.06510432  0.268211829  0.003201443   6.770410e-03      8.081329e-05         1  0.1690542467    0.001411286      5.195275e-03            4.337080e-05
118 2013-09-18 15:54:30    139 435.1 181.3 181.566 2.962963e-05 39.8685 0.06510432  0.272635047  0.003201577   6.882064e-03      8.081667e-05         1  0.1702762704    0.001420205      5.232829e-03            4.364491e-05
119 2013-09-18 15:54:45    140 436.4 181.3 181.568 2.962963e-05 39.8705 0.06510432  0.272721777  0.003201580   6.884253e-03      8.081674e-05         1  0.1716001294    0.001429932      5.273514e-03            4.394383e-05
120 2013-09-18 15:55:00    141 437.8 181.4 181.670 2.962963e-05 39.9725 0.06510432  0.277144996  0.003201714   6.995908e-03      8.082013e-05         1  0.1730258237    0.001440481      5.317327e-03            4.426801e-05
121 2013-09-18 15:55:15    142 439.2 181.5 181.772 2.962963e-05 40.0745 0.06510432  0.281568214  0.003201848   7.107562e-03      8.082352e-05         1  0.1744515181    0.001451104      5.361141e-03            4.459448e-05
122 2013-09-18 15:55:30    143 440.7 181.5 181.774 2.962963e-05 40.0765 0.06510432  0.281654944  0.003201851   7.109751e-03      8.082359e-05         1  0.1759790477    0.001462567      5.408084e-03            4.494675e-05
123 2013-09-18 15:55:45    144 442.2 181.5 181.776 2.962963e-05 40.0785 0.06510432  0.281741674  0.003201854   7.111940e-03      8.082366e-05         1  0.1775065774    0.001474112      5.455027e-03            4.530154e-05
124 2013-09-18 15:56:00    145 443.7 181.5 181.778 2.962963e-05 40.0805 0.06510432  0.281828404  0.003201856   7.114130e-03      8.082372e-05         1  0.1790341070    0.001485737      5.501970e-03            4.565878e-05
125 2013-09-18 15:56:15    146 445.0 181.5 181.780 2.962963e-05 40.0825 0.06510432  0.281915133  0.003201859   7.116319e-03      8.082379e-05         1  0.1803579661    0.001495875      5.542654e-03            4.597033e-05
126 2013-09-18 15:56:30    147 446.9 181.6 181.882 2.962963e-05 40.1845 0.06510432  0.286338352  0.003201994   7.227973e-03      8.082719e-05         1  0.1822928369    0.001510794      5.602115e-03            4.642884e-05
127 2013-09-18 15:56:45    148 448.6 181.6 181.884 2.962963e-05 40.1865 0.06510432  0.286425082  0.003201996   7.230163e-03      8.082726e-05         1  0.1840240372    0.001524245      5.655318e-03            4.684218e-05
128 2013-09-18 15:57:00    149 450.2 181.7 181.986 2.962963e-05 40.2885 0.06510432  0.290848300  0.003202132   7.341817e-03      8.083068e-05         1  0.1856534022    0.001536989      5.705390e-03            4.723382e-05
129 2013-09-18 15:57:15    150 451.5 181.9 182.188 2.962963e-05 40.4905 0.06510432  0.299608007  0.003202401   7.562936e-03      8.083746e-05         1  0.1869772612    0.001547402      5.746074e-03            4.755385e-05
130 2013-09-18 15:57:30    151 452.9 181.8 182.090 2.962963e-05 40.3925 0.06510432  0.295358248  0.003202270   7.455661e-03      8.083417e-05         1  0.1884029555    0.001558675      5.789888e-03            4.790027e-05
131 2013-09-18 15:57:45    152 454.2 181.9 182.192 2.962963e-05 40.4945 0.06510432  0.299781467  0.003202406   7.567315e-03      8.083760e-05         1  0.1897268146    0.001569195      5.830572e-03            4.822357e-05
132 2013-09-18 15:58:00    153 456.0 181.9 182.194 2.962963e-05 40.4965 0.06510432  0.299868197  0.003202409   7.569504e-03      8.083766e-05         1  0.1915598501    0.001583843      5.886904e-03            4.867373e-05
133 2013-09-18 15:58:15    154 457.3 181.9 182.196 2.962963e-05 40.4985 0.06510432  0.299954927  0.003202411   7.571693e-03      8.083773e-05         1  0.1928837092    0.001594480      5.927588e-03            4.900062e-05
134 2013-09-18 15:58:30    155 458.9 182.0 182.298 2.962963e-05 40.6005 0.06510432  0.304378145  0.003202547   7.683348e-03      8.084117e-05         1  0.1945130741    0.001607637      5.977661e-03            4.940495e-05
135 2013-09-18 15:58:45    156 460.6 182.0 182.300 2.962963e-05 40.6025 0.06510432  0.304464875  0.003202550   7.685537e-03      8.084124e-05         1  0.1962442744    0.001621693      6.030863e-03            4.983690e-05
136 2013-09-18 15:59:00    157 462.2 182.1 182.402 2.962963e-05 40.7045 0.06510432  0.308888093  0.003202687   7.797191e-03      8.084469e-05         1  0.1978736393    0.001634992      6.080935e-03            5.024561e-05
137 2013-09-18 15:59:15    158 463.6 182.2 182.504 2.962963e-05 40.8065 0.06510432  0.313311312  0.003202824   7.908846e-03      8.084815e-05         1  0.1992993337    0.001646684      6.124749e-03            5.060492e-05
138 2013-09-18 15:59:30    159 465.1 182.3 182.606 2.962963e-05 40.9085 0.06510432  0.317734530  0.003202961   8.020500e-03      8.085161e-05         1  0.2008268633    0.001659266      6.171692e-03            5.099158e-05
139 2013-09-18 15:59:45    160 466.9 182.4 182.708 2.962963e-05 41.0105 0.06510432  0.322157749  0.003203099   8.132154e-03      8.085509e-05         1  0.2026598989    0.001674439      6.228024e-03            5.145786e-05
140 2013-09-18 16:00:00    161 468.6 182.4 182.710 2.962963e-05 41.0125 0.06510432  0.322244479  0.003203101   8.134344e-03      8.085515e-05         1  0.2043910992    0.001688840      6.281226e-03            5.190044e-05
141 2013-09-18 16:00:15    162 470.3 182.4 182.712 2.962963e-05 41.0145 0.06510432  0.322331208  0.003203104   8.136533e-03      8.085522e-05         1  0.2061222994    0.001703310      6.334428e-03            5.234512e-05
142 2013-09-18 16:00:30    163 472.1 182.5 182.814 2.962963e-05 41.1165 0.06510432  0.326754427  0.003203242   8.248187e-03      8.085871e-05         1  0.2079553350    0.001718704      6.390760e-03            5.281818e-05
143 2013-09-18 16:00:45    164 473.6 182.5 182.816 2.962963e-05 41.1185 0.06510432  0.326841157  0.003203245   8.250376e-03      8.085877e-05         1  0.2094828647    0.001731587      6.437703e-03            5.321410e-05
144 2013-09-18 16:01:00    165 475.1 182.5 182.818 2.962963e-05 41.1205 0.06510432  0.326927887  0.003203247   8.252566e-03      8.085884e-05         1  0.2110103943    0.001744520      6.484646e-03            5.361154e-05
145 2013-09-18 16:01:15    166 476.5 182.6 182.920 2.962963e-05 41.2225 0.06510432  0.331351105  0.003203386   8.364220e-03      8.086233e-05         1  0.2124360886    0.001756634      6.528460e-03            5.398382e-05
146 2013-09-18 16:01:30    167 477.8 182.6 182.922 2.962963e-05 41.2245 0.06510432  0.331437835  0.003203389   8.366409e-03      8.086240e-05         1  0.2137599477    0.001767919      6.569144e-03            5.433064e-05
147 2013-09-18 16:01:45    168 479.4 182.7 183.024 2.962963e-05 41.3265 0.06510432  0.335861053  0.003203527   8.478064e-03      8.086590e-05         1  0.2153893126    0.001781857      6.619217e-03            5.475896e-05
148 2013-09-18 16:02:00    169 480.9 182.8 183.126 2.962963e-05 41.4285 0.06510432  0.340284272  0.003203666   8.589718e-03      8.086941e-05         1  0.2169168423    0.001794970      6.666160e-03            5.516195e-05
149 2013-09-18 16:02:15    170 482.5 182.7 183.028 2.962963e-05 41.3305 0.06510432  0.336034513  0.003203533   8.482442e-03      8.086604e-05         1  0.2185462072    0.001809006      6.716233e-03            5.559330e-05
150 2013-09-18 16:02:30    171 483.8 183.0 183.330 2.962963e-05 41.6325 0.06510432  0.349130709  0.003203945   8.813026e-03      8.087646e-05         1  0.2198700663    0.001820447      6.756917e-03            5.594489e-05
151 2013-09-18 16:02:45    172 485.5 183.0 183.332 2.962963e-05 41.6345 0.06510432  0.349217439  0.003203948   8.815216e-03      8.087653e-05         1  0.2216012665    0.001835456      6.810119e-03            5.640613e-05
152 2013-09-18 16:03:00    173 486.8 183.1 183.434 2.962963e-05 41.7365 0.06510432  0.353640657  0.003204088   8.926870e-03      8.088006e-05         1  0.2229251255    0.001846969      6.850803e-03            5.675995e-05
153 2013-09-18 16:03:15    174 488.1 183.1 183.436 2.962963e-05 41.7385 0.06510432  0.353727387  0.003204091   8.929059e-03      8.088013e-05         1  0.2242489846    0.001858513      6.891487e-03            5.711471e-05
154 2013-09-18 16:03:30    175 489.9 183.1 183.438 2.962963e-05 41.7405 0.06510432  0.353814117  0.003204094   8.931249e-03      8.088020e-05         1  0.2260820202    0.001874546      6.947819e-03            5.760742e-05
155 2013-09-18 16:03:45    176 491.6 183.1 183.440 2.962963e-05 41.7425 0.06510432  0.353900847  0.003204096   8.933438e-03      8.088027e-05         1  0.2278132204    0.001889739      7.001021e-03            5.807434e-05
156 2013-09-18 16:04:00    177 493.0 183.2 183.542 2.962963e-05 41.8445 0.06510432  0.358324065  0.003204237   9.045092e-03      8.088381e-05         1  0.2292389148    0.001902288      7.044835e-03            5.845999e-05
157 2013-09-18 16:04:15    178 494.6 183.4 183.744 2.962963e-05 42.0465 0.06510432  0.367083772  0.003204516   9.266212e-03      8.089086e-05         1  0.2308682797    0.001916670      7.094907e-03            5.890195e-05
158 2013-09-18 16:04:30    179 495.8 183.5 183.846 2.962963e-05 42.1485 0.06510432  0.371506991  0.003204657   9.377866e-03      8.089443e-05         1  0.2320903034    0.001927483      7.132462e-03            5.923426e-05
159 2013-09-18 16:04:45    180 497.0 183.5 183.848 2.962963e-05 42.1505 0.06510432  0.371593721  0.003204660   9.380055e-03      8.089450e-05         1  0.2333123271    0.001938319      7.170016e-03            5.956727e-05
160 2013-09-18 16:05:00    181 498.5 183.6 183.950 2.962963e-05 42.2525 0.06510432  0.376016939  0.003204802   9.491709e-03      8.089807e-05         1  0.2348398568    0.001951895      7.216959e-03            5.998449e-05
161 2013-09-18 16:05:15    182 499.9 183.6 183.952 2.962963e-05 42.2545 0.06510432  0.376103669  0.003204804   9.493899e-03      8.089814e-05         1  0.2362655511    0.001964598      7.260773e-03            6.037486e-05
162 2013-09-18 16:05:30    183 501.2 183.7 184.054 2.962963e-05 42.3565 0.06510432  0.380526887  0.003204947   9.605553e-03      8.090173e-05         1  0.2375894102    0.001976420      7.301457e-03            6.073816e-05
163 2013-09-18 16:05:45    184 502.5 183.7 184.056 2.962963e-05 42.3585 0.06510432  0.380613617  0.003204949   9.607742e-03      8.090180e-05         1  0.2389132692    0.001988266      7.342141e-03            6.110222e-05
164 2013-09-18 16:06:00    185 503.8 183.8 184.158 2.962963e-05 42.4605 0.06510432  0.385036836  0.003205092   9.719397e-03      8.090540e-05         1  0.2402371282    0.002000137      7.382825e-03            6.146703e-05
165 2013-09-18 16:06:15    186 505.1 183.9 184.260 2.962963e-05 42.5625 0.06510432  0.389460054  0.003205234   9.831051e-03      8.090900e-05         1  0.2415609872    0.002012032      7.423509e-03            6.183258e-05
166 2013-09-18 16:06:30    187 506.4 183.9 184.262 2.962963e-05 42.5645 0.06510432  0.389546784  0.003205237   9.833240e-03      8.090907e-05         1  0.2428848463    0.002023951      7.464193e-03            6.219885e-05
167 2013-09-18 16:06:45    188 507.9 184.1 184.464 2.962963e-05 42.7665 0.06510432  0.398306491  0.003205521   1.005436e-02      8.091623e-05         1  0.2444123759    0.002037732      7.511136e-03            6.262236e-05
168 2013-09-18 16:07:00    189 509.3 184.0 184.366 2.962963e-05 42.6685 0.06510432  0.394056732  0.003205383   9.947084e-03      8.091275e-05         1  0.2458380703    0.002050621      7.554950e-03            6.301847e-05
169 2013-09-18 16:07:15    190 510.6 184.0 184.368 2.962963e-05 42.6705 0.06510432  0.394143462  0.003205386   9.949273e-03      8.091282e-05         1  0.2471619293    0.002062613      7.595634e-03            6.338700e-05
170 2013-09-18 16:07:30    191 512.1 184.2 184.570 2.962963e-05 42.8725 0.06510432  0.402903169  0.003205670   1.017039e-02      8.092000e-05         1  0.2486894589    0.002076477      7.642577e-03            6.381306e-05
171 2013-09-18 16:07:45    192 513.5 184.2 184.572 2.962963e-05 42.8745 0.06510432  0.402989899  0.003205673   1.017258e-02      8.092007e-05         1  0.2501151533    0.002089443      7.686391e-03            6.421151e-05
172 2013-09-18 16:08:00    193 514.8 184.0 184.374 2.962963e-05 42.6765 0.06510432  0.394403651  0.003205394   9.955841e-03      8.091304e-05         1  0.2514390123    0.002101504      7.727075e-03            6.458218e-05
173 2013-09-18 16:08:15    194 516.2 184.1 184.476 2.962963e-05 42.7785 0.06510432  0.398826870  0.003205538   1.006750e-02      8.091666e-05         1  0.2528647066    0.002114516      7.770888e-03            6.498206e-05
174 2013-09-18 16:08:30    195 517.9 184.2 184.578 2.962963e-05 42.8805 0.06510432  0.403250088  0.003205682   1.017915e-02      8.092029e-05         1  0.2545959069    0.002130349      7.824091e-03            6.546861e-05
175 2013-09-18 16:08:45    196 519.3 184.3 184.680 2.962963e-05 42.9825 0.06510432  0.407673307  0.003205826   1.029080e-02      8.092393e-05         1  0.2560216012    0.002143413      7.867904e-03            6.587009e-05
176 2013-09-18 16:09:00    197 520.8 184.3 184.682 2.962963e-05 42.9845 0.06510432  0.407760037  0.003205829   1.029299e-02      8.092400e-05         1  0.2575491309    0.002157435      7.914847e-03            6.630101e-05
177 2013-09-18 16:09:15    198 522.4 184.3 184.684 2.962963e-05 42.9865 0.06510432  0.407846767  0.003205832   1.029518e-02      8.092407e-05         1  0.2591784958    0.002172420      7.964920e-03            6.676152e-05
178 2013-09-18 16:09:30    199 523.9 184.4 184.786 2.962963e-05 43.0885 0.06510432  0.412269985  0.003205976   1.040684e-02      8.092772e-05         1  0.2607060255    0.002186494      8.011863e-03            6.719404e-05
179 2013-09-18 16:09:45    200 525.5 184.5 184.888 2.962963e-05 43.1905 0.06510432  0.416693204  0.003206121   1.051849e-02      8.093137e-05         1  0.2623353904    0.002201534      8.061936e-03            6.765623e-05
180 2013-09-18 16:10:00    201 527.1 184.6 184.990 2.962963e-05 43.2925 0.06510432  0.421116422  0.003206266   1.063015e-02      8.093504e-05         1  0.2639647554    0.002216601      8.112008e-03            6.811926e-05
181 2013-09-18 16:10:15    202 528.8 184.6 184.992 2.962963e-05 43.2945 0.06510432  0.421203152  0.003206269   1.063233e-02      8.093511e-05         1  0.2656959557    0.002232638      8.165211e-03            6.861212e-05
182 2013-09-18 16:10:30    203 530.7 184.6 184.994 2.962963e-05 43.2965 0.06510432  0.421289882  0.003206272   1.063452e-02      8.093518e-05         1  0.2676308266    0.002250598      8.224672e-03            6.916404e-05
183 2013-09-18 16:10:45    204 532.5 184.9 185.296 2.962963e-05 43.5985 0.06510432  0.434386078  0.003206704   1.096511e-02      8.094608e-05         1  0.2694638621    0.002267645      8.281004e-03            6.968793e-05
184 2013-09-18 16:11:00    205 533.9 184.8 185.198 2.962963e-05 43.5005 0.06510432  0.430136319  0.003206563   1.085783e-02      8.094254e-05         1  0.2708895565    0.002280926      8.324817e-03            7.009608e-05
185 2013-09-18 16:11:15    206 535.2 184.7 185.100 2.962963e-05 43.4025 0.06510432  0.425886560  0.003206423   1.075056e-02      8.093900e-05         1  0.2722134155    0.002293276      8.365501e-03            7.047559e-05
186 2013-09-18 16:11:30    207 536.7 185.1 185.502 2.962963e-05 43.8045 0.06510432  0.443319244  0.003207000   1.119061e-02      8.095356e-05         1  0.2737409451    0.002307544      8.412445e-03            7.091409e-05
187 2013-09-18 16:11:45    208 538.0 185.1 185.504 2.962963e-05 43.8065 0.06510432  0.443405974  0.003207003   1.119280e-02      8.095363e-05         1  0.2750648042    0.002319928      8.453129e-03            7.129464e-05
188 2013-09-18 16:12:00    209 539.3 184.8 185.206 2.962963e-05 43.5085 0.06510432  0.430483238  0.003206575   1.086659e-02      8.094283e-05         1  0.2763886632    0.002332326      8.493813e-03            7.167567e-05

$dryleafvolt
            timestamp record LWSmV  SEmV   CSEmV     CSEmV.sd  loadmV  loadmV.sd
1 2013-09-18 15:24:30     19 264.5 175.2 175.226 2.962963e-05 33.5285 0.06510432
2 2013-09-18 15:24:45     20 264.5 175.3 175.328 2.962963e-05 33.6305 0.06510432
3 2013-09-18 15:25:00     21 264.5 175.2 175.230 2.962963e-05 33.5325 0.06510432
4 2013-09-18 15:25:15     22 264.5 175.3 175.332 2.962963e-05 33.6345 0.06510432

$runtime
Time difference of 46.75 mins

$startcalibvolt
            timestamp record LWSmV  SEmV   CSEmV     CSEmV.sd   loadmV  loadmV.sd
1 2013-09-18 15:21:45      8 264.7 264.4 264.404 2.962963e-05 122.7065 0.06510432
2 2013-09-18 15:22:00      9 264.5 264.6 264.606 2.962963e-05 122.9085 0.06510432
3 2013-09-18 15:22:15     10 264.4 264.6 264.608 2.962963e-05 122.9105 0.06510432
4 2013-09-18 15:22:30     11 264.4 264.7 264.710 2.962963e-05 123.0125 0.06510432
5 2013-09-18 15:22:45     12 264.4 264.7 264.712 2.962963e-05 123.0145 0.06510432

$endcalibvolt
            timestamp record LWSmV  SEmV
1 2013-09-18 16:15:30    223 265.1 264.1
2 2013-09-18 16:15:45    224 265.1 263.9
3 2013-09-18 16:16:00    225 265.1 263.7

$lastLWSvolt
[1] 539.6

$maxLWSvolt
[1] 540.3

$species
[1] "redwood"

$trial
[1] "7"

$replicate
[1] "1"

$isvertical
[1] FALSE

$conversionfactor
         avg        stdev
1 0.04336489 1.027245e-05

$LWSwatermass
        avg       stdev
1 0.2881308 0.002157366

$dryleafmass
       avg      stdev
1 1.456258 0.00145316

$lwsmodel

Call:
lm(formula = LWSsurfacedensity ~ record, data = rd[rd$runfilter == 
    1, ])

Coefficients:
(Intercept)       record  
 -1.866e-03    5.007e-05  


$leafmodel

Call:
lm(formula = surfacedensity ~ record, data = rd[rd$runfilter == 
    1, ])

Coefficients:
(Intercept)       record  
 -1.439e-03    5.975e-05  


