$name
[1] "redwood3"

$leafarea
[1] 45.87088

$startbasevolt
            timestamp record LWSmV  SEmV CSEmV CSEmV.sd      loadmV  loadmV.sd
1 2013-08-03 15:28:15      2 265.1 152.4 152.4        0  0.07599295 0.04861165
2 2013-08-03 15:28:30      3 265.1 152.3 152.3        0 -0.02400705 0.04861165
3 2013-08-03 15:28:45      4 265.1 152.3 152.3        0 -0.02400705 0.04861165
4 2013-08-03 15:29:00      5 265.1 152.3 152.3        0 -0.02400705 0.04861165

$endbasevolt
            timestamp record LWSmV  SEmV    CSEmV     CSEmV.sd      loadmV  loadmV.sd
1 2013-08-03 16:24:00    225 265.1 152.1 152.3549 2.283296e-05  0.03085095 0.04861165
2 2013-08-03 16:24:15    226 265.1 152.0 152.2560 2.283296e-05 -0.06799060 0.04861165
3 2013-08-03 16:24:30    227 265.1 152.1 152.3572 2.283296e-05  0.03316784 0.04861165

$dryragvolt
            timestamp record LWSmV  SEmV    CSEmV     CSEmV.sd   loadmV  loadmV.sd
1 2013-08-03 16:19:30    207 312.6 280.5 280.7340 2.283296e-05 128.4100 0.04861165
2 2013-08-03 16:19:45    208 312.0 280.3 280.5352 2.283296e-05 128.2112 0.04861165
3 2013-08-03 16:20:00    209 311.8 280.2 280.4363 2.283296e-05 128.1123 0.04861165
4 2013-08-03 16:20:15    210 311.3 280.2 280.4375 2.283296e-05 128.1135 0.04861165
5 2013-08-03 16:20:30    211 311.2 280.1 280.3386 2.283296e-05 128.0146 0.04861165

$wetragvolt
            timestamp record LWSmV  SEmV    CSEmV     CSEmV.sd   loadmV  loadmV.sd
1 2013-08-03 16:21:15    214 265.7 280.7 280.9421 2.283296e-05 128.6181 0.04861165
2 2013-08-03 16:21:30    215 265.1 280.7 280.9433 2.283296e-05 128.6193 0.04861165
3 2013-08-03 16:21:45    216 265.1 280.7 280.9444 2.283296e-05 128.6204 0.04861165
4 2013-08-03 16:22:00    217 265.1 280.5 280.7456 2.283296e-05 128.4216 0.04861165

$rundata
              timestamp record LWSmV  SEmV    CSEmV     CSEmV.sd   loadmV  loadmV.sd     watermass watermass.sd surfacedensity surfacedensity.sd runfilter      LWSwater LWSwater.stdev LWSsurfacedensity LWSsurfacedensity.stdev
1   2013-08-03 15:34:00     25 265.1 195.3 195.3232 2.283296e-05 42.99916 0.04861165  0.0034267489  0.002265368   7.470423e-05      4.938576e-05         0 -2.843756e-03    0.001285489     -8.739263e-05            3.950488e-05
2   2013-08-03 15:34:15     26 265.6 195.2 195.2243 2.283296e-05 42.90032 0.04861165 -0.0008629138  0.002265184  -1.881180e-05      4.938174e-05         0 -2.334580e-03    0.001282210     -7.174492e-05            3.940413e-05
3   2013-08-03 15:34:30     27 265.7 195.2 195.2255 2.283296e-05 42.90148 0.04861165 -0.0008126380  0.002265186  -1.771577e-05      4.938178e-05         0 -2.232744e-03    0.001281556     -6.861538e-05            3.938403e-05
4   2013-08-03 15:34:45     28 265.7 195.3 195.3266 2.283296e-05 43.00264 0.04861165  0.0035775763  0.002265375   7.799231e-05      4.938590e-05         0 -2.232744e-03    0.001281556     -6.861538e-05            3.938403e-05
5   2013-08-03 15:35:00     29 265.7 195.2 195.2278 2.283296e-05 42.90380 0.04861165 -0.0007120863  0.002265190  -1.552371e-05      4.938188e-05         0 -2.232744e-03    0.001281556     -6.861538e-05            3.938403e-05
6   2013-08-03 15:35:15     30 266.2 195.2 195.2290 2.283296e-05 42.90495 0.04861165 -0.0006618105  0.002265193  -1.442768e-05      4.938193e-05         0 -1.723568e-03    0.001278294     -5.296767e-05            3.928377e-05
7   2013-08-03 15:35:30     31 266.4 195.2 195.2301 2.283296e-05 42.90611 0.04861165 -0.0006115347  0.002265195  -1.333165e-05      4.938197e-05         0 -1.519897e-03    0.001276993     -4.670858e-05            3.924379e-05
8   2013-08-03 15:35:45     32 266.4 195.2 195.2313 2.283296e-05 42.90727 0.04861165 -0.0005612589  0.002265197  -1.223562e-05      4.938202e-05         0 -1.519897e-03    0.001276993     -4.670858e-05            3.924379e-05
9   2013-08-03 15:36:00     33 266.4 195.1 195.1324 2.283296e-05 42.80843 0.04861165 -0.0048509215  0.002265013  -1.057516e-04      4.937801e-05         0 -1.519897e-03    0.001276993     -4.670858e-05            3.924379e-05
10  2013-08-03 15:36:15     34 267.0 195.2 195.2336 2.283296e-05 42.90959 0.04861165 -0.0004607072  0.002265201  -1.004357e-05      4.938211e-05         0 -9.088854e-04    0.001273103     -2.793133e-05            3.912424e-05
11  2013-08-03 15:36:30     35 267.1 195.3 195.3348 2.283296e-05 43.01075 0.04861165  0.0039295071  0.002265390   8.566452e-05      4.938623e-05         0 -8.070501e-04    0.001272456     -2.480179e-05            3.910438e-05
12  2013-08-03 15:36:45     36 267.1 195.2 195.2359 2.283296e-05 42.91190 0.04861165 -0.0003601556  0.002265205  -7.851507e-06      4.938221e-05         0 -8.070501e-04    0.001272456     -2.480179e-05            3.910438e-05
13  2013-08-03 15:37:00     37 267.5 195.2 195.2371 2.283296e-05 42.91306 0.04861165 -0.0003098798  0.002265208  -6.755478e-06      4.938225e-05         0 -3.997088e-04    0.001269876     -1.228362e-05            3.902509e-05
14  2013-08-03 15:37:15     38 267.8 195.4 195.4382 2.283296e-05 43.11422 0.04861165  0.0084202730  0.002265583   1.835647e-04      4.939044e-05         0 -9.420292e-05    0.001267947     -2.894988e-06            3.896579e-05
15  2013-08-03 15:37:30     39 267.8 195.5 195.5394 2.283296e-05 43.21538 0.04861165  0.0128104872  0.002265773   2.792727e-04      4.939458e-05         0 -9.420292e-05    0.001267947     -2.894988e-06            3.896579e-05
16  2013-08-03 15:37:45     40 268.2 195.4 195.4405 2.283296e-05 43.11654 0.04861165  0.0085208246  0.002265588   1.857567e-04      4.939054e-05         0  3.131383e-04    0.001265382      9.623181e-06            3.888698e-05
17  2013-08-03 15:38:00     41 268.5 195.5 195.5417 2.283296e-05 43.21770 0.04861165  0.0129110389  0.002265777   2.814648e-04      4.939467e-05         0  6.186443e-04    0.001263465      1.901181e-05            3.882805e-05
18  2013-08-03 15:38:15     42 268.5 195.5 195.5429 2.283296e-05 43.21886 0.04861165  0.0129613147  0.002265779   2.825608e-04      4.939472e-05         0  6.186443e-04    0.001263465      1.901181e-05            3.882805e-05
19  2013-08-03 15:38:30     43 269.0 195.4 195.4440 2.283296e-05 43.12001 0.04861165  0.0086716521  0.002265594   1.890448e-04      4.939068e-05         0  1.127821e-03    0.001260280      3.465952e-05            3.873018e-05
20  2013-08-03 15:38:45     44 269.1 195.5 195.5452 2.283296e-05 43.22117 0.04861165  0.0130618663  0.002265784   2.847529e-04      4.939481e-05         0  1.229656e-03    0.001259645      3.778906e-05            3.871066e-05
21  2013-08-03 15:39:00     45 269.2 195.6 195.6463 2.283296e-05 43.32233 0.04861165  0.0174520806  0.002265974   3.804610e-04      4.939896e-05         0  1.331491e-03    0.001259010      4.091861e-05            3.869116e-05
22  2013-08-03 15:39:15     46 269.8 195.5 195.5475 2.283296e-05 43.22349 0.04861165  0.0131624180  0.002265788   2.869449e-04      4.939491e-05         0  1.942503e-03    0.001255214      5.969586e-05            3.857450e-05
23  2013-08-03 15:39:30     47 269.8 195.4 195.4487 2.283296e-05 43.12465 0.04861165  0.0088727553  0.002265603   1.934289e-04      4.939087e-05         0  1.942503e-03    0.001255214      5.969586e-05            3.857450e-05
24  2013-08-03 15:39:45     48 270.1 195.4 195.4498 2.283296e-05 43.12581 0.04861165  0.0089230312  0.002265605   1.945249e-04      4.939092e-05         0  2.248009e-03    0.001253324      6.908449e-05            3.851641e-05
25  2013-08-03 15:40:00     49 270.5 195.4 195.4510 2.283296e-05 43.12696 0.04861165  0.0089733070  0.002265607   1.956210e-04      4.939096e-05         0  2.655350e-03    0.001250812      8.160266e-05            3.843921e-05
26  2013-08-03 15:40:15     50 270.5 195.4 195.4521 2.283296e-05 43.12812 0.04861165  0.0090235828  0.002265609   1.967170e-04      4.939101e-05         0  2.655350e-03    0.001250812      8.160266e-05            3.843921e-05
27  2013-08-03 15:40:30     51 271.0 195.5 195.5533 2.283296e-05 43.22928 0.04861165  0.0134137971  0.002265799   2.924251e-04      4.939515e-05         0  3.164527e-03    0.001247685      9.725037e-05            3.834311e-05
28  2013-08-03 15:40:45     52 271.2 195.6 195.6544 2.283296e-05 43.33044 0.04861165  0.0178040113  0.002265989   3.881332e-04      4.939929e-05         0  3.368198e-03    0.001246438      1.035095e-04            3.830479e-05
29  2013-08-03 15:41:00     53 271.3 195.7 195.7556 2.283296e-05 43.43160 0.04861165  0.0221942256  0.002266180   4.838412e-04      4.940344e-05         0  3.470033e-03    0.001245815      1.066390e-04            3.828566e-05
30  2013-08-03 15:41:15     54 271.8 195.8 195.8568 2.283296e-05 43.53276 0.04861165  0.0265844399  0.002266370   5.795493e-04      4.940760e-05         0  3.979209e-03    0.001242712      1.222867e-04            3.819028e-05
31  2013-08-03 15:41:30     55 271.9 195.8 195.8579 2.283296e-05 43.53392 0.04861165  0.0266347157  0.002266373   5.806454e-04      4.940765e-05         0  4.081045e-03    0.001242093      1.254163e-04            3.817126e-05
32  2013-08-03 15:41:45     56 272.2 195.8 195.8591 2.283296e-05 43.53507 0.04861165  0.0266849915  0.002266375   5.817414e-04      4.940770e-05         0  4.386551e-03    0.001240239      1.348049e-04            3.811430e-05
33  2013-08-03 15:42:00     57 272.5 195.8 195.8602 2.283296e-05 43.53623 0.04861165  0.0267352673  0.002266377   5.828374e-04      4.940775e-05         0  4.692057e-03    0.001238391      1.441935e-04            3.805751e-05
34  2013-08-03 15:42:15     58 272.6 195.8 195.8614 2.283296e-05 43.53739 0.04861165  0.0267855431  0.002266379   5.839334e-04      4.940780e-05         0  4.793892e-03    0.001237777      1.473230e-04            3.803862e-05
35  2013-08-03 15:42:30     59 273.1 195.7 195.7626 2.283296e-05 43.43855 0.04861165  0.0224958805  0.002266193   4.904174e-04      4.940373e-05         0  5.303069e-03    0.001234712      1.629708e-04            3.794443e-05
36  2013-08-03 15:42:45     60 273.2 195.8 195.8637 2.283296e-05 43.53971 0.04861165  0.0268860948  0.002266384   5.861255e-04      4.940789e-05         0  5.404904e-03    0.001234101      1.661003e-04            3.792565e-05
37  2013-08-03 15:43:00     61 273.4 195.8 195.8649 2.283296e-05 43.54087 0.04861165  0.0269363706  0.002266386   5.872215e-04      4.940794e-05         0  5.608574e-03    0.001232880      1.723594e-04            3.788814e-05
38  2013-08-03 15:43:15     62 273.9 195.8 195.8660 2.283296e-05 43.54202 0.04861165  0.0269866464  0.002266388   5.883176e-04      4.940799e-05         0  6.117751e-03    0.001229839      1.880071e-04            3.779469e-05
39  2013-08-03 15:43:30     63 273.9 195.9 195.9672 2.283296e-05 43.64318 0.04861165  0.0313768607  0.002266579   6.840256e-04      4.941216e-05         0  6.117751e-03    0.001229839      1.880071e-04            3.779469e-05
40  2013-08-03 15:43:45     64 274.5 196.0 196.0683 2.283296e-05 43.74434 0.04861165  0.0357670750  0.002266771   7.797337e-04      4.941634e-05         1  6.728763e-03    0.001226210      2.067844e-04            3.768317e-05
41  2013-08-03 15:44:00     65 274.6 195.9 195.9695 2.283296e-05 43.64550 0.04861165  0.0314774123  0.002266584   6.862177e-04      4.941225e-05         1  6.830598e-03    0.001225608      2.099139e-04            3.766465e-05
42  2013-08-03 15:44:15     66 274.9 196.0 196.0707 2.283296e-05 43.74666 0.04861165  0.0358676266  0.002266776   7.819258e-04      4.941644e-05         1  7.136104e-03    0.001223804      2.193025e-04            3.760921e-05
43  2013-08-03 15:44:30     67 275.3 195.9 195.9718 2.283296e-05 43.64782 0.04861165  0.0315779640  0.002266588   6.884098e-04      4.941235e-05         1  7.543445e-03    0.001221407      2.318207e-04            3.753555e-05
44  2013-08-03 15:44:45     68 275.3 196.0 196.0730 2.283296e-05 43.74898 0.04861165  0.0359681782  0.002266780   7.841178e-04      4.941653e-05         1  7.543445e-03    0.001221407      2.318207e-04            3.753555e-05
45  2013-08-03 15:45:00     69 275.9 196.0 196.0741 2.283296e-05 43.75013 0.04861165  0.0360184541  0.002266782   7.852139e-04      4.941658e-05         1  8.154457e-03    0.001217830      2.505979e-04            3.742563e-05
46  2013-08-03 15:45:15     70 275.9 196.0 196.0753 2.283296e-05 43.75129 0.04861165  0.0360687299  0.002266784   7.863099e-04      4.941663e-05         1  8.154457e-03    0.001217830      2.505979e-04            3.742563e-05
47  2013-08-03 15:45:30     71 276.4 196.0 196.0765 2.283296e-05 43.75245 0.04861165  0.0361190057  0.002266787   7.874059e-04      4.941668e-05         1  8.663634e-03    0.001214867      2.662457e-04            3.733457e-05
48  2013-08-03 15:45:45     72 276.6 196.0 196.0776 2.283296e-05 43.75361 0.04861165  0.0361692815  0.002266789   7.885020e-04      4.941672e-05         1  8.867304e-03    0.001213686      2.725047e-04            3.729828e-05
49  2013-08-03 15:46:00     73 276.9 196.1 196.1788 2.283296e-05 43.85477 0.04861165  0.0405594958  0.002266981   8.842100e-04      4.942091e-05         1  9.172810e-03    0.001211920      2.818934e-04            3.724399e-05
50  2013-08-03 15:46:15     74 277.3 195.9 195.9799 2.283296e-05 43.65593 0.04861165  0.0319298947  0.002266604   6.960820e-04      4.941268e-05         1  9.580152e-03    0.001209573      2.944115e-04            3.717189e-05
51  2013-08-03 15:46:30     75 277.3 196.0 196.0811 2.283296e-05 43.75708 0.04861165  0.0363201090  0.002266795   7.917900e-04      4.941687e-05         1  9.580152e-03    0.001209573      2.944115e-04            3.717189e-05
52  2013-08-03 15:46:45     76 277.9 196.0 196.0822 2.283296e-05 43.75824 0.04861165  0.0363703848  0.002266798   7.928861e-04      4.941692e-05         1  1.019116e-02    0.001206073      3.131888e-04            3.706432e-05
53  2013-08-03 15:47:00     77 278.0 196.1 196.1834 2.283296e-05 43.85940 0.04861165  0.0407605991  0.002266990   8.885942e-04      4.942111e-05         1  1.029300e-02    0.001205492      3.163183e-04            3.704646e-05
54  2013-08-03 15:47:15     78 278.5 196.2 196.2846 2.283296e-05 43.96056 0.04861165  0.0451508133  0.002267183   9.843022e-04      4.942531e-05         1  1.080218e-02    0.001202596      3.319660e-04            3.695747e-05
55  2013-08-03 15:47:30     79 278.7 196.2 196.2857 2.283296e-05 43.96172 0.04861165  0.0452010891  0.002267185   9.853983e-04      4.942536e-05         1  1.100585e-02    0.001201442      3.382251e-04            3.692201e-05
56  2013-08-03 15:47:45     80 278.9 196.2 196.2869 2.283296e-05 43.96288 0.04861165  0.0452513650  0.002267187   9.864943e-04      4.942540e-05         1  1.120952e-02    0.001200291      3.444842e-04            3.688663e-05
57  2013-08-03 15:48:00     81 279.3 196.3 196.3880 2.283296e-05 44.06403 0.04861165  0.0496415792  0.002267380   1.082202e-03      4.942962e-05         1  1.161686e-02    0.001197997      3.570024e-04            3.681612e-05
58  2013-08-03 15:48:15     82 279.4 196.2 196.2892 2.283296e-05 43.96519 0.04861165  0.0453519166  0.002267191   9.886863e-04      4.942550e-05         1  1.171869e-02    0.001197425      3.601319e-04            3.679855e-05
59  2013-08-03 15:48:30     83 280.0 196.1 196.1904 2.283296e-05 43.86635 0.04861165  0.0410622540  0.002267003   8.951703e-04      4.942140e-05         1  1.232970e-02    0.001194007      3.789092e-04            3.669352e-05
60  2013-08-03 15:48:45     84 280.0 196.1 196.1915 2.283296e-05 43.86751 0.04861165  0.0411125298  0.002267005   8.962664e-04      4.942144e-05         1  1.232970e-02    0.001194007      3.789092e-04            3.669352e-05
61  2013-08-03 15:49:00     85 280.4 196.2 196.2927 2.283296e-05 43.96867 0.04861165  0.0455027441  0.002267198   9.919744e-04      4.942565e-05         1  1.273705e-02    0.001191742      3.914274e-04            3.662390e-05
62  2013-08-03 15:49:15     86 280.7 196.3 196.3938 2.283296e-05 44.06983 0.04861165  0.0498929583  0.002267391   1.087683e-03      4.942986e-05         1  1.304255e-02    0.001190050      4.008160e-04            3.657191e-05
63  2013-08-03 15:49:30     87 280.9 196.2 196.2950 2.283296e-05 43.97099 0.04861165  0.0456032957  0.002267202   9.941665e-04      4.942574e-05         1  1.324622e-02    0.001188926      4.070751e-04            3.653736e-05
64  2013-08-03 15:49:45     88 281.4 196.3 196.3962 2.283296e-05 44.07214 0.04861165  0.0499935100  0.002267396   1.089875e-03      4.942995e-05         1  1.375540e-02    0.001186126      4.227228e-04            3.645133e-05
65  2013-08-03 15:50:00     89 281.4 196.3 196.3973 2.283296e-05 44.07330 0.04861165  0.0500437858  0.002267398   1.090971e-03      4.943000e-05         1  1.375540e-02    0.001186126      4.227228e-04            3.645133e-05
66  2013-08-03 15:50:15     90 281.8 196.4 196.4985 2.283296e-05 44.17446 0.04861165  0.0544340001  0.002267592   1.186679e-03      4.943422e-05         1  1.416274e-02    0.001183899      4.352409e-04            3.638288e-05
67  2013-08-03 15:50:30     91 282.1 196.3 196.3996 2.283296e-05 44.07562 0.04861165  0.0501443374  0.002267402   1.093163e-03      4.943010e-05         1  1.446825e-02    0.001182236      4.446296e-04            3.633177e-05
68  2013-08-03 15:50:45     92 282.3 196.3 196.4008 2.283296e-05 44.07678 0.04861165  0.0501946132  0.002267405   1.094259e-03      4.943015e-05         1  1.467192e-02    0.001181130      4.508887e-04            3.629779e-05
69  2013-08-03 15:51:00     93 282.7 196.5 196.6019 2.283296e-05 44.27794 0.04861165  0.0589247660  0.002267790   1.284579e-03      4.943855e-05         1  1.507926e-02    0.001178928      4.634068e-04            3.623011e-05
70  2013-08-03 15:51:15     94 282.8 196.6 196.7031 2.283296e-05 44.37909 0.04861165  0.0633149802  0.002267985   1.380287e-03      4.944279e-05         1  1.518109e-02    0.001178379      4.665364e-04            3.621324e-05
71  2013-08-03 15:51:30     95 283.3 196.5 196.6043 2.283296e-05 44.28025 0.04861165  0.0590253176  0.002267794   1.286771e-03      4.943865e-05         1  1.569027e-02    0.001175645      4.821841e-04            3.612922e-05
72  2013-08-03 15:51:45     96 283.4 196.4 196.5054 2.283296e-05 44.18141 0.04861165  0.0547356550  0.002267605   1.193255e-03      4.943451e-05         1  1.579211e-02    0.001175100      4.853136e-04            3.611248e-05
73  2013-08-03 15:52:00     97 283.8 196.5 196.6066 2.283296e-05 44.28257 0.04861165  0.0591258692  0.002267799   1.288963e-03      4.943874e-05         1  1.619945e-02    0.001172928      4.978318e-04            3.604574e-05
74  2013-08-03 15:52:15     98 284.1 196.5 196.6077 2.283296e-05 44.28373 0.04861165  0.0591761451  0.002267801   1.290059e-03      4.943879e-05         1  1.650495e-02    0.001171307      5.072204e-04            3.599591e-05
75  2013-08-03 15:52:30     99 284.2 196.7 196.8089 2.283296e-05 44.48489 0.04861165  0.0679062978  0.002268188   1.480379e-03      4.944724e-05         1  1.660679e-02    0.001170768      5.103500e-04            3.597934e-05
76  2013-08-03 15:52:45    100 284.7 196.4 196.5101 2.283296e-05 44.18605 0.04861165  0.0549367583  0.002267614   1.197639e-03      4.943471e-05         1  1.711596e-02    0.001168083      5.259977e-04            3.589684e-05
77  2013-08-03 15:53:00    101 284.8 196.6 196.7112 2.283296e-05 44.38720 0.04861165  0.0636669110  0.002268000   1.387959e-03      4.944313e-05         1  1.721780e-02    0.001167548      5.291272e-04            3.588040e-05
78  2013-08-03 15:53:15    102 285.3 196.7 196.8124 2.283296e-05 44.48836 0.04861165  0.0680571252  0.002268195   1.483667e-03      4.944738e-05         1  1.772698e-02    0.001164885      5.447749e-04            3.579855e-05
79  2013-08-03 15:53:30    103 285.5 196.6 196.7135 2.283296e-05 44.38952 0.04861165  0.0637674626  0.002268005   1.390151e-03      4.944323e-05         1  1.793065e-02    0.001163825      5.510340e-04            3.576597e-05
80  2013-08-03 15:53:45    104 285.7 196.7 196.8147 2.283296e-05 44.49068 0.04861165  0.0681576769  0.002268200   1.485859e-03      4.944748e-05         1  1.813432e-02    0.001162767      5.572931e-04            3.573347e-05
81  2013-08-03 15:54:00    105 286.1 196.8 196.9158 2.283296e-05 44.59184 0.04861165  0.0725478912  0.002268395   1.581567e-03      4.945174e-05         1  1.854166e-02    0.001160661      5.698113e-04            3.566875e-05
82  2013-08-03 15:54:15    106 286.3 196.7 196.8170 2.283296e-05 44.49300 0.04861165  0.0682582285  0.002268204   1.488051e-03      4.944758e-05         1  1.874533e-02    0.001159612      5.760704e-04            3.563652e-05
83  2013-08-03 15:54:30    107 286.8 196.7 196.8182 2.283296e-05 44.49415 0.04861165  0.0683085043  0.002268206   1.489147e-03      4.944762e-05         1  1.925451e-02    0.001157003      5.917181e-04            3.555634e-05
84  2013-08-03 15:54:45    108 286.8 196.6 196.7193 2.283296e-05 44.39531 0.04861165  0.0640188417  0.002268016   1.395631e-03      4.944347e-05         1  1.925451e-02    0.001157003      5.917181e-04            3.555634e-05
85  2013-08-03 15:55:00    109 287.3 196.5 196.6205 2.283296e-05 44.29647 0.04861165  0.0597291791  0.002267826   1.302115e-03      4.943933e-05         1  1.976368e-02    0.001154413      6.073658e-04            3.547673e-05
86  2013-08-03 15:55:15    110 287.5 196.7 196.8216 2.283296e-05 44.49763 0.04861165  0.0684593318  0.002268213   1.492435e-03      4.944777e-05         1  1.996735e-02    0.001153382      6.136249e-04            3.544504e-05
87  2013-08-03 15:55:30    111 287.7 196.6 196.7228 2.283296e-05 44.39879 0.04861165  0.0641696692  0.002268022   1.398919e-03      4.944362e-05         1  2.017102e-02    0.001152354      6.198840e-04            3.541345e-05
88  2013-08-03 15:55:45    112 288.2 196.5 196.6240 2.283296e-05 44.29995 0.04861165  0.0598800065  0.002267832   1.305403e-03      4.943947e-05         1  2.068020e-02    0.001149796      6.355317e-04            3.533486e-05
89  2013-08-03 15:56:00    113 288.2 196.6 196.7251 2.283296e-05 44.40111 0.04861165  0.0642702208  0.002268027   1.401111e-03      4.944371e-05         1  2.068020e-02    0.001149796      6.355317e-04            3.533486e-05
90  2013-08-03 15:56:15    114 288.7 196.6 196.7263 2.283296e-05 44.40226 0.04861165  0.0643204966  0.002268029   1.402207e-03      4.944376e-05         1  2.118938e-02    0.001147258      6.511794e-04            3.525684e-05
91  2013-08-03 15:56:30    115 288.9 196.6 196.7274 2.283296e-05 44.40342 0.04861165  0.0643707724  0.002268031   1.403304e-03      4.944381e-05         1  2.139305e-02    0.001146247      6.574385e-04            3.522580e-05
92  2013-08-03 15:56:45    116 289.2 196.7 196.8286 2.283296e-05 44.50458 0.04861165  0.0687609867  0.002268226   1.499012e-03      4.944806e-05         1  2.169855e-02    0.001144738      6.668271e-04            3.517941e-05
93  2013-08-03 15:57:00    117 289.5 196.7 196.8297 2.283296e-05 44.50574 0.04861165  0.0688112625  0.002268229   1.500108e-03      4.944811e-05         1  2.200406e-02    0.001143235      6.762157e-04            3.513322e-05
94  2013-08-03 15:57:15    118 289.6 196.7 196.8309 2.283296e-05 44.50690 0.04861165  0.0688615383  0.002268231   1.501204e-03      4.944816e-05         1  2.210589e-02    0.001142736      6.793453e-04            3.511788e-05
95  2013-08-03 15:57:30    119 290.2 196.7 196.8321 2.283296e-05 44.50806 0.04861165  0.0689118142  0.002268233   1.502300e-03      4.944821e-05         1  2.271691e-02    0.001139755      6.981225e-04            3.502629e-05
96  2013-08-03 15:57:45    120 290.2 196.8 196.9332 2.283296e-05 44.60921 0.04861165  0.0733020284  0.002268429   1.598008e-03      4.945247e-05         1  2.271691e-02    0.001139755      6.981225e-04            3.502629e-05
97  2013-08-03 15:58:00    121 290.6 196.8 196.9344 2.283296e-05 44.61037 0.04861165  0.0733523043  0.002268431   1.599104e-03      4.945252e-05         1  2.312425e-02    0.001137784      7.106407e-04            3.496570e-05
98  2013-08-03 15:58:15    122 290.9 196.8 196.9355 2.283296e-05 44.61153 0.04861165  0.0734025801  0.002268433   1.600200e-03      4.945257e-05         1  2.342975e-02    0.001136313      7.200293e-04            3.492050e-05
99  2013-08-03 15:58:30    123 291.0 196.8 196.9367 2.283296e-05 44.61269 0.04861165  0.0734528559  0.002268435   1.601296e-03      4.945262e-05         1  2.353159e-02    0.001135825      7.231588e-04            3.490549e-05
100 2013-08-03 15:58:45    124 291.5 196.8 196.9379 2.283296e-05 44.61385 0.04861165  0.0735031317  0.002268438   1.602392e-03      4.945267e-05         1  2.404077e-02    0.001133393      7.388066e-04            3.483076e-05
101 2013-08-03 15:59:00    125 291.6 196.9 197.0390 2.283296e-05 44.71501 0.04861165  0.0778933460  0.002268633   1.698100e-03      4.945694e-05         1  2.414260e-02    0.001132909      7.419361e-04            3.481589e-05
102 2013-08-03 15:59:15    126 292.0 196.9 197.0402 2.283296e-05 44.71616 0.04861165  0.0779436218  0.002268636   1.699196e-03      4.945699e-05         1  2.454994e-02    0.001130981      7.544543e-04            3.475664e-05
103 2013-08-03 15:59:30    127 292.2 197.0 197.1413 2.283296e-05 44.81732 0.04861165  0.0823338361  0.002268832   1.794904e-03      4.946127e-05         1  2.475361e-02    0.001130022      7.607134e-04            3.472716e-05
104 2013-08-03 15:59:45    128 292.4 197.0 197.1425 2.283296e-05 44.81848 0.04861165  0.0823841119  0.002268834   1.796000e-03      4.946132e-05         1  2.495728e-02    0.001129065      7.669724e-04            3.469777e-05
105 2013-08-03 16:00:00    129 292.9 196.8 196.9436 2.283296e-05 44.61964 0.04861165  0.0737545108  0.002268449   1.607872e-03      4.945291e-05         1  2.546646e-02    0.001126689      7.826202e-04            3.462474e-05
106 2013-08-03 16:00:15    130 292.9 196.8 196.9448 2.283296e-05 44.62080 0.04861165  0.0738047866  0.002268451   1.608968e-03      4.945296e-05         1  2.546646e-02    0.001126689      7.826202e-04            3.462474e-05
107 2013-08-03 16:00:30    131 293.5 196.9 197.0460 2.283296e-05 44.72196 0.04861165  0.0781950009  0.002268647   1.704676e-03      4.945723e-05         1  2.607747e-02    0.001123863      8.013974e-04            3.453790e-05
108 2013-08-03 16:00:45    132 293.6 196.9 197.0471 2.283296e-05 44.72312 0.04861165  0.0782452767  0.002268649   1.705772e-03      4.945728e-05         1  2.617931e-02    0.001123395      8.045270e-04            3.452351e-05
109 2013-08-03 16:01:00    133 293.9 196.8 196.9483 2.283296e-05 44.62427 0.04861165  0.0739556141  0.002268458   1.612256e-03      4.945311e-05         1  2.648481e-02    0.001121996      8.139156e-04            3.448050e-05
110 2013-08-03 16:01:15    134 294.3 196.9 197.0494 2.283296e-05 44.72543 0.04861165  0.0783458284  0.002268654   1.707964e-03      4.945738e-05         1  2.689215e-02    0.001120141      8.264337e-04            3.442350e-05
111 2013-08-03 16:01:30    135 294.4 197.0 197.1506 2.283296e-05 44.82659 0.04861165  0.0827360426  0.002268850   1.803672e-03      4.946166e-05         1  2.699399e-02    0.001119679      8.295633e-04            3.440931e-05
112 2013-08-03 16:01:45    136 294.9 197.0 197.1518 2.283296e-05 44.82775 0.04861165  0.0827863184  0.002268852   1.804768e-03      4.946171e-05         1  2.750317e-02    0.001117383      8.452110e-04            3.433874e-05
113 2013-08-03 16:02:00    137 295.0 196.8 196.9529 2.283296e-05 44.62891 0.04861165  0.0741567174  0.002268467   1.616640e-03      4.945330e-05         1  2.760500e-02    0.001116926      8.483405e-04            3.432470e-05
114 2013-08-03 16:02:15    138 295.3 196.7 196.8541 2.283296e-05 44.53007 0.04861165  0.0698670547  0.002268276   1.523124e-03      4.944914e-05         1  2.791051e-02    0.001115560      8.577292e-04            3.428274e-05
115 2013-08-03 16:02:30    139 295.6 196.8 196.9552 2.283296e-05 44.63122 0.04861165  0.0742572690  0.002268471   1.618832e-03      4.945340e-05         1  2.821601e-02    0.001114202      8.671178e-04            3.424100e-05
116 2013-08-03 16:02:45    140 295.8 196.8 196.9564 2.283296e-05 44.63238 0.04861165  0.0743075448  0.002268473   1.619928e-03      4.945345e-05         1  2.841968e-02    0.001113301      8.733769e-04            3.421330e-05
117 2013-08-03 16:03:00    141 296.3 196.8 196.9575 2.283296e-05 44.63354 0.04861165  0.0743578206  0.002268476   1.621024e-03      4.945350e-05         1  2.892886e-02    0.001111062      8.890246e-04            3.414449e-05
118 2013-08-03 16:03:15    142 296.3 196.9 197.0587 2.283296e-05 44.73470 0.04861165  0.0787480349  0.002268672   1.716732e-03      4.945777e-05         1  2.892886e-02    0.001111062      8.890246e-04            3.414449e-05
119 2013-08-03 16:03:30    143 296.7 196.9 197.0599 2.283296e-05 44.73586 0.04861165  0.0787983107  0.002268674   1.717828e-03      4.945782e-05         1  2.933620e-02    0.001109285      9.015428e-04            3.408990e-05
120 2013-08-03 16:03:45    144 297.0 196.9 197.0610 2.283296e-05 44.73702 0.04861165  0.0788485865  0.002268676   1.718925e-03      4.945787e-05         1  2.964171e-02    0.001107962      9.109314e-04            3.404923e-05
121 2013-08-03 16:04:00    145 297.3 196.8 196.9622 2.283296e-05 44.63818 0.04861165  0.0745589239  0.002268485   1.625408e-03      4.945369e-05         1  2.994721e-02    0.001106646      9.203200e-04            3.400879e-05
122 2013-08-03 16:04:15    146 297.7 196.9 197.0633 2.283296e-05 44.73933 0.04861165  0.0789491382  0.002268681   1.721117e-03      4.945797e-05         1  3.035455e-02    0.001104903      9.328382e-04            3.395523e-05
123 2013-08-03 16:04:30    147 297.7 196.9 197.0645 2.283296e-05 44.74049 0.04861165  0.0789994140  0.002268683   1.722213e-03      4.945801e-05         1  3.035455e-02    0.001104903      9.328382e-04            3.395523e-05
124 2013-08-03 16:04:45    148 298.2 197.0 197.1657 2.283296e-05 44.84165 0.04861165  0.0833896283  0.002268879   1.817921e-03      4.946230e-05         1  3.086373e-02    0.001102744      9.484859e-04            3.388887e-05
125 2013-08-03 16:05:00    149 298.4 197.1 197.2668 2.283296e-05 44.94281 0.04861165  0.0877798425  0.002269076   1.913629e-03      4.946659e-05         1  3.106740e-02    0.001101886      9.547450e-04            3.386250e-05
126 2013-08-03 16:05:15    150 298.6 197.1 197.2680 2.283296e-05 44.94397 0.04861165  0.0878301184  0.002269078   1.914725e-03      4.946664e-05         1  3.127107e-02    0.001101031      9.610041e-04            3.383624e-05
127 2013-08-03 16:05:30    151 299.0 197.1 197.2691 2.283296e-05 44.94513 0.04861165  0.0878803942  0.002269081   1.915821e-03      4.946669e-05         1  3.167841e-02    0.001099333      9.735222e-04            3.378404e-05
128 2013-08-03 16:05:45    152 299.1 197.0 197.1703 2.283296e-05 44.84628 0.04861165  0.0835907316  0.002268888   1.822305e-03      4.946249e-05         1  3.178025e-02    0.001098910      9.766518e-04            3.377105e-05
129 2013-08-03 16:06:00    153 299.7 197.0 197.1714 2.283296e-05 44.84744 0.04861165  0.0836410074  0.002268891   1.823401e-03      4.946254e-05         1  3.239126e-02    0.001096393      9.954290e-04            3.369369e-05
130 2013-08-03 16:06:15    154 299.7 197.0 197.1726 2.283296e-05 44.84860 0.04861165  0.0836912832  0.002268893   1.824497e-03      4.946259e-05         1  3.239126e-02    0.001096393      9.954290e-04            3.369369e-05
131 2013-08-03 16:06:30    155 300.2 197.1 197.2738 2.283296e-05 44.94976 0.04861165  0.0880814975  0.002269090   1.920205e-03      4.946688e-05         1  3.290044e-02    0.001094319      1.011077e-03            3.362996e-05
132 2013-08-03 16:06:45    156 300.4 197.2 197.3749 2.283296e-05 45.05092 0.04861165  0.0924717117  0.002269287   2.015913e-03      4.947119e-05         1  3.310411e-02    0.001093495      1.017336e-03            3.360465e-05
133 2013-08-03 16:07:00    157 300.6 197.0 197.1761 2.283296e-05 44.85208 0.04861165  0.0838421106  0.002268900   1.827785e-03      4.946274e-05         1  3.330778e-02    0.001092675      1.023595e-03            3.357945e-05
134 2013-08-03 16:07:15    158 301.1 197.1 197.2772 2.283296e-05 44.95324 0.04861165  0.0882323249  0.002269096   1.923493e-03      4.946703e-05         1  3.381696e-02    0.001090640      1.039243e-03            3.351691e-05
135 2013-08-03 16:07:30    159 301.1 197.2 197.3784 2.283296e-05 45.05439 0.04861165  0.0926225392  0.002269294   2.019201e-03      4.947133e-05         1  3.381696e-02    0.001090640      1.039243e-03            3.351691e-05
136 2013-08-03 16:07:45    160 301.6 197.2 197.3796 2.283296e-05 45.05555 0.04861165  0.0926728150  0.002269296   2.020297e-03      4.947138e-05         1  3.432613e-02    0.001088627      1.054890e-03            3.345505e-05
137 2013-08-03 16:08:00    161 301.8 197.3 197.4807 2.283296e-05 45.15671 0.04861165  0.0970630293  0.002269494   2.116005e-03      4.947569e-05         1  3.452980e-02    0.001087828      1.061149e-03            3.343050e-05
138 2013-08-03 16:08:15    162 301.9 197.2 197.3819 2.283296e-05 45.05787 0.04861165  0.0927733666  0.002269301   2.022489e-03      4.947148e-05         1  3.463164e-02    0.001087430      1.064279e-03            3.341826e-05
139 2013-08-03 16:08:30    163 302.4 197.2 197.3830 2.283296e-05 45.05903 0.04861165  0.0928236425  0.002269303   2.023585e-03      4.947153e-05         1  3.514081e-02    0.001085453      1.079927e-03            3.335748e-05
140 2013-08-03 16:08:45    164 302.5 197.3 197.4842 2.283296e-05 45.16019 0.04861165  0.0972138567  0.002269501   2.119293e-03      4.947584e-05         1  3.524265e-02    0.001085060      1.083056e-03            3.334541e-05
141 2013-08-03 16:09:00    165 303.1 197.3 197.4854 2.283296e-05 45.16134 0.04861165  0.0972641326  0.002269503   2.120389e-03      4.947589e-05         1  3.585366e-02    0.001082721      1.101833e-03            3.327355e-05
142 2013-08-03 16:09:15    166 303.1 197.4 197.5865 2.283296e-05 45.26250 0.04861165  0.1016543468  0.002269701   2.216097e-03      4.948021e-05         1  3.585366e-02    0.001082721      1.101833e-03            3.327355e-05
143 2013-08-03 16:09:30    167 303.4 197.2 197.3877 2.283296e-05 45.06366 0.04861165  0.0930247457  0.002269312   2.027969e-03      4.947173e-05         1  3.615917e-02    0.001081564      1.111222e-03            3.323798e-05
144 2013-08-03 16:09:45    168 303.8 197.3 197.4888 2.283296e-05 45.16482 0.04861165  0.0974149600  0.002269510   2.123677e-03      4.947604e-05         1  3.656651e-02    0.001080034      1.123740e-03            3.319096e-05
145 2013-08-03 16:10:00    169 303.8 197.3 197.4900 2.283296e-05 45.16598 0.04861165  0.0974652358  0.002269512   2.124773e-03      4.947609e-05         1  3.656651e-02    0.001080034      1.123740e-03            3.319096e-05
146 2013-08-03 16:10:15    170 304.4 197.4 197.5911 2.283296e-05 45.26714 0.04861165  0.1018554501  0.002269710   2.220482e-03      4.948041e-05         1  3.717752e-02    0.001077765      1.142518e-03            3.312125e-05
147 2013-08-03 16:10:30    171 304.5 197.4 197.5923 2.283296e-05 45.26829 0.04861165  0.1019057259  0.002269713   2.221578e-03      4.948046e-05         1  3.727936e-02    0.001077391      1.145647e-03            3.310973e-05
148 2013-08-03 16:10:45    172 304.7 197.4 197.5935 2.283296e-05 45.26945 0.04861165  0.1019560017  0.002269715   2.222674e-03      4.948051e-05         1  3.748303e-02    0.001076643      1.151906e-03            3.308677e-05
149 2013-08-03 16:11:00    173 305.2 197.4 197.5946 2.283296e-05 45.27061 0.04861165  0.1020062776  0.002269717   2.223770e-03      4.948056e-05         1  3.799220e-02    0.001074792      1.167554e-03            3.302987e-05
150 2013-08-03 16:11:15    174 305.2 197.4 197.5958 2.283296e-05 45.27177 0.04861165  0.1020565534  0.002269719   2.224866e-03      4.948061e-05         1  3.799220e-02    0.001074792      1.167554e-03            3.302987e-05
151 2013-08-03 16:11:30    175 305.8 197.3 197.4969 2.283296e-05 45.17293 0.04861165  0.0977668907  0.002269526   2.131350e-03      4.947639e-05         1  3.860321e-02    0.001072600      1.186331e-03            3.296251e-05
152 2013-08-03 16:11:45    176 305.8 197.4 197.5981 2.283296e-05 45.27409 0.04861165  0.1021571050  0.002269724   2.227058e-03      4.948071e-05         1  3.860321e-02    0.001072600      1.186331e-03            3.296251e-05
153 2013-08-03 16:12:00    177 306.2 197.6 197.7993 2.283296e-05 45.47525 0.04861165  0.1108872577  0.002270119   2.417378e-03      4.948933e-05         1  3.901056e-02    0.001071157      1.198849e-03            3.291817e-05
154 2013-08-03 16:12:15    178 306.5 197.6 197.8004 2.283296e-05 45.47640 0.04861165  0.1109375336  0.002270122   2.418474e-03      4.948938e-05         1  3.931606e-02    0.001070085      1.208238e-03            3.288522e-05
155 2013-08-03 16:12:30    179 306.7 197.6 197.8016 2.283296e-05 45.47756 0.04861165  0.1109878094  0.002270124   2.419570e-03      4.948943e-05         1  3.951973e-02    0.001069375      1.214497e-03            3.286339e-05
156 2013-08-03 16:12:45    180 307.2 197.6 197.8027 2.283296e-05 45.47872 0.04861165  0.1110380852  0.002270126   2.420666e-03      4.948948e-05         1  4.002891e-02    0.001067615      1.230145e-03            3.280933e-05
157 2013-08-03 16:13:00    181 307.2 197.6 197.8039 2.283296e-05 45.47988 0.04861165  0.1110883610  0.002270129   2.421762e-03      4.948953e-05         1  4.002891e-02    0.001067615      1.230145e-03            3.280933e-05
158 2013-08-03 16:13:15    182 307.7 197.6 197.8050 2.283296e-05 45.48104 0.04861165  0.1111386368  0.002270131   2.422858e-03      4.948958e-05         1  4.053809e-02    0.001065879      1.245792e-03            3.275598e-05
159 2013-08-03 16:13:30    183 307.9 197.5 197.7062 2.283296e-05 45.38220 0.04861165  0.1068489742  0.002269936   2.329342e-03      4.948534e-05         1  4.074176e-02    0.001065192      1.252052e-03            3.273484e-05
160 2013-08-03 16:13:45    184 308.5 197.6 197.8074 2.283296e-05 45.48335 0.04861165  0.1112391885  0.002270135   2.425050e-03      4.948968e-05         1  4.135277e-02    0.001063151      1.270829e-03            3.267212e-05
161 2013-08-03 16:14:00    185 308.6 197.7 197.9085 2.283296e-05 45.58451 0.04861165  0.1156294027  0.002270335   2.520758e-03      4.949403e-05         1  4.145460e-02    0.001062814      1.273958e-03            3.266177e-05
162 2013-08-03 16:14:15    186 308.6 197.6 197.8097 2.283296e-05 45.48567 0.04861165  0.1113397401  0.002270140   2.427242e-03      4.948978e-05         1  4.145460e-02    0.001062814      1.273958e-03            3.266177e-05
163 2013-08-03 16:14:30    187 309.1 197.5 197.7108 2.283296e-05 45.38683 0.04861165  0.1070500775  0.002269945   2.333726e-03      4.948554e-05         1  4.196378e-02    0.001061144      1.289606e-03            3.261045e-05
164 2013-08-03 16:14:45    188 309.2 197.4 197.6120 2.283296e-05 45.28799 0.04861165  0.1027604148  0.002269751   2.240210e-03      4.948130e-05         1  4.206562e-02    0.001060813      1.292736e-03            3.260027e-05
165 2013-08-03 16:15:00    189 309.6 197.6 197.8132 2.283296e-05 45.48915 0.04861165  0.1114905676  0.002270147   2.430530e-03      4.948993e-05         1  4.247296e-02    0.001059498      1.305254e-03            3.255986e-05
166 2013-08-03 16:15:15    190 309.9 197.6 197.8143 2.283296e-05 45.49031 0.04861165  0.1115408434  0.002270149   2.431626e-03      4.948998e-05         1  4.277846e-02    0.001058522      1.314642e-03            3.252986e-05
167 2013-08-03 16:15:30    191 310.0 197.7 197.9155 2.283296e-05 45.59146 0.04861165  0.1159310577  0.002270349   2.527334e-03      4.949433e-05         1  4.288030e-02    0.001058198      1.317772e-03            3.251991e-05
168 2013-08-03 16:15:45    192 310.6 197.6 197.8166 2.283296e-05 45.49262 0.04861165  0.1116413950  0.002270154   2.433818e-03      4.949008e-05         1  4.349131e-02    0.001056277      1.336549e-03            3.246089e-05
169 2013-08-03 16:16:00    193 310.6 197.7 197.9178 2.283296e-05 45.59378 0.04861165  0.1160316093  0.002270353   2.529526e-03      4.949443e-05         1  4.349131e-02    0.001056277      1.336549e-03            3.246089e-05
170 2013-08-03 16:16:15    194 311.1 197.8 198.0189 2.283296e-05 45.69494 0.04861165  0.1204218236  0.002270553   2.625234e-03      4.949879e-05         1  4.400049e-02    0.001054703      1.352197e-03            3.241251e-05
171 2013-08-03 16:16:30    195 311.3 197.8 198.0201 2.283296e-05 45.69610 0.04861165  0.1204720994  0.002270556   2.626330e-03      4.949884e-05         1  4.420416e-02    0.001054080      1.358456e-03            3.239337e-05
172 2013-08-03 16:16:45    196 311.4 197.8 198.0213 2.283296e-05 45.69726 0.04861165  0.1205223752  0.002270558   2.627426e-03      4.949889e-05         1  4.430599e-02    0.001053770      1.361585e-03            3.238384e-05
173 2013-08-03 16:17:00    197 311.9 197.9 198.1224 2.283296e-05 45.79841 0.04861165  0.1249125895  0.002270758   2.723135e-03      4.950326e-05         1  4.481517e-02    0.001052235      1.377233e-03            3.233666e-05
174 2013-08-03 16:17:15    198 312.0 197.9 198.1236 2.283296e-05 45.79957 0.04861165  0.1249628653  0.002270761   2.724231e-03      4.950331e-05         1  4.491700e-02    0.001051931      1.380363e-03            3.232731e-05
175 2013-08-03 16:17:30    199 312.4 197.8 198.0247 2.283296e-05 45.70073 0.04861165  0.1206732027  0.002270565   2.630715e-03      4.949904e-05         1  4.532435e-02    0.001050724      1.392881e-03            3.229022e-05
176 2013-08-03 16:17:45    200 312.6 197.8 198.0259 2.283296e-05 45.70189 0.04861165  0.1207234785  0.002270567   2.631811e-03      4.949909e-05         1  4.552802e-02    0.001050126      1.399140e-03            3.227186e-05
177 2013-08-03 16:18:00    201 312.7 197.8 198.0271 2.283296e-05 45.70305 0.04861165  0.1207737543  0.002270569   2.632907e-03      4.949914e-05         1  4.562985e-02    0.001049829      1.402270e-03            3.226273e-05
178 2013-08-03 16:18:15    202 313.3 198.0 198.2282 2.283296e-05 45.90421 0.04861165  0.1295039070  0.002270968   2.823227e-03      4.950784e-05         1  4.624086e-02    0.001048066      1.421047e-03            3.220854e-05
179 2013-08-03 16:18:30    203 313.3 197.8 198.0294 2.283296e-05 45.70537 0.04861165  0.1208743059  0.002270574   2.635099e-03      4.949924e-05         1  4.624086e-02    0.001048066      1.421047e-03            3.220854e-05

$dryleafvolt
             timestamp record LWSmV  SEmV    CSEmV     CSEmV.sd   loadmV  loadmV.sd
1  2013-08-03 15:30:45     12 265.1 194.9 194.9081 2.283296e-05 42.58410 0.04861165
2  2013-08-03 15:31:00     13 265.1 195.6 195.6093 2.283296e-05 43.28526 0.04861165
3  2013-08-03 15:31:15     14 265.1 195.9 195.9104 2.283296e-05 43.58642 0.04861165
4  2013-08-03 15:31:30     15 265.1 195.2 195.2116 2.283296e-05 42.88758 0.04861165
5  2013-08-03 15:31:45     16 265.1 194.9 194.9127 2.283296e-05 42.58874 0.04861165
6  2013-08-03 15:32:00     17 265.1 195.1 195.1139 2.283296e-05 42.78989 0.04861165
7  2013-08-03 15:32:15     18 265.1 195.1 195.1151 2.283296e-05 42.79105 0.04861165
8  2013-08-03 15:32:30     19 265.1 195.3 195.3162 2.283296e-05 42.99221 0.04861165
9  2013-08-03 15:32:45     20 265.1 195.2 195.2174 2.283296e-05 42.89337 0.04861165
10 2013-08-03 15:33:00     21 265.1 195.2 195.2185 2.283296e-05 42.89453 0.04861165
11 2013-08-03 15:33:15     22 265.1 195.1 195.1197 2.283296e-05 42.79569 0.04861165
12 2013-08-03 15:33:30     23 265.1 195.2 195.2209 2.283296e-05 42.89684 0.04861165
13 2013-08-03 15:33:45     24 265.1 195.2 195.2220 2.283296e-05 42.89800 0.04861165
14 2013-08-03 15:34:00     25 265.1 195.3 195.3232 2.283296e-05 42.99916 0.04861165

$runtime
Time difference of 44.5 mins

$startcalibvolt
            timestamp record LWSmV  SEmV    CSEmV     CSEmV.sd   loadmV  loadmV.sd
1 2013-08-03 15:29:30      7 265.1 275.1 275.1023 2.283296e-05 122.7783 0.04861165
2 2013-08-03 15:29:45      8 265.1 275.2 275.2035 2.283296e-05 122.8795 0.04861165
3 2013-08-03 15:30:00      9 265.1 275.1 275.1046 2.283296e-05 122.7806 0.04861165

$endcalibvolt
            timestamp record LWSmV  SEmV
1 2013-08-03 16:22:45    220 265.1 274.7
2 2013-08-03 16:23:00    221 265.1 274.7
3 2013-08-03 16:23:15    222 265.1 274.7
4 2013-08-03 16:23:30    223 265.1 274.7

$lastLWSvolt
[1] 311.2

$maxLWSvolt
[1] 313.7

$species
[1] "redwood"

$trial
[1] "3"

$replicate
[1] "1"

$isvertical
[1] FALSE

$conversionfactor
         avg        stdev
1 0.04339938 9.917899e-06

$LWSwatermass
         avg       stdev
1 0.01725255 0.001415246

$dryleafmass
      avg        stdev
1 1.86271 0.0007064867

$lwsmodel

Call:
lm(formula = LWSsurfacedensity ~ record, data = rd[rd$runfilter == 
    1, ])

Coefficients:
(Intercept)       record  
 -3.565e-04    8.795e-06  


$leafmodel

Call:
lm(formula = surfacedensity ~ record, data = rd[rd$runfilter == 
    1, ])

Coefficients:
(Intercept)       record  
 -1.186e-04    1.362e-05  


