$name
[1] "redwood5"

$leafarea
[1] 36.63666

$startbasevolt
            timestamp record LWSmV  SEmV CSEmV CSEmV.sd      loadmV loadmV.sd
1 2013-08-06 10:12:45      2 264.4 148.9 148.9        0  0.08075221 0.1443216
2 2013-08-06 10:13:00      3 264.4 148.9 148.9        0  0.08075221 0.1443216
3 2013-08-06 10:13:15      4 264.4 148.7 148.7        0 -0.11924779 0.1443216
4 2013-08-06 10:13:30      5 264.4 148.8 148.8        0 -0.01924779 0.1443216

$endbasevolt
            timestamp record LWSmV  SEmV    CSEmV    CSEmV.sd      loadmV loadmV.sd
1 2013-08-06 11:08:15    224 265.1 148.4 148.8949 5.94344e-05  0.07564791 0.1443216
2 2013-08-06 11:08:30    225 265.1 148.4 148.8972 5.94344e-05  0.07790771 0.1443216
3 2013-08-06 11:08:45    226 265.0 148.5 148.9994 5.94344e-05  0.18016751 0.1443216
4 2013-08-06 11:09:00    227 265.0 148.5 149.0017 5.94344e-05  0.18242731 0.1443216
5 2013-08-06 11:09:15    228 264.9 148.2 148.7039 5.94344e-05 -0.11531290 0.1443216
6 2013-08-06 11:09:30    229 265.0 148.1 148.6062 5.94344e-05 -0.21305310 0.1443216
7 2013-08-06 11:09:45    230 264.9 148.1 148.6085 5.94344e-05 -0.21079330 0.1443216

$dryragvolt
            timestamp record LWSmV  SEmV    CSEmV    CSEmV.sd   loadmV loadmV.sd
1 2013-08-06 11:04:15    208 308.6 273.5 273.9587 5.94344e-05 125.1395 0.1443216
2 2013-08-06 11:04:30    209 308.0 273.4 273.8610 5.94344e-05 125.0418 0.1443216
3 2013-08-06 11:04:45    210 307.9 273.3 273.7633 5.94344e-05 124.9440 0.1443216

$wetragvolt
            timestamp record LWSmV  SEmV    CSEmV    CSEmV.sd   loadmV loadmV.sd
1 2013-08-06 11:05:30    213 265.6 273.9 274.3700 5.94344e-05 125.5508 0.1443216
2 2013-08-06 11:05:45    214 265.1 274.2 274.6723 5.94344e-05 125.8530 0.1443216
3 2013-08-06 11:06:00    215 265.1 274.1 274.5746 5.94344e-05 125.7553 0.1443216
4 2013-08-06 11:06:15    216 265.1 274.0 274.4768 5.94344e-05 125.6576 0.1443216

$rundata
              timestamp record LWSmV  SEmV    CSEmV    CSEmV.sd   loadmV loadmV.sd    watermass watermass.sd surfacedensity surfacedensity.sd runfilter      LWSwater LWSwater.stdev LWSsurfacedensity LWSsurfacedensity.stdev
1   2013-08-06 10:19:30     29 265.1 182.5 182.5542 5.94344e-05 33.73499 0.1443216 -0.003375361  0.006860657  -9.213072e-05      0.0001872621         0 -2.843756e-03    0.001285489     -8.739263e-05            3.950488e-05
2   2013-08-06 10:19:45     30 265.5 182.8 182.8565 5.94344e-05 34.03725 0.1443216  0.009757821  0.006861437   2.663404e-04      0.0001872834         0 -2.436415e-03    0.001282865     -7.487446e-05            3.942424e-05
3   2013-08-06 10:20:00     31 265.8 182.5 182.5588 5.94344e-05 33.73951 0.1443216 -0.003178985  0.006860669  -8.677061e-05      0.0001872624         0 -2.130909e-03    0.001280903     -6.548584e-05            3.936394e-05
4   2013-08-06 10:20:15     32 265.8 182.5 182.5610 5.94344e-05 33.74177 0.1443216 -0.003080797  0.006860674  -8.409056e-05      0.0001872626         0 -2.130909e-03    0.001280903     -6.548584e-05            3.936394e-05
5   2013-08-06 10:20:30     33 265.8 182.7 182.7633 5.94344e-05 33.94403 0.1443216  0.005707387  0.006861196   1.557835e-04      0.0001872768         0 -2.130909e-03    0.001280903     -6.548584e-05            3.936394e-05
6   2013-08-06 10:20:45     34 266.2 182.6 182.6655 5.94344e-05 33.84629 0.1443216  0.001460578  0.006860943   3.986656e-05      0.0001872699         0 -1.723568e-03    0.001278294     -5.296767e-05            3.928377e-05
7   2013-08-06 10:21:00     35 266.5 182.7 182.7678 5.94344e-05 33.94855 0.1443216  0.005903764  0.006861207   1.611436e-04      0.0001872771         0 -1.418062e-03    0.001276343     -4.357904e-05            3.922382e-05
8   2013-08-06 10:21:15     36 266.5 182.6 182.6701 5.94344e-05 33.85081 0.1443216  0.001656954  0.006860955   4.522667e-05      0.0001872702         0 -1.418062e-03    0.001276343     -4.357904e-05            3.922382e-05
9   2013-08-06 10:21:30     37 266.5 182.7 182.7723 5.94344e-05 33.95307 0.1443216  0.006100140  0.006861219   1.665037e-04      0.0001872774         0 -1.418062e-03    0.001276343     -4.357904e-05            3.922382e-05
10  2013-08-06 10:21:45     38 267.1 182.6 182.6746 5.94344e-05 33.85533 0.1443216  0.001853330  0.006860967   5.058678e-05      0.0001872706         0 -8.070501e-04    0.001272456     -2.480179e-05            3.910438e-05
11  2013-08-06 10:22:00     39 267.1 182.7 182.7768 5.94344e-05 33.95759 0.1443216  0.006296516  0.006861231   1.718638e-04      0.0001872778         0 -8.070501e-04    0.001272456     -2.480179e-05            3.910438e-05
12  2013-08-06 10:22:15     40 267.1 182.8 182.8791 5.94344e-05 34.05985 0.1443216  0.010739703  0.006861496   2.931409e-04      0.0001872850         0 -8.070501e-04    0.001272456     -2.480179e-05            3.910438e-05
13  2013-08-06 10:22:30     41 267.6 182.7 182.7814 5.94344e-05 33.96210 0.1443216  0.006492893  0.006861242   1.772239e-04      0.0001872781         0 -2.978735e-04    0.001269233     -9.154073e-06            3.900530e-05
14  2013-08-06 10:22:45     42 267.8 182.7 182.7836 5.94344e-05 33.96436 0.1443216  0.006591081  0.006861248   1.799040e-04      0.0001872782         0 -9.420292e-05    0.001267947     -2.894988e-06            3.896579e-05
15  2013-08-06 10:23:00     43 267.8 182.7 182.7859 5.94344e-05 33.96662 0.1443216  0.006689269  0.006861254   1.825841e-04      0.0001872784         0 -9.420292e-05    0.001267947     -2.894988e-06            3.896579e-05
16  2013-08-06 10:23:15     44 268.1 182.8 182.8881 5.94344e-05 34.06888 0.1443216  0.011132455  0.006861519   3.038611e-04      0.0001872856         0  2.113030e-04    0.001266023      6.493639e-06            3.890666e-05
17  2013-08-06 10:23:30     45 268.5 182.7 182.7904 5.94344e-05 33.97114 0.1443216  0.006885645  0.006861266   1.879442e-04      0.0001872787         0  6.186443e-04    0.001263465      1.901181e-05            3.882805e-05
18  2013-08-06 10:23:45     46 268.5 182.8 182.8927 5.94344e-05 34.07340 0.1443216  0.011328832  0.006861531   3.092212e-04      0.0001872860         0  6.186443e-04    0.001263465      1.901181e-05            3.882805e-05
19  2013-08-06 10:24:00     47 268.7 182.9 182.9949 5.94344e-05 34.17566 0.1443216  0.015772018  0.006861797   4.304983e-04      0.0001872932         0  8.223149e-04    0.001262189      2.527089e-05            3.878885e-05
20  2013-08-06 10:24:15     48 269.2 182.7 182.7972 5.94344e-05 33.97792 0.1443216  0.007180210  0.006861283   1.959843e-04      0.0001872792         0  1.331491e-03    0.001259010      4.091861e-05            3.869116e-05
21  2013-08-06 10:24:30     49 269.2 182.9 182.9994 5.94344e-05 34.18018 0.1443216  0.015968394  0.006861808   4.358584e-04      0.0001872935         0  1.331491e-03    0.001259010      4.091861e-05            3.869116e-05
22  2013-08-06 10:24:45     50 269.3 183.0 183.1017 5.94344e-05 34.28244 0.1443216  0.020411580  0.006862075   5.571355e-04      0.0001873008         0  1.433327e-03    0.001258376      4.404815e-05            3.867167e-05
23  2013-08-06 10:25:00     51 269.9 183.0 183.1040 5.94344e-05 34.28470 0.1443216  0.020509768  0.006862081   5.598155e-04      0.0001873010         0  2.044339e-03    0.001254584      6.282540e-05            3.855512e-05
24  2013-08-06 10:25:15     52 269.9 183.1 183.2062 5.94344e-05 34.38696 0.1443216  0.024952955  0.006862348   6.810926e-04      0.0001873083         0  2.044339e-03    0.001254584      6.282540e-05            3.855512e-05
25  2013-08-06 10:25:30     53 269.9 183.0 183.1085 5.94344e-05 34.28922 0.1443216  0.020706145  0.006862093   5.651756e-04      0.0001873013         0  2.044339e-03    0.001254584      6.282540e-05            3.855512e-05
26  2013-08-06 10:25:45     54 270.5 183.0 183.1107 5.94344e-05 34.29148 0.1443216  0.020804333  0.006862099   5.678557e-04      0.0001873014         0  2.655350e-03    0.001250812      8.160266e-05            3.843921e-05
27  2013-08-06 10:26:00     55 270.5 183.0 183.1130 5.94344e-05 34.29374 0.1443216  0.020902521  0.006862105   5.705357e-04      0.0001873016         0  2.655350e-03    0.001250812      8.160266e-05            3.843921e-05
28  2013-08-06 10:26:15     56 270.7 183.0 183.1152 5.94344e-05 34.29600 0.1443216  0.021000709  0.006862110   5.732158e-04      0.0001873018         0  2.859021e-03    0.001249559      8.786174e-05            3.840072e-05
29  2013-08-06 10:26:30     57 271.2 182.8 182.9175 5.94344e-05 34.09826 0.1443216  0.012408901  0.006861595   3.387018e-04      0.0001872877         0  3.368198e-03    0.001246438      1.035095e-04            3.830479e-05
30  2013-08-06 10:26:45     58 271.2 182.9 183.0198 5.94344e-05 34.20052 0.1443216  0.016852088  0.006861861   4.599789e-04      0.0001872950         0  3.368198e-03    0.001246438      1.035095e-04            3.830479e-05
31  2013-08-06 10:27:00     59 271.5 183.2 183.3220 5.94344e-05 34.50278 0.1443216  0.029985270  0.006862652   8.184500e-04      0.0001873166         0  3.673704e-03    0.001244572      1.128981e-04            3.824746e-05
32  2013-08-06 10:27:15     60 271.9 183.2 183.3243 5.94344e-05 34.50504 0.1443216  0.030083458  0.006862658   8.211300e-04      0.0001873167         0  4.081045e-03    0.001242093      1.254163e-04            3.817126e-05
33  2013-08-06 10:27:30     61 271.9 183.1 183.2265 5.94344e-05 34.40730 0.1443216  0.025836648  0.006862402   7.052131e-04      0.0001873097         0  4.081045e-03    0.001242093      1.254163e-04            3.817126e-05
34  2013-08-06 10:27:45     62 272.3 183.2 183.3288 5.94344e-05 34.50956 0.1443216  0.030279834  0.006862670   8.264901e-04      0.0001873170         0  4.488386e-03    0.001239623      1.379344e-04            3.809535e-05
35  2013-08-06 10:28:00     63 272.6 183.1 183.2311 5.94344e-05 34.41182 0.1443216  0.026033024  0.006862413   7.105732e-04      0.0001873100         0  4.793892e-03    0.001237777      1.473230e-04            3.803862e-05
36  2013-08-06 10:28:15     64 272.6 183.2 183.3333 5.94344e-05 34.51408 0.1443216  0.030476211  0.006862682   8.318502e-04      0.0001873174         0  4.793892e-03    0.001237777      1.473230e-04            3.803862e-05
37  2013-08-06 10:28:30     65 273.1 183.1 183.2356 5.94344e-05 34.41634 0.1443216  0.026229401  0.006862425   7.159333e-04      0.0001873104         0  5.303069e-03    0.001234712      1.629708e-04            3.794443e-05
38  2013-08-06 10:28:45     66 273.3 183.1 183.2378 5.94344e-05 34.41860 0.1443216  0.026327589  0.006862431   7.186133e-04      0.0001873105         0  5.506739e-03    0.001233490      1.692298e-04            3.790688e-05
39  2013-08-06 10:29:00     67 273.3 183.0 183.1401 5.94344e-05 34.32086 0.1443216  0.022080779  0.006862175   6.026964e-04      0.0001873035         0  5.506739e-03    0.001233490      1.692298e-04            3.790688e-05
40  2013-08-06 10:29:15     68 273.9 183.2 183.3424 5.94344e-05 34.52312 0.1443216  0.030868963  0.006862706   8.425705e-04      0.0001873180         0  6.117751e-03    0.001229839      1.880071e-04            3.779469e-05
41  2013-08-06 10:29:30     69 273.9 183.1 183.2446 5.94344e-05 34.42538 0.1443216  0.026622153  0.006862449   7.266535e-04      0.0001873110         0  6.117751e-03    0.001229839      1.880071e-04            3.779469e-05
42  2013-08-06 10:29:45     70 274.2 183.1 183.2469 5.94344e-05 34.42764 0.1443216  0.026720342  0.006862455   7.293335e-04      0.0001873112         1  6.423257e-03    0.001228022      1.973957e-04            3.773885e-05
43  2013-08-06 10:30:00     71 274.6 183.2 183.3491 5.94344e-05 34.52990 0.1443216  0.031163528  0.006862723   8.506106e-04      0.0001873185         1  6.830598e-03    0.001225608      2.099139e-04            3.766465e-05
44  2013-08-06 10:30:15     72 274.6 183.0 183.1514 5.94344e-05 34.33216 0.1443216  0.022571720  0.006862205   6.160966e-04      0.0001873044         1  6.830598e-03    0.001225608      2.099139e-04            3.766465e-05
45  2013-08-06 10:30:30     73 275.0 183.2 183.3537 5.94344e-05 34.53442 0.1443216  0.031359904  0.006862735   8.559707e-04      0.0001873188         1  7.237939e-03    0.001223203      2.224321e-04            3.759077e-05
46  2013-08-06 10:30:45     74 275.3 183.0 183.1559 5.94344e-05 34.33668 0.1443216  0.022768096  0.006862217   6.214567e-04      0.0001873047         1  7.543445e-03    0.001221407      2.318207e-04            3.753555e-05
47  2013-08-06 10:31:00     75 275.3 183.1 183.2582 5.94344e-05 34.43894 0.1443216  0.027211282  0.006862485   7.427338e-04      0.0001873120         1  7.543445e-03    0.001221407      2.318207e-04            3.753555e-05
48  2013-08-06 10:31:15     76 275.9 183.1 183.2604 5.94344e-05 34.44120 0.1443216  0.027309471  0.006862491   7.454139e-04      0.0001873121         1  8.154457e-03    0.001217830      2.505979e-04            3.742563e-05
49  2013-08-06 10:31:30     77 276.0 183.2 183.3627 5.94344e-05 34.54346 0.1443216  0.031752657  0.006862759   8.666909e-04      0.0001873195         1  8.256292e-03    0.001217236      2.537275e-04            3.740738e-05
50  2013-08-06 10:31:45     78 276.1 183.0 183.1650 5.94344e-05 34.34572 0.1443216  0.023160849  0.006862240   6.321769e-04      0.0001873053         1  8.358128e-03    0.001216643      2.568570e-04            3.738915e-05
51  2013-08-06 10:32:00     79 276.7 183.3 183.4672 5.94344e-05 34.64798 0.1443216  0.036294031  0.006863034   9.906480e-04      0.0001873270         1  8.969140e-03    0.001213097      2.756343e-04            3.728017e-05
52  2013-08-06 10:32:15     80 276.7 183.2 183.3695 5.94344e-05 34.55024 0.1443216  0.032047221  0.006862777   8.747311e-04      0.0001873200         1  8.969140e-03    0.001213097      2.756343e-04            3.728017e-05
53  2013-08-06 10:32:30     81 277.0 183.2 183.3717 5.94344e-05 34.55250 0.1443216  0.032145409  0.006862783   8.774111e-04      0.0001873201         1  9.274646e-03    0.001211332      2.850229e-04            3.722594e-05
54  2013-08-06 10:32:45     82 277.3 183.2 183.3740 5.94344e-05 34.55476 0.1443216  0.032243598  0.006862789   8.800912e-04      0.0001873203         1  9.580152e-03    0.001209573      2.944115e-04            3.717189e-05
55  2013-08-06 10:33:00     83 277.3 183.2 183.3763 5.94344e-05 34.55702 0.1443216  0.032341786  0.006862795   8.827712e-04      0.0001873205         1  9.580152e-03    0.001209573      2.944115e-04            3.717189e-05
56  2013-08-06 10:33:15     84 277.8 183.2 183.3785 5.94344e-05 34.55928 0.1443216  0.032439974  0.006862801   8.854513e-04      0.0001873206         1  1.008933e-02    0.001206655      3.100593e-04            3.708220e-05
57  2013-08-06 10:33:30     85 278.0 183.2 183.3808 5.94344e-05 34.56154 0.1443216  0.032538162  0.006862807   8.881313e-04      0.0001873208         1  1.029300e-02    0.001205492      3.163183e-04            3.704646e-05
58  2013-08-06 10:33:45     86 278.1 183.4 183.5830 5.94344e-05 34.76380 0.1443216  0.041326346  0.006863341   1.128005e-03      0.0001873353         1  1.039483e-02    0.001204911      3.194479e-04            3.702862e-05
59  2013-08-06 10:34:00     87 278.7 183.3 183.4853 5.94344e-05 34.66606 0.1443216  0.037079536  0.006863082   1.012088e-03      0.0001873283         1  1.100585e-02    0.001201442      3.382251e-04            3.692201e-05
60  2013-08-06 10:34:15     88 278.7 183.2 183.3876 5.94344e-05 34.56832 0.1443216  0.032832727  0.006862825   8.961715e-04      0.0001873213         1  1.100585e-02    0.001201442      3.382251e-04            3.692201e-05
61  2013-08-06 10:34:30     89 278.9 183.4 183.5898 5.94344e-05 34.77058 0.1443216  0.041620911  0.006863359   1.136046e-03      0.0001873358         1  1.120952e-02    0.001200291      3.444842e-04            3.688663e-05
62  2013-08-06 10:34:45     90 279.4 183.3 183.4921 5.94344e-05 34.67284 0.1443216  0.037374101  0.006863100   1.020129e-03      0.0001873288         1  1.171869e-02    0.001197425      3.601319e-04            3.679855e-05
63  2013-08-06 10:35:00     91 279.4 183.2 183.3943 5.94344e-05 34.57509 0.1443216  0.033127291  0.006862842   9.042117e-04      0.0001873217         1  1.171869e-02    0.001197425      3.601319e-04            3.679855e-05
64  2013-08-06 10:35:15     92 279.8 183.2 183.3966 5.94344e-05 34.57735 0.1443216  0.033225479  0.006862848   9.068917e-04      0.0001873219         1  1.212603e-02    0.001195144      3.726501e-04            3.672844e-05
65  2013-08-06 10:35:30     93 280.1 183.1 183.2989 5.94344e-05 34.47961 0.1443216  0.028978669  0.006862591   7.909748e-04      0.0001873149         1  1.243154e-02    0.001193440      3.820387e-04            3.667608e-05
66  2013-08-06 10:35:45     94 280.1 183.2 183.4011 5.94344e-05 34.58187 0.1443216  0.033421856  0.006862860   9.122518e-04      0.0001873222         1  1.243154e-02    0.001193440      3.820387e-04            3.667608e-05
67  2013-08-06 10:36:00     95 280.6 183.3 183.5034 5.94344e-05 34.68413 0.1443216  0.037865042  0.006863130   1.033529e-03      0.0001873296         1  1.294072e-02    0.001190613      3.976864e-04            3.658922e-05
68  2013-08-06 10:36:15     96 280.7 183.2 183.4056 5.94344e-05 34.58639 0.1443216  0.033618232  0.006862872   9.176119e-04      0.0001873226         1  1.304255e-02    0.001190050      4.008160e-04            3.657191e-05
69  2013-08-06 10:36:30     97 281.0 183.2 183.4079 5.94344e-05 34.58865 0.1443216  0.033716420  0.006862878   9.202920e-04      0.0001873227         1  1.334806e-02    0.001188364      4.102046e-04            3.652011e-05
70  2013-08-06 10:36:45     98 281.4 183.1 183.3102 5.94344e-05 34.49091 0.1443216  0.029469610  0.006862621   8.043750e-04      0.0001873157         1  1.375540e-02    0.001186126      4.227228e-04            3.645133e-05
71  2013-08-06 10:37:00     99 281.4 183.4 183.6124 5.94344e-05 34.79317 0.1443216  0.042602792  0.006863418   1.162846e-03      0.0001873375         1  1.375540e-02    0.001186126      4.227228e-04            3.645133e-05
72  2013-08-06 10:37:15    100 281.8 183.3 183.5147 5.94344e-05 34.69543 0.1443216  0.038355983  0.006863160   1.046929e-03      0.0001873304         1  1.416274e-02    0.001183899      4.352409e-04            3.638288e-05
73  2013-08-06 10:37:30    101 282.1 183.3 183.5169 5.94344e-05 34.69769 0.1443216  0.038454171  0.006863166   1.049609e-03      0.0001873306         1  1.446825e-02    0.001182236      4.446296e-04            3.633177e-05
74  2013-08-06 10:37:45    102 282.2 183.3 183.5192 5.94344e-05 34.69995 0.1443216  0.038552359  0.006863172   1.052289e-03      0.0001873307         1  1.457008e-02    0.001181683      4.477591e-04            3.631477e-05
75  2013-08-06 10:38:00    103 282.8 183.4 183.6215 5.94344e-05 34.80221 0.1443216  0.042995545  0.006863442   1.173566e-03      0.0001873381         1  1.518109e-02    0.001178379      4.665364e-04            3.621324e-05
76  2013-08-06 10:38:15    104 282.8 183.4 183.6237 5.94344e-05 34.80447 0.1443216  0.043093733  0.006863448   1.176246e-03      0.0001873383         1  1.518109e-02    0.001178379      4.665364e-04            3.621324e-05
77  2013-08-06 10:38:30    105 283.0 183.5 183.7260 5.94344e-05 34.90673 0.1443216  0.047536920  0.006863720   1.297523e-03      0.0001873457         1  1.538476e-02    0.001177283      4.727955e-04            3.617957e-05
78  2013-08-06 10:38:45    106 283.5 183.6 183.8282 5.94344e-05 35.00899 0.1443216  0.051980106  0.006863992   1.418801e-03      0.0001873531         1  1.589394e-02    0.001174556      4.884432e-04            3.609576e-05
79  2013-08-06 10:39:00    107 283.5 183.5 183.7305 5.94344e-05 34.91125 0.1443216  0.047733296  0.006863732   1.302884e-03      0.0001873460         1  1.589394e-02    0.001174556      4.884432e-04            3.609576e-05
80  2013-08-06 10:39:15    108 284.0 183.6 183.8328 5.94344e-05 35.01351 0.1443216  0.052176482  0.006864004   1.424161e-03      0.0001873535         1  1.640312e-02    0.001171847      5.040909e-04            3.601250e-05
81  2013-08-06 10:39:30    109 284.1 183.6 183.8350 5.94344e-05 35.01577 0.1443216  0.052274670  0.006864010   1.426841e-03      0.0001873536         1  1.650495e-02    0.001171307      5.072204e-04            3.599591e-05
82  2013-08-06 10:39:45    110 284.2 183.6 183.8373 5.94344e-05 35.01803 0.1443216  0.052372858  0.006864016   1.429521e-03      0.0001873538         1  1.660679e-02    0.001170768      5.103500e-04            3.597934e-05
83  2013-08-06 10:40:00    111 284.8 183.6 183.8395 5.94344e-05 35.02029 0.1443216  0.052471047  0.006864022   1.432201e-03      0.0001873539         1  1.721780e-02    0.001167548      5.291272e-04            3.588040e-05
84  2013-08-06 10:40:15    112 284.8 183.6 183.8418 5.94344e-05 35.02255 0.1443216  0.052569235  0.006864028   1.434881e-03      0.0001873541         1  1.721780e-02    0.001167548      5.291272e-04            3.588040e-05
85  2013-08-06 10:40:30    113 285.0 183.5 183.7441 5.94344e-05 34.92481 0.1443216  0.048322425  0.006863768   1.318964e-03      0.0001873470         1  1.742147e-02    0.001166481      5.353863e-04            3.584760e-05
86  2013-08-06 10:40:45    114 285.5 183.6 183.8463 5.94344e-05 35.02707 0.1443216  0.052765611  0.006864040   1.440241e-03      0.0001873544         1  1.793065e-02    0.001163825      5.510340e-04            3.576597e-05
87  2013-08-06 10:41:00    115 285.5 183.7 183.9486 5.94344e-05 35.12933 0.1443216  0.057208797  0.006864313   1.561518e-03      0.0001873619         1  1.793065e-02    0.001163825      5.510340e-04            3.576597e-05
88  2013-08-06 10:41:15    116 285.8 183.6 183.8508 5.94344e-05 35.03159 0.1443216  0.052961987  0.006864052   1.445601e-03      0.0001873548         1  1.823615e-02    0.001162240      5.604226e-04            3.571726e-05
89  2013-08-06 10:41:30    117 286.2 183.7 183.9531 5.94344e-05 35.13385 0.1443216  0.057405174  0.006864325   1.566878e-03      0.0001873622         1  1.864349e-02    0.001160136      5.729408e-04            3.565262e-05
90  2013-08-06 10:41:45    118 286.2 183.7 183.9554 5.94344e-05 35.13611 0.1443216  0.057503362  0.006864331   1.569558e-03      0.0001873624         1  1.864349e-02    0.001160136      5.729408e-04            3.565262e-05
91  2013-08-06 10:42:00    119 286.8 183.8 184.0576 5.94344e-05 35.23837 0.1443216  0.061946548  0.006864605   1.690835e-03      0.0001873699         1  1.925451e-02    0.001157003      5.917181e-04            3.555634e-05
92  2013-08-06 10:42:15    120 286.9 183.6 183.8599 5.94344e-05 35.04063 0.1443216  0.053354740  0.006864076   1.456321e-03      0.0001873554         1  1.935634e-02    0.001156484      5.948476e-04            3.554037e-05
93  2013-08-06 10:42:30    121 286.9 183.7 183.9621 5.94344e-05 35.14289 0.1443216  0.057797926  0.006864350   1.577598e-03      0.0001873629         1  1.935634e-02    0.001156484      5.948476e-04            3.554037e-05
94  2013-08-06 10:42:45    122 287.5 183.8 184.0644 5.94344e-05 35.24515 0.1443216  0.062241112  0.006864624   1.698875e-03      0.0001873704         1  1.996735e-02    0.001153382      6.136249e-04            3.544504e-05
95  2013-08-06 10:43:00    123 287.5 183.7 183.9667 5.94344e-05 35.14741 0.1443216  0.057994303  0.006864362   1.582958e-03      0.0001873632         1  1.996735e-02    0.001153382      6.136249e-04            3.544504e-05
96  2013-08-06 10:43:15    124 287.9 183.7 183.9689 5.94344e-05 35.14967 0.1443216  0.058092491  0.006864368   1.585638e-03      0.0001873634         1  2.037469e-02    0.001151328      6.261430e-04            3.538194e-05
97  2013-08-06 10:43:30    125 288.2 183.6 183.8712 5.94344e-05 35.05193 0.1443216  0.053845681  0.006864106   1.469722e-03      0.0001873563         1  2.068020e-02    0.001149796      6.355317e-04            3.533486e-05
98  2013-08-06 10:43:45    126 288.2 183.6 183.8734 5.94344e-05 35.05419 0.1443216  0.053943869  0.006864112   1.472402e-03      0.0001873564         1  2.068020e-02    0.001149796      6.355317e-04            3.533486e-05
99  2013-08-06 10:44:00    127 288.7 183.7 183.9757 5.94344e-05 35.15645 0.1443216  0.058387055  0.006864386   1.593679e-03      0.0001873639         1  2.118938e-02    0.001147258      6.511794e-04            3.525684e-05
100 2013-08-06 10:44:15    128 288.9 183.6 183.8780 5.94344e-05 35.05871 0.1443216  0.054140245  0.006864125   1.477762e-03      0.0001873567         1  2.139305e-02    0.001146247      6.574385e-04            3.522580e-05
101 2013-08-06 10:44:30    129 289.0 183.7 183.9802 5.94344e-05 35.16097 0.1443216  0.058583432  0.006864398   1.599039e-03      0.0001873642         1  2.149488e-02    0.001145744      6.605680e-04            3.521031e-05
102 2013-08-06 10:44:45    130 289.6 183.7 183.9825 5.94344e-05 35.16323 0.1443216  0.058681620  0.006864404   1.601719e-03      0.0001873644         1  2.210589e-02    0.001142736      6.793453e-04            3.511788e-05
103 2013-08-06 10:45:00    131 289.6 183.6 183.8847 5.94344e-05 35.06549 0.1443216  0.054434810  0.006864143   1.485802e-03      0.0001873572         1  2.210589e-02    0.001142736      6.793453e-04            3.511788e-05
104 2013-08-06 10:45:15    132 289.9 183.6 183.8870 5.94344e-05 35.06775 0.1443216  0.054532998  0.006864149   1.488482e-03      0.0001873574         1  2.241140e-02    0.001141242      6.887339e-04            3.507198e-05
105 2013-08-06 10:45:30    133 290.3 183.6 183.8893 5.94344e-05 35.07001 0.1443216  0.054631186  0.006864155   1.491162e-03      0.0001873576         1  2.281874e-02    0.001139261      7.012521e-04            3.501110e-05
106 2013-08-06 10:45:45    134 290.3 183.7 183.9915 5.94344e-05 35.17227 0.1443216  0.059074372  0.006864428   1.612439e-03      0.0001873650         1  2.281874e-02    0.001139261      7.012521e-04            3.501110e-05
107 2013-08-06 10:46:00    135 290.9 183.7 183.9938 5.94344e-05 35.17453 0.1443216  0.059172561  0.006864434   1.615119e-03      0.0001873652         1  2.342975e-02    0.001136313      7.200293e-04            3.492050e-05
108 2013-08-06 10:46:15    136 290.9 183.7 183.9960 5.94344e-05 35.17679 0.1443216  0.059270749  0.006864440   1.617799e-03      0.0001873654         1  2.342975e-02    0.001136313      7.200293e-04            3.492050e-05
109 2013-08-06 10:46:30    137 291.1 183.7 183.9983 5.94344e-05 35.17905 0.1443216  0.059368937  0.006864446   1.620479e-03      0.0001873655         1  2.363342e-02    0.001135337      7.262884e-04            3.489049e-05
110 2013-08-06 10:46:45    138 291.6 183.7 184.0006 5.94344e-05 35.18131 0.1443216  0.059467125  0.006864452   1.623159e-03      0.0001873657         1  2.414260e-02    0.001132909      7.419361e-04            3.481589e-05
111 2013-08-06 10:47:00    139 291.6 183.8 184.1028 5.94344e-05 35.28357 0.1443216  0.063910311  0.006864727   1.744436e-03      0.0001873732         1  2.414260e-02    0.001132909      7.419361e-04            3.481589e-05
112 2013-08-06 10:47:15    140 292.2 183.7 184.0051 5.94344e-05 35.18582 0.1443216  0.059663501  0.006864464   1.628519e-03      0.0001873660         1  2.475361e-02    0.001130022      7.607134e-04            3.472716e-05
113 2013-08-06 10:47:30    141 292.3 183.5 183.8073 5.94344e-05 34.98808 0.1443216  0.051071693  0.006863936   1.394005e-03      0.0001873516         1  2.485545e-02    0.001129543      7.638429e-04            3.471245e-05
114 2013-08-06 10:47:45    142 292.4 183.6 183.9096 5.94344e-05 35.09034 0.1443216  0.055514880  0.006864209   1.515282e-03      0.0001873591         1  2.495728e-02    0.001129065      7.669724e-04            3.469777e-05
115 2013-08-06 10:48:00    143 293.0 183.7 184.0119 5.94344e-05 35.19260 0.1443216  0.059958066  0.006864483   1.636559e-03      0.0001873665         1  2.556830e-02    0.001126216      7.857497e-04            3.461020e-05
116 2013-08-06 10:48:15    144 293.0 183.9 184.2141 5.94344e-05 35.39486 0.1443216  0.068746250  0.006865026   1.876434e-03      0.0001873814         1  2.556830e-02    0.001126216      7.857497e-04            3.461020e-05
117 2013-08-06 10:48:30    145 293.5 183.8 184.1164 5.94344e-05 35.29712 0.1443216  0.064499440  0.006864763   1.760517e-03      0.0001873742         1  2.607747e-02    0.001123863      8.013974e-04            3.453790e-05
118 2013-08-06 10:48:45    146 293.7 183.7 184.0186 5.94344e-05 35.19938 0.1443216  0.060252630  0.006864501   1.644600e-03      0.0001873670         1  2.628114e-02    0.001122928      8.076565e-04            3.450915e-05
119 2013-08-06 10:49:00    147 293.7 183.6 183.9209 5.94344e-05 35.10164 0.1443216  0.056005821  0.006864239   1.528683e-03      0.0001873599         1  2.628114e-02    0.001122928      8.076565e-04            3.450915e-05
120 2013-08-06 10:49:15    148 294.3 183.7 184.0232 5.94344e-05 35.20390 0.1443216  0.060449007  0.006864513   1.649960e-03      0.0001873673         1  2.689215e-02    0.001120141      8.264337e-04            3.442350e-05
121 2013-08-06 10:49:30    149 294.3 183.8 184.1254 5.94344e-05 35.30616 0.1443216  0.064892193  0.006864787   1.771237e-03      0.0001873748         1  2.689215e-02    0.001120141      8.264337e-04            3.442350e-05
122 2013-08-06 10:49:45    150 294.8 183.8 184.1277 5.94344e-05 35.30842 0.1443216  0.064990381  0.006864793   1.773917e-03      0.0001873750         1  2.740133e-02    0.001117840      8.420815e-04            3.435280e-05
123 2013-08-06 10:50:00    151 295.0 183.7 184.0299 5.94344e-05 35.21068 0.1443216  0.060743571  0.006864531   1.658000e-03      0.0001873678         1  2.760500e-02    0.001116926      8.483405e-04            3.432470e-05
124 2013-08-06 10:50:15    152 295.1 183.9 184.2322 5.94344e-05 35.41294 0.1443216  0.069531755  0.006865075   1.897874e-03      0.0001873827         1  2.770684e-02    0.001116470      8.514701e-04            3.431069e-05
125 2013-08-06 10:50:30    153 295.6 183.9 184.2345 5.94344e-05 35.41520 0.1443216  0.069629944  0.006865081   1.900554e-03      0.0001873829         1  2.821601e-02    0.001114202      8.671178e-04            3.424100e-05
126 2013-08-06 10:50:45    154 295.7 184.0 184.3367 5.94344e-05 35.51746 0.1443216  0.074073130  0.006865357   2.021831e-03      0.0001873904         1  2.831785e-02    0.001113751      8.702473e-04            3.422713e-05
127 2013-08-06 10:51:00    155 296.1 184.1 184.4390 5.94344e-05 35.61972 0.1443216  0.078516316  0.006865634   2.143108e-03      0.0001873979         1  2.872519e-02    0.001111955      8.827655e-04            3.417194e-05
128 2013-08-06 10:51:15    156 296.4 184.1 184.4412 5.94344e-05 35.62198 0.1443216  0.078614504  0.006865640   2.145788e-03      0.0001873981         1  2.903070e-02    0.001110616      8.921541e-04            3.413080e-05
129 2013-08-06 10:51:30    157 296.4 184.1 184.4435 5.94344e-05 35.62424 0.1443216  0.078712692  0.006865646   2.148468e-03      0.0001873983         1  2.903070e-02    0.001110616      8.921541e-04            3.413080e-05
130 2013-08-06 10:51:45    158 297.0 184.1 184.4457 5.94344e-05 35.62650 0.1443216  0.078810880  0.006865652   2.151148e-03      0.0001873984         1  2.964171e-02    0.001107962      9.109314e-04            3.404923e-05
131 2013-08-06 10:52:00    159 297.1 184.1 184.4480 5.94344e-05 35.62876 0.1443216  0.078909069  0.006865658   2.153828e-03      0.0001873986         1  2.974354e-02    0.001107523      9.140609e-04            3.403573e-05
132 2013-08-06 10:52:15    160 297.6 183.8 184.1503 5.94344e-05 35.33102 0.1443216  0.065972263  0.006864854   1.800717e-03      0.0001873767         1  3.025272e-02    0.001105338      9.297086e-04            3.396858e-05
133 2013-08-06 10:52:30    161 297.7 183.9 184.2525 5.94344e-05 35.43328 0.1443216  0.070415449  0.006865130   1.921994e-03      0.0001873842         1  3.035455e-02    0.001104903      9.328382e-04            3.395523e-05
134 2013-08-06 10:52:45    162 297.7 184.0 184.3548 5.94344e-05 35.53554 0.1443216  0.074858635  0.006865406   2.043272e-03      0.0001873917         1  3.035455e-02    0.001104903      9.328382e-04            3.395523e-05
135 2013-08-06 10:53:00    163 298.3 183.9 184.2570 5.94344e-05 35.43780 0.1443216  0.070611825  0.006865142   1.927355e-03      0.0001873845         1  3.096557e-02    0.001102314      9.516154e-04            3.387567e-05
136 2013-08-06 10:53:15    164 298.4 183.9 184.2593 5.94344e-05 35.44006 0.1443216  0.070710013  0.006865148   1.930035e-03      0.0001873847         1  3.106740e-02    0.001101886      9.547450e-04            3.386250e-05
137 2013-08-06 10:53:30    165 298.6 183.8 184.1616 5.94344e-05 35.34232 0.1443216  0.066463204  0.006864885   1.814118e-03      0.0001873775         1  3.127107e-02    0.001101031      9.610041e-04            3.383624e-05
138 2013-08-06 10:53:45    166 299.1 184.0 184.3638 5.94344e-05 35.54458 0.1443216  0.075251388  0.006865430   2.053992e-03      0.0001873924         1  3.178025e-02    0.001098910      9.766518e-04            3.377105e-05
139 2013-08-06 10:54:00    167 299.1 184.0 184.3661 5.94344e-05 35.54684 0.1443216  0.075349576  0.006865436   2.056672e-03      0.0001873926         1  3.178025e-02    0.001098910      9.766518e-04            3.377105e-05
140 2013-08-06 10:54:15    168 299.5 184.0 184.3683 5.94344e-05 35.54910 0.1443216  0.075447764  0.006865443   2.059352e-03      0.0001873927         1  3.218759e-02    0.001097228      9.891700e-04            3.371937e-05
141 2013-08-06 10:54:30    169 299.8 184.1 184.4706 5.94344e-05 35.65136 0.1443216  0.079890950  0.006865720   2.180629e-03      0.0001874003         1  3.249310e-02    0.001095976      9.985586e-04            3.368089e-05
142 2013-08-06 10:54:45    170 299.8 184.1 184.4729 5.94344e-05 35.65362 0.1443216  0.079989138  0.006865726   2.183309e-03      0.0001874005         1  3.249310e-02    0.001095976      9.985586e-04            3.368089e-05
143 2013-08-06 10:55:00    171 300.4 184.1 184.4751 5.94344e-05 35.65588 0.1443216  0.080087327  0.006865732   2.185989e-03      0.0001874006         1  3.310411e-02    0.001093495      1.017336e-03            3.360465e-05
144 2013-08-06 10:55:15    172 300.5 184.1 184.4774 5.94344e-05 35.65814 0.1443216  0.080185515  0.006865738   2.188669e-03      0.0001874008         1  3.320594e-02    0.001093085      1.020465e-03            3.359203e-05
145 2013-08-06 10:55:30    173 300.6 183.9 184.2796 5.94344e-05 35.46040 0.1443216  0.071593707  0.006865203   1.954155e-03      0.0001873862         1  3.330778e-02    0.001092675      1.023595e-03            3.357945e-05
146 2013-08-06 10:55:45    174 301.1 184.0 184.3819 5.94344e-05 35.56266 0.1443216  0.076036893  0.006865479   2.075432e-03      0.0001873937         1  3.381696e-02    0.001090640      1.039243e-03            3.351691e-05
147 2013-08-06 10:56:00    175 301.1 184.1 184.4842 5.94344e-05 35.66492 0.1443216  0.080480079  0.006865757   2.196709e-03      0.0001874013         1  3.381696e-02    0.001090640      1.039243e-03            3.351691e-05
148 2013-08-06 10:56:15    176 301.7 184.1 184.4864 5.94344e-05 35.66718 0.1443216  0.080578267  0.006865763   2.199389e-03      0.0001874015         1  3.442797e-02    0.001088227      1.058020e-03            3.344276e-05
149 2013-08-06 10:56:30    177 301.8 184.1 184.4887 5.94344e-05 35.66944 0.1443216  0.080676456  0.006865769   2.202069e-03      0.0001874016         1  3.452980e-02    0.001087828      1.061149e-03            3.343050e-05
150 2013-08-06 10:56:45    178 301.9 184.1 184.4909 5.94344e-05 35.67170 0.1443216  0.080774644  0.006865775   2.204749e-03      0.0001874018         1  3.463164e-02    0.001087430      1.064279e-03            3.341826e-05
151 2013-08-06 10:57:00    179 302.4 184.1 184.4932 5.94344e-05 35.67396 0.1443216  0.080872832  0.006865781   2.207429e-03      0.0001874020         1  3.514081e-02    0.001085453      1.079927e-03            3.335748e-05
152 2013-08-06 10:57:15    180 302.5 184.3 184.6955 5.94344e-05 35.87622 0.1443216  0.089661016  0.006866332   2.447304e-03      0.0001874170         1  3.524265e-02    0.001085060      1.083056e-03            3.334541e-05
153 2013-08-06 10:57:30    181 303.0 184.2 184.5977 5.94344e-05 35.77848 0.1443216  0.085414206  0.006866065   2.331387e-03      0.0001874097         1  3.575183e-02    0.001083109      1.098704e-03            3.328545e-05
154 2013-08-06 10:57:45    182 303.2 184.2 184.6000 5.94344e-05 35.78074 0.1443216  0.085512394  0.006866071   2.334067e-03      0.0001874099         1  3.595550e-02    0.001082335      1.104963e-03            3.326166e-05
155 2013-08-06 10:58:00    183 303.2 184.2 184.6022 5.94344e-05 35.78300 0.1443216  0.085610583  0.006866078   2.336747e-03      0.0001874101         1  3.595550e-02    0.001082335      1.104963e-03            3.326166e-05
156 2013-08-06 10:58:15    184 303.7 184.2 184.6045 5.94344e-05 35.78526 0.1443216  0.085708771  0.006866084   2.339427e-03      0.0001874102         1  3.646467e-02    0.001080415      1.120611e-03            3.320267e-05
157 2013-08-06 10:58:30    185 303.9 184.2 184.6068 5.94344e-05 35.78752 0.1443216  0.085806959  0.006866090   2.342107e-03      0.0001874104         1  3.666834e-02    0.001079653      1.126870e-03            3.317927e-05
158 2013-08-06 10:58:45    186 304.0 184.3 184.7090 5.94344e-05 35.88978 0.1443216  0.090250145  0.006866369   2.463384e-03      0.0001874180         1  3.677018e-02    0.001079274      1.129999e-03            3.316761e-05
159 2013-08-06 10:59:00    187 304.5 184.1 184.5113 5.94344e-05 35.69204 0.1443216  0.081658337  0.006865830   2.228870e-03      0.0001874033         1  3.727936e-02    0.001077391      1.145647e-03            3.310973e-05
160 2013-08-06 10:59:15    188 304.5 184.2 184.6135 5.94344e-05 35.79430 0.1443216  0.086101523  0.006866108   2.350147e-03      0.0001874109         1  3.727936e-02    0.001077391      1.145647e-03            3.310973e-05
161 2013-08-06 10:59:30    189 304.9 184.4 184.8158 5.94344e-05 35.99655 0.1443216  0.094889708  0.006866661   2.590021e-03      0.0001874260         1  3.768670e-02    0.001075900      1.158165e-03            3.306392e-05
162 2013-08-06 10:59:45    190 305.2 184.4 184.8181 5.94344e-05 35.99881 0.1443216  0.094987896  0.006866667   2.592701e-03      0.0001874261         1  3.799220e-02    0.001074792      1.167554e-03            3.302987e-05
163 2013-08-06 11:00:00    191 305.3 184.4 184.8203 5.94344e-05 36.00107 0.1443216  0.095086084  0.006866673   2.595381e-03      0.0001874263         1  3.809404e-02    0.001074424      1.170683e-03            3.301857e-05
164 2013-08-06 11:00:15    192 305.9 184.2 184.6226 5.94344e-05 35.80333 0.1443216  0.086494276  0.006866133   2.360867e-03      0.0001874116         1  3.870505e-02    0.001072238      1.189461e-03            3.295138e-05
165 2013-08-06 11:00:30    193 305.9 184.3 184.7248 5.94344e-05 35.90559 0.1443216  0.090937462  0.006866412   2.482144e-03      0.0001874192         1  3.870505e-02    0.001072238      1.189461e-03            3.295138e-05
166 2013-08-06 11:00:45    194 306.1 184.3 184.7271 5.94344e-05 35.90785 0.1443216  0.091035650  0.006866418   2.484824e-03      0.0001874194         1  3.890872e-02    0.001071517      1.195720e-03            3.292922e-05
167 2013-08-06 11:01:00    195 306.6 184.3 184.7294 5.94344e-05 35.91011 0.1443216  0.091133839  0.006866424   2.487504e-03      0.0001874195         1  3.941790e-02    0.001069729      1.211367e-03            3.287429e-05
168 2013-08-06 11:01:15    196 306.6 184.2 184.6316 5.94344e-05 35.81237 0.1443216  0.086887029  0.006866158   2.371587e-03      0.0001874122         1  3.941790e-02    0.001069729      1.211367e-03            3.287429e-05
169 2013-08-06 11:01:30    197 307.1 184.2 184.6339 5.94344e-05 35.81463 0.1443216  0.086985217  0.006866164   2.374267e-03      0.0001874124         1  3.992707e-02    0.001067965      1.227015e-03            3.282008e-05
170 2013-08-06 11:01:45    198 307.3 184.3 184.7361 5.94344e-05 35.91689 0.1443216  0.091428403  0.006866443   2.495544e-03      0.0001874200         1  4.013074e-02    0.001067266      1.233274e-03            3.279860e-05
171 2013-08-06 11:02:00    199 307.3 184.3 184.7384 5.94344e-05 35.91915 0.1443216  0.091526591  0.006866449   2.498225e-03      0.0001874202         1  4.013074e-02    0.001067266      1.233274e-03            3.279860e-05
172 2013-08-06 11:02:15    200 307.9 184.3 184.7407 5.94344e-05 35.92141 0.1443216  0.091624779  0.006866455   2.500905e-03      0.0001874204         1  4.074176e-02    0.001065192      1.252052e-03            3.273484e-05
173 2013-08-06 11:02:30    201 308.1 184.3 184.7429 5.94344e-05 35.92367 0.1443216  0.091722968  0.006866462   2.503585e-03      0.0001874205         0  4.094543e-02    0.001064508      1.258311e-03            3.271382e-05
174 2013-08-06 11:02:45    202 308.6 184.4 184.8452 5.94344e-05 36.02593 0.1443216  0.096166154  0.006866742   2.624862e-03      0.0001874282         0  4.145460e-02    0.001062814      1.273958e-03            3.266177e-05
175 2013-08-06 11:03:00    203 308.6 184.4 184.8474 5.94344e-05 36.02819 0.1443216  0.096264342  0.006866748   2.627542e-03      0.0001874283         0  4.145460e-02    0.001062814      1.273958e-03            3.266177e-05
176 2013-08-06 11:03:15    204 308.7 184.3 184.7497 5.94344e-05 35.93045 0.1443216  0.092017532  0.006866480   2.511625e-03      0.0001874210         0  4.155644e-02    0.001062478      1.277088e-03            3.265145e-05

$dryleafvolt
            timestamp record LWSmV  SEmV    CSEmV    CSEmV.sd   loadmV loadmV.sd
1 2013-08-06 10:18:15     24 265.1 182.6 182.6429 5.94344e-05 33.82369 0.1443216
2 2013-08-06 10:18:30     25 265.1 182.6 182.6452 5.94344e-05 33.82595 0.1443216
3 2013-08-06 10:18:45     26 265.1 182.7 182.7475 5.94344e-05 33.92821 0.1443216
4 2013-08-06 10:19:00     27 265.1 182.6 182.6497 5.94344e-05 33.83047 0.1443216
5 2013-08-06 10:19:15     28 265.1 182.5 182.5520 5.94344e-05 33.73273 0.1443216
6 2013-08-06 10:19:30     29 265.1 182.5 182.5542 5.94344e-05 33.73499 0.1443216

$runtime
Time difference of 43.75 mins

$startcalibvolt
            timestamp record LWSmV  SEmV    CSEmV    CSEmV.sd   loadmV loadmV.sd
1 2013-08-06 10:14:00      7 264.4 271.6 271.6045 5.94344e-05 122.7853 0.1443216
2 2013-08-06 10:14:15      8 264.4 271.5 271.5068 5.94344e-05 122.6875 0.1443216
3 2013-08-06 10:14:30      9 264.4 271.4 271.4090 5.94344e-05 122.5898 0.1443216
4 2013-08-06 10:14:45     10 264.4 271.4 271.4113 5.94344e-05 122.5921 0.1443216
5 2013-08-06 10:15:00     11 264.4 271.5 271.5136 5.94344e-05 122.6943 0.1443216

$endcalibvolt
            timestamp record LWSmV  SEmV
1 2013-08-06 11:06:45    218 265.1 270.9
2 2013-08-06 11:07:00    219 265.1 271.1
3 2013-08-06 11:07:15    220 265.1 270.9
4 2013-08-06 11:07:30    221 265.1 270.8
5 2013-08-06 11:07:45    222 265.1 270.8

$lastLWSvolt
[1] 307.9

$maxLWSvolt
[1] 309.2

$species
[1] "redwood"

$trial
[1] "5"

$replicate
[1] "1"

$isvertical
[1] FALSE

$conversionfactor
         avg        stdev
1 0.04344998 2.286116e-05

$LWSwatermass
         avg       stdev
1 0.02878252 0.004789403

$dryleafmass
      avg       stdev
1 1.46916 0.002674188

$lwsmodel

Call:
lm(formula = LWSsurfacedensity ~ record, data = rd[rd$runfilter == 
    1, ])

Coefficients:
(Intercept)       record  
 -3.749e-04    8.103e-06  


$leafmodel

Call:
lm(formula = surfacedensity ~ record, data = rd[rd$runfilter == 
    1, ])

Coefficients:
(Intercept)       record  
 -2.693e-04    1.409e-05  


