$name
[1] "redwood2"

$leafarea
[1] 25.92582

$startbasevolt
            timestamp record LWSmV  SEmV CSEmV CSEmV.sd      loadmV  loadmV.sd
1 2013-08-03 14:22:00      3 264.5 150.1 150.1        0  0.01904297 0.06256852
2 2013-08-03 14:22:15      4 264.5 150.2 150.2        0  0.11904297 0.06256852
3 2013-08-03 14:22:30      5 264.5 150.1 150.1        0  0.01904297 0.06256852
4 2013-08-03 14:22:45      6 264.5 150.0 150.0        0 -0.08095703 0.06256852
5 2013-08-03 14:23:00      7 264.4 150.0 150.0        0 -0.08095703 0.06256852
6 2013-08-03 14:23:15      8 264.4 150.1 150.1        0  0.01904297 0.06256852

$endbasevolt
            timestamp record LWSmV  SEmV    CSEmV     CSEmV.sd      loadmV  loadmV.sd
1 2013-08-03 15:26:15    260 265.1 149.5 150.0988 2.353375e-05  0.01787109 0.06256853
2 2013-08-03 15:26:30    261 265.1 149.5 150.1012 2.353375e-05  0.02024740 0.06256853
3 2013-08-03 15:26:45    262 265.1 149.5 150.1036 2.353375e-05  0.02262370 0.06256853
4 2013-08-03 15:27:00    263 265.1 149.4 150.0060 2.353375e-05 -0.07500000 0.06256853

$dryragvolt
            timestamp record LWSmV  SEmV    CSEmV     CSEmV.sd   loadmV  loadmV.sd
1 2013-08-03 15:22:30    245 326.1 266.9 267.4632 2.353375e-05 117.3822 0.06256853
2 2013-08-03 15:22:45    246 325.6 266.7 267.2656 2.353375e-05 117.1846 0.06256853
3 2013-08-03 15:23:00    247 325.2 266.6 267.1679 2.353375e-05 117.0870 0.06256853

$wetragvolt
            timestamp record LWSmV  SEmV    CSEmV     CSEmV.sd   loadmV  loadmV.sd
1 2013-08-03 15:23:45    250 265.8 267.8 268.3751 2.353375e-05 118.2941 0.06256853
2 2013-08-03 15:24:00    251 265.2 267.7 268.2774 2.353375e-05 118.1965 0.06256853
3 2013-08-03 15:24:15    252 265.1 267.7 268.2798 2.353375e-05 118.1989 0.06256853
4 2013-08-03 15:24:30    253 265.1 267.6 268.1822 2.353375e-05 118.1012 0.06256853

$rundata
              timestamp record LWSmV  SEmV    CSEmV     CSEmV.sd   loadmV  loadmV.sd    watermass watermass.sd surfacedensity surfacedensity.sd runfilter      LWSwater LWSwater.stdev LWSsurfacedensity LWSsurfacedensity.stdev
1   2013-08-03 14:28:00     27 265.1 175.6 175.6451 2.353375e-05 25.56419 0.06256853 0.0049608716  0.002856588   1.913487e-04      0.0001101831         0 -2.843756e-03    0.001285489     -8.739263e-05            3.950488e-05
2   2013-08-03 14:28:15     28 265.4 175.5 175.5475 2.353375e-05 25.46657 0.06256853 0.0007222238  0.002856446   2.785731e-05      0.0001101776         0 -2.538250e-03    0.001283520     -7.800401e-05            3.944438e-05
3   2013-08-03 14:28:30     29 265.8 175.5 175.5499 2.353375e-05 25.46895 0.06256853 0.0008253986  0.002856449   3.183693e-05      0.0001101778         0 -2.130909e-03    0.001280903     -6.548584e-05            3.936394e-05
4   2013-08-03 14:28:45     30 265.8 175.7 175.7523 2.353375e-05 25.67132 0.06256853 0.0096122187  0.002856745   3.707585e-04      0.0001101892         0 -2.130909e-03    0.001280903     -6.548584e-05            3.936394e-05
5   2013-08-03 14:29:00     31 265.8 175.7 175.7547 2.353375e-05 25.67370 0.06256853 0.0097153935  0.002856749   3.747381e-04      0.0001101893         0 -2.130909e-03    0.001280903     -6.548584e-05            3.936394e-05
6   2013-08-03 14:29:15     32 266.1 175.7 175.7570 2.353375e-05 25.67607 0.06256853 0.0098185683  0.002856752   3.787177e-04      0.0001101895         0 -1.825403e-03    0.001278945     -5.609721e-05            3.930379e-05
7   2013-08-03 14:29:30     33 266.4 175.6 175.6594 2.353375e-05 25.57845 0.06256853 0.0055799205  0.002856609   2.152264e-04      0.0001101839         0 -1.519897e-03    0.001276993     -4.670858e-05            3.924379e-05
8   2013-08-03 14:29:45     34 266.4 175.7 175.7618 2.353375e-05 25.68083 0.06256853 0.0100249180  0.002856759   3.866770e-04      0.0001101897         0 -1.519897e-03    0.001276993     -4.670858e-05            3.924379e-05
9   2013-08-03 14:30:00     35 266.5 175.7 175.7642 2.353375e-05 25.68320 0.06256853 0.0101280928  0.002856763   3.906566e-04      0.0001101899         0 -1.418062e-03    0.001276343     -4.357904e-05            3.922382e-05
10  2013-08-03 14:30:15     36 267.1 175.8 175.8665 2.353375e-05 25.78558 0.06256853 0.0145730903  0.002856913   5.621072e-04      0.0001101957         0 -8.070501e-04    0.001272456     -2.480179e-05            3.910438e-05
11  2013-08-03 14:30:30     37 267.1 175.7 175.7689 2.353375e-05 25.68796 0.06256853 0.0103344424  0.002856770   3.986158e-04      0.0001101901         0 -8.070501e-04    0.001272456     -2.480179e-05            3.910438e-05
12  2013-08-03 14:30:45     38 267.1 175.7 175.7713 2.353375e-05 25.69033 0.06256853 0.0104376173  0.002856773   4.025954e-04      0.0001101903         0 -8.070501e-04    0.001272456     -2.480179e-05            3.910438e-05
13  2013-08-03 14:31:00     39 267.6 175.7 175.7737 2.353375e-05 25.69271 0.06256853 0.0105407921  0.002856777   4.065750e-04      0.0001101904         0 -2.978735e-04    0.001269233     -9.154073e-06            3.900530e-05
14  2013-08-03 14:31:15     40 267.8 175.8 175.8760 2.353375e-05 25.79508 0.06256853 0.0149857896  0.002856927   5.780256e-04      0.0001101962         0 -9.420292e-05    0.001267947     -2.894988e-06            3.896579e-05
15  2013-08-03 14:31:30     41 267.8 175.9 175.9784 2.353375e-05 25.89746 0.06256853 0.0194307870  0.002857078   7.494762e-04      0.0001102020         0 -9.420292e-05    0.001267947     -2.894988e-06            3.896579e-05
16  2013-08-03 14:31:45     42 268.3 175.8 175.8808 2.353375e-05 25.79984 0.06256853 0.0151921392  0.002856934   5.859849e-04      0.0001101965         0  4.149736e-04    0.001264743      1.275272e-05            3.886732e-05
17  2013-08-03 14:32:00     43 268.5 175.8 175.8832 2.353375e-05 25.80221 0.06256853 0.0152953140  0.002856938   5.899645e-04      0.0001101966         0  6.186443e-04    0.001263465      1.901181e-05            3.882805e-05
18  2013-08-03 14:32:15     44 268.6 176.0 176.0855 2.353375e-05 26.00459 0.06256853 0.0240821341  0.002857237   9.288861e-04      0.0001102082         0  7.204796e-04    0.001262827      2.214135e-05            3.880844e-05
19  2013-08-03 14:32:30     45 269.1 175.8 175.8879 2.353375e-05 25.80697 0.06256853 0.0155016637  0.002856945   5.979237e-04      0.0001101969         0  1.229656e-03    0.001259645      3.778906e-05            3.871066e-05
20  2013-08-03 14:32:45     46 269.2 175.8 175.8903 2.353375e-05 25.80934 0.06256853 0.0156048385  0.002856948   6.019033e-04      0.0001101970         0  1.331491e-03    0.001259010      4.091861e-05            3.869116e-05
21  2013-08-03 14:33:00     47 269.3 175.8 175.8927 2.353375e-05 25.81172 0.06256853 0.0157080133  0.002856952   6.058830e-04      0.0001101972         0  1.433327e-03    0.001258376      4.404815e-05            3.867167e-05
22  2013-08-03 14:33:15     48 269.8 175.9 175.9951 2.353375e-05 25.91410 0.06256853 0.0201530108  0.002857103   7.773335e-04      0.0001102030         0  1.942503e-03    0.001255214      5.969586e-05            3.857450e-05
23  2013-08-03 14:33:30     49 269.8 175.8 175.8974 2.353375e-05 25.81647 0.06256853 0.0159143630  0.002856959   6.138422e-04      0.0001101974         0  1.942503e-03    0.001255214      5.969586e-05            3.857450e-05
24  2013-08-03 14:33:45     50 270.3 175.8 175.8998 2.353375e-05 25.81885 0.06256853 0.0160175378  0.002856962   6.178218e-04      0.0001101976         0  2.451680e-03    0.001252067      7.534357e-05            3.847778e-05
25  2013-08-03 14:34:00     51 270.5 175.8 175.9022 2.353375e-05 25.82122 0.06256853 0.0161207126  0.002856966   6.218014e-04      0.0001101977         0  2.655350e-03    0.001250812      8.160266e-05            3.843921e-05
26  2013-08-03 14:34:15     52 270.6 175.7 175.8046 2.353375e-05 25.72360 0.06256853 0.0118820648  0.002856822   4.583101e-04      0.0001101921         0  2.757186e-03    0.001250185      8.473220e-05            3.841995e-05
27  2013-08-03 14:34:30     53 271.2 175.9 176.0069 2.353375e-05 25.92598 0.06256853 0.0206688849  0.002857121   7.972316e-04      0.0001102037         0  3.368198e-03    0.001246438      1.035095e-04            3.830479e-05
28  2013-08-03 14:34:45     54 271.2 175.8 175.9093 2.353375e-05 25.82835 0.06256853 0.0164302371  0.002856976   6.337403e-04      0.0001101981         0  3.368198e-03    0.001246438      1.035095e-04            3.830479e-05
29  2013-08-03 14:35:00     55 271.6 175.9 176.0117 2.353375e-05 25.93073 0.06256853 0.0208752345  0.002857128   8.051909e-04      0.0001102039         0  3.775539e-03    0.001243951      1.160276e-04            3.822838e-05
30  2013-08-03 14:35:15     56 271.9 176.0 176.1141 2.353375e-05 26.03311 0.06256853 0.0253202320  0.002857280   9.766415e-04      0.0001102098         0  4.081045e-03    0.001242093      1.254163e-04            3.817126e-05
31  2013-08-03 14:35:30     57 271.9 175.9 176.0164 2.353375e-05 25.93548 0.06256853 0.0210815842  0.002857135   8.131501e-04      0.0001102042         0  4.081045e-03    0.001242093      1.254163e-04            3.817126e-05
32  2013-08-03 14:35:45     58 272.5 175.9 176.0188 2.353375e-05 25.93786 0.06256853 0.0211847590  0.002857138   8.171297e-04      0.0001102043         0  4.692057e-03    0.001238391      1.441935e-04            3.805751e-05
33  2013-08-03 14:36:00     59 272.6 175.9 176.0212 2.353375e-05 25.94023 0.06256853 0.0212879338  0.002857142   8.211093e-04      0.0001102045         0  4.793892e-03    0.001237777      1.473230e-04            3.803862e-05
34  2013-08-03 14:36:15     60 273.0 175.8 175.9236 2.353375e-05 25.84261 0.06256853 0.0170492860  0.002856997   6.576180e-04      0.0001101989         0  5.201233e-03    0.001235323      1.598412e-04            3.796323e-05
35  2013-08-03 14:36:30     61 273.2 175.9 176.0259 2.353375e-05 25.94499 0.06256853 0.0214942835  0.002857149   8.290686e-04      0.0001102048         0  5.404904e-03    0.001234101      1.661003e-04            3.792565e-05
36  2013-08-03 14:36:45     62 273.4 176.1 176.2283 2.353375e-05 26.14736 0.06256853 0.0302811036  0.002857450   1.167990e-03      0.0001102164         0  5.608574e-03    0.001232880      1.723594e-04            3.788814e-05
37  2013-08-03 14:37:00     63 273.9 176.0 176.1307 2.353375e-05 26.04974 0.06256853 0.0260424558  0.002857304   1.004499e-03      0.0001102108         0  6.117751e-03    0.001229839      1.880071e-04            3.779469e-05
38  2013-08-03 14:37:15     64 273.9 176.1 176.2331 2.353375e-05 26.15212 0.06256853 0.0304874532  0.002857457   1.175949e-03      0.0001102166         0  6.117751e-03    0.001229839      1.880071e-04            3.779469e-05
39  2013-08-03 14:37:30     65 274.5 175.9 176.0354 2.353375e-05 25.95449 0.06256853 0.0219069828  0.002857163   8.449870e-04      0.0001102053         1  6.728763e-03    0.001226210      2.067844e-04            3.768317e-05
40  2013-08-03 14:37:45     66 274.6 175.9 176.0378 2.353375e-05 25.95687 0.06256853 0.0220101576  0.002857166   8.489666e-04      0.0001102054         1  6.830598e-03    0.001225608      2.099139e-04            3.766465e-05
41  2013-08-03 14:38:00     67 274.9 176.0 176.1402 2.353375e-05 26.05924 0.06256853 0.0264551551  0.002857318   1.020417e-03      0.0001102113         1  7.136104e-03    0.001223804      2.193025e-04            3.760921e-05
42  2013-08-03 14:38:15     68 275.3 176.0 176.1426 2.353375e-05 26.06162 0.06256853 0.0265583299  0.002857322   1.024397e-03      0.0001102114         1  7.543445e-03    0.001221407      2.318207e-04            3.753555e-05
43  2013-08-03 14:38:30     69 275.4 176.0 176.1450 2.353375e-05 26.06400 0.06256853 0.0266615047  0.002857326   1.028376e-03      0.0001102116         1  7.645281e-03    0.001220809      2.349502e-04            3.751718e-05
44  2013-08-03 14:38:45     70 275.9 176.2 176.3473 2.353375e-05 26.26637 0.06256853 0.0354483248  0.002857628   1.367298e-03      0.0001102232         1  8.154457e-03    0.001217830      2.505979e-04            3.742563e-05
45  2013-08-03 14:39:00     71 276.0 176.1 176.2497 2.353375e-05 26.16875 0.06256853 0.0312096770  0.002857482   1.203807e-03      0.0001102176         1  8.256292e-03    0.001217236      2.537275e-04            3.740738e-05
46  2013-08-03 14:39:15     72 276.5 176.2 176.3521 2.353375e-05 26.27113 0.06256853 0.0356546745  0.002857635   1.375257e-03      0.0001102235         1  8.765469e-03    0.001214276      2.693752e-04            3.731642e-05
47  2013-08-03 14:39:30     73 276.6 176.2 176.3545 2.353375e-05 26.27350 0.06256853 0.0357578493  0.002857639   1.379237e-03      0.0001102237         1  8.867304e-03    0.001213686      2.725047e-04            3.729828e-05
48  2013-08-03 14:39:45     74 277.0 176.1 176.2568 2.353375e-05 26.17588 0.06256853 0.0315192015  0.002857493   1.215746e-03      0.0001102180         1  9.274646e-03    0.001211332      2.850229e-04            3.722594e-05
49  2013-08-03 14:40:00     75 277.3 176.2 176.3592 2.353375e-05 26.27826 0.06256853 0.0359641989  0.002857646   1.387196e-03      0.0001102239         1  9.580152e-03    0.001209573      2.944115e-04            3.717189e-05
50  2013-08-03 14:40:15     76 277.5 176.2 176.3616 2.353375e-05 26.28063 0.06256853 0.0360673738  0.002857649   1.391176e-03      0.0001102241         1  9.783822e-03    0.001208404      3.006706e-04            3.713595e-05
51  2013-08-03 14:40:30     77 278.0 176.2 176.3640 2.353375e-05 26.28301 0.06256853 0.0361705486  0.002857653   1.395155e-03      0.0001102242         1  1.029300e-02    0.001205492      3.163183e-04            3.704646e-05
52  2013-08-03 14:40:45     78 278.0 176.1 176.2663 2.353375e-05 26.18538 0.06256853 0.0319319007  0.002857507   1.231664e-03      0.0001102186         1  1.029300e-02    0.001205492      3.163183e-04            3.704646e-05
53  2013-08-03 14:41:00     79 278.6 176.3 176.4687 2.353375e-05 26.38776 0.06256853 0.0407187209  0.002857811   1.570586e-03      0.0001102303         1  1.090401e-02    0.001202019      3.350956e-04            3.693973e-05
54  2013-08-03 14:41:15     80 278.7 176.2 176.3711 2.353375e-05 26.29014 0.06256853 0.0364800730  0.002857664   1.407094e-03      0.0001102246         1  1.100585e-02    0.001201442      3.382251e-04            3.692201e-05
55  2013-08-03 14:41:30     81 279.2 176.2 176.3735 2.353375e-05 26.29251 0.06256853 0.0365832479  0.002857667   1.411074e-03      0.0001102248         1  1.151502e-02    0.001198569      3.538728e-04            3.683372e-05
56  2013-08-03 14:41:45     82 279.3 176.4 176.5758 2.353375e-05 26.49489 0.06256853 0.0453700680  0.002857972   1.749995e-03      0.0001102365         1  1.161686e-02    0.001197997      3.570024e-04            3.681612e-05
57  2013-08-03 14:42:00     83 279.8 176.2 176.3782 2.353375e-05 26.29727 0.06256853 0.0367895975  0.002857674   1.419033e-03      0.0001102250         1  1.212603e-02    0.001195144      3.726501e-04            3.672844e-05
58  2013-08-03 14:42:15     84 280.0 176.1 176.2806 2.353375e-05 26.19964 0.06256853 0.0325509497  0.002857528   1.255542e-03      0.0001102194         1  1.232970e-02    0.001194007      3.789092e-04            3.669352e-05
59  2013-08-03 14:42:30     85 280.2 176.3 176.4830 2.353375e-05 26.40202 0.06256853 0.0413377698  0.002857832   1.594463e-03      0.0001102311         1  1.253338e-02    0.001192873      3.851683e-04            3.665867e-05
60  2013-08-03 14:42:45     86 280.7 176.2 176.3854 2.353375e-05 26.30439 0.06256853 0.0370991220  0.002857685   1.430972e-03      0.0001102254         1  1.304255e-02    0.001190050      4.008160e-04            3.657191e-05
61  2013-08-03 14:43:00     87 280.9 176.2 176.3877 2.353375e-05 26.30677 0.06256853 0.0372022968  0.002857689   1.434952e-03      0.0001102256         1  1.324622e-02    0.001188926      4.070751e-04            3.653736e-05
62  2013-08-03 14:43:15     88 281.4 176.2 176.3901 2.353375e-05 26.30915 0.06256853 0.0373054716  0.002857692   1.438931e-03      0.0001102257         1  1.375540e-02    0.001186126      4.227228e-04            3.645133e-05
63  2013-08-03 14:43:30     89 281.4 176.1 176.2925 2.353375e-05 26.21152 0.06256853 0.0330668238  0.002857546   1.275440e-03      0.0001102201         1  1.375540e-02    0.001186126      4.227228e-04            3.645133e-05
64  2013-08-03 14:43:45     90 282.0 176.3 176.4949 2.353375e-05 26.41390 0.06256853 0.0418536439  0.002857850   1.614361e-03      0.0001102318         1  1.436641e-02    0.001182789      4.415000e-04            3.634878e-05
65  2013-08-03 14:44:00     91 282.1 176.3 176.4972 2.353375e-05 26.41628 0.06256853 0.0419568187  0.002857854   1.618341e-03      0.0001102319         1  1.446825e-02    0.001182236      4.446296e-04            3.633177e-05
66  2013-08-03 14:44:15     92 282.6 176.4 176.5996 2.353375e-05 26.51865 0.06256853 0.0464018162  0.002858008   1.789792e-03      0.0001102379         1  1.497742e-02    0.001179477      4.602773e-04            3.624700e-05
67  2013-08-03 14:44:30     93 282.7 176.3 176.5020 2.353375e-05 26.42103 0.06256853 0.0421631684  0.002857861   1.626300e-03      0.0001102322         1  1.507926e-02    0.001178928      4.634068e-04            3.623011e-05
68  2013-08-03 14:44:45     94 283.1 176.2 176.4044 2.353375e-05 26.32340 0.06256853 0.0379245205  0.002857714   1.462809e-03      0.0001102265         1  1.548660e-02    0.001176736      4.759250e-04            3.616276e-05
69  2013-08-03 14:45:00     95 283.4 176.2 176.4067 2.353375e-05 26.32578 0.06256853 0.0380276954  0.002857717   1.466788e-03      0.0001102267         1  1.579211e-02    0.001175100      4.853136e-04            3.611248e-05
70  2013-08-03 14:45:15     96 283.8 176.3 176.5091 2.353375e-05 26.42816 0.06256853 0.0424726928  0.002857872   1.638239e-03      0.0001102326         1  1.619945e-02    0.001172928      4.978318e-04            3.604574e-05
71  2013-08-03 14:45:30     97 284.1 176.3 176.5115 2.353375e-05 26.43053 0.06256853 0.0425758677  0.002857875   1.642219e-03      0.0001102328         1  1.650495e-02    0.001171307      5.072204e-04            3.599591e-05
72  2013-08-03 14:45:45     98 284.3 176.5 176.7139 2.353375e-05 26.63291 0.06256853 0.0513626878  0.002858182   1.981140e-03      0.0001102446         1  1.670862e-02    0.001170229      5.134795e-04            3.596280e-05
73  2013-08-03 14:46:00     99 284.8 176.4 176.6162 2.353375e-05 26.53529 0.06256853 0.0471240400  0.002858034   1.817649e-03      0.0001102389         1  1.721780e-02    0.001167548      5.291272e-04            3.588040e-05
74  2013-08-03 14:46:15    100 284.9 176.4 176.6186 2.353375e-05 26.53766 0.06256853 0.0472272148  0.002858037   1.821628e-03      0.0001102390         1  1.731964e-02    0.001167014      5.322568e-04            3.586399e-05
75  2013-08-03 14:46:30    101 285.5 176.4 176.6210 2.353375e-05 26.54004 0.06256853 0.0473303896  0.002858041   1.825608e-03      0.0001102392         1  1.793065e-02    0.001163825      5.510340e-04            3.576597e-05
76  2013-08-03 14:46:45    102 285.5 176.4 176.6234 2.353375e-05 26.54242 0.06256853 0.0474335644  0.002858044   1.829588e-03      0.0001102393         1  1.793065e-02    0.001163825      5.510340e-04            3.576597e-05
77  2013-08-03 14:47:00    103 286.0 176.5 176.7257 2.353375e-05 26.64479 0.06256853 0.0518785619  0.002858200   2.001038e-03      0.0001102453         1  1.843982e-02    0.001161187      5.666817e-04            3.568490e-05
78  2013-08-03 14:47:15    104 286.1 176.5 176.7281 2.353375e-05 26.64717 0.06256853 0.0519817367  0.002858203   2.005018e-03      0.0001102454         1  1.854166e-02    0.001160661      5.698113e-04            3.566875e-05
79  2013-08-03 14:47:30    105 286.7 176.4 176.6305 2.353375e-05 26.54954 0.06256853 0.0477430889  0.002858055   1.841527e-03      0.0001102397         1  1.915267e-02    0.001157524      5.885885e-04            3.557233e-05
80  2013-08-03 14:47:45    106 286.8 176.3 176.5329 2.353375e-05 26.45192 0.06256853 0.0435044411  0.002857907   1.678035e-03      0.0001102340         1  1.925451e-02    0.001157003      5.917181e-04            3.555634e-05
81  2013-08-03 14:48:00    107 287.1 176.5 176.7353 2.353375e-05 26.65430 0.06256853 0.0522912612  0.002858214   2.016957e-03      0.0001102459         1  1.956001e-02    0.001155447      6.011067e-04            3.550851e-05
82  2013-08-03 14:48:15    108 287.5 176.4 176.6376 2.353375e-05 26.55667 0.06256853 0.0480526134  0.002858066   1.853465e-03      0.0001102401         1  1.996735e-02    0.001153382      6.136249e-04            3.544504e-05
83  2013-08-03 14:48:30    109 287.7 176.4 176.6400 2.353375e-05 26.55905 0.06256853 0.0481557882  0.002858070   1.857445e-03      0.0001102403         1  2.017102e-02    0.001152354      6.198840e-04            3.541345e-05
84  2013-08-03 14:48:45    110 288.2 176.4 176.6424 2.353375e-05 26.56143 0.06256853 0.0482589630  0.002858073   1.861425e-03      0.0001102404         1  2.068020e-02    0.001149796      6.355317e-04            3.533486e-05
85  2013-08-03 14:49:00    111 288.2 176.5 176.7448 2.353375e-05 26.66380 0.06256853 0.0527039605  0.002858229   2.032875e-03      0.0001102464         1  2.068020e-02    0.001149796      6.355317e-04            3.533486e-05
86  2013-08-03 14:49:15    112 288.8 176.4 176.6471 2.353375e-05 26.56618 0.06256853 0.0484653126  0.002858080   1.869384e-03      0.0001102407         1  2.129121e-02    0.001146752      6.543089e-04            3.524131e-05
87  2013-08-03 14:49:30    113 288.9 176.5 176.7495 2.353375e-05 26.66855 0.06256853 0.0529103101  0.002858236   2.040834e-03      0.0001102467         1  2.139305e-02    0.001146247      6.574385e-04            3.522580e-05
88  2013-08-03 14:49:45    114 289.3 176.5 176.7519 2.353375e-05 26.67093 0.06256853 0.0530134849  0.002858240   2.044814e-03      0.0001102468         1  2.180039e-02    0.001144236      6.699566e-04            3.516399e-05
89  2013-08-03 14:50:00    115 289.5 176.5 176.7543 2.353375e-05 26.67331 0.06256853 0.0531166598  0.002858243   2.048794e-03      0.0001102470         1  2.200406e-02    0.001143235      6.762157e-04            3.513322e-05
90  2013-08-03 14:50:15    116 289.7 176.5 176.7566 2.353375e-05 26.67568 0.06256853 0.0532198346  0.002858247   2.052773e-03      0.0001102471         1  2.220773e-02    0.001142237      6.824748e-04            3.510255e-05
91  2013-08-03 14:50:30    117 290.2 176.5 176.7590 2.353375e-05 26.67806 0.06256853 0.0533230094  0.002858251   2.056753e-03      0.0001102473         1  2.271691e-02    0.001139755      6.981225e-04            3.502629e-05
92  2013-08-03 14:50:45    118 290.3 176.4 176.6614 2.353375e-05 26.58044 0.06256853 0.0490843616  0.002858102   1.893262e-03      0.0001102415         1  2.281874e-02    0.001139261      7.012521e-04            3.501110e-05
93  2013-08-03 14:51:00    119 290.9 176.7 176.9638 2.353375e-05 26.88281 0.06256853 0.0622130043  0.002858564   2.399654e-03      0.0001102593         1  2.342975e-02    0.001136313      7.200293e-04            3.492050e-05
94  2013-08-03 14:51:15    120 290.9 176.5 176.7661 2.353375e-05 26.68519 0.06256853 0.0536325339  0.002858261   2.068692e-03      0.0001102477         1  2.342975e-02    0.001136313      7.200293e-04            3.492050e-05
95  2013-08-03 14:51:30    121 291.4 176.4 176.6685 2.353375e-05 26.58757 0.06256853 0.0493938860  0.002858113   1.905200e-03      0.0001102419         1  2.393893e-02    0.001133878      7.356770e-04            3.484566e-05
96  2013-08-03 14:51:45    122 291.6 176.6 176.8709 2.353375e-05 26.78994 0.06256853 0.0581807062  0.002858421   2.244122e-03      0.0001102538         1  2.414260e-02    0.001132909      7.419361e-04            3.481589e-05
97  2013-08-03 14:52:00    123 291.9 176.6 176.8733 2.353375e-05 26.79232 0.06256853 0.0582838810  0.002858425   2.248102e-03      0.0001102540         1  2.444811e-02    0.001131462      7.513247e-04            3.477141e-05
98  2013-08-03 14:52:15    124 292.3 176.8 177.0757 2.353375e-05 26.99469 0.06256853 0.0670707011  0.002858736   2.587023e-03      0.0001102660         1  2.485545e-02    0.001129543      7.638429e-04            3.471245e-05
99  2013-08-03 14:52:30    125 292.3 176.7 176.9780 2.353375e-05 26.89707 0.06256853 0.0628320533  0.002858586   2.423532e-03      0.0001102602         1  2.485545e-02    0.001129543      7.638429e-04            3.471245e-05
100 2013-08-03 14:52:45    126 292.9 176.6 176.8804 2.353375e-05 26.79945 0.06256853 0.0585934054  0.002858436   2.260040e-03      0.0001102544         1  2.546646e-02    0.001126689      7.826202e-04            3.462474e-05
101 2013-08-03 14:53:00    127 292.9 176.5 176.7828 2.353375e-05 26.70182 0.06256853 0.0543547576  0.002858287   2.096549e-03      0.0001102486         1  2.546646e-02    0.001126689      7.826202e-04            3.462474e-05
102 2013-08-03 14:53:15    128 293.5 176.5 176.7852 2.353375e-05 26.70420 0.06256853 0.0544579324  0.002858290   2.100529e-03      0.0001102488         1  2.607747e-02    0.001123863      8.013974e-04            3.453790e-05
103 2013-08-03 14:53:30    129 293.6 176.6 176.8875 2.353375e-05 26.80658 0.06256853 0.0589029299  0.002858447   2.271979e-03      0.0001102548         1  2.617931e-02    0.001123395      8.045270e-04            3.452351e-05
104 2013-08-03 14:53:45    130 293.9 176.5 176.7899 2.353375e-05 26.70895 0.06256853 0.0546642821  0.002858298   2.108488e-03      0.0001102491         1  2.648481e-02    0.001121996      8.139156e-04            3.448050e-05
105 2013-08-03 14:54:00    131 294.3 176.5 176.7923 2.353375e-05 26.71133 0.06256853 0.0547674569  0.002858301   2.112468e-03      0.0001102492         1  2.689215e-02    0.001120141      8.264337e-04            3.442350e-05
106 2013-08-03 14:54:15    132 294.4 176.5 176.7947 2.353375e-05 26.71370 0.06256853 0.0548706317  0.002858305   2.116447e-03      0.0001102493         1  2.699399e-02    0.001119679      8.295633e-04            3.440931e-05
107 2013-08-03 14:54:30    133 295.0 176.5 176.7970 2.353375e-05 26.71608 0.06256853 0.0549738066  0.002858309   2.120427e-03      0.0001102495         1  2.760500e-02    0.001116926      8.483405e-04            3.432470e-05
108 2013-08-03 14:54:45    134 295.0 176.5 176.7994 2.353375e-05 26.71846 0.06256853 0.0550769814  0.002858312   2.124406e-03      0.0001102496         1  2.760500e-02    0.001116926      8.483405e-04            3.432470e-05
109 2013-08-03 14:55:00    135 295.6 176.4 176.7018 2.353375e-05 26.62083 0.06256853 0.0508383335  0.002858163   1.960915e-03      0.0001102439         1  2.821601e-02    0.001114202      8.671178e-04            3.424100e-05
110 2013-08-03 14:55:15    136 295.7 176.4 176.7042 2.353375e-05 26.62321 0.06256853 0.0509415084  0.002858167   1.964895e-03      0.0001102440         1  2.831785e-02    0.001113751      8.702473e-04            3.422713e-05
111 2013-08-03 14:55:30    137 296.1 176.6 176.9065 2.353375e-05 26.82559 0.06256853 0.0597283285  0.002858476   2.303816e-03      0.0001102559         1  2.872519e-02    0.001111955      8.827655e-04            3.417194e-05
112 2013-08-03 14:55:45    138 296.3 176.6 176.9089 2.353375e-05 26.82796 0.06256853 0.0598315033  0.002858480   2.307796e-03      0.0001102561         1  2.892886e-02    0.001111062      8.890246e-04            3.414449e-05
113 2013-08-03 14:56:00    139 296.6 176.6 176.9113 2.353375e-05 26.83034 0.06256853 0.0599346781  0.002858483   2.311775e-03      0.0001102562         1  2.923437e-02    0.001109728      8.984132e-04            3.410351e-05
114 2013-08-03 14:56:15    140 297.0 176.6 176.9137 2.353375e-05 26.83271 0.06256853 0.0600378530  0.002858487   2.315755e-03      0.0001102564         1  2.964171e-02    0.001107962      9.109314e-04            3.404923e-05
115 2013-08-03 14:56:30    141 297.3 176.5 176.8160 2.353375e-05 26.73509 0.06256853 0.0557992051  0.002858338   2.152264e-03      0.0001102506         1  2.994721e-02    0.001106646      9.203200e-04            3.400879e-05
116 2013-08-03 14:56:45    142 297.7 176.4 176.7184 2.353375e-05 26.63747 0.06256853 0.0515605573  0.002858189   1.988772e-03      0.0001102449         1  3.035455e-02    0.001104903      9.328382e-04            3.395523e-05
117 2013-08-03 14:57:00    143 297.7 176.5 176.8208 2.353375e-05 26.73984 0.06256853 0.0560055548  0.002858345   2.160223e-03      0.0001102509         1  3.035455e-02    0.001104903      9.328382e-04            3.395523e-05
118 2013-08-03 14:57:15    144 298.3 176.6 176.9232 2.353375e-05 26.84222 0.06256853 0.0604505522  0.002858501   2.331674e-03      0.0001102569         1  3.096557e-02    0.001102314      9.516154e-04            3.387567e-05
119 2013-08-03 14:57:30    145 298.4 176.7 177.0256 2.353375e-05 26.94460 0.06256853 0.0648955497  0.002858659   2.503124e-03      0.0001102630         1  3.106740e-02    0.001101886      9.547450e-04            3.386250e-05
120 2013-08-03 14:57:45    146 298.9 176.6 176.9279 2.353375e-05 26.84697 0.06256853 0.0606569019  0.002858509   2.339633e-03      0.0001102572         1  3.157658e-02    0.001099756      9.703927e-04            3.379705e-05
121 2013-08-03 14:58:00    147 299.1 176.7 177.0303 2.353375e-05 26.94935 0.06256853 0.0651018994  0.002858666   2.511083e-03      0.0001102633         1  3.178025e-02    0.001098910      9.766518e-04            3.377105e-05
122 2013-08-03 14:58:15    148 299.3 176.6 176.9327 2.353375e-05 26.85173 0.06256853 0.0608632515  0.002858516   2.347592e-03      0.0001102575         1  3.198392e-02    0.001098068      9.829109e-04            3.374516e-05
123 2013-08-03 14:58:30    149 299.7 176.7 177.0351 2.353375e-05 26.95410 0.06256853 0.0653082490  0.002858673   2.519043e-03      0.0001102636         1  3.239126e-02    0.001096393      9.954290e-04            3.369369e-05
124 2013-08-03 14:58:45    150 299.9 176.7 177.0374 2.353375e-05 26.95648 0.06256853 0.0654114238  0.002858677   2.523022e-03      0.0001102637         1  3.259493e-02    0.001095561      1.001688e-03            3.366812e-05
125 2013-08-03 14:59:00    151 300.4 176.7 177.0398 2.353375e-05 26.95885 0.06256853 0.0655145986  0.002858681   2.527002e-03      0.0001102638         1  3.310411e-02    0.001093495      1.017336e-03            3.360465e-05
126 2013-08-03 14:59:15    152 300.5 176.8 177.1422 2.353375e-05 27.06123 0.06256853 0.0699595961  0.002858838   2.698452e-03      0.0001102699         1  3.320594e-02    0.001093085      1.020465e-03            3.359203e-05
127 2013-08-03 14:59:30    153 301.0 176.8 177.1446 2.353375e-05 27.06361 0.06256853 0.0700627709  0.002858842   2.702432e-03      0.0001102701         1  3.371512e-02    0.001091046      1.036113e-03            3.352937e-05
128 2013-08-03 14:59:45    154 301.1 176.8 177.1469 2.353375e-05 27.06598 0.06256853 0.0701659458  0.002858846   2.706412e-03      0.0001102702         1  3.381696e-02    0.001090640      1.039243e-03            3.351691e-05
129 2013-08-03 15:00:00    155 301.7 176.7 177.0493 2.353375e-05 26.96836 0.06256853 0.0659272979  0.002858695   2.542920e-03      0.0001102644         1  3.442797e-02    0.001088227      1.058020e-03            3.344276e-05
130 2013-08-03 15:00:15    156 301.8 176.6 176.9517 2.353375e-05 26.87074 0.06256853 0.0616886501  0.002858545   2.379429e-03      0.0001102586         1  3.452980e-02    0.001087828      1.061149e-03            3.343050e-05
131 2013-08-03 15:00:30    157 302.2 176.5 176.8541 2.353375e-05 26.77311 0.06256853 0.0574500023  0.002858396   2.215938e-03      0.0001102528         1  3.493714e-02    0.001086241      1.073668e-03            3.338171e-05
132 2013-08-03 15:00:45    158 302.5 176.6 176.9564 2.353375e-05 26.87549 0.06256853 0.0618949998  0.002858552   2.387388e-03      0.0001102589         1  3.524265e-02    0.001085060      1.083056e-03            3.334541e-05
133 2013-08-03 15:01:00    159 302.8 176.7 177.0588 2.353375e-05 26.97786 0.06256853 0.0663399972  0.002858710   2.558839e-03      0.0001102650         1  3.554816e-02    0.001083886      1.092445e-03            3.330935e-05
134 2013-08-03 15:01:15    160 303.1 176.8 177.1612 2.353375e-05 27.08024 0.06256853 0.0707849947  0.002858868   2.730289e-03      0.0001102711         1  3.585366e-02    0.001082721      1.101833e-03            3.327355e-05
135 2013-08-03 15:01:30    161 303.2 176.5 176.8636 2.353375e-05 26.78262 0.06256853 0.0578627016  0.002858410   2.231856e-03      0.0001102534         1  3.595550e-02    0.001082335      1.104963e-03            3.326166e-05
136 2013-08-03 15:01:45    162 303.8 176.4 176.7660 2.353375e-05 26.68499 0.06256853 0.0536240537  0.002858261   2.068365e-03      0.0001102477         1  3.656651e-02    0.001080034      1.123740e-03            3.319096e-05
137 2013-08-03 15:02:00    163 303.8 176.5 176.8683 2.353375e-05 26.78737 0.06256853 0.0580690512  0.002858417   2.239815e-03      0.0001102537         1  3.656651e-02    0.001080034      1.123740e-03            3.319096e-05
138 2013-08-03 15:02:15    164 304.4 176.7 177.0707 2.353375e-05 26.98975 0.06256853 0.0668558713  0.002858728   2.578737e-03      0.0001102657         1  3.717752e-02    0.001077765      1.142518e-03            3.312125e-05
139 2013-08-03 15:02:30    165 304.5 176.6 176.9731 2.353375e-05 26.89212 0.06256853 0.0626172235  0.002858578   2.415245e-03      0.0001102599         1  3.727936e-02    0.001077391      1.145647e-03            3.310973e-05
140 2013-08-03 15:02:45    166 304.9 176.5 176.8755 2.353375e-05 26.79450 0.06256853 0.0583785757  0.002858428   2.251754e-03      0.0001102541         1  3.768670e-02    0.001075900      1.158165e-03            3.306392e-05
141 2013-08-03 15:03:00    167 305.2 176.6 176.9778 2.353375e-05 26.89687 0.06256853 0.0628235731  0.002858585   2.423205e-03      0.0001102602         1  3.799220e-02    0.001074792      1.167554e-03            3.302987e-05
142 2013-08-03 15:03:15    168 305.5 176.6 176.9802 2.353375e-05 26.89925 0.06256853 0.0629267480  0.002858589   2.427184e-03      0.0001102603         1  3.829771e-02    0.001073692      1.176942e-03            3.299606e-05
143 2013-08-03 15:03:30    169 305.9 176.6 176.9826 2.353375e-05 26.90163 0.06256853 0.0630299228  0.002858593   2.431164e-03      0.0001102604         1  3.870505e-02    0.001072238      1.189461e-03            3.295138e-05
144 2013-08-03 15:03:45    170 305.9 176.8 177.1850 2.353375e-05 27.10400 0.06256853 0.0718167429  0.002858905   2.770086e-03      0.0001102725         1  3.870505e-02    0.001072238      1.189461e-03            3.295138e-05
145 2013-08-03 15:04:00    171 306.5 176.6 176.9873 2.353375e-05 26.90638 0.06256853 0.0632362724  0.002858600   2.439123e-03      0.0001102607         1  3.931606e-02    0.001070085      1.208238e-03            3.288522e-05
146 2013-08-03 15:04:15    172 306.6 176.6 176.9897 2.353375e-05 26.90876 0.06256853 0.0633394473  0.002858604   2.443103e-03      0.0001102609         1  3.941790e-02    0.001069729      1.211367e-03            3.287429e-05
147 2013-08-03 15:04:30    173 307.1 176.6 176.9921 2.353375e-05 26.91113 0.06256853 0.0634426221  0.002858607   2.447082e-03      0.0001102610         1  3.992707e-02    0.001067965      1.227015e-03            3.282008e-05
148 2013-08-03 15:04:45    174 307.2 176.7 177.0945 2.353375e-05 27.01351 0.06256853 0.0678876196  0.002858765   2.618533e-03      0.0001102671         1  4.002891e-02    0.001067615      1.230145e-03            3.280933e-05
149 2013-08-03 15:05:00    175 307.5 176.7 177.0968 2.353375e-05 27.01589 0.06256853 0.0679907944  0.002858768   2.622513e-03      0.0001102672         1  4.033442e-02    0.001066571      1.239533e-03            3.277723e-05
150 2013-08-03 15:05:15    176 307.9 176.6 176.9992 2.353375e-05 26.91826 0.06256853 0.0637521465  0.002858618   2.459021e-03      0.0001102614         1  4.074176e-02    0.001065192      1.252052e-03            3.273484e-05
151 2013-08-03 15:05:30    177 308.4 176.5 176.9016 2.353375e-05 26.82064 0.06256853 0.0595134987  0.002858468   2.295530e-03      0.0001102557         1  4.125093e-02    0.001063489      1.267699e-03            3.268250e-05
152 2013-08-03 15:05:45    178 308.6 176.6 177.0040 2.353375e-05 26.92301 0.06256853 0.0639584962  0.002858625   2.466981e-03      0.0001102617         1  4.145460e-02    0.001062814      1.273958e-03            3.266177e-05
153 2013-08-03 15:06:00    179 308.6 176.5 176.9063 2.353375e-05 26.82539 0.06256853 0.0597198484  0.002858476   2.303489e-03      0.0001102559         1  4.145460e-02    0.001062814      1.273958e-03            3.266177e-05
154 2013-08-03 15:06:15    180 309.2 176.5 176.9087 2.353375e-05 26.82777 0.06256853 0.0598230232  0.002858479   2.307469e-03      0.0001102561         1  4.206562e-02    0.001060813      1.292736e-03            3.260027e-05
155 2013-08-03 15:06:30    181 309.3 176.5 176.9111 2.353375e-05 26.83014 0.06256853 0.0599261980  0.002858483   2.311448e-03      0.0001102562         1  4.216745e-02    0.001060483      1.295865e-03            3.259012e-05
156 2013-08-03 15:06:45    182 309.7 176.5 176.9135 2.353375e-05 26.83252 0.06256853 0.0600293728  0.002858487   2.315428e-03      0.0001102564         1  4.257479e-02    0.001059171      1.308383e-03            3.254983e-05
157 2013-08-03 15:07:00    183 309.9 176.6 177.0159 2.353375e-05 26.93490 0.06256853 0.0644743703  0.002858644   2.486879e-03      0.0001102624         1  4.277846e-02    0.001058522      1.314642e-03            3.252986e-05
158 2013-08-03 15:07:15    184 310.0 176.7 177.1182 2.353375e-05 27.03727 0.06256853 0.0689193678  0.002858801   2.658329e-03      0.0001102685         1  4.288030e-02    0.001058198      1.317772e-03            3.251991e-05
159 2013-08-03 15:07:30    185 310.6 176.5 176.9206 2.353375e-05 26.83965 0.06256853 0.0603388973  0.002858497   2.327367e-03      0.0001102568         1  4.349131e-02    0.001056277      1.336549e-03            3.246089e-05
160 2013-08-03 15:07:45    186 310.6 176.5 176.9230 2.353375e-05 26.84202 0.06256853 0.0604420721  0.002858501   2.331346e-03      0.0001102569         1  4.349131e-02    0.001056277      1.336549e-03            3.246089e-05
161 2013-08-03 15:08:00    187 311.2 176.4 176.8254 2.353375e-05 26.74440 0.06256853 0.0562034243  0.002858352   2.167855e-03      0.0001102512         1  4.410232e-02    0.001054391      1.355326e-03            3.240292e-05
162 2013-08-03 15:08:15    188 311.3 176.5 176.9277 2.353375e-05 26.84678 0.06256853 0.0606484218  0.002858508   2.339306e-03      0.0001102572         1  4.420416e-02    0.001054080      1.358456e-03            3.239337e-05
163 2013-08-03 15:08:30    189 311.8 176.4 176.8301 2.353375e-05 26.74915 0.06256853 0.0564097739  0.002858359   2.175814e-03      0.0001102514         1  4.471333e-02    0.001052540      1.374104e-03            3.234603e-05
164 2013-08-03 15:08:45    190 312.0 176.6 177.0325 2.353375e-05 26.95153 0.06256853 0.0651965941  0.002858669   2.514736e-03      0.0001102634         1  4.491700e-02    0.001051931      1.380363e-03            3.232731e-05
165 2013-08-03 15:09:00    191 312.3 176.6 177.0349 2.353375e-05 26.95391 0.06256853 0.0652997689  0.002858673   2.518716e-03      0.0001102635         1  4.522251e-02    0.001051024      1.389751e-03            3.229945e-05
166 2013-08-03 15:09:15    192 312.7 176.8 177.2372 2.353375e-05 27.15628 0.06256853 0.0740865890  0.002858986   2.857637e-03      0.0001102756         1  4.562985e-02    0.001049829      1.402270e-03            3.226273e-05
167 2013-08-03 15:09:30    193 312.7 176.9 177.3396 2.353375e-05 27.25866 0.06256853 0.0785315865  0.002859145   3.029088e-03      0.0001102817         1  4.562985e-02    0.001049829      1.402270e-03            3.226273e-05
168 2013-08-03 15:09:45    194 313.3 177.0 177.4420 2.353375e-05 27.36104 0.06256853 0.0829765839  0.002859304   3.200538e-03      0.0001102879         1  4.624086e-02    0.001048066      1.421047e-03            3.220854e-05
169 2013-08-03 15:10:00    195 313.3 176.9 177.3444 2.353375e-05 27.26341 0.06256853 0.0787379361  0.002859152   3.037047e-03      0.0001102820         1  4.624086e-02    0.001048066      1.421047e-03            3.220854e-05
170 2013-08-03 15:10:15    196 313.9 176.9 177.3467 2.353375e-05 27.26579 0.06256853 0.0788411109  0.002859156   3.041027e-03      0.0001102822         1  4.685187e-02    0.001046339      1.439824e-03            3.215546e-05
171 2013-08-03 15:10:30    197 314.0 176.9 177.3491 2.353375e-05 27.26816 0.06256853 0.0789442858  0.002859159   3.045006e-03      0.0001102823         1  4.695371e-02    0.001046054      1.442954e-03            3.214671e-05
172 2013-08-03 15:10:45    198 314.4 176.8 177.2515 2.353375e-05 27.17054 0.06256853 0.0747056379  0.002859008   2.881515e-03      0.0001102765         1  4.736105e-02    0.001044926      1.455472e-03            3.211205e-05
173 2013-08-03 15:11:00    199 314.7 176.9 177.3539 2.353375e-05 27.27292 0.06256853 0.0791506354  0.002859167   3.052965e-03      0.0001102826         1  4.766656e-02    0.001044091      1.464860e-03            3.208638e-05
174 2013-08-03 15:11:15    200 314.8 176.8 177.2562 2.353375e-05 27.17529 0.06256853 0.0749119876  0.002859015   2.889474e-03      0.0001102767         1  4.776839e-02    0.001043814      1.467990e-03            3.207788e-05
175 2013-08-03 15:11:30    201 315.3 176.8 177.2586 2.353375e-05 27.17767 0.06256853 0.0750151624  0.002859019   2.893454e-03      0.0001102769         1  4.827757e-02    0.001042447      1.483638e-03            3.203586e-05
176 2013-08-03 15:11:45    202 315.4 176.7 177.1610 2.353375e-05 27.08005 0.06256853 0.0707765146  0.002858868   2.729962e-03      0.0001102711         1  4.837940e-02    0.001042177      1.486767e-03            3.202755e-05
177 2013-08-03 15:12:00    203 315.8 176.7 177.1634 2.353375e-05 27.08242 0.06256853 0.0708796894  0.002858871   2.733942e-03      0.0001102712         1  4.878675e-02    0.001041105      1.499285e-03            3.199461e-05
178 2013-08-03 15:12:15    204 316.0 176.7 177.1658 2.353375e-05 27.08480 0.06256853 0.0709828642  0.002858875   2.737922e-03      0.0001102713         1  4.899042e-02    0.001040575      1.505544e-03            3.197833e-05
179 2013-08-03 15:12:30    205 316.2 176.7 177.1681 2.353375e-05 27.08717 0.06256853 0.0710860390  0.002858879   2.741901e-03      0.0001102715         1  4.919409e-02    0.001040049      1.511804e-03            3.196217e-05
180 2013-08-03 15:12:45    206 316.7 176.9 177.3705 2.353375e-05 27.28955 0.06256853 0.0798728592  0.002859193   3.080823e-03      0.0001102836         1  4.970326e-02    0.001038752      1.527451e-03            3.192231e-05
181 2013-08-03 15:13:00    207 316.8 176.9 177.3729 2.353375e-05 27.29193 0.06256853 0.0799760340  0.002859196   3.084802e-03      0.0001102837         1  4.980510e-02    0.001038496      1.530581e-03            3.191444e-05
182 2013-08-03 15:13:15    208 317.3 176.9 177.3753 2.353375e-05 27.29430 0.06256853 0.0800792088  0.002859200   3.088782e-03      0.0001102839         1  5.031428e-02    0.001037229      1.546229e-03            3.187552e-05
183 2013-08-03 15:13:30    209 317.4 177.0 177.4776 2.353375e-05 27.39668 0.06256853 0.0845242063  0.002859360   3.260233e-03      0.0001102900         1  5.041611e-02    0.001036979      1.549358e-03            3.186783e-05
184 2013-08-03 15:13:45    210 317.8 176.9 177.3800 2.353375e-05 27.29906 0.06256853 0.0802855584  0.002859208   3.096741e-03      0.0001102842         1  5.082345e-02    0.001035988      1.561876e-03            3.183738e-05
185 2013-08-03 15:14:00    211 318.1 176.9 177.3824 2.353375e-05 27.30143 0.06256853 0.0803887333  0.002859211   3.100721e-03      0.0001102843         1  5.112896e-02    0.001035256      1.571265e-03            3.181488e-05
186 2013-08-03 15:14:15    212 318.2 176.9 177.3848 2.353375e-05 27.30381 0.06256853 0.0804919081  0.002859215   3.104700e-03      0.0001102845         1  5.123079e-02    0.001035014      1.574394e-03            3.180744e-05
187 2013-08-03 15:14:30    213 318.8 176.9 177.3871 2.353375e-05 27.30618 0.06256853 0.0805950829  0.002859219   3.108680e-03      0.0001102846         1  5.184181e-02    0.001033583      1.593172e-03            3.176347e-05
188 2013-08-03 15:14:45    214 318.8 177.0 177.4895 2.353375e-05 27.40856 0.06256853 0.0850400804  0.002859379   3.280131e-03      0.0001102908         1  5.184181e-02    0.001033583      1.593172e-03            3.176347e-05
189 2013-08-03 15:15:00    215 319.3 176.9 177.3919 2.353375e-05 27.31094 0.06256853 0.0808014326  0.002859226   3.116639e-03      0.0001102849         1  5.235098e-02    0.001032419      1.608819e-03            3.172770e-05
190 2013-08-03 15:15:15    216 319.4 176.9 177.3943 2.353375e-05 27.31331 0.06256853 0.0809046074  0.002859230   3.120619e-03      0.0001102850         1  5.245282e-02    0.001032190      1.611949e-03            3.172064e-05
191 2013-08-03 15:15:30    217 319.8 176.7 177.1966 2.353375e-05 27.11569 0.06256853 0.0723241369  0.002858923   2.789657e-03      0.0001102732         1  5.286016e-02    0.001031281      1.624467e-03            3.169272e-05
192 2013-08-03 15:15:45    218 320.1 176.8 177.2990 2.353375e-05 27.21807 0.06256853 0.0767691344  0.002859082   2.961107e-03      0.0001102793         1  5.316566e-02    0.001030611      1.633856e-03            3.167212e-05
193 2013-08-03 15:16:00    219 320.3 176.7 177.2014 2.353375e-05 27.12044 0.06256853 0.0725304865  0.002858930   2.797616e-03      0.0001102735         1  5.336933e-02    0.001030169      1.640115e-03            3.165854e-05
194 2013-08-03 15:16:15    220 320.8 176.9 177.4038 2.353375e-05 27.32282 0.06256853 0.0813173067  0.002859245   3.136537e-03      0.0001102856         1  5.387851e-02    0.001029083      1.655762e-03            3.162516e-05
195 2013-08-03 15:16:30    221 320.8 176.9 177.4062 2.353375e-05 27.32520 0.06256853 0.0814204815  0.002859248   3.140517e-03      0.0001102857         1  5.387851e-02    0.001029083      1.655762e-03            3.162516e-05
196 2013-08-03 15:16:45    222 321.4 176.8 177.3085 2.353375e-05 27.22757 0.06256853 0.0771818337  0.002859096   2.977026e-03      0.0001102799         1  5.448952e-02    0.001027814      1.674540e-03            3.158616e-05
197 2013-08-03 15:17:00    223 321.5 176.8 177.3109 2.353375e-05 27.22995 0.06256853 0.0772850085  0.002859100   2.981005e-03      0.0001102800         1  5.459136e-02    0.001027606      1.677669e-03            3.157977e-05
198 2013-08-03 15:17:15    224 322.0 176.9 177.4133 2.353375e-05 27.33232 0.06256853 0.0817300060  0.002859259   3.152456e-03      0.0001102862         1  5.510053e-02    0.001026582      1.693317e-03            3.154832e-05
199 2013-08-03 15:17:30    225 322.2 176.8 177.3157 2.353375e-05 27.23470 0.06256853 0.0774913581  0.002859107   2.988964e-03      0.0001102803         1  5.530421e-02    0.001026180      1.699576e-03            3.153596e-05
200 2013-08-03 15:17:45    226 322.4 176.9 177.4180 2.353375e-05 27.33708 0.06256853 0.0819363556  0.002859267   3.160415e-03      0.0001102865         1  5.550788e-02    0.001025782      1.705835e-03            3.152374e-05
201 2013-08-03 15:18:00    227 322.8 177.0 177.5204 2.353375e-05 27.43945 0.06256853 0.0863813531  0.002859427   3.331866e-03      0.0001102926         1  5.591522e-02    0.001024999      1.718353e-03            3.149967e-05
202 2013-08-03 15:18:15    228 322.9 177.1 177.6228 2.353375e-05 27.54183 0.06256853 0.0908263505  0.002859588   3.503316e-03      0.0001102988         1  5.601705e-02    0.001024806      1.721483e-03            3.149374e-05
203 2013-08-03 15:18:30    229 323.5 177.1 177.6252 2.353375e-05 27.54421 0.06256853 0.0909295254  0.002859591   3.507296e-03      0.0001102990         1  5.662806e-02    0.001023670      1.740260e-03            3.145881e-05
204 2013-08-03 15:18:45    230 323.5 177.0 177.5275 2.353375e-05 27.44658 0.06256853 0.0866908775  0.002859438   3.343804e-03      0.0001102931         1  5.662806e-02    0.001023670      1.740260e-03            3.145881e-05
205 2013-08-03 15:19:00    231 323.9 177.2 177.7299 2.353375e-05 27.64896 0.06256853 0.0954776976  0.002859756   3.682726e-03      0.0001103053         1  5.703541e-02    0.001022933      1.752778e-03            3.143618e-05
206 2013-08-03 15:19:15    232 324.2 177.1 177.6323 2.353375e-05 27.55133 0.06256853 0.0912390498  0.002859603   3.519235e-03      0.0001102994         1  5.734091e-02    0.001022392      1.762167e-03            3.141955e-05
207 2013-08-03 15:19:30    233 324.5 177.0 177.5347 2.353375e-05 27.45371 0.06256853 0.0870004020  0.002859449   3.355743e-03      0.0001102935         1  5.764642e-02    0.001021860      1.771556e-03            3.140321e-05
208 2013-08-03 15:19:45    234 324.9 177.1 177.6370 2.353375e-05 27.55609 0.06256853 0.0914453995  0.002859610   3.527194e-03      0.0001102997         1  5.805376e-02    0.001021166      1.784074e-03            3.138188e-05
209 2013-08-03 15:20:00    235 324.9 176.9 177.4394 2.353375e-05 27.35846 0.06256853 0.0828649290  0.002859300   3.196232e-03      0.0001102877         1  5.805376e-02    0.001021166      1.784074e-03            3.138188e-05
210 2013-08-03 15:20:15    236 325.5 176.9 177.4418 2.353375e-05 27.36084 0.06256853 0.0829681038  0.002859304   3.200211e-03      0.0001102879         1  5.866477e-02    0.001020158      1.802851e-03            3.135088e-05
211 2013-08-03 15:20:30    237 325.6 176.9 177.4442 2.353375e-05 27.36322 0.06256853 0.0830712786  0.002859308   3.204191e-03      0.0001102880         1  5.876661e-02    0.001019993      1.805981e-03            3.134583e-05
212 2013-08-03 15:20:45    238 326.0 177.1 177.6465 2.353375e-05 27.56559 0.06256853 0.0918580988  0.002859625   3.543112e-03      0.0001103003         1  5.917395e-02    0.001019346      1.818499e-03            3.132595e-05
213 2013-08-03 15:21:00    239 326.2 177.1 177.6489 2.353375e-05 27.56797 0.06256853 0.0919612736  0.002859629   3.547092e-03      0.0001103004         1  5.937762e-02    0.001019029      1.824758e-03            3.131621e-05
214 2013-08-03 15:21:15    240 326.4 177.2 177.7513 2.353375e-05 27.67035 0.06256853 0.0964062710  0.002859790   3.718543e-03      0.0001103066         1  5.958129e-02    0.001018717      1.831017e-03            3.130660e-05
215 2013-08-03 15:21:30    241 326.9 177.1 177.6537 2.353375e-05 27.57272 0.06256853 0.0921676232  0.002859636   3.555051e-03      0.0001103007         1  6.009047e-02    0.001017954      1.846665e-03            3.128315e-05
216 2013-08-03 15:21:45    242 327.0 178.3 178.8561 2.353375e-05 28.77510 0.06256853 0.1443726698  0.002861569   5.568683e-03      0.0001103753         0  6.019230e-02    0.001017804      1.849794e-03            3.127856e-05

$dryleafvolt
             timestamp record LWSmV  SEmV    CSEmV     CSEmV.sd   loadmV  loadmV.sd
1  2013-08-03 14:25:00     15 264.7 175.6 175.6166 2.353375e-05 25.53568 0.06256853
2  2013-08-03 14:25:15     16 264.9 175.3 175.3190 2.353375e-05 25.23805 0.06256853
3  2013-08-03 14:25:30     17 265.0 175.5 175.5214 2.353375e-05 25.44043 0.06256853
4  2013-08-03 14:25:45     18 265.1 175.5 175.5238 2.353375e-05 25.44281 0.06256853
5  2013-08-03 14:26:00     19 265.1 175.5 175.5261 2.353375e-05 25.44518 0.06256853
6  2013-08-03 14:26:15     20 265.1 175.4 175.4285 2.353375e-05 25.34756 0.06256853
7  2013-08-03 14:26:30     21 265.1 175.5 175.5309 2.353375e-05 25.44993 0.06256853
8  2013-08-03 14:26:45     22 265.1 175.4 175.4333 2.353375e-05 25.35231 0.06256853
9  2013-08-03 14:27:00     23 265.1 175.4 175.4356 2.353375e-05 25.35469 0.06256853
10 2013-08-03 14:27:15     24 265.1 175.5 175.5380 2.353375e-05 25.45706 0.06256853
11 2013-08-03 14:27:30     25 265.1 175.6 175.6404 2.353375e-05 25.55944 0.06256853
12 2013-08-03 14:27:45     26 265.1 175.7 175.7428 2.353375e-05 25.66182 0.06256853
13 2013-08-03 14:28:00     27 265.1 175.6 175.6451 2.353375e-05 25.56419 0.06256853

$runtime
Time difference of 53.75 mins

$startcalibvolt
            timestamp record LWSmV  SEmV    CSEmV     CSEmV.sd   loadmV  loadmV.sd
1 2013-08-03 14:23:45     10 264.5 272.8 272.8048 2.353375e-05 122.7238 0.06256853
2 2013-08-03 14:24:00     11 264.4 272.9 272.9071 2.353375e-05 122.8262 0.06256853
3 2013-08-03 14:24:15     12 264.4 272.8 272.8095 2.353375e-05 122.7285 0.06256853

$endcalibvolt
            timestamp record LWSmV  SEmV
1 2013-08-03 15:25:15    256 265.1 272.2
2 2013-08-03 15:25:30    257 265.1 272.0
3 2013-08-03 15:25:45    258 265.1 272.0

$lastLWSvolt
[1] 325.2

$maxLWSvolt
[1] 327

$species
[1] "redwood"

$trial
[1] "2"

$replicate
[1] "1"

$isvertical
[1] FALSE

$conversionfactor
         avg        stdev
1 0.04341823 1.277651e-05

$LWSwatermass
         avg       stdev
1 0.04253841 0.002074886

$dryleafmass
       avg        stdev
1 1.104991 0.0008206228

$lwsmodel

Call:
lm(formula = LWSsurfacedensity ~ record, data = rd[rd$runfilter == 
    1, ])

Coefficients:
(Intercept)       record  
 -4.009e-04    9.352e-06  


$leafmodel

Call:
lm(formula = surfacedensity ~ record, data = rd[rd$runfilter == 
    1, ])

Coefficients:
(Intercept)       record  
  5.098e-04    1.198e-05  


