$name
[1] "redwood4"

$leafarea
[1] 53.67985

$startbasevolt
            timestamp record LWSmV  SEmV CSEmV CSEmV.sd       loadmV  loadmV.sd
1 2013-08-06 09:13:45      2 263.1 149.7 149.7        0 -0.101327434 0.08198467
2 2013-08-06 09:14:00      3 263.1 149.8 149.8        0 -0.001327434 0.08198467
3 2013-08-06 09:14:15      4 263.1 149.9 149.9        0  0.098672566 0.08198467
4 2013-08-06 09:14:30      5 263.1 149.7 149.7        0 -0.101327434 0.08198467
5 2013-08-06 09:14:45      6 263.1 149.8 149.8        0 -0.001327434 0.08198467
6 2013-08-06 09:15:00      7 263.1 149.9 149.9        0  0.098672566 0.08198467
7 2013-08-06 09:15:15      8 263.1 149.8 149.8        0 -0.001327434 0.08198467

$endbasevolt
            timestamp record LWSmV  SEmV    CSEmV     CSEmV.sd        loadmV  loadmV.sd
1 2013-08-06 10:11:00    231 264.4 150.4 149.9066 3.808243e-05  0.1053097345 0.08198468
2 2013-08-06 10:11:15    232 264.4 150.2 149.7044 3.808243e-05 -0.0969026549 0.08198468
3 2013-08-06 10:11:30    233 264.4 150.3 149.8022 3.808243e-05  0.0008849558 0.08198468

$dryragvolt
            timestamp record LWSmV  SEmV    CSEmV     CSEmV.sd   loadmV  loadmV.sd
1 2013-08-06 10:07:15    216 309.6 260.8 260.3398 3.808243e-05 110.5385 0.08198468
2 2013-08-06 10:07:30    217 309.3 260.7 260.2376 3.808243e-05 110.4363 0.08198468
3 2013-08-06 10:07:45    218 309.2 260.6 260.1354 3.808243e-05 110.3341 0.08198468

$wetragvolt
            timestamp record LWSmV  SEmV    CSEmV     CSEmV.sd   loadmV  loadmV.sd
1 2013-08-06 10:08:30    221 266.1 261.5 261.0288 3.808243e-05 111.2274 0.08198468
2 2013-08-06 10:08:45    222 265.8 261.4 260.9265 3.808243e-05 111.1252 0.08198468
3 2013-08-06 10:09:00    223 265.2 261.3 260.8243 3.808243e-05 111.0230 0.08198468

$rundata
              timestamp record LWSmV  SEmV    CSEmV     CSEmV.sd   loadmV  loadmV.sd  watermass watermass.sd surfacedensity surfacedensity.sd runfilter      LWSwater LWSwater.stdev LWSsurfacedensity LWSsurfacedensity.stdev
1   2013-08-06 09:20:45     30 263.1 199.3 199.2513 3.808243e-05 49.45000 0.08198468 0.01275732  0.003835562   0.0002376556      7.145255e-05         0 -4.880462e-03    0.001298735     -1.499835e-04            3.991196e-05
2   2013-08-06 09:21:00     31 263.4 199.4 199.3491 3.808243e-05 49.54779 0.08198468 0.01701848  0.003835831   0.0003170367      7.145756e-05         0 -4.574957e-03    0.001296735     -1.405949e-04            3.985048e-05
3   2013-08-06 09:21:15     32 263.7 199.6 199.5469 3.808243e-05 49.74558 0.08198468 0.02563721  0.003836377   0.0004775947      7.146773e-05         0 -4.269451e-03    0.001294739     -1.312062e-04            3.978915e-05
4   2013-08-06 09:21:30     33 263.8 199.6 199.5447 3.808243e-05 49.74336 0.08198468 0.02554080  0.003836371   0.0004757987      7.146762e-05         0 -4.167615e-03    0.001294075     -1.280767e-04            3.976874e-05
5   2013-08-06 09:21:45     34 263.8 199.6 199.5425 3.808243e-05 49.74115 0.08198468 0.02544440  0.003836365   0.0004740028      7.146750e-05         0 -4.167615e-03    0.001294075     -1.280767e-04            3.976874e-05
6   2013-08-06 09:22:00     35 263.8 199.7 199.6403 3.808243e-05 49.83894 0.08198468 0.02970556  0.003836635   0.0005533838      7.147254e-05         0 -4.167615e-03    0.001294075     -1.280767e-04            3.976874e-05
7   2013-08-06 09:22:15     36 263.8 199.9 199.8381 3.808243e-05 50.03673 0.08198468 0.03832429  0.003837184   0.0007139418      7.148277e-05         0 -4.167615e-03    0.001294075     -1.280767e-04            3.976874e-05
8   2013-08-06 09:22:30     37 263.8 199.9 199.8358 3.808243e-05 50.03451 0.08198468 0.03822788  0.003837178   0.0007121459      7.148266e-05         0 -4.167615e-03    0.001294075     -1.280767e-04            3.976874e-05
9   2013-08-06 09:22:45     38 264.4 200.0 199.9336 3.808243e-05 50.13230 0.08198468 0.04248904  0.003837450   0.0007915269      7.148773e-05         0 -3.556603e-03    0.001290101     -1.092994e-04            3.964662e-05
10  2013-08-06 09:23:00     39 264.4 199.9 199.8314 3.808243e-05 50.03009 0.08198468 0.03803507  0.003837166   0.0007085540      7.148243e-05         0 -3.556603e-03    0.001290101     -1.092994e-04            3.964662e-05
11  2013-08-06 09:23:15     40 264.5 200.0 199.9292 3.808243e-05 50.12788 0.08198468 0.04229623  0.003837438   0.0007879350      7.148750e-05         0 -3.454768e-03    0.001289440     -1.061699e-04            3.962632e-05
12  2013-08-06 09:23:30     41 264.9 200.2 200.1270 3.808243e-05 50.32566 0.08198468 0.05091496  0.003837990   0.0009484930      7.149778e-05         0 -3.047427e-03    0.001286804     -9.365172e-05            3.954529e-05
13  2013-08-06 09:23:45     42 265.1 200.2 200.1248 3.808243e-05 50.32345 0.08198468 0.05081855  0.003837984   0.0009466971      7.149767e-05         0 -2.843756e-03    0.001285489     -8.739263e-05            3.950488e-05
14  2013-08-06 09:24:00     43 265.1 200.4 200.3226 3.808243e-05 50.52124 0.08198468 0.05943728  0.003838538   0.0011072551      7.150799e-05         0 -2.843756e-03    0.001285489     -8.739263e-05            3.950488e-05
15  2013-08-06 09:24:15     44 265.1 200.2 200.1204 3.808243e-05 50.31903 0.08198468 0.05062574  0.003837971   0.0009431052      7.149744e-05         0 -2.843756e-03    0.001285489     -8.739263e-05            3.950488e-05
16  2013-08-06 09:24:30     45 265.1 200.2 200.1181 3.808243e-05 50.31681 0.08198468 0.05052934  0.003837965   0.0009413092      7.149732e-05         0 -2.843756e-03    0.001285489     -8.739263e-05            3.950488e-05
17  2013-08-06 09:24:45     46 265.7 200.3 200.2159 3.808243e-05 50.41460 0.08198468 0.05479050  0.003838239   0.0010206903      7.150242e-05         0 -2.232744e-03    0.001281556     -6.861538e-05            3.938403e-05
18  2013-08-06 09:25:00     47 265.8 200.3 200.2137 3.808243e-05 50.41239 0.08198468 0.05469409  0.003838233   0.0010188943      7.150230e-05         0 -2.130909e-03    0.001280903     -6.548584e-05            3.936394e-05
19  2013-08-06 09:25:15     48 265.8 200.3 200.2115 3.808243e-05 50.41018 0.08198468 0.05459768  0.003838227   0.0010170984      7.150219e-05         0 -2.130909e-03    0.001280903     -6.548584e-05            3.936394e-05
20  2013-08-06 09:25:30     49 266.2 200.4 200.3093 3.808243e-05 50.50796 0.08198468 0.05885885  0.003838501   0.0010964794      7.150729e-05         0 -1.723568e-03    0.001278294     -5.296767e-05            3.928377e-05
21  2013-08-06 09:25:45     50 266.5 200.5 200.4071 3.808243e-05 50.60575 0.08198468 0.06312001  0.003838775   0.0011758604      7.151241e-05         0 -1.418062e-03    0.001276343     -4.357904e-05            3.922382e-05
22  2013-08-06 09:26:00     51 266.5 200.6 200.5049 3.808243e-05 50.70354 0.08198468 0.06738117  0.003839051   0.0012552415      7.151754e-05         0 -1.418062e-03    0.001276343     -4.357904e-05            3.922382e-05
23  2013-08-06 09:26:15     52 266.7 200.6 200.5027 3.808243e-05 50.70133 0.08198468 0.06728476  0.003839044   0.0012534455      7.151742e-05         0 -1.214391e-03    0.001275045     -3.731995e-05            3.918394e-05
24  2013-08-06 09:26:30     53 267.2 200.7 200.6004 3.808243e-05 50.79912 0.08198468 0.07154593  0.003839320   0.0013328265      7.152256e-05         0 -7.052148e-04    0.001271811     -2.167224e-05            3.908453e-05
25  2013-08-06 09:26:45     54 267.2 200.7 200.5982 3.808243e-05 50.79690 0.08198468 0.07144952  0.003839314   0.0013310306      7.152244e-05         0 -7.052148e-04    0.001271811     -2.167224e-05            3.908453e-05
26  2013-08-06 09:27:00     55 267.4 200.7 200.5960 3.808243e-05 50.79469 0.08198468 0.07135311  0.003839308   0.0013292346      7.152233e-05         0 -5.015442e-04    0.001270520     -1.541316e-05            3.904488e-05
27  2013-08-06 09:27:15     56 267.8 200.8 200.6938 3.808243e-05 50.89248 0.08198468 0.07561427  0.003839584   0.0014086157      7.152747e-05         0 -9.420292e-05    0.001267947     -2.894988e-06            3.896579e-05
28  2013-08-06 09:27:30     57 267.8 201.0 200.8916 3.808243e-05 51.09027 0.08198468 0.08423300  0.003840144   0.0015691737      7.153791e-05         0 -9.420292e-05    0.001267947     -2.894988e-06            3.896579e-05
29  2013-08-06 09:27:45     58 268.1 200.9 200.7894 3.808243e-05 50.98805 0.08198468 0.07977903  0.003839854   0.0014862007      7.153251e-05         0  2.113030e-04    0.001266023      6.493639e-06            3.890666e-05
30  2013-08-06 09:28:00     59 268.5 200.8 200.6872 3.808243e-05 50.88584 0.08198468 0.07532506  0.003839565   0.0014032278      7.152712e-05         0  6.186443e-04    0.001263465      1.901181e-05            3.882805e-05
31  2013-08-06 09:28:15     60 268.5 201.1 200.9850 3.808243e-05 51.18363 0.08198468 0.08830135  0.003840409   0.0016449628      7.154284e-05         0  6.186443e-04    0.001263465      1.901181e-05            3.882805e-05
32  2013-08-06 09:28:30     61 269.0 201.0 200.8827 3.808243e-05 51.08142 0.08198468 0.08384738  0.003840119   0.0015619899      7.153744e-05         0  1.127821e-03    0.001260280      3.465952e-05            3.873018e-05
33  2013-08-06 09:28:45     62 269.2 201.0 200.8805 3.808243e-05 51.07920 0.08198468 0.08375097  0.003840112   0.0015601939      7.153732e-05         0  1.331491e-03    0.001259010      4.091861e-05            3.869116e-05
34  2013-08-06 09:29:00     63 269.2 201.0 200.8783 3.808243e-05 51.07699 0.08198468 0.08365457  0.003840106   0.0015583980      7.153720e-05         0  1.331491e-03    0.001259010      4.091861e-05            3.869116e-05
35  2013-08-06 09:29:15     64 269.8 201.0 200.8761 3.808243e-05 51.07478 0.08198468 0.08355816  0.003840100   0.0015566020      7.153709e-05         0  1.942503e-03    0.001255214      5.969586e-05            3.857450e-05
36  2013-08-06 09:29:30     65 269.9 200.9 200.7739 3.808243e-05 50.97257 0.08198468 0.07910419  0.003839810   0.0014736291      7.153169e-05         0  2.044339e-03    0.001254584      6.282540e-05            3.855512e-05
37  2013-08-06 09:29:45     66 270.1 201.1 200.9717 3.808243e-05 51.17035 0.08198468 0.08772292  0.003840371   0.0016341871      7.154214e-05         0  2.248009e-03    0.001253324      6.908449e-05            3.851641e-05
38  2013-08-06 09:30:00     67 270.6 201.0 200.8695 3.808243e-05 51.06814 0.08198468 0.08326894  0.003840081   0.0015512142      7.153674e-05         0  2.757186e-03    0.001250185      8.473220e-05            3.841995e-05
39  2013-08-06 09:30:15     68 270.6 201.1 200.9673 3.808243e-05 51.16593 0.08198468 0.08753010  0.003840359   0.0016305952      7.154191e-05         0  2.757186e-03    0.001250185      8.473220e-05            3.841995e-05
40  2013-08-06 09:30:30     69 271.0 201.0 200.8650 3.808243e-05 51.06372 0.08198468 0.08307613  0.003840069   0.0015476223      7.153650e-05         0  3.164527e-03    0.001247685      9.725037e-05            3.834311e-05
41  2013-08-06 09:30:45     70 271.2 201.0 200.8628 3.808243e-05 51.06150 0.08198468 0.08297972  0.003840062   0.0015458263      7.153639e-05         0  3.368198e-03    0.001246438      1.035095e-04            3.830479e-05
42  2013-08-06 09:31:00     71 271.4 201.1 200.9606 3.808243e-05 51.15929 0.08198468 0.08724088  0.003840340   0.0016252074      7.154156e-05         0  3.571868e-03    0.001245194      1.097685e-04            3.826655e-05
43  2013-08-06 09:31:15     72 271.9 201.0 200.8584 3.808243e-05 51.05708 0.08198468 0.08278691  0.003840050   0.0015422344      7.153615e-05         0  4.081045e-03    0.001242093      1.254163e-04            3.817126e-05
44  2013-08-06 09:31:30     73 271.9 201.0 200.8562 3.808243e-05 51.05487 0.08198468 0.08269050  0.003840043   0.0015404385      7.153603e-05         0  4.081045e-03    0.001242093      1.254163e-04            3.817126e-05
45  2013-08-06 09:31:45     74 272.3 201.1 200.9540 3.808243e-05 51.15265 0.08198468 0.08695166  0.003840321   0.0016198195      7.154120e-05         0  4.488386e-03    0.001239623      1.379344e-04            3.809535e-05
46  2013-08-06 09:32:00     75 272.6 201.2 201.0518 3.808243e-05 51.25044 0.08198468 0.09121283  0.003840599   0.0016992005      7.154638e-05         0  4.793892e-03    0.001237777      1.473230e-04            3.803862e-05
47  2013-08-06 09:32:15     76 272.7 201.1 200.9496 3.808243e-05 51.14823 0.08198468 0.08675885  0.003840308   0.0016162276      7.154097e-05         0  4.895727e-03    0.001237162      1.504526e-04            3.801974e-05
48  2013-08-06 09:32:30     77 273.3 201.1 200.9473 3.808243e-05 51.14602 0.08198468 0.08666245  0.003840302   0.0016144316      7.154085e-05         0  5.506739e-03    0.001233490      1.692298e-04            3.790688e-05
49  2013-08-06 09:32:45     78 273.3 201.4 201.2451 3.808243e-05 51.44381 0.08198468 0.09963874  0.003841150   0.0018561666      7.155665e-05         0  5.506739e-03    0.001233490      1.692298e-04            3.790688e-05
50  2013-08-06 09:33:00     79 273.6 201.4 201.2429 3.808243e-05 51.44159 0.08198468 0.09954234  0.003841144   0.0018543707      7.155654e-05         0  5.812245e-03    0.001231662      1.786185e-04            3.785070e-05
51  2013-08-06 09:33:15     80 274.0 201.4 201.2407 3.808243e-05 51.43938 0.08198468 0.09944593  0.003841138   0.0018525747      7.155642e-05         1  6.219586e-03    0.001229233      1.911366e-04            3.777606e-05
52  2013-08-06 09:33:30     81 274.0 201.4 201.2385 3.808243e-05 51.43717 0.08198468 0.09934952  0.003841131   0.0018507788      7.155630e-05         1  6.219586e-03    0.001229233      1.911366e-04            3.777606e-05
53  2013-08-06 09:33:45     82 274.6 201.5 201.3363 3.808243e-05 51.53496 0.08198468 0.10361069  0.003841411   0.0019301598      7.156151e-05         1  6.830598e-03    0.001225608      2.099139e-04            3.766465e-05
54  2013-08-06 09:34:00     83 274.6 201.5 201.3341 3.808243e-05 51.53274 0.08198468 0.10351428  0.003841405   0.0019283639      7.156139e-05         1  6.830598e-03    0.001225608      2.099139e-04            3.766465e-05
55  2013-08-06 09:34:15     84 275.0 201.5 201.3319 3.808243e-05 51.53053 0.08198468 0.10341787  0.003841398   0.0019265679      7.156127e-05         1  7.237939e-03    0.001223203      2.224321e-04            3.759077e-05
56  2013-08-06 09:34:30     85 275.3 201.6 201.4296 3.808243e-05 51.62832 0.08198468 0.10767904  0.003841678   0.0020059490      7.156649e-05         1  7.543445e-03    0.001221407      2.318207e-04            3.753555e-05
57  2013-08-06 09:34:45     86 275.4 201.7 201.5274 3.808243e-05 51.72611 0.08198468 0.11194020  0.003841959   0.0020853300      7.157172e-05         1  7.645281e-03    0.001220809      2.349502e-04            3.751718e-05
58  2013-08-06 09:35:00     87 275.9 201.6 201.4252 3.808243e-05 51.62389 0.08198468 0.10748622  0.003841666   0.0020023571      7.156625e-05         1  8.154457e-03    0.001217830      2.505979e-04            3.742563e-05
59  2013-08-06 09:35:15     88 276.0 201.7 201.5230 3.808243e-05 51.72168 0.08198468 0.11174738  0.003841946   0.0020817381      7.157148e-05         1  8.256292e-03    0.001217236      2.537275e-04            3.740738e-05
60  2013-08-06 09:35:30     89 276.3 201.6 201.4208 3.808243e-05 51.61947 0.08198468 0.10729341  0.003841653   0.0019987652      7.156602e-05         1  8.561798e-03    0.001215458      2.631161e-04            3.735274e-05
61  2013-08-06 09:35:45     90 276.7 201.7 201.5186 3.808243e-05 51.71726 0.08198468 0.11155457  0.003841933   0.0020781462      7.157124e-05         1  8.969140e-03    0.001213097      2.756343e-04            3.728017e-05
62  2013-08-06 09:36:00     91 276.7 201.7 201.5164 3.808243e-05 51.71504 0.08198468 0.11145817  0.003841927   0.0020763502      7.157112e-05         1  8.969140e-03    0.001213097      2.756343e-04            3.728017e-05
63  2013-08-06 09:36:15     92 277.3 201.7 201.5142 3.808243e-05 51.71283 0.08198468 0.11136176  0.003841921   0.0020745543      7.157101e-05         1  9.580152e-03    0.001209573      2.944115e-04            3.717189e-05
64  2013-08-06 09:36:30     93 277.4 201.7 201.5119 3.808243e-05 51.71062 0.08198468 0.11126535  0.003841914   0.0020727583      7.157089e-05         1  9.681987e-03    0.001208988      2.975411e-04            3.715391e-05
65  2013-08-06 09:36:45     94 277.7 201.6 201.4097 3.808243e-05 51.60841 0.08198468 0.10681138  0.003841621   0.0019897854      7.156543e-05         1  9.987493e-03    0.001207237      3.069297e-04            3.710009e-05
66  2013-08-06 09:37:00     95 278.0 201.6 201.4075 3.808243e-05 51.60619 0.08198468 0.10671497  0.003841615   0.0019879894      7.156531e-05         1  1.029300e-02    0.001205492      3.163183e-04            3.704646e-05
67  2013-08-06 09:37:15     96 278.1 201.8 201.6053 3.808243e-05 51.80398 0.08198468 0.11533370  0.003842183   0.0021485475      7.157588e-05         1  1.039483e-02    0.001204911      3.194479e-04            3.702862e-05
68  2013-08-06 09:37:30     97 278.7 201.7 201.5031 3.808243e-05 51.70177 0.08198468 0.11087973  0.003841889   0.0020655745      7.157041e-05         1  1.100585e-02    0.001201442      3.382251e-04            3.692201e-05
69  2013-08-06 09:37:45     98 278.7 201.6 201.4009 3.808243e-05 51.59956 0.08198468 0.10642575  0.003841596   0.0019826016      7.156495e-05         1  1.100585e-02    0.001201442      3.382251e-04            3.692201e-05
70  2013-08-06 09:38:00     99 279.0 201.6 201.3987 3.808243e-05 51.59735 0.08198468 0.10632935  0.003841590   0.0019808056      7.156484e-05         1  1.131135e-02    0.001199716      3.476138e-04            3.686898e-05
71  2013-08-06 09:38:15    100 279.4 201.7 201.4965 3.808243e-05 51.69513 0.08198468 0.11059051  0.003841870   0.0020601867      7.157006e-05         1  1.171869e-02    0.001197425      3.601319e-04            3.679855e-05
72  2013-08-06 09:38:30    101 279.4 201.6 201.3942 3.808243e-05 51.59292 0.08198468 0.10613653  0.003841577   0.0019772137      7.156460e-05         1  1.171869e-02    0.001197425      3.601319e-04            3.679855e-05
73  2013-08-06 09:38:45    102 280.0 201.8 201.5920 3.808243e-05 51.79071 0.08198468 0.11475526  0.003842144   0.0021377718      7.157517e-05         1  1.232970e-02    0.001194007      3.789092e-04            3.669352e-05
74  2013-08-06 09:39:00    103 280.1 201.8 201.5898 3.808243e-05 51.78850 0.08198468 0.11465886  0.003842138   0.0021359758      7.157505e-05         1  1.243154e-02    0.001193440      3.820387e-04            3.667608e-05
75  2013-08-06 09:39:15    104 280.3 201.8 201.5876 3.808243e-05 51.78628 0.08198468 0.11456245  0.003842132   0.0021341799      7.157494e-05         1  1.263521e-02    0.001192307      3.882978e-04            3.664128e-05
76  2013-08-06 09:39:30    105 280.8 201.9 201.6854 3.808243e-05 51.88407 0.08198468 0.11882361  0.003842413   0.0022135609      7.158018e-05         1  1.314439e-02    0.001189487      4.039455e-04            3.655462e-05
77  2013-08-06 09:39:45    106 280.8 201.9 201.6832 3.808243e-05 51.88186 0.08198468 0.11872721  0.003842407   0.0022117649      7.158006e-05         1  1.314439e-02    0.001189487      4.039455e-04            3.655462e-05
78  2013-08-06 09:40:00    107 281.4 201.9 201.6810 3.808243e-05 51.87965 0.08198468 0.11863080  0.003842400   0.0022099690      7.157994e-05         1  1.375540e-02    0.001186126      4.227228e-04            3.645133e-05
79  2013-08-06 09:40:15    108 281.4 201.9 201.6788 3.808243e-05 51.87743 0.08198468 0.11853439  0.003842394   0.0022081730      7.157982e-05         1  1.375540e-02    0.001186126      4.227228e-04            3.645133e-05
80  2013-08-06 09:40:30    109 281.7 201.9 201.6765 3.808243e-05 51.87522 0.08198468 0.11843799  0.003842388   0.0022063771      7.157970e-05         1  1.406091e-02    0.001184455      4.321114e-04            3.639996e-05
81  2013-08-06 09:40:45    110 282.1 202.0 201.7743 3.808243e-05 51.97301 0.08198468 0.12269915  0.003842669   0.0022857581      7.158495e-05         1  1.446825e-02    0.001182236      4.446296e-04            3.633177e-05
82  2013-08-06 09:41:00    111 282.2 201.9 201.6721 3.808243e-05 51.87080 0.08198468 0.11824517  0.003842375   0.0022027852      7.157947e-05         1  1.457008e-02    0.001181683      4.477591e-04            3.631477e-05
83  2013-08-06 09:41:15    112 282.8 202.0 201.7699 3.808243e-05 51.96858 0.08198468 0.12250634  0.003842657   0.0022821662      7.158471e-05         1  1.518109e-02    0.001178379      4.665364e-04            3.621324e-05
84  2013-08-06 09:41:30    113 282.8 202.1 201.8677 3.808243e-05 52.06637 0.08198468 0.12676750  0.003842939   0.0023615473      7.158997e-05         1  1.518109e-02    0.001178379      4.665364e-04            3.621324e-05
85  2013-08-06 09:41:45    114 283.1 202.0 201.7655 3.808243e-05 51.96416 0.08198468 0.12231352  0.003842644   0.0022785743      7.158448e-05         1  1.548660e-02    0.001176736      4.759250e-04            3.616276e-05
86  2013-08-06 09:42:00    115 283.5 202.1 201.8633 3.808243e-05 52.06195 0.08198468 0.12657468  0.003842926   0.0023579553      7.158974e-05         1  1.589394e-02    0.001174556      4.884432e-04            3.609576e-05
87  2013-08-06 09:42:15    116 283.5 202.1 201.8611 3.808243e-05 52.05973 0.08198468 0.12647828  0.003842920   0.0023561594      7.158962e-05         1  1.589394e-02    0.001174556      4.884432e-04            3.609576e-05
88  2013-08-06 09:42:30    117 284.1 202.1 201.8588 3.808243e-05 52.05752 0.08198468 0.12638187  0.003842913   0.0023543634      7.158950e-05         1  1.650495e-02    0.001171307      5.072204e-04            3.599591e-05
89  2013-08-06 09:42:45    118 284.2 202.2 201.9566 3.808243e-05 52.15531 0.08198468 0.13064303  0.003843196   0.0024337445      7.159476e-05         1  1.660679e-02    0.001170768      5.103500e-04            3.597934e-05
90  2013-08-06 09:43:00    119 284.4 202.2 201.9544 3.808243e-05 52.15310 0.08198468 0.13054663  0.003843190   0.0024319485      7.159465e-05         1  1.681046e-02    0.001169692      5.166091e-04            3.594627e-05
91  2013-08-06 09:43:15    120 284.8 202.1 201.8522 3.808243e-05 52.05088 0.08198468 0.12609265  0.003842894   0.0023489756      7.158914e-05         1  1.721780e-02    0.001167548      5.291272e-04            3.588040e-05
92  2013-08-06 09:43:30    121 284.9 202.2 201.9500 3.808243e-05 52.14867 0.08198468 0.13035381  0.003843177   0.0024283566      7.159441e-05         1  1.731964e-02    0.001167014      5.322568e-04            3.586399e-05
93  2013-08-06 09:43:45    122 285.5 202.3 202.0478 3.808243e-05 52.24646 0.08198468 0.13461498  0.003843460   0.0025077377      7.159968e-05         1  1.793065e-02    0.001163825      5.510340e-04            3.576597e-05
94  2013-08-06 09:44:00    123 285.5 202.4 202.1456 3.808243e-05 52.34425 0.08198468 0.13887614  0.003843744   0.0025871187      7.160497e-05         1  1.793065e-02    0.001163825      5.510340e-04            3.576597e-05
95  2013-08-06 09:44:15    124 285.9 202.4 202.1434 3.808243e-05 52.34204 0.08198468 0.13877973  0.003843737   0.0025853227      7.160485e-05         1  1.833799e-02    0.001161713      5.635522e-04            3.570107e-05
96  2013-08-06 09:44:30    125 286.2 202.5 202.2412 3.808243e-05 52.43982 0.08198468 0.14304089  0.003844022   0.0026647038      7.161015e-05         1  1.864349e-02    0.001160136      5.729408e-04            3.565262e-05
97  2013-08-06 09:44:45    126 286.5 202.4 202.1389 3.808243e-05 52.33761 0.08198468 0.13858692  0.003843725   0.0025817308      7.160461e-05         1  1.894900e-02    0.001158567      5.823294e-04            3.560438e-05
98  2013-08-06 09:45:00    127 286.9 202.5 202.2367 3.808243e-05 52.43540 0.08198468 0.14284808  0.003844009   0.0026611119      7.160991e-05         1  1.935634e-02    0.001156484      5.948476e-04            3.554037e-05
99  2013-08-06 09:45:15    128 286.9 202.4 202.1345 3.808243e-05 52.33319 0.08198468 0.13839411  0.003843712   0.0025781389      7.160437e-05         1  1.935634e-02    0.001156484      5.948476e-04            3.554037e-05
100 2013-08-06 09:45:30    129 287.4 202.5 202.2323 3.808243e-05 52.43097 0.08198468 0.14265527  0.003843996   0.0026575200      7.160967e-05         1  1.986552e-02    0.001153897      6.104953e-04            3.546087e-05
101 2013-08-06 09:45:45    130 287.6 202.4 202.1301 3.808243e-05 52.32876 0.08198468 0.13820129  0.003843699   0.0025745470      7.160413e-05         1  2.006919e-02    0.001152867      6.167544e-04            3.542923e-05
102 2013-08-06 09:46:00    131 287.9 202.5 202.2279 3.808243e-05 52.42655 0.08198468 0.14246246  0.003843983   0.0026539281      7.160943e-05         1  2.037469e-02    0.001151328      6.261430e-04            3.538194e-05
103 2013-08-06 09:46:15    132 288.2 202.5 202.2257 3.808243e-05 52.42434 0.08198468 0.14236605  0.003843977   0.0026521321      7.160931e-05         1  2.068020e-02    0.001149796      6.355317e-04            3.533486e-05
104 2013-08-06 09:46:30    133 288.3 202.5 202.2235 3.808243e-05 52.42212 0.08198468 0.14226964  0.003843970   0.0026503362      7.160919e-05         1  2.078204e-02    0.001149287      6.386612e-04            3.531921e-05
105 2013-08-06 09:46:45    134 288.9 202.5 202.2212 3.808243e-05 52.41991 0.08198468 0.14217324  0.003843964   0.0026485402      7.160907e-05         1  2.139305e-02    0.001146247      6.574385e-04            3.522580e-05
106 2013-08-06 09:47:00    135 288.9 202.4 202.1190 3.808243e-05 52.31770 0.08198468 0.13771926  0.003843667   0.0025655673      7.160353e-05         1  2.139305e-02    0.001146247      6.574385e-04            3.522580e-05
107 2013-08-06 09:47:15    136 289.3 202.6 202.3168 3.808243e-05 52.51549 0.08198468 0.14633799  0.003844242   0.0027261253      7.161425e-05         1  2.180039e-02    0.001144236      6.699566e-04            3.516399e-05
108 2013-08-06 09:47:30    137 289.6 202.5 202.2146 3.808243e-05 52.41327 0.08198468 0.14188402  0.003843944   0.0026431524      7.160871e-05         1  2.210589e-02    0.001142736      6.793453e-04            3.511788e-05
109 2013-08-06 09:47:45    138 289.6 202.5 202.2124 3.808243e-05 52.41106 0.08198468 0.14178761  0.003843938   0.0026413564      7.160859e-05         1  2.210589e-02    0.001142736      6.793453e-04            3.511788e-05
110 2013-08-06 09:48:00    139 290.2 202.6 202.3102 3.808243e-05 52.50885 0.08198468 0.14604877  0.003844223   0.0027207374      7.161389e-05         1  2.271691e-02    0.001139755      6.981225e-04            3.502629e-05
111 2013-08-06 09:48:15    140 290.3 202.4 202.1080 3.808243e-05 52.30664 0.08198468 0.13723723  0.003843635   0.0025565875      7.160294e-05         1  2.281874e-02    0.001139261      7.012521e-04            3.501110e-05
112 2013-08-06 09:48:30    141 290.7 202.6 202.3058 3.808243e-05 52.50442 0.08198468 0.14585596  0.003844210   0.0027171455      7.161365e-05         1  2.322608e-02    0.001137293      7.137702e-04            3.495061e-05
113 2013-08-06 09:48:45    142 291.0 202.5 202.2035 3.808243e-05 52.40221 0.08198468 0.14140199  0.003843912   0.0026341726      7.160811e-05         1  2.353159e-02    0.001135825      7.231588e-04            3.490549e-05
114 2013-08-06 09:49:00    143 291.0 202.6 202.3013 3.808243e-05 52.50000 0.08198468 0.14566315  0.003844197   0.0027135536      7.161341e-05         1  2.353159e-02    0.001135825      7.231588e-04            3.490549e-05
115 2013-08-06 09:49:15    144 291.6 202.6 202.2991 3.808243e-05 52.49779 0.08198468 0.14556674  0.003844190   0.0027117577      7.161329e-05         1  2.414260e-02    0.001132909      7.419361e-04            3.481589e-05
116 2013-08-06 09:49:30    145 291.6 202.7 202.3969 3.808243e-05 52.59558 0.08198468 0.14982790  0.003844475   0.0027911387      7.161860e-05         1  2.414260e-02    0.001132909      7.419361e-04            3.481589e-05
117 2013-08-06 09:49:45    146 291.9 202.6 202.2947 3.808243e-05 52.49336 0.08198468 0.14537393  0.003844178   0.0027081658      7.161305e-05         1  2.444811e-02    0.001131462      7.513247e-04            3.477141e-05
118 2013-08-06 09:50:00    147 292.3 202.6 202.2925 3.808243e-05 52.49115 0.08198468 0.14527752  0.003844171   0.0027063698      7.161293e-05         1  2.485545e-02    0.001129543      7.638429e-04            3.471245e-05
119 2013-08-06 09:50:15    148 292.3 202.7 202.3903 3.808243e-05 52.58894 0.08198468 0.14953868  0.003844456   0.0027857509      7.161824e-05         1  2.485545e-02    0.001129543      7.638429e-04            3.471245e-05
120 2013-08-06 09:50:30    149 292.9 202.7 202.3881 3.808243e-05 52.58673 0.08198468 0.14944228  0.003844450   0.0027839549      7.161812e-05         1  2.546646e-02    0.001126689      7.826202e-04            3.462474e-05
121 2013-08-06 09:50:45    150 293.0 202.7 202.3858 3.808243e-05 52.58451 0.08198468 0.14934587  0.003844443   0.0027821590      7.161800e-05         1  2.556830e-02    0.001126216      7.857497e-04            3.461020e-05
122 2013-08-06 09:51:00    151 293.3 202.7 202.3836 3.808243e-05 52.58230 0.08198468 0.14924946  0.003844437   0.0027803630      7.161788e-05         1  2.587380e-02    0.001124802      7.951383e-04            3.456675e-05
123 2013-08-06 09:51:15    152 293.7 202.9 202.5814 3.808243e-05 52.78009 0.08198468 0.15786819  0.003845015   0.0029409210      7.162864e-05         1  2.628114e-02    0.001122928      8.076565e-04            3.450915e-05
124 2013-08-06 09:51:30    153 293.7 203.0 202.6792 3.808243e-05 52.87788 0.08198468 0.16212936  0.003845301   0.0030203021      7.163398e-05         1  2.628114e-02    0.001122928      8.076565e-04            3.450915e-05
125 2013-08-06 09:51:45    154 294.3 202.8 202.4770 3.808243e-05 52.67566 0.08198468 0.15331781  0.003844709   0.0028561522      7.162296e-05         1  2.689215e-02    0.001120141      8.264337e-04            3.442350e-05
126 2013-08-06 09:52:00    155 294.4 202.7 202.3748 3.808243e-05 52.57345 0.08198468 0.14886384  0.003844411   0.0027731792      7.161740e-05         1  2.699399e-02    0.001119679      8.295633e-04            3.440931e-05
127 2013-08-06 09:52:15    156 294.7 202.8 202.4726 3.808243e-05 52.67124 0.08198468 0.15312500  0.003844696   0.0028525602      7.162271e-05         1  2.729950e-02    0.001118299      8.389519e-04            3.436689e-05
128 2013-08-06 09:52:30    157 295.0 202.8 202.4704 3.808243e-05 52.66903 0.08198468 0.15302859  0.003844690   0.0028507643      7.162259e-05         1  2.760500e-02    0.001116926      8.483405e-04            3.432470e-05
129 2013-08-06 09:52:45    158 295.0 202.8 202.4681 3.808243e-05 52.66681 0.08198468 0.15293219  0.003844683   0.0028489683      7.162247e-05         1  2.760500e-02    0.001116926      8.483405e-04            3.432470e-05
130 2013-08-06 09:53:00    159 295.6 202.8 202.4659 3.808243e-05 52.66460 0.08198468 0.15283578  0.003844677   0.0028471724      7.162235e-05         1  2.821601e-02    0.001114202      8.671178e-04            3.424100e-05
131 2013-08-06 09:53:15    160 295.7 202.9 202.5637 3.808243e-05 52.76239 0.08198468 0.15709694  0.003844963   0.0029265534      7.162768e-05         1  2.831785e-02    0.001113751      8.702473e-04            3.422713e-05
132 2013-08-06 09:53:30    161 296.1 202.9 202.5615 3.808243e-05 52.76018 0.08198468 0.15700054  0.003844956   0.0029247575      7.162756e-05         1  2.872519e-02    0.001111955      8.827655e-04            3.417194e-05
133 2013-08-06 09:53:45    162 296.4 202.9 202.5593 3.808243e-05 52.75796 0.08198468 0.15690413  0.003844950   0.0029229615      7.162744e-05         1  2.903070e-02    0.001110616      8.921541e-04            3.413080e-05
134 2013-08-06 09:54:00    163 296.4 203.1 202.7571 3.808243e-05 52.95575 0.08198468 0.16552286  0.003845530   0.0030835195      7.163824e-05         1  2.903070e-02    0.001110616      8.921541e-04            3.413080e-05
135 2013-08-06 09:54:15    164 297.0 203.0 202.6549 3.808243e-05 52.85354 0.08198468 0.16106889  0.003845230   0.0030005466      7.163265e-05         1  2.964171e-02    0.001107962      9.109314e-04            3.404923e-05
136 2013-08-06 09:54:30    165 297.1 203.1 202.7527 3.808243e-05 52.95133 0.08198468 0.16533005  0.003845517   0.0030799276      7.163800e-05         1  2.974354e-02    0.001107523      9.140609e-04            3.403573e-05
137 2013-08-06 09:54:45    166 297.5 203.1 202.7504 3.808243e-05 52.94912 0.08198468 0.16523364  0.003845510   0.0030781317      7.163788e-05         1  3.015088e-02    0.001105773      9.265791e-04            3.398196e-05
138 2013-08-06 09:55:00    167 297.8 203.1 202.7482 3.808243e-05 52.94690 0.08198468 0.16513724  0.003845504   0.0030763357      7.163776e-05         1  3.045639e-02    0.001104470      9.359677e-04            3.394191e-05
139 2013-08-06 09:55:15    168 297.8 203.2 202.8460 3.808243e-05 53.04469 0.08198468 0.16939840  0.003845791   0.0031557168      7.164311e-05         1  3.045639e-02    0.001104470      9.359677e-04            3.394191e-05
140 2013-08-06 09:55:30    169 298.3 203.0 202.6438 3.808243e-05 52.84248 0.08198468 0.16058685  0.003845198   0.0029915669      7.163205e-05         1  3.096557e-02    0.001102314      9.516154e-04            3.387567e-05
141 2013-08-06 09:55:45    170 298.4 203.1 202.7416 3.808243e-05 52.94027 0.08198468 0.16484802  0.003845484   0.0030709479      7.163739e-05         1  3.106740e-02    0.001101886      9.547450e-04            3.386250e-05
142 2013-08-06 09:56:00    171 298.7 203.0 202.6394 3.808243e-05 52.83805 0.08198468 0.16039404  0.003845185   0.0029879750      7.163181e-05         1  3.137291e-02    0.001100605      9.641336e-04            3.382315e-05
143 2013-08-06 09:56:15    172 299.1 203.3 202.9372 3.808243e-05 53.13584 0.08198468 0.17337034  0.003846060   0.0032297100      7.164811e-05         1  3.178025e-02    0.001098910      9.766518e-04            3.377105e-05
144 2013-08-06 09:56:30    173 299.1 203.0 202.6350 3.808243e-05 52.83363 0.08198468 0.16020123  0.003845172   0.0029843830      7.163157e-05         1  3.178025e-02    0.001098910      9.766518e-04            3.377105e-05
145 2013-08-06 09:56:45    174 299.7 203.0 202.6327 3.808243e-05 52.83142 0.08198468 0.16010482  0.003845165   0.0029825871      7.163145e-05         1  3.239126e-02    0.001096393      9.954290e-04            3.369369e-05
146 2013-08-06 09:57:00    175 299.8 202.9 202.5305 3.808243e-05 52.72920 0.08198468 0.15565085  0.003844866   0.0028996142      7.162587e-05         1  3.249310e-02    0.001095976      9.985586e-04            3.368089e-05
147 2013-08-06 09:57:15    176 300.0 203.1 202.7283 3.808243e-05 52.92699 0.08198468 0.16426958  0.003845445   0.0030601722      7.163667e-05         1  3.269677e-02    0.001095146      1.004818e-03            3.365537e-05
148 2013-08-06 09:57:30    177 300.5 203.2 202.8261 3.808243e-05 53.02478 0.08198468 0.16853074  0.003845733   0.0031395532      7.164202e-05         1  3.320594e-02    0.001093085      1.020465e-03            3.359203e-05
149 2013-08-06 09:57:45    178 300.5 203.0 202.6239 3.808243e-05 52.82257 0.08198468 0.15971920  0.003845139   0.0029754033      7.163096e-05         1  3.320594e-02    0.001093085      1.020465e-03            3.359203e-05
150 2013-08-06 09:58:00    179 300.9 203.2 202.8217 3.808243e-05 53.02035 0.08198468 0.16833793  0.003845720   0.0031359613      7.164178e-05         1  3.361328e-02    0.001091452      1.032984e-03            3.354185e-05
151 2013-08-06 09:58:15    180 301.2 203.1 202.7195 3.808243e-05 52.91814 0.08198468 0.16388395  0.003845419   0.0030529884      7.163618e-05         1  3.391879e-02    0.001090236      1.042372e-03            3.350449e-05
152 2013-08-06 09:58:30    181 301.3 203.2 202.8173 3.808243e-05 53.01593 0.08198468 0.16814511  0.003845707   0.0031323694      7.164153e-05         1  3.402063e-02    0.001089833      1.045502e-03            3.349209e-05
153 2013-08-06 09:58:45    182 301.8 203.1 202.7150 3.808243e-05 52.91372 0.08198468 0.16369114  0.003845406   0.0030493965      7.163594e-05         1  3.452980e-02    0.001087828      1.061149e-03            3.343050e-05
154 2013-08-06 09:59:00    183 301.8 203.1 202.7128 3.808243e-05 52.91150 0.08198468 0.16359473  0.003845400   0.0030476005      7.163582e-05         1  3.452980e-02    0.001087828      1.061149e-03            3.343050e-05
155 2013-08-06 09:59:15    184 302.3 203.3 202.9106 3.808243e-05 53.10929 0.08198468 0.17221346  0.003845981   0.0032081585      7.164665e-05         1  3.503898e-02    0.001085846      1.076797e-03            3.336958e-05
156 2013-08-06 09:59:30    185 302.5 203.3 202.9084 3.808243e-05 53.10708 0.08198468 0.17211706  0.003845975   0.0032063626      7.164653e-05         1  3.524265e-02    0.001085060      1.083056e-03            3.334541e-05
157 2013-08-06 09:59:45    186 302.9 203.3 202.9062 3.808243e-05 53.10487 0.08198468 0.17202065  0.003845968   0.0032045666      7.164641e-05         1  3.564999e-02    0.001083497      1.095574e-03            3.329739e-05
158 2013-08-06 10:00:00    187 303.2 203.2 202.8040 3.808243e-05 53.00265 0.08198468 0.16756668  0.003845668   0.0031215937      7.164081e-05         1  3.595550e-02    0.001082335      1.104963e-03            3.326166e-05
159 2013-08-06 10:00:15    188 303.2 203.2 202.8018 3.808243e-05 53.00044 0.08198468 0.16747027  0.003845661   0.0031197978      7.164069e-05         1  3.595550e-02    0.001082335      1.104963e-03            3.326166e-05
160 2013-08-06 10:00:30    189 303.7 203.2 202.7996 3.808243e-05 52.99823 0.08198468 0.16737386  0.003845655   0.0031180018      7.164056e-05         1  3.646467e-02    0.001080415      1.120611e-03            3.320267e-05
161 2013-08-06 10:00:45    190 303.9 203.2 202.7973 3.808243e-05 52.99602 0.08198468 0.16727746  0.003845648   0.0031162059      7.164044e-05         1  3.666834e-02    0.001079653      1.126870e-03            3.317927e-05
162 2013-08-06 10:01:00    191 304.3 203.2 202.7951 3.808243e-05 52.99381 0.08198468 0.16718105  0.003845642   0.0031144099      7.164032e-05         1  3.707569e-02    0.001078141      1.139388e-03            3.313280e-05
163 2013-08-06 10:01:15    192 304.6 203.3 202.8929 3.808243e-05 53.09159 0.08198468 0.17144221  0.003845929   0.0031937909      7.164568e-05         1  3.738119e-02    0.001077017      1.148777e-03            3.309823e-05
164 2013-08-06 10:01:30    193 304.6 203.2 202.7907 3.808243e-05 52.98938 0.08198468 0.16698824  0.003845629   0.0031108180      7.164008e-05         1  3.738119e-02    0.001077017      1.148777e-03            3.309823e-05
165 2013-08-06 10:01:45    194 305.2 203.3 202.8885 3.808243e-05 53.08717 0.08198468 0.17124940  0.003845916   0.0031901990      7.164544e-05         1  3.799220e-02    0.001074792      1.167554e-03            3.302987e-05
166 2013-08-06 10:02:00    195 305.2 203.3 202.8863 3.808243e-05 53.08496 0.08198468 0.17115299  0.003845910   0.0031884031      7.164532e-05         1  3.799220e-02    0.001074792      1.167554e-03            3.302987e-05
167 2013-08-06 10:02:15    196 305.6 203.4 202.9841 3.808243e-05 53.18274 0.08198468 0.17541415  0.003846198   0.0032677841      7.165068e-05         1  3.839954e-02    0.001073327      1.180072e-03            3.298485e-05
168 2013-08-06 10:02:30    197 305.9 203.6 203.1819 3.808243e-05 53.38053 0.08198468 0.18403288  0.003846782   0.0034283421      7.166157e-05         1  3.870505e-02    0.001072238      1.189461e-03            3.295138e-05
169 2013-08-06 10:02:45    198 305.9 203.5 203.0796 3.808243e-05 53.27832 0.08198468 0.17957891  0.003846480   0.0033453692      7.165594e-05         1  3.870505e-02    0.001072238      1.189461e-03            3.295138e-05
170 2013-08-06 10:03:00    199 306.6 203.6 203.1774 3.808243e-05 53.37611 0.08198468 0.18384007  0.003846769   0.0034247502      7.166133e-05         1  3.941790e-02    0.001069729      1.211367e-03            3.287429e-05
171 2013-08-06 10:03:15    200 306.6 203.6 203.1752 3.808243e-05 53.37389 0.08198468 0.18374367  0.003846763   0.0034229543      7.166120e-05         1  3.941790e-02    0.001069729      1.211367e-03            3.287429e-05
172 2013-08-06 10:03:30    201 307.0 203.4 202.9730 3.808243e-05 53.17168 0.08198468 0.17493212  0.003846165   0.0032588044      7.165008e-05         0  3.982524e-02    0.001068316      1.223886e-03            3.283087e-05
173 2013-08-06 10:03:45    202 307.3 203.5 203.0708 3.808243e-05 53.26947 0.08198468 0.17919328  0.003846454   0.0033381854      7.165545e-05         0  4.013074e-02    0.001067266      1.233274e-03            3.279860e-05
174 2013-08-06 10:04:00    203 307.3 203.6 203.1686 3.808243e-05 53.36726 0.08198468 0.18345445  0.003846743   0.0034175664      7.166084e-05         0  4.013074e-02    0.001067266      1.233274e-03            3.279860e-05
175 2013-08-06 10:04:15    204 307.9 203.4 202.9664 3.808243e-05 53.16504 0.08198468 0.17464290  0.003846146   0.0032534165      7.164971e-05         0  4.074176e-02    0.001065192      1.252052e-03            3.273484e-05
176 2013-08-06 10:04:30    205 308.0 203.4 202.9642 3.808243e-05 53.16283 0.08198468 0.17454650  0.003846139   0.0032516206      7.164959e-05         0  4.084359e-02    0.001064849      1.255181e-03            3.272431e-05
177 2013-08-06 10:04:45    206 308.6 203.6 203.1619 3.808243e-05 53.36062 0.08198468 0.18316523  0.003846723   0.0034121786      7.166047e-05         0  4.145460e-02    0.001062814      1.273958e-03            3.266177e-05
178 2013-08-06 10:05:00    207 308.6 203.4 202.9597 3.808243e-05 53.15841 0.08198468 0.17435368  0.003846126   0.0032480287      7.164935e-05         0  4.145460e-02    0.001062814      1.273958e-03            3.266177e-05
179 2013-08-06 10:05:15    208 308.6 203.6 203.1575 3.808243e-05 53.35619 0.08198468 0.18297241  0.003846710   0.0034085867      7.166023e-05         0  4.145460e-02    0.001062814      1.273958e-03            3.266177e-05
180 2013-08-06 10:05:30    209 309.2 203.4 202.9553 3.808243e-05 53.15398 0.08198468 0.17416087  0.003846113   0.0032444368      7.164910e-05         0  4.206562e-02    0.001060813      1.292736e-03            3.260027e-05
181 2013-08-06 10:05:45    210 309.3 203.5 203.0531 3.808243e-05 53.25177 0.08198468 0.17842203  0.003846402   0.0033238178      7.165448e-05         0  4.216745e-02    0.001060483      1.295865e-03            3.259012e-05
182 2013-08-06 10:06:00    211 309.6 203.4 202.9509 3.808243e-05 53.14956 0.08198468 0.17396806  0.003846100   0.0032408448      7.164886e-05         0  4.247296e-02    0.001059498      1.305254e-03            3.255986e-05
183 2013-08-06 10:06:15    212 310.0 203.4 202.9487 3.808243e-05 53.14735 0.08198468 0.17387165  0.003846093   0.0032390489      7.164874e-05         0  4.288030e-02    0.001058198      1.317772e-03            3.251991e-05
184 2013-08-06 10:06:30    213 310.0 204.0 203.5465 3.808243e-05 53.74513 0.08198468 0.19992066  0.003847865   0.0037243149      7.168174e-05         0  4.288030e-02    0.001058198      1.317772e-03            3.251991e-05

$dryleafvolt
             timestamp record LWSmV  SEmV    CSEmV     CSEmV.sd   loadmV  loadmV.sd
1  2013-08-06 09:17:30     17 263.1 198.3 198.2801 3.808243e-05 48.47876 0.08198468
2  2013-08-06 09:17:45     18 263.1 198.7 198.6779 3.808243e-05 48.87655 0.08198468
3  2013-08-06 09:18:00     19 263.1 198.4 198.3757 3.808243e-05 48.57434 0.08198468
4  2013-08-06 09:18:15     20 263.1 199.1 199.0735 3.808243e-05 49.27212 0.08198468
5  2013-08-06 09:18:30     21 263.1 199.1 199.0712 3.808243e-05 49.26991 0.08198468
6  2013-08-06 09:18:45     22 263.1 199.2 199.1690 3.808243e-05 49.36770 0.08198468
7  2013-08-06 09:19:00     23 263.1 198.6 198.5668 3.808243e-05 48.76549 0.08198468
8  2013-08-06 09:19:15     24 263.1 199.1 199.0646 3.808243e-05 49.26327 0.08198468
9  2013-08-06 09:19:30     25 263.1 199.1 199.0624 3.808243e-05 49.26106 0.08198468
10 2013-08-06 09:19:45     26 263.1 199.1 199.0602 3.808243e-05 49.25885 0.08198468
11 2013-08-06 09:20:00     27 263.1 199.2 199.1580 3.808243e-05 49.35664 0.08198468
12 2013-08-06 09:20:15     28 263.1 199.3 199.2558 3.808243e-05 49.45442 0.08198468
13 2013-08-06 09:20:30     29 263.1 199.4 199.3535 3.808243e-05 49.55221 0.08198468
14 2013-08-06 09:20:45     30 263.1 199.3 199.2513 3.808243e-05 49.45000 0.08198468

$runtime
Time difference of 45.75 mins

$startcalibvolt
            timestamp record LWSmV  SEmV    CSEmV     CSEmV.sd   loadmV  loadmV.sd
1 2013-08-06 09:15:45     10 263.1 272.1 272.0956 3.808243e-05 122.2942 0.08198468
2 2013-08-06 09:16:00     11 263.1 272.1 272.0934 3.808243e-05 122.2920 0.08198468
3 2013-08-06 09:16:15     12 263.1 272.2 272.1912 3.808243e-05 122.3898 0.08198468
4 2013-08-06 09:16:30     13 263.1 272.1 272.0889 3.808243e-05 122.2876 0.08198468

$endcalibvolt
            timestamp record LWSmV  SEmV
1 2013-08-06 10:10:00    227 264.5 272.9
2 2013-08-06 10:10:15    228 264.5 272.8
3 2013-08-06 10:10:30    229 264.5 272.9

$lastLWSvolt
[1] 309.2

$maxLWSvolt
[1] 310

$species
[1] "redwood"

$trial
[1] "4"

$replicate
[1] "1"

$isvertical
[1] FALSE

$conversionfactor
         avg        stdev
1 0.04357568 1.460373e-05

$LWSwatermass
         avg       stdev
1 0.03002095 0.002916983

$dryleafmass
      avg       stdev
1 2.14206 0.001194569

$lwsmodel

Call:
lm(formula = LWSsurfacedensity ~ record, data = rd[rd$runfilter == 
    1, ])

Coefficients:
(Intercept)       record  
 -4.970e-04    8.554e-06  


$leafmodel

Call:
lm(formula = surfacedensity ~ record, data = rd[rd$runfilter == 
    1, ])

Coefficients:
(Intercept)       record  
  9.596e-04    1.206e-05  


