$data
                               name      species trial isvertical replicate dryleafmass.avg dryleafmass.stdev leafarea   runtime LWSwater.avg LWSwater.stdev LWSvolt.max LWSvolt.last LWSvolt.first runLWSvolt conversionfactor.avg conversionfactor.stdev leafcoefficient.avg leafcoefficient.stdev lwscoefficient.avg lwscoefficient.stdev fitratio.avg fitratio.stdev    leafr2     lwsr2 LWSmodelwater.avg LWSmodelwater.stdev leafmodelwater.avg leafmodelwater.stdev ratiofilter
bay1                           bay1          bay     1      FALSE         1       0.6719171      0.0014802227 27.39454 45.000000   0.05565980    0.003387841       331.7        330.4         265.1      331.4           0.04351832           1.280441e-05        1.957920e-05          4.254632e-07       1.188421e-05         6.238950e-09    1.6474966    0.035811148 0.9346782 0.9999592      0.0019917512        5.380380e-07        0.003531523         5.380380e-07        TRUE
bay2                           bay2          bay     2      FALSE         1       0.6377885      0.0015983422 28.74857  1.175000   0.11751624    0.003190423       371.8        369.8         265.1      371.7           0.04344691           1.702340e-05        1.600859e-05          1.807456e-07       1.205923e-05         2.742468e-08    1.3274966    0.015289174 0.9692349 0.9987139      0.0031677171        3.962368e-06        0.004908359         3.962368e-06        TRUE
bay2rep3                   bay2rep3          bay     2      FALSE         3       0.5512988      0.0008881717 28.74857 45.250000   0.31506479    0.001759174       559.5        559.3         265.8      558.1           0.04349214           1.014141e-05        6.781884e-05          3.623759e-07       5.485076e-05         2.112033e-07    1.2364247    0.008143261 0.9951698 0.9974858      0.0092841247        2.088191e-05        0.012934331         2.088191e-05        TRUE
bay3                           bay3          bay     3      FALSE         1       0.5821178      0.0014682607 25.02139 50.750000   0.09020951    0.003549369       349.1        347.9         263.3      342.8           0.04355637           1.776102e-05        1.185700e-05          3.699421e-07       1.366006e-05         9.844652e-09    0.8680047    0.027089248 0.8681613 0.9999190      0.0023276148        8.937784e-07        0.003462581         8.937784e-07        TRUE
bay4                           bay4          bay     4      FALSE         1       0.5976380      0.0010257862 27.14713 49.750000   0.07071546    0.001742802       344.6        342.6         264.4      344.6           0.04334491           7.575546e-06        1.672284e-05          3.685740e-07       1.347520e-05         7.971950e-09    1.2410089    0.027361881 0.9266293 0.9999430      0.0024011729        7.559774e-07        0.003633793         7.559774e-07        TRUE
bay4rep2                   bay4rep2          bay     4      FALSE         2       0.5791107      0.0019561085 27.14713 41.250000   0.23188819    0.004854186       494.2        492.1         263.7      476.2           0.04333733           1.629242e-05        4.694969e-05          3.678543e-07       4.430784e-05         3.052814e-07    1.0596249    0.011055734 0.9910566 0.9930699      0.0064452748        2.613322e-05        0.007885148         2.613322e-05        TRUE
bay5                           bay5          bay     5      FALSE         1       0.6423554      0.0049375255 29.85086 46.000000   0.03957897    0.008460497       325.0        323.4         263.1      324.3           0.04358562           4.892050e-05        1.319834e-05          3.614419e-07       1.100679e-05         1.612981e-08    1.1991088    0.032885071 0.9037551 0.9996951      0.0017816321        1.334021e-06        0.003590145         1.334021e-06       FALSE
bay6                           bay6          bay     6      FALSE         1       0.5353123      0.0014794094 25.70290  1.137500   0.07262687    0.003550868       342.3        339.9         263.8      341.3           0.04351953           1.342084e-05        7.511960e-06          2.492925e-07       9.140449e-06         1.003523e-08    0.8218371    0.027288469 0.7992967 0.9997253      0.0023050144        1.328237e-06        0.002941539         1.328237e-06        TRUE
bay7                           bay7          bay     7      FALSE         1       0.4934659      0.0013515540 24.27708 49.750000   0.02584617    0.003383562       314.1        312.3         265.1      299.8           0.04343748           2.251451e-05        1.469403e-05          6.651752e-07       7.831435e-06         2.003837e-08    1.8762881    0.085072133 0.8442876 0.9994111      0.0009947963        1.094600e-06        0.002024017         1.094600e-06       FALSE
blackoak1                 blackoak1     blackoak     1      FALSE         1       0.6491815      0.0039325386 28.45394 47.000000   0.11861567    0.006958560       419.7        410.9         262.4      416.5           0.04344215           3.882610e-05        1.806105e-05          6.898374e-07       2.667564e-05         1.641022e-07    0.6770614    0.026193471 0.8204617 0.9943554      0.0043183732        1.433757e-05        0.004642983         1.433757e-05       FALSE
blackoak2                 blackoak2     blackoak     2      FALSE         1       0.5469009      0.0012707095 23.06431 46.000000   0.13788178    0.002580485       431.8        430.4         263.7      429.6           0.04347911           1.031159e-05        3.292185e-05          6.143483e-07       2.848006e-05         2.107333e-07    1.1559610    0.023205061 0.9487891 0.9915852      0.0046796940        1.901983e-05        0.005898104         1.901983e-05        TRUE
blackoak3                 blackoak3     blackoak     3      FALSE         1       0.6160143      0.0021686737 35.53174 44.750000   0.11898536    0.003512639       399.4        394.3         263.7      392.8           0.04354170           1.964408e-05        2.877431e-05          5.228604e-07       2.349291e-05         8.368779e-08    1.2248086    0.022679733 0.9516115 0.9980496      0.0037660457        7.501231e-06        0.005362659         7.501231e-06        TRUE
blackoak4                 blackoak4     blackoak     4      FALSE         1       0.5413311      0.0016898294 29.67525 45.000000   0.10690050    0.003226869       402.9        399.1         264.4      399.3           0.04360319           2.086690e-05        3.459249e-05          5.864792e-07       2.351280e-05         7.773838e-08    1.4712194    0.025412828 0.9560323 0.9982541      0.0039514919        7.239740e-06        0.006303894         7.239740e-06        TRUE
blackoak5                 blackoak5     blackoak     5      FALSE         1       0.7175442      0.0013773242 37.17597 46.000000   0.11046636    0.004241969       401.0        395.8         264.4      373.5           0.04343566           1.893300e-05        3.096985e-05          9.456750e-07       2.342570e-05         7.018296e-08    1.3220457    0.040562961 0.9202054 0.9991659      0.0032633940        3.819011e-06        0.005189649         3.819011e-06        TRUE
blackoak6                 blackoak6     blackoak     6      FALSE         1       1.2935516      0.0026299301 54.77670 51.000000   0.12181013    0.005111815       419.2        413.0         262.4      416.6           0.04360893           2.091053e-05        2.717382e-05          3.021691e-07       2.448349e-05         1.339189e-07    1.1098835    0.013754031 0.9791749 0.9948804      0.0043229092        1.339535e-05        0.005880786         1.339535e-05        TRUE
blackoak6rep2         blackoak6rep2     blackoak     6      FALSE         2       1.1135327      0.0015619920 54.77670 46.000000   0.02171778    0.002299860       307.2        304.0         264.4      306.6           0.04344415           1.726730e-05        1.106827e-05          2.474227e-07       8.028742e-06         1.739424e-08    1.3785808    0.030961513 0.9403238 0.9994043      0.0012142425        1.287957e-06        0.002107872         1.287957e-06       FALSE
blackoak7                 blackoak7     blackoak     7      FALSE         1       0.6571294      0.0040463122 39.73629 46.000000   0.10053624    0.008439723       392.8        387.9         264.4      390.1           0.04332845           3.889480e-05        2.962203e-05          5.050574e-07       2.247762e-05         1.149055e-08    1.3178454    0.022479436 0.9611615 0.9999637      0.0038210457        9.390732e-07        0.004923916         9.390732e-07       FALSE
blackoak7rep2         blackoak7rep2     blackoak     7      FALSE         2       0.6110647      0.0014281067 39.73629 45.250000   0.03487368    0.005247815       303.5        302.1         263.8      303.5           0.04350162           1.915446e-05        4.825804e-06          3.895050e-07       7.898775e-06         1.888882e-08    0.6109560    0.049333712 0.5612459 0.9993142      0.0011223088        1.322285e-06        0.001490120         1.322285e-06       FALSE
blackoak7rep3         blackoak7rep3     blackoak     7      FALSE         3       0.5647752      0.0014749218 39.73629 45.250000   0.19329384    0.002725070       466.3        465.6         265.1      406.0           0.04343644           1.812461e-05        4.064570e-05          2.901497e-07       3.298269e-05         2.448495e-07    1.2323342    0.012691713 0.9939222 0.9934303      0.0040439988        1.714034e-05        0.005706059         1.714034e-05        TRUE
blueoak1                   blueoak1      blueoak     1      FALSE         1       0.3414706      0.0015600519 23.90849 46.250000   0.30794911    0.002761484       536.9        536.4         266.4      534.9           0.04338661           1.673911e-05        7.132482e-05          2.854039e-07       4.850147e-05         1.738004e-07    1.4705703    0.007899100 0.9972217 0.9977707      0.0084571532        1.758521e-05        0.013024423         1.758521e-05        TRUE
blueoak2                   blueoak2      blueoak     2      FALSE         1       0.3437801      0.0021599555 24.56110 45.750000   0.28295104    0.004351502       530.0        529.4         266.4      505.6           0.04344302           2.320499e-05        6.666339e-05          3.455232e-07       4.852350e-05         2.031458e-07    1.3738372    0.009153480 0.9959598 0.9973604      0.0075128941        1.785681e-05        0.010931790         1.785681e-05        TRUE
blueoak3                   blueoak3      blueoak     3      FALSE         1       0.4265053      0.0023385523 25.76279 46.000000   0.26637162    0.003132539       535.0        533.8         263.9      533.5           0.04347005           2.123899e-05        5.774908e-05          3.747804e-07       4.965323e-05         1.760899e-07    1.1630479    0.008601405 0.9930986 0.9979291      0.0083984499        1.690187e-05        0.011354381         1.690187e-05        TRUE
blueoak4                   blueoak4      blueoak     4      FALSE         1       0.3294305      0.0024453594 23.12091 48.750000   0.30760724    0.004460107       547.8        547.8         264.7      545.1           0.04342990           1.681700e-05        6.441801e-05          3.137288e-07       5.206741e-05         1.908320e-07    1.2372039    0.007541040 0.9961252 0.9978018      0.0087538637        1.821878e-05        0.011559160         1.821878e-05        TRUE
blueoak5                   blueoak5      blueoak     5      FALSE         1       0.4586710      0.0013743134 28.56958 46.750000   0.30729891    0.002955057       554.6        554.0         265.1      551.7           0.04354503           1.321665e-05        6.588081e-05          2.366332e-07       5.169655e-05         1.906286e-07    1.2743753    0.006560077 0.9977474 0.9976261      0.0090174040        1.939797e-05        0.012398938         1.939797e-05        TRUE
blueoak6                   blueoak6      blueoak     6      FALSE         1       0.2173627      0.0009051079 17.50639 46.500000   0.23243179    0.001691883       498.2        496.8         265.7      496.0           0.04342836           9.020926e-06        5.366275e-05          4.447376e-07       4.292636e-05         2.092396e-07    1.2501119    0.012019593 0.9887940 0.9960950      0.0073919580        2.008374e-05        0.010286624         2.008374e-05        TRUE
blueoak7                   blueoak7      blueoak     7      FALSE         1       0.2951269      0.0016174812 19.27847 54.000000   0.25045869    0.002469249       528.9        527.6         261.9      527.3           0.04349391           9.968765e-06        4.281891e-05          5.334607e-07       4.280842e-05         1.800454e-07    1.0002450    0.013152521 0.9707685 0.9965801      0.0083861804        2.029608e-05        0.011060686         2.029608e-05        TRUE
coastliveoak1         coastliveoak1 coastliveoak     1      FALSE         1       0.6281152      0.0028381358 30.52496 45.500000   0.18130586    0.005022981       459.3        457.0         263.8      389.6           0.04342260           2.892741e-05        4.031277e-05          4.144943e-07       3.209352e-05         2.535508e-07    1.2561032    0.016287480 0.9886079 0.9932426      0.0035863488        1.613919e-05        0.005548352         1.613919e-05       FALSE
coastliveoak10       coastliveoak10 coastliveoak    10      FALSE         1       0.6091841      0.0023600312 18.91298 45.500000   0.21654061    0.003830172       495.5        494.2         264.4      494.1           0.04343747           1.910895e-05        5.665307e-05          4.134935e-07       4.355282e-05         2.000199e-07    1.3007900    0.011217213 0.9916011 0.9966576      0.0072824383        1.851022e-05        0.010111544         1.851022e-05        TRUE
coastliveoak11       coastliveoak11 coastliveoak    11      FALSE         1       0.5575670      0.0010421662 20.56182 47.000000   0.25978727    0.002381927       511.3        510.7         262.4      511.0           0.04360646           1.192818e-05        5.328113e-05          4.440983e-07       4.484340e-05         1.904900e-07    1.1881599    0.011115290 0.9881240 0.9968880      0.0077662912        1.916390e-05        0.010570179         1.916390e-05        TRUE
coastliveoak12       coastliveoak12 coastliveoak    12      FALSE         1       0.3991127      0.0021145651 15.05993 49.500000   0.26676454    0.003445047       523.4        522.7         263.8      522.3           0.04339315           1.716725e-05        5.830063e-05          7.801508e-07       4.443380e-05         2.439816e-07    1.3120784    0.018978252 0.9699526 0.9948111      0.0082457918        2.460421e-05        0.011909912         2.460421e-05        TRUE
coastliveoak13       coastliveoak13 coastliveoak    13      FALSE         1       0.5939700      0.0016285265 22.37547 59.250000   0.34080415    0.002557781       572.7        572.3         264.4      571.2           0.04342597           1.472066e-05        5.541612e-05          7.734876e-07       4.419892e-05         2.180309e-07    1.2537891    0.018560924 0.9599770 0.9948195      0.0099838654        2.709570e-05        0.012996828         2.709570e-05        TRUE
coastliveoak2         coastliveoak2 coastliveoak     2      FALSE         1       0.6697483      0.0018144243 30.93391 44.250000   0.14403449    0.003434247       424.0        419.8         265.1      422.1           0.04342749           2.501999e-05        2.850127e-05          3.570075e-07       2.918577e-05         2.593783e-07    0.9765470    0.014998269 0.9803120 0.9899916      0.0045348834        1.935543e-05        0.005971258         1.935543e-05        TRUE
coastliveoak3         coastliveoak3 coastliveoak     3      FALSE         1       0.6085858      0.0018127842 31.11619 45.750000   0.15178207    0.002623665       424.8        422.8         265.0      424.6           0.04343178           1.467620e-05        3.713161e-05          2.197998e-07       2.785544e-05         2.213205e-07    1.3330113    0.013207472 0.9943209 0.9898149      0.0045818248        2.098775e-05        0.006742973         2.098775e-05        TRUE
coastliveoak3rep2 coastliveoak3rep2 coastliveoak     3      FALSE         2       0.6045634      0.0015443026 31.11619 43.750000   0.10358976    0.002712369       388.5        386.0         265.1      387.1           0.04337783           1.438961e-05        3.098785e-05          2.817773e-07       2.150731e-05         9.179658e-08    1.4408051    0.014472931 0.9874265 0.9972024      0.0035641030        8.233120e-06        0.005313291         8.233120e-06        TRUE
coastliveoak4         coastliveoak4 coastliveoak     4      FALSE         1       0.7661237      0.0018240401 33.25047 45.250000   0.15351634    0.002990190       428.6        424.0         264.4      426.7           0.04323947           7.091590e-06        3.047235e-05          2.727124e-07       2.837097e-05         2.380209e-07    1.0740681    0.013175577 0.9873472 0.9888638      0.0045806215        2.215918e-05        0.005270763         2.215918e-05        TRUE
coastliveoak5         coastliveoak5 coastliveoak     5      FALSE         1       0.6923052      0.0020214880 33.71404 46.250000   0.16466601    0.003153245       429.5        427.3         265.1      429.4           0.04339156           2.095328e-05        3.848059e-05          2.419946e-07       2.915028e-05         2.398588e-07    1.3200761    0.013671178 0.9938683 0.9895483      0.0047604801        2.177899e-05        0.006557200         2.177899e-05        TRUE
coastliveoak6         coastliveoak6 coastliveoak     6      FALSE         1       0.7246566      0.0023482905 33.58836 44.750000   0.13704433    0.003132667       391.0        386.5         265.7      389.9           0.04341964           2.432464e-05        3.279534e-05          3.115091e-07       2.188676e-05         1.294393e-07    1.4984098    0.016766054 0.9857697 0.9944350      0.0036018069        1.205049e-05        0.005581299         1.205049e-05        TRUE
coastliveoak6rep2 coastliveoak6rep2 coastliveoak     6      FALSE         2       0.7065415      0.0020378380 33.58836 50.000000   0.14898855    0.003400754       413.5        410.6         264.4      412.7           0.04340871           2.006391e-05        3.540593e-05          2.789050e-07       2.373764e-05         1.575609e-07    1.4915521    0.015364465 0.9895612 0.9925659      0.0042282290        1.558296e-05        0.006412676         1.558296e-05        TRUE
coastliveoak7         coastliveoak7 coastliveoak     7      FALSE         1       0.6264753      0.0022707754 29.34176 46.250000   0.15562887    0.003421175       405.1        401.0         263.4      402.6           0.04336301           1.553711e-05        3.208823e-05          2.651110e-07       2.393767e-05         1.494258e-07    1.3404907    0.013880768 0.9891964 0.9938040      0.0039362287        1.391119e-05        0.005961803         1.391119e-05        TRUE
coastliveoak8         coastliveoak8 coastliveoak     8      FALSE         1       0.6038724      0.0020776064 19.76842 50.250000   0.24583684    0.003365840       526.2        524.8         261.1      523.2           0.04358441           1.945143e-05        5.083247e-05          4.215290e-07       4.540298e-05         2.154020e-07    1.1195844    0.010696192 0.9877064 0.9959426      0.0082476474        2.266503e-05        0.011165600         2.266503e-05        TRUE
coastliveoak9         coastliveoak9 coastliveoak     9      FALSE         1       0.6059930      0.0013100756 22.19564 46.250000   0.26921774    0.002619290       518.0        517.3         262.4      516.0           0.04350133           1.398728e-05        5.994988e-05          3.294623e-07       4.469660e-05         1.511425e-07    1.3412626    0.008654690 0.9948022 0.9980257      0.0079863397        1.520541e-05        0.012320402         1.520541e-05        TRUE
dougfir1                   dougfir1      dougfir     1      FALSE         1       1.3341040      0.0011698664 30.75163 45.250000   0.06447859    0.002205707       333.7        329.1         263.7      333.1           0.04344601           1.271275e-05        1.923104e-05          3.243293e-07       1.276156e-05         8.207264e-09    1.5069510    0.025433026 0.9609169 0.9999409      0.0020343925        6.835227e-07        0.003437892         6.835227e-07        TRUE
dougfir3                   dougfir3      dougfir     3      FALSE         1       1.1820626      0.0023805899 23.94491 49.250000   0.06027105    0.003813264       332.9        330.1         264.5      332.4           0.04346924           1.703351e-05        8.819241e-06          4.875416e-07       1.168210e-05         2.248478e-08    0.7549364    0.041759360 0.6757669 0.9994187      0.0020480039        2.054334e-06        0.002705835         2.054334e-06       FALSE
dougfir4                   dougfir4      dougfir     4      FALSE         1       3.0520879      0.0014111065 66.27060 45.500000   0.03487009    0.002290941       317.4        314.7         264.4      316.8           0.04342265           9.976229e-06        1.378875e-05          1.840730e-07       9.984052e-06         8.549080e-09    1.3810777    0.018474585 0.9768469 0.9999025      0.0015307639        6.626319e-07        0.002870080         6.626319e-07        TRUE
dougfir5                   dougfir5      dougfir     5      FALSE         1       0.6909092      0.0021626898 14.27141 46.500000   0.03665278    0.003281607       315.5        314.0         263.8      309.3           0.04355739           1.570270e-05        1.283032e-05          6.310528e-07       9.461790e-06         1.062865e-08    1.3560142    0.066712257 0.7823513 0.9998549      0.0012935552        7.133612e-07        0.004017860         7.133612e-07       FALSE
dougfir6                   dougfir6      dougfir     6      FALSE         1       0.5284886      0.0013811875 13.66592 46.250000   0.27304638    0.003757484       520.7        520.0         265.1      519.6           0.04355854           1.797234e-05        4.433262e-05          1.018030e-06       4.700376e-05         2.188468e-07    0.9431718    0.022099179 0.9168432 0.9962853      0.0080864430        2.189033e-05        0.010087585         2.189033e-05        TRUE
garryoak1                 garryoak1     garryoak     1      FALSE         1       0.5936871      0.0018383597 29.21984 46.000000   0.12030615    0.001922358       380.6        376.3         264.4      379.6           0.04340744           1.055382e-05        3.198525e-05          3.150523e-07       2.047539e-05         6.604096e-08    1.5621312    0.016190800 0.9852787 0.9984005      0.0033971476        5.920217e-06        0.005276424         5.920217e-06        TRUE
garryoak2                 garryoak2     garryoak     2      FALSE         1       0.5933072      0.0038694128 29.59744 44.000000   0.11757288    0.005801070       393.7        388.5         263.1      391.9           0.04339045           3.130674e-05        2.309820e-05          3.841863e-07       2.318178e-05         1.381496e-07    0.9963949    0.017604424 0.9624571 0.9950174      0.0036854788        1.136088e-05        0.004557082         1.136088e-05       FALSE
garryoak3                 garryoak3     garryoak     3      FALSE         1       0.5851074      0.0023277414 31.41785 47.000000   0.08487593    0.003273671       394.7        389.4         263.7      393.1           0.04341374           2.775646e-05        3.331620e-05          2.385739e-07       2.237314e-05         1.055504e-07    1.4891161    0.012769590 0.9918118 0.9964294      0.0037349962        9.887435e-06        0.006076211         9.887435e-06        TRUE
garryoak4                 garryoak4     garryoak     4      FALSE         1       0.5489487      0.0010419904 34.66541 46.750000   0.13334723    0.001951000       401.5        397.9         264.4      399.9           0.04346150           7.652258e-06        3.448416e-05          3.079369e-07       2.298381e-05         1.309549e-07    1.5003675    0.015892943 0.9870135 0.9946720      0.0038877480        1.256963e-05        0.006272350         1.256963e-05        TRUE
garryoak5                 garryoak5     garryoak     5      FALSE         1       0.5135602      0.0017605299 31.23267 48.500000   0.15835233    0.003853084       414.6        411.5         263.7      411.6           0.04342474           6.882998e-06        3.241100e-05          2.352717e-07       2.401258e-05         1.430145e-07    1.3497510    0.012673648 0.9910699 0.9939709      0.0041945811        1.422258e-05        0.006273900         1.422258e-05        TRUE
garryoak5rep2         garryoak5rep2     garryoak     5      FALSE         2       0.6121936      0.0011307086 31.23267 45.250000   0.28126323    0.001713555       536.9        536.2         264.4      535.9           0.04340018           1.053897e-05        6.198965e-05          2.650938e-07       5.048682e-05         1.944136e-07    1.2278383    0.007065810 0.9969371 0.9975150      0.0085127733        1.899741e-05        0.011158893         1.899741e-05        TRUE
garryoak6                 garryoak6     garryoak     6      FALSE         1       0.5688836      0.0013612647 31.82868 52.500000   0.13131435    0.001698217       422.9        415.7         264.4      421.6           0.04338695           9.183711e-06        3.621454e-05          2.142363e-07       2.400300e-05         1.773766e-07    1.5087508    0.014281810 0.9935674 0.9899984      0.0044749895        1.907356e-05        0.007738711         1.907356e-05        TRUE
garryoak6rep2         garryoak6rep2     garryoak     6      FALSE         2       0.6238685      0.0012615613 31.82868  1.591667   0.19685974    0.002616070       485.3        482.6         263.1      485.3           0.04332432           1.927847e-05        2.176794e-05          1.374126e-07       1.899705e-05         4.879432e-08    1.1458589    0.007809212 0.9859347 0.9976437      0.0071022568        1.012058e-05        0.009617822         1.012058e-05        TRUE
garryoak7                 garryoak7     garryoak     7      FALSE         1       0.5440153      0.0016799825 32.75019 48.250000   0.12479441    0.004311048       402.0        393.9         263.7      329.1           0.04322341           1.483165e-05        2.000691e-05          1.003984e-06       2.113193e-05         2.895305e-08    0.9467619    0.047527986 0.8465165 0.9998649      0.0019069818        1.224444e-06        0.002470574         1.224444e-06       FALSE
redwood1                   redwood1      redwood     1      FALSE         1       0.9607743      0.0013972488 25.94262 46.250000   0.27611538    0.002709711       531.6        530.9         263.8      530.4           0.04345578           1.561123e-05        5.413794e-05          2.822006e-07       4.887271e-05         2.016660e-07    1.1077334    0.007364404 0.9953752 0.9970969      0.0083106405        2.005538e-05        0.010323835         2.005538e-05        TRUE
redwood2                   redwood2      redwood     2      FALSE         1       1.1049910      0.0008206228 25.92582 53.750000   0.04253841    0.002074886       327.0        325.2         265.1      326.9           0.04341823           1.277651e-05        1.198081e-05          3.135240e-07       9.352448e-06         8.226634e-09    1.2810349    0.033542131 0.8929836 0.9998646      0.0018530286        8.371248e-07        0.003397201         8.371248e-07        TRUE
redwood3                   redwood3      redwood     3      FALSE         1       1.8627104      0.0007064867 45.87088 44.500000   0.01725255    0.001415246       313.7        311.2         265.1      313.3           0.04339938           9.917899e-06        1.361732e-05          2.131309e-07       8.794595e-06         7.993286e-09    1.5483735    0.024275129 0.9672998 0.9998860      0.0014288507        6.426274e-07        0.002645710         6.426274e-07        TRUE
redwood4                   redwood4      redwood     4      FALSE         1       2.1420601      0.0011945692 53.67985 45.750000   0.03002095    0.002916983       310.0        309.2         263.1      306.6           0.04357568           1.460373e-05        1.206331e-05          2.283496e-07       8.554238e-06         1.002676e-08    1.4102140    0.026745454 0.9591040 0.9998365      0.0012138597        6.961200e-07        0.003372297         6.961200e-07        TRUE
redwood5                   redwood5      redwood     5      FALSE         1       1.4691599      0.0026741881 36.63666 43.750000   0.02878252    0.004789403       309.2        307.9         265.1      307.9           0.04344998           2.286116e-05        1.409279e-05          2.896920e-07       8.102529e-06         1.125120e-08    1.7393077    0.035834765 0.9483086 0.9997513      0.0012456426        8.460872e-07        0.002549257         8.460872e-07       FALSE
redwood6                   redwood6      redwood     6      FALSE         1       0.8456475      0.0010186973 21.32556 45.000000   0.05561463    0.002495604       338.5        337.8         265.1      338.3           0.04348245           1.332797e-05        2.004527e-05          4.976090e-07       1.298888e-05         8.130223e-09    1.5432640    0.038322558 0.9143534 0.9999405      0.0021932252        7.198043e-07        0.003954255         7.198043e-07        TRUE
redwood6rep2           redwood6rep2      redwood     6      FALSE         2       0.7574655      0.0016488387 21.32556 41.000000   0.23563904    0.003025910       485.3        483.9         265.1      483.5           0.04345913           1.864011e-05        5.226051e-05          4.503113e-07       4.515905e-05         2.396731e-07    1.1572544    0.011711417 0.9889130 0.9957647      0.0067680261        2.106761e-05        0.009239894         2.106761e-05        TRUE
redwood7                   redwood7      redwood     7      FALSE         1       1.4562580      0.0014531598 39.61530 46.750000   0.28813077    0.002157366       540.3        539.6         264.5      539.3           0.04336489           1.027245e-05        5.974945e-05          1.726954e-07       5.006766e-05         1.935693e-07    1.1933743    0.005760568 0.9985652 0.9974357      0.0085977862        1.936193e-05        0.011048586         1.936193e-05        TRUE
valleyoak1               valleyoak1    valleyoak     1      FALSE         1       0.3319381      0.0029531683 16.55587 47.250000   0.08931960    0.004710555       405.0        397.3         262.5      403.0           0.04336818           3.653964e-05        3.361691e-05          1.294114e-06       2.391417e-05         3.651923e-08    1.4057316    0.054157506 0.8231260 0.9996620      0.0041434065        3.134049e-06        0.006422985         3.134049e-06        TRUE
valleyoak2               valleyoak2    valleyoak     2      FALSE         1       0.2536088      0.0008124550 16.55343 47.250000   0.12313122    0.002135923       409.9        400.9         263.7      407.2           0.04338526           7.935161e-06        3.416008e-05          5.505635e-07       2.452898e-05         5.923565e-08    1.3926417    0.022695992 0.9589007 0.9990387      0.0042178431        5.685697e-06        0.006599763         5.685697e-06        TRUE
valleyoak3               valleyoak3    valleyoak     3      FALSE         1       0.5509333      0.0011338321 33.16956 45.500000   0.08015947    0.002277090       350.5        342.1         263.1      343.3           0.04344696           9.921202e-06        2.218598e-05          2.485209e-07       1.456792e-05         1.611547e-08    1.5229346    0.017142456 0.9820097 0.9998214      0.0023376019        1.383998e-06        0.003792852         1.383998e-06        TRUE
valleyoak5               valleyoak5    valleyoak     5      FALSE         1       0.3363005      0.0010431023 26.90394 44.750000   0.06595172    0.002642462       338.6        337.0         265.1      338.5           0.04350533           1.525079e-05        2.232295e-05          6.318832e-07       1.322224e-05         1.783787e-08    1.6882885    0.047843671 0.8914319 0.9997234      0.0022278882        1.578274e-06        0.004299987         1.578274e-06        TRUE
valleyoak6               valleyoak6    valleyoak     6      FALSE         1       0.3016134      0.0006711999 24.63562 45.250000   0.08627678    0.001494975       345.3        343.3         264.4      344.5           0.04347223           8.621348e-06        2.155845e-05          4.338970e-07       1.433753e-05         6.681982e-09    1.5036370    0.030271129 0.9419994 0.9999670      0.0023980514        5.912138e-07        0.003667212         5.912138e-07        TRUE
valleyoak7               valleyoak7    valleyoak     7      FALSE         1       0.2933744      0.0007821755 25.76457 44.500000   0.05538928    0.001956381       332.4        329.8         263.1      332.2           0.04343365           9.702017e-06        1.743188e-05          4.216974e-07       1.293092e-05         2.635877e-08    1.3480772    0.032727124 0.9242745 0.9994186      0.0019947743        2.149573e-06        0.003329907         2.149573e-06        TRUE
valleyoak8               valleyoak8    valleyoak     8      FALSE         1       0.2333444      0.0026610645 14.87887 46.250000   0.08422129    0.006415073       365.7        362.3         265.1      364.7           0.04338092           3.057111e-05        1.055788e-05          9.163758e-07       1.789308e-05         3.365409e-08    0.5900537    0.051226007 0.5959438 0.9996817      0.0029994036        1.866352e-06        0.002719715         1.866352e-06       FALSE

$lwscurve

Call:
lm(formula = LWSwater.avg ~ LWSvolt.last, data = dupdata)

Coefficients:
 (Intercept)  LWSvolt.last  
   -0.272809      0.001018  


$repavg
                    species trial fitratio.avg fitratio.stdev
bay1                    bay     1    1.6474966    0.035811148
bay2                    bay     2    1.2819607    0.008661287
bay3                    bay     3    0.8680047    0.027089248
bay4                    bay     4    1.1503169    0.014755522
bay6                    bay     6    0.8218371    0.027288469
blackoak2          blackoak     2    1.1559610    0.023205061
blackoak3          blackoak     3    1.2248086    0.022679733
blackoak4          blackoak     4    1.4712194    0.025412828
blackoak5          blackoak     5    1.3220457    0.040562961
blackoak6          blackoak     6    1.1098835    0.013754031
blackoak7          blackoak     7    1.2323342    0.012691713
blueoak1            blueoak     1    1.4705703    0.007899100
blueoak2            blueoak     2    1.3738372    0.009153480
blueoak3            blueoak     3    1.1630479    0.008601405
blueoak4            blueoak     4    1.2372039    0.007541040
blueoak5            blueoak     5    1.2743753    0.006560077
blueoak6            blueoak     6    1.2501119    0.012019593
blueoak7            blueoak     7    1.0002450    0.013152521
coastliveoak10 coastliveoak    10    1.3007900    0.011217213
coastliveoak11 coastliveoak    11    1.1881599    0.011115290
coastliveoak12 coastliveoak    12    1.3120784    0.018978252
coastliveoak13 coastliveoak    13    1.2537891    0.018560924
coastliveoak2  coastliveoak     2    0.9765470    0.014998269
coastliveoak3  coastliveoak     3    1.3869082    0.009796722
coastliveoak4  coastliveoak     4    1.0740681    0.013175577
coastliveoak5  coastliveoak     5    1.3200761    0.013671178
coastliveoak6  coastliveoak     6    1.4949809    0.011370657
coastliveoak7  coastliveoak     7    1.3404907    0.013880768
coastliveoak8  coastliveoak     8    1.1195844    0.010696192
coastliveoak9  coastliveoak     9    1.3412626    0.008654690
dougfir1            dougfir     1    1.5069510    0.025433026
dougfir4            dougfir     4    1.3810777    0.018474585
dougfir6            dougfir     6    0.9431718    0.022099179
garryoak1          garryoak     1    1.5621312    0.016190800
garryoak3          garryoak     3    1.4891161    0.012769590
garryoak4          garryoak     4    1.5003675    0.015892943
garryoak5          garryoak     5    1.2887946    0.007255119
garryoak6          garryoak     6    1.3273049    0.008138702
redwood1            redwood     1    1.1077334    0.007364404
redwood2            redwood     2    1.2810349    0.033542131
redwood3            redwood     3    1.5483735    0.024275129
redwood4            redwood     4    1.4102140    0.026745454
redwood6            redwood     6    1.3502592    0.020036066
redwood7            redwood     7    1.1933743    0.005760568
valleyoak1        valleyoak     1    1.4057316    0.054157506
valleyoak2        valleyoak     2    1.3926417    0.022695992
valleyoak3        valleyoak     3    1.5229346    0.017142456
valleyoak5        valleyoak     5    1.6882885    0.047843671
valleyoak6        valleyoak     6    1.5036370    0.030271129
valleyoak7        valleyoak     7    1.3480772    0.032727124

$speciesavg
  fitratio.avg fitratio.stdev      species fitratio.min fitratio.max
1     1.253032    0.012298045          bay    0.8218371     1.876288
2     1.150070    0.009098416     blackoak    0.6109560     1.471219
3     1.252770    0.003607044      blueoak    1.0002450     1.470570
4     1.283115    0.003704557 coastliveoak    0.9765470     1.498410
5     1.188430    0.017516726      dougfir    0.7549364     1.506951
6     1.302997    0.006778794     garryoak    0.9467619     1.562131
7     1.372570    0.009191539      redwood    1.1077334     1.739308
8     1.350195    0.014737522    valleyoak    0.5900537     1.688288

$speciesrepavg
  fitratio.avg fitratio.stdev      species fitratio.min fitratio.max
1     1.153923    0.011052004          bay    0.8218371     1.647497
2     1.252709    0.010130076     blackoak    1.1098835     1.471219
3     1.252770    0.003607044      blueoak    1.0002450     1.470570
4     1.259061    0.003861093 coastliveoak    0.9765470     1.494981
5     1.277067    0.012808516      dougfir    0.9431718     1.506951
6     1.433543    0.005645052     garryoak    1.2887946     1.562131
7     1.315165    0.009003916      redwood    1.1077334     1.548373
8     1.476885    0.014924281    valleyoak    1.3480772     1.688288

