$name
[1] "valleyoak3"

$leafarea
[1] 33.16956

$startbasevolt
            timestamp record LWSmV  SEmV CSEmV CSEmV.sd      loadmV  loadmV.sd
1 2013-07-31 09:52:30      2 263.1 155.6 155.6        0 -0.14787946 0.06861963
2 2013-07-31 09:52:45      3 263.1 155.7 155.7        0 -0.04787946 0.06861963
3 2013-07-31 09:53:00      4 263.1 155.8 155.8        0  0.05212054 0.06861963
4 2013-07-31 09:53:15      5 263.1 155.8 155.8        0  0.05212054 0.06861963
5 2013-07-31 09:53:30      6 263.1 155.8 155.8        0  0.05212054 0.06861963
6 2013-07-31 09:53:45      7 263.1 155.8 155.8        0  0.05212054 0.06861963

$endbasevolt
            timestamp record LWSmV  SEmV    CSEmV     CSEmV.sd      loadmV  loadmV.sd
1 2013-07-31 10:48:45    227 264.4 155.3 155.7665 2.900832e-05  0.01863839 0.06861963
2 2013-07-31 10:49:00    228 264.4 155.3 155.7686 2.900832e-05  0.02075893 0.06861963
3 2013-07-31 10:49:15    229 264.4 155.2 155.6708 2.900832e-05 -0.07712054 0.06861963
4 2013-07-31 10:49:30    230 264.4 155.3 155.7729 2.900832e-05  0.02500000 0.06861963

$dryragvolt
            timestamp record LWSmV  SEmV    CSEmV     CSEmV.sd   loadmV  loadmV.sd
1 2013-07-31 10:44:45    211 342.8 250.5 250.9326 2.900832e-05 95.18471 0.06861963
2 2013-07-31 10:45:00    212 342.6 250.4 250.8347 2.900832e-05 95.08683 0.06861963
3 2013-07-31 10:45:15    213 342.1 250.2 250.6368 2.900832e-05 94.88895 0.06861963

$wetragvolt
            timestamp record LWSmV  SEmV    CSEmV     CSEmV.sd   loadmV  loadmV.sd
1 2013-07-31 10:46:00    216 265.8 252.2 252.6432 2.900832e-05 96.89531 0.06861963
2 2013-07-31 10:46:15    217 265.3 252.4 252.8453 2.900832e-05 97.09743 0.06861963
3 2013-07-31 10:46:30    218 265.1 252.1 252.5474 2.900832e-05 96.79955 0.06861963
4 2013-07-31 10:46:45    219 264.7 252.1 252.5496 2.900832e-05 96.80167 0.06861963

$rundata
              timestamp record LWSmV  SEmV    CSEmV     CSEmV.sd   loadmV  loadmV.sd     watermass watermass.sd surfacedensity surfacedensity.sd runfilter      LWSwater LWSwater.stdev LWSsurfacedensity LWSsurfacedensity.stdev
1   2013-07-31 09:58:00     24 263.1 168.3 168.3360 2.900832e-05 12.58817 0.06861963 -0.0040156570  0.003192085  -1.210645e-04      9.623537e-05         0 -4.880462e-03    0.001298735     -1.499835e-04            3.991196e-05
2   2013-07-31 09:58:15     25 263.2 168.4 168.4382 2.900832e-05 12.69029 0.06861963  0.0004211695  0.003192125   1.269747e-05      9.623657e-05         0 -4.778627e-03    0.001298068     -1.468539e-04            3.989145e-05
3   2013-07-31 09:58:30     26 263.7 168.3 168.3403 2.900832e-05 12.59241 0.06861963 -0.0038313953  0.003192087  -1.155094e-04      9.623542e-05         0 -4.269451e-03    0.001294739     -1.312062e-04            3.978915e-05
4   2013-07-31 09:58:45     27 263.7 168.3 168.3424 2.900832e-05 12.59453 0.06861963 -0.0037392645  0.003192088  -1.127318e-04      9.623545e-05         0 -4.269451e-03    0.001294739     -1.312062e-04            3.978915e-05
5   2013-07-31 09:59:00     28 263.7 168.3 168.3445 2.900832e-05 12.59665 0.06861963 -0.0036471337  0.003192088  -1.099542e-04      9.623547e-05         0 -4.269451e-03    0.001294739     -1.312062e-04            3.978915e-05
6   2013-07-31 09:59:15     29 263.8 168.4 168.4467 2.900832e-05 12.69877 0.06861963  0.0007896928  0.003192128   2.380775e-05      9.623667e-05         0 -4.167615e-03    0.001294075     -1.280767e-04            3.976874e-05
7   2013-07-31 09:59:30     30 264.4 168.4 168.4488 2.900832e-05 12.70089 0.06861963  0.0008818236  0.003192129   2.658533e-05      9.623670e-05         0 -3.556603e-03    0.001290101     -1.092994e-04            3.964662e-05
8   2013-07-31 09:59:45     31 264.4 168.5 168.5509 2.900832e-05 12.80301 0.06861963  0.0053186500  0.003192169   1.603473e-04      9.623791e-05         0 -3.556603e-03    0.001290101     -1.092994e-04            3.964662e-05
9   2013-07-31 10:00:00     32 264.9 168.4 168.4530 2.900832e-05 12.70513 0.06861963  0.0010660852  0.003192131   3.214047e-05      9.623675e-05         0 -3.047427e-03    0.001286804     -9.365172e-05            3.954529e-05
10  2013-07-31 10:00:15     33 265.1 168.4 168.4551 2.900832e-05 12.70725 0.06861963  0.0011582160  0.003192132   3.491804e-05      9.623677e-05         0 -2.843756e-03    0.001285489     -8.739263e-05            3.950488e-05
11  2013-07-31 10:00:30     34 265.1 168.4 168.4573 2.900832e-05 12.70937 0.06861963  0.0012503469  0.003192132   3.769561e-05      9.623680e-05         0 -2.843756e-03    0.001285489     -8.739263e-05            3.950488e-05
12  2013-07-31 10:00:45     35 265.4 168.4 168.4594 2.900832e-05 12.71150 0.06861963  0.0013424777  0.003192133   4.047318e-05      9.623682e-05         0 -2.538250e-03    0.001283520     -7.800401e-05            3.944438e-05
13  2013-07-31 10:01:00     36 265.8 168.2 168.2615 2.900832e-05 12.51362 0.06861963 -0.0072547827  0.003192056  -2.187181e-04      9.623450e-05         0 -2.130909e-03    0.001280903     -6.548584e-05            3.936394e-05
14  2013-07-31 10:01:15     37 265.9 168.3 168.3636 2.900832e-05 12.61574 0.06861963 -0.0028179563  0.003192096  -8.495609e-05      9.623570e-05         0 -2.029074e-03    0.001280250     -6.235629e-05            3.934388e-05
15  2013-07-31 10:01:30     38 266.5 168.5 168.5657 2.900832e-05 12.81786 0.06861963  0.0059635658  0.003192175   1.797903e-04      9.623809e-05         0 -1.418062e-03    0.001276343     -4.357904e-05            3.922382e-05
16  2013-07-31 10:01:45     39 266.5 168.4 168.4679 2.900832e-05 12.71998 0.06861963  0.0017110010  0.003192136   5.158347e-05      9.623692e-05         0 -1.418062e-03    0.001276343     -4.357904e-05            3.922382e-05
17  2013-07-31 10:02:00     40 267.1 168.6 168.6700 2.900832e-05 12.92210 0.06861963  0.0104925230  0.003192216   3.163299e-04      9.623933e-05         0 -8.070501e-04    0.001272456     -2.480179e-05            3.910438e-05
18  2013-07-31 10:02:15     41 267.2 168.5 168.5721 2.900832e-05 12.82422 0.06861963  0.0062399582  0.003192178   1.881230e-04      9.623816e-05         0 -7.052148e-04    0.001271811     -2.167224e-05            3.908453e-05
19  2013-07-31 10:02:30     42 267.8 168.5 168.5742 2.900832e-05 12.82634 0.06861963  0.0063320891  0.003192178   1.909006e-04      9.623819e-05         0 -9.420292e-05    0.001267947     -2.894988e-06            3.896579e-05
20  2013-07-31 10:02:45     43 268.0 168.6 168.6763 2.900832e-05 12.92846 0.06861963  0.0107689155  0.003192219   3.246626e-04      9.623941e-05         0  1.094677e-04    0.001266664      3.364097e-06            3.892635e-05
21  2013-07-31 10:03:00     44 268.5 168.6 168.6785 2.900832e-05 12.93058 0.06861963  0.0108610463  0.003192220   3.274402e-04      9.623943e-05         0  6.186443e-04    0.001263465      1.901181e-05            3.882805e-05
22  2013-07-31 10:03:15     45 268.8 168.3 168.3806 2.900832e-05 12.63270 0.06861963 -0.0020809097  0.003192102  -6.273552e-05      9.623590e-05         0  9.241502e-04    0.001261552      2.840044e-05            3.876928e-05
23  2013-07-31 10:03:30     46 269.2 168.4 168.4827 2.900832e-05 12.73482 0.06861963  0.0023559167  0.003192142   7.102647e-05      9.623710e-05         0  1.331491e-03    0.001259010      4.091861e-05            3.869116e-05
24  2013-07-31 10:03:45     47 269.6 168.4 168.4848 2.900832e-05 12.73694 0.06861963  0.0024480476  0.003192143   7.380404e-05      9.623712e-05         0  1.738833e-03    0.001256477      5.343678e-05            3.861332e-05
25  2013-07-31 10:04:00     48 269.9 168.6 168.6869 2.900832e-05 12.93906 0.06861963  0.0112295696  0.003192223   3.385504e-04      9.623954e-05         0  2.044339e-03    0.001254584      6.282540e-05            3.855512e-05
26  2013-07-31 10:04:15     49 270.5 168.6 168.6891 2.900832e-05 12.94118 0.06861963  0.0113217004  0.003192224   3.413280e-04      9.623956e-05         0  2.655350e-03    0.001250812      8.160266e-05            3.843921e-05
27  2013-07-31 10:04:30     50 270.8 168.7 168.7912 2.900832e-05 13.04330 0.06861963  0.0157585269  0.003192265   4.750900e-04      9.624080e-05         0  2.960856e-03    0.001248934      9.099128e-05            3.838150e-05
28  2013-07-31 10:04:45     51 271.2 168.6 168.6933 2.900832e-05 12.94542 0.06861963  0.0115059621  0.003192226   3.468832e-04      9.623961e-05         0  3.368198e-03    0.001246438      1.035095e-04            3.830479e-05
29  2013-07-31 10:05:00     52 271.7 168.7 168.7954 2.900832e-05 13.04754 0.06861963  0.0159427885  0.003192267   4.806451e-04      9.624085e-05         0  3.877374e-03    0.001243331      1.191572e-04            3.820932e-05
30  2013-07-31 10:05:15     53 272.0 168.6 168.6975 2.900832e-05 12.94967 0.06861963  0.0116902237  0.003192227   3.524383e-04      9.623966e-05         0  4.182880e-03    0.001241474      1.285458e-04            3.815226e-05
31  2013-07-31 10:05:30     54 272.6 168.6 168.6997 2.900832e-05 12.95179 0.06861963  0.0117823545  0.003192228   3.552159e-04      9.623969e-05         0  4.793892e-03    0.001237777      1.473230e-04            3.803862e-05
32  2013-07-31 10:05:45     55 273.0 168.7 168.8018 2.900832e-05 13.05391 0.06861963  0.0162191810  0.003192269   4.889779e-04      9.624092e-05         0  5.201233e-03    0.001235323      1.598412e-04            3.796323e-05
33  2013-07-31 10:06:00     56 273.3 168.6 168.7039 2.900832e-05 12.95603 0.06861963  0.0119666162  0.003192230   3.607710e-04      9.623974e-05         0  5.506739e-03    0.001233490      1.692298e-04            3.790688e-05
34  2013-07-31 10:06:15     57 273.9 168.7 168.8060 2.900832e-05 13.05815 0.06861963  0.0164034426  0.003192271   4.945330e-04      9.624098e-05         0  6.117751e-03    0.001229839      1.880071e-04            3.779469e-05
35  2013-07-31 10:06:30     58 274.2 168.6 168.7081 2.900832e-05 12.96027 0.06861963  0.0121508778  0.003192232   3.663262e-04      9.623979e-05         1  6.423257e-03    0.001228022      1.973957e-04            3.773885e-05
36  2013-07-31 10:06:45     59 274.6 168.7 168.8103 2.900832e-05 13.06239 0.06861963  0.0165877042  0.003192273   5.000881e-04      9.624103e-05         1  6.830598e-03    0.001225608      2.099139e-04            3.766465e-05
37  2013-07-31 10:07:00     60 275.2 168.7 168.8124 2.900832e-05 13.06451 0.06861963  0.0166798351  0.003192273   5.028657e-04      9.624105e-05         1  7.441610e-03    0.001222005      2.286911e-04            3.755393e-05
38  2013-07-31 10:07:15     61 275.5 168.6 168.7145 2.900832e-05 12.96663 0.06861963  0.0124272703  0.003192234   3.746589e-04      9.623987e-05         1  7.747116e-03    0.001220212      2.380798e-04            3.749883e-05
39  2013-07-31 10:07:30     62 276.0 168.7 168.8166 2.900832e-05 13.06875 0.06861963  0.0168640967  0.003192275   5.084209e-04      9.624110e-05         1  8.256292e-03    0.001217236      2.537275e-04            3.740738e-05
40  2013-07-31 10:07:45     63 276.4 168.6 168.7188 2.900832e-05 12.97087 0.06861963  0.0126115319  0.003192236   3.802140e-04      9.623992e-05         1  8.663634e-03    0.001214867      2.662457e-04            3.733457e-05
41  2013-07-31 10:08:00     64 276.8 168.7 168.8209 2.900832e-05 13.07299 0.06861963  0.0170483584  0.003192277   5.139760e-04      9.624116e-05         1  9.070975e-03    0.001212508      2.787638e-04            3.726207e-05
42  2013-07-31 10:08:15     65 277.3 168.9 169.0230 2.900832e-05 13.27511 0.06861963  0.0258298804  0.003192359   7.787224e-04      9.624363e-05         1  9.580152e-03    0.001209573      2.944115e-04            3.717189e-05
43  2013-07-31 10:08:30     66 277.7 169.1 169.2251 2.900832e-05 13.47723 0.06861963  0.0346114024  0.003192442   1.043469e-03      9.624614e-05         1  9.987493e-03    0.001207237      3.069297e-04            3.710009e-05
44  2013-07-31 10:08:45     67 278.1 168.9 169.0272 2.900832e-05 13.27935 0.06861963  0.0260141420  0.003192361   7.842776e-04      9.624368e-05         1  1.039483e-02    0.001204911      3.194479e-04            3.702862e-05
45  2013-07-31 10:09:00     68 278.7 168.9 169.0294 2.900832e-05 13.28147 0.06861963  0.0261062729  0.003192362   7.870551e-04      9.624371e-05         1  1.100585e-02    0.001201442      3.382251e-04            3.692201e-05
46  2013-07-31 10:09:15     69 279.0 169.0 169.1315 2.900832e-05 13.38359 0.06861963  0.0305430993  0.003192404   9.208171e-04      9.624498e-05         1  1.131135e-02    0.001199716      3.476138e-04            3.686898e-05
47  2013-07-31 10:09:30     70 279.4 168.8 168.9336 2.900832e-05 13.18571 0.06861963  0.0219458389  0.003192323   6.616259e-04      9.624253e-05         1  1.171869e-02    0.001197425      3.601319e-04            3.679855e-05
48  2013-07-31 10:09:45     71 280.0 168.8 168.9357 2.900832e-05 13.18783 0.06861963  0.0220379697  0.003192323   6.644034e-04      9.624256e-05         1  1.232970e-02    0.001194007      3.789092e-04            3.669352e-05
49  2013-07-31 10:10:00     72 280.3 168.9 169.0378 2.900832e-05 13.28996 0.06861963  0.0264747962  0.003192365   7.981654e-04      9.624381e-05         1  1.263521e-02    0.001192307      3.882978e-04            3.664128e-05
50  2013-07-31 10:10:15     73 280.8 169.0 169.1400 2.900832e-05 13.39208 0.06861963  0.0309116226  0.003192407   9.319274e-04      9.624508e-05         1  1.314439e-02    0.001189487      4.039455e-04            3.655462e-05
51  2013-07-31 10:10:30     74 281.4 169.0 169.1421 2.900832e-05 13.39420 0.06861963  0.0310037534  0.003192408   9.347050e-04      9.624511e-05         1  1.375540e-02    0.001186126      4.227228e-04            3.645133e-05
52  2013-07-31 10:10:45     75 281.6 169.0 169.1442 2.900832e-05 13.39632 0.06861963  0.0310958842  0.003192409   9.374825e-04      9.624513e-05         1  1.395907e-02    0.001185011      4.289819e-04            3.641706e-05
53  2013-07-31 10:11:00     76 282.1 168.9 169.0463 2.900832e-05 13.29844 0.06861963  0.0268433194  0.003192369   8.092757e-04      9.624392e-05         1  1.446825e-02    0.001182236      4.446296e-04            3.633177e-05
54  2013-07-31 10:11:15     77 282.7 169.1 169.2484 2.900832e-05 13.50056 0.06861963  0.0356248415  0.003192452   1.074022e-03      9.624644e-05         1  1.507926e-02    0.001178928      4.634068e-04            3.623011e-05
55  2013-07-31 10:11:30     78 283.0 169.1 169.2506 2.900832e-05 13.50268 0.06861963  0.0357169723  0.003192453   1.076800e-03      9.624646e-05         1  1.538476e-02    0.001177283      4.727955e-04            3.617957e-05
56  2013-07-31 10:11:45     79 283.5 169.1 169.2527 2.900832e-05 13.50480 0.06861963  0.0358091031  0.003192454   1.079577e-03      9.624649e-05         1  1.589394e-02    0.001174556      4.884432e-04            3.609576e-05
57  2013-07-31 10:12:00     80 284.1 169.1 169.2548 2.900832e-05 13.50692 0.06861963  0.0359012339  0.003192455   1.082355e-03      9.624652e-05         1  1.650495e-02    0.001171307      5.072204e-04            3.599591e-05
58  2013-07-31 10:12:15     81 284.4 169.0 169.1569 2.900832e-05 13.40904 0.06861963  0.0316486692  0.003192414   9.541480e-04      9.624529e-05         1  1.681046e-02    0.001169692      5.166091e-04            3.594627e-05
59  2013-07-31 10:12:30     82 284.8 169.0 169.1590 2.900832e-05 13.41116 0.06861963  0.0317408000  0.003192415   9.569255e-04      9.624532e-05         1  1.721780e-02    0.001167548      5.291272e-04            3.588040e-05
60  2013-07-31 10:12:45     83 285.4 169.0 169.1612 2.900832e-05 13.41328 0.06861963  0.0318329308  0.003192416   9.597031e-04      9.624534e-05         1  1.782881e-02    0.001164354      5.479045e-04            3.578225e-05
61  2013-07-31 10:13:00     84 285.7 169.2 169.3633 2.900832e-05 13.61540 0.06861963  0.0406144528  0.003192500   1.224450e-03      9.624788e-05         1  1.813432e-02    0.001162767      5.572931e-04            3.573347e-05
62  2013-07-31 10:13:15     85 286.2 169.1 169.2654 2.900832e-05 13.51752 0.06861963  0.0363618881  0.003192459   1.096243e-03      9.624665e-05         1  1.864349e-02    0.001160136      5.729408e-04            3.565262e-05
63  2013-07-31 10:13:30     86 286.9 169.2 169.3675 2.900832e-05 13.61964 0.06861963  0.0407987145  0.003192502   1.230005e-03      9.624794e-05         1  1.935634e-02    0.001156484      5.948476e-04            3.554037e-05
64  2013-07-31 10:13:45     87 287.1 169.1 169.2696 2.900832e-05 13.52176 0.06861963  0.0365461497  0.003192461   1.101798e-03      9.624670e-05         1  1.956001e-02    0.001155447      6.011067e-04            3.550851e-05
65  2013-07-31 10:14:00     88 287.6 169.0 169.1718 2.900832e-05 13.42388 0.06861963  0.0322935849  0.003192420   9.735910e-04      9.624548e-05         1  2.006919e-02    0.001152867      6.167544e-04            3.542923e-05
66  2013-07-31 10:14:15     89 288.2 169.1 169.2739 2.900832e-05 13.52600 0.06861963  0.0367304113  0.003192463   1.107353e-03      9.624676e-05         1  2.068020e-02    0.001149796      6.355317e-04            3.533486e-05
67  2013-07-31 10:14:30     90 288.6 169.1 169.2760 2.900832e-05 13.52812 0.06861963  0.0368225422  0.003192464   1.110131e-03      9.624678e-05         1  2.108754e-02    0.001147764      6.480498e-04            3.527240e-05
68  2013-07-31 10:14:45     91 289.0 169.3 169.4781 2.900832e-05 13.73025 0.06861963  0.0456040642  0.003192548   1.374877e-03      9.624934e-05         1  2.149488e-02    0.001145744      6.605680e-04            3.521031e-05
69  2013-07-31 10:15:00     92 289.6 169.4 169.5802 2.900832e-05 13.83237 0.06861963  0.0500408906  0.003192592   1.508639e-03      9.625065e-05         1  2.210589e-02    0.001142736      6.793453e-04            3.511788e-05
70  2013-07-31 10:15:15     93 290.0 169.3 169.4824 2.900832e-05 13.73449 0.06861963  0.0457883259  0.003192550   1.380432e-03      9.624940e-05         1  2.251324e-02    0.001140746      6.918634e-04            3.505672e-05
71  2013-07-31 10:15:30     94 290.4 169.1 169.2845 2.900832e-05 13.53661 0.06861963  0.0371910655  0.003192467   1.121241e-03      9.624689e-05         1  2.292058e-02    0.001138768      7.043816e-04            3.499594e-05
72  2013-07-31 10:15:45     95 290.9 169.2 169.3866 2.900832e-05 13.63873 0.06861963  0.0416278919  0.003192510   1.255003e-03      9.624818e-05         1  2.342975e-02    0.001136313      7.200293e-04            3.492050e-05
73  2013-07-31 10:16:00     96 291.4 169.0 169.1887 2.900832e-05 13.44085 0.06861963  0.0330306315  0.003192427   9.958115e-04      9.624569e-05         1  2.393893e-02    0.001133878      7.356770e-04            3.484566e-05
74  2013-07-31 10:16:15     97 291.8 169.2 169.3908 2.900832e-05 13.64297 0.06861963  0.0418121535  0.003192512   1.260558e-03      9.624823e-05         1  2.434627e-02    0.001131943      7.481952e-04            3.478621e-05
75  2013-07-31 10:16:30     98 292.3 169.2 169.3930 2.900832e-05 13.64509 0.06861963  0.0419042844  0.003192513   1.263336e-03      9.624826e-05         1  2.485545e-02    0.001129543      7.638429e-04            3.471245e-05
76  2013-07-31 10:16:45     99 292.8 169.2 169.3951 2.900832e-05 13.64721 0.06861963  0.0419964152  0.003192513   1.266113e-03      9.624829e-05         1  2.536462e-02    0.001127163      7.794906e-04            3.463929e-05
77  2013-07-31 10:17:00    100 293.2 169.2 169.3972 2.900832e-05 13.64933 0.06861963  0.0420885460  0.003192514   1.268891e-03      9.624831e-05         1  2.577197e-02    0.001125272      7.920088e-04            3.458121e-05
78  2013-07-31 10:17:15    101 293.7 169.3 169.4993 2.900832e-05 13.75145 0.06861963  0.0465253724  0.003192557   1.402653e-03      9.624961e-05         1  2.628114e-02    0.001122928      8.076565e-04            3.450915e-05
79  2013-07-31 10:17:30    102 294.2 169.4 169.6015 2.900832e-05 13.85357 0.06861963  0.0509621989  0.003192601   1.536415e-03      9.625092e-05         1  2.679032e-02    0.001120603      8.233042e-04            3.443771e-05
80  2013-07-31 10:17:45    103 294.6 169.4 169.6036 2.900832e-05 13.85569 0.06861963  0.0510543297  0.003192602   1.539192e-03      9.625095e-05         1  2.719766e-02    0.001118758      8.358224e-04            3.438101e-05
81  2013-07-31 10:18:00    104 295.0 169.4 169.6057 2.900832e-05 13.85781 0.06861963  0.0511464605  0.003192603   1.541970e-03      9.625098e-05         1  2.760500e-02    0.001116926      8.483405e-04            3.432470e-05
82  2013-07-31 10:18:15    105 295.6 169.4 169.6078 2.900832e-05 13.85993 0.06861963  0.0512385913  0.003192604   1.544747e-03      9.625101e-05         1  2.821601e-02    0.001114202      8.671178e-04            3.424100e-05
83  2013-07-31 10:18:30    106 296.0 169.4 169.6099 2.900832e-05 13.86205 0.06861963  0.0513307222  0.003192605   1.547525e-03      9.625103e-05         1  2.862335e-02    0.001112403      8.796360e-04            3.418570e-05
84  2013-07-31 10:18:45    107 296.4 169.5 169.7121 2.900832e-05 13.96417 0.06861963  0.0557675486  0.003192648   1.681287e-03      9.625235e-05         1  2.903070e-02    0.001110616      8.921541e-04            3.413080e-05
85  2013-07-31 10:19:00    108 297.0 169.5 169.7142 2.900832e-05 13.96629 0.06861963  0.0558596794  0.003192649   1.684064e-03      9.625238e-05         1  2.964171e-02    0.001107962      9.109314e-04            3.404923e-05
86  2013-07-31 10:19:15    109 297.4 169.6 169.8163 2.900832e-05 14.06842 0.06861963  0.0602965058  0.003192693   1.817826e-03      9.625371e-05         1  3.004905e-02    0.001106209      9.234496e-04            3.399536e-05
87  2013-07-31 10:19:30    110 297.7 169.4 169.6184 2.900832e-05 13.87054 0.06861963  0.0516992454  0.003192608   1.558635e-03      9.625114e-05         1  3.035455e-02    0.001104903      9.328382e-04            3.395523e-05
88  2013-07-31 10:19:45    111 298.3 169.6 169.8205 2.900832e-05 14.07266 0.06861963  0.0604807675  0.003192695   1.823382e-03      9.625377e-05         1  3.096557e-02    0.001102314      9.516154e-04            3.387567e-05
89  2013-07-31 10:20:00    112 298.7 169.7 169.9227 2.900832e-05 14.17478 0.06861963  0.0649175939  0.003192740   1.957144e-03      9.625511e-05         1  3.137291e-02    0.001100605      9.641336e-04            3.382315e-05
90  2013-07-31 10:20:15    113 299.1 169.6 169.8248 2.900832e-05 14.07690 0.06861963  0.0606650291  0.003192697   1.828937e-03      9.625382e-05         1  3.178025e-02    0.001098910      9.766518e-04            3.377105e-05
91  2013-07-31 10:20:30    114 299.7 169.5 169.7269 2.900832e-05 13.97902 0.06861963  0.0564124643  0.003192655   1.700730e-03      9.625255e-05         1  3.239126e-02    0.001096393      9.954290e-04            3.369369e-05
92  2013-07-31 10:20:45    115 300.1 169.6 169.8290 2.900832e-05 14.08114 0.06861963  0.0608492908  0.003192699   1.834492e-03      9.625388e-05         1  3.279860e-02    0.001094732      1.007947e-03            3.364265e-05
93  2013-07-31 10:21:00    116 300.5 169.6 169.8311 2.900832e-05 14.08326 0.06861963  0.0609414216  0.003192700   1.837269e-03      9.625391e-05         1  3.320594e-02    0.001093085      1.020465e-03            3.359203e-05
94  2013-07-31 10:21:15    117 301.1 169.8 170.0333 2.900832e-05 14.28538 0.06861963  0.0697229436  0.003192788   2.102016e-03      9.625657e-05         1  3.381696e-02    0.001090640      1.039243e-03            3.351691e-05
95  2013-07-31 10:21:30    118 301.5 169.7 169.9354 2.900832e-05 14.18750 0.06861963  0.0654703788  0.003192745   1.973809e-03      9.625528e-05         1  3.422430e-02    0.001089028      1.051761e-03            3.346737e-05
96  2013-07-31 10:21:45    119 301.9 169.5 169.7375 2.900832e-05 13.98962 0.06861963  0.0568731184  0.003192659   1.714618e-03      9.625268e-05         1  3.463164e-02    0.001087430      1.064279e-03            3.341826e-05
97  2013-07-31 10:22:00    120 302.5 169.6 169.8396 2.900832e-05 14.09174 0.06861963  0.0613099449  0.003192703   1.848380e-03      9.625402e-05         1  3.524265e-02    0.001085060      1.083056e-03            3.334541e-05
98  2013-07-31 10:22:15    121 303.0 169.5 169.7417 2.900832e-05 13.99386 0.06861963  0.0570573801  0.003192661   1.720173e-03      9.625274e-05         1  3.575183e-02    0.001083109      1.098704e-03            3.328545e-05
99  2013-07-31 10:22:30    122 303.2 169.7 169.9439 2.900832e-05 14.19598 0.06861963  0.0658389021  0.003192749   1.984919e-03      9.625539e-05         1  3.595550e-02    0.001082335      1.104963e-03            3.326166e-05
100 2013-07-31 10:22:45    123 303.8 169.5 169.7460 2.900832e-05 13.99810 0.06861963  0.0572416417  0.003192663   1.725728e-03      9.625280e-05         1  3.656651e-02    0.001080034      1.123740e-03            3.319096e-05
101 2013-07-31 10:23:00    124 304.3 169.6 169.8481 2.900832e-05 14.10022 0.06861963  0.0616784682  0.003192707   1.859490e-03      9.625413e-05         1  3.707569e-02    0.001078141      1.139388e-03            3.313280e-05
102 2013-07-31 10:23:15    125 304.7 169.7 169.9502 2.900832e-05 14.20234 0.06861963  0.0661152946  0.003192752   1.993252e-03      9.625547e-05         1  3.748303e-02    0.001076643      1.151906e-03            3.308677e-05
103 2013-07-31 10:23:30    126 305.2 169.8 170.0523 2.900832e-05 14.30446 0.06861963  0.0705521210  0.003192797   2.127014e-03      9.625682e-05         1  3.799220e-02    0.001074792      1.167554e-03            3.302987e-05
104 2013-07-31 10:23:45    127 305.7 169.9 170.1545 2.900832e-05 14.40658 0.06861963  0.0749889475  0.003192842   2.260776e-03      9.625819e-05         1  3.850138e-02    0.001072963      1.183202e-03            3.297367e-05
105 2013-07-31 10:24:00    128 306.1 169.7 169.9566 2.900832e-05 14.20871 0.06861963  0.0663916871  0.003192755   2.001585e-03      9.625556e-05         1  3.890872e-02    0.001071517      1.195720e-03            3.292922e-05
106 2013-07-31 10:24:15    129 306.6 169.7 169.9587 2.900832e-05 14.21083 0.06861963  0.0664838179  0.003192755   2.004362e-03      9.625558e-05         1  3.941790e-02    0.001069729      1.211367e-03            3.287429e-05
107 2013-07-31 10:24:30    130 307.2 169.8 170.0608 2.900832e-05 14.31295 0.06861963  0.0709206443  0.003192800   2.138124e-03      9.625694e-05         1  4.002891e-02    0.001067615      1.230145e-03            3.280933e-05
108 2013-07-31 10:24:45    131 307.4 169.9 170.1629 2.900832e-05 14.41507 0.06861963  0.0753574707  0.003192846   2.271886e-03      9.625830e-05         1  4.023258e-02    0.001066918      1.236404e-03            3.278790e-05
109 2013-07-31 10:25:00    132 308.1 169.7 169.9651 2.900832e-05 14.21719 0.06861963  0.0667602104  0.003192758   2.012695e-03      9.625567e-05         1  4.094543e-02    0.001064508      1.258311e-03            3.271382e-05
110 2013-07-31 10:25:15    133 308.6 169.8 170.0672 2.900832e-05 14.31931 0.06861963  0.0711970368  0.003192803   2.146457e-03      9.625702e-05         1  4.145460e-02    0.001062814      1.273958e-03            3.266177e-05
111 2013-07-31 10:25:30    134 308.8 169.9 170.1693 2.900832e-05 14.42143 0.06861963  0.0756338632  0.003192848   2.280219e-03      9.625839e-05         1  4.165827e-02    0.001062143      1.280217e-03            3.264115e-05
112 2013-07-31 10:25:45    135 309.3 170.0 170.2714 2.900832e-05 14.52355 0.06861963  0.0800706896  0.003192894   2.413981e-03      9.625976e-05         1  4.216745e-02    0.001060483      1.295865e-03            3.259012e-05
113 2013-07-31 10:26:00    136 309.9 169.9 170.1735 2.900832e-05 14.42567 0.06861963  0.0758181249  0.003192850   2.285774e-03      9.625844e-05         1  4.277846e-02    0.001058522      1.314642e-03            3.252986e-05
114 2013-07-31 10:26:15    137 310.2 170.0 170.2757 2.900832e-05 14.52779 0.06861963  0.0802549513  0.003192896   2.419536e-03      9.625982e-05         1  4.308397e-02    0.001057554      1.324031e-03            3.250012e-05
115 2013-07-31 10:26:30    138 310.7 170.0 170.2778 2.900832e-05 14.52991 0.06861963  0.0803470821  0.003192897   2.422314e-03      9.625985e-05         1  4.359314e-02    0.001055960      1.339679e-03            3.245115e-05
116 2013-07-31 10:26:45    139 311.3 170.0 170.2799 2.900832e-05 14.53203 0.06861963  0.0804392129  0.003192898   2.425091e-03      9.625987e-05         1  4.420416e-02    0.001054080      1.358456e-03            3.239337e-05
117 2013-07-31 10:27:00    140 311.7 170.1 170.3820 2.900832e-05 14.63415 0.06861963  0.0848760394  0.003192944   2.558853e-03      9.626126e-05         1  4.461150e-02    0.001052846      1.370974e-03            3.235544e-05
118 2013-07-31 10:27:15    141 312.1 170.0 170.2842 2.900832e-05 14.53627 0.06861963  0.0806234746  0.003192900   2.430646e-03      9.625993e-05         1  4.501884e-02    0.001051628      1.383492e-03            3.231799e-05
119 2013-07-31 10:27:30    142 312.7 170.0 170.2863 2.900832e-05 14.53839 0.06861963  0.0807156054  0.003192901   2.433424e-03      9.625996e-05         1  4.562985e-02    0.001049829      1.402270e-03            3.226273e-05
120 2013-07-31 10:27:45    143 313.0 170.1 170.3884 2.900832e-05 14.64051 0.06861963  0.0851524318  0.003192947   2.567186e-03      9.626135e-05         1  4.593536e-02    0.001048943      1.411658e-03            3.223550e-05
121 2013-07-31 10:28:00    144 313.4 170.0 170.2905 2.900832e-05 14.54263 0.06861963  0.0808998670  0.003192903   2.438979e-03      9.626002e-05         1  4.634270e-02    0.001047776      1.424176e-03            3.219962e-05
122 2013-07-31 10:28:15    145 314.0 170.0 170.2926 2.900832e-05 14.54475 0.06861963  0.0809919979  0.003192903   2.441757e-03      9.626005e-05         1  4.695371e-02    0.001046054      1.442954e-03            3.214671e-05
123 2013-07-31 10:28:30    146 314.4 170.1 170.3948 2.900832e-05 14.64687 0.06861963  0.0854288243  0.003192949   2.575519e-03      9.626143e-05         1  4.736105e-02    0.001044926      1.455472e-03            3.211205e-05
124 2013-07-31 10:28:45    147 314.8 170.0 170.2969 2.900832e-05 14.54900 0.06861963  0.0811762595  0.003192905   2.447312e-03      9.626010e-05         1  4.776839e-02    0.001043814      1.467990e-03            3.207788e-05
125 2013-07-31 10:29:00    148 315.4 170.1 170.3990 2.900832e-05 14.65112 0.06861963  0.0856130859  0.003192951   2.581074e-03      9.626149e-05         1  4.837940e-02    0.001042177      1.486767e-03            3.202755e-05
126 2013-07-31 10:29:15    149 315.7 170.1 170.4011 2.900832e-05 14.65324 0.06861963  0.0857052168  0.003192952   2.583851e-03      9.626152e-05         1  4.868491e-02    0.001041371      1.496156e-03            3.200280e-05
127 2013-07-31 10:29:30    150 316.1 170.1 170.4032 2.900832e-05 14.65536 0.06861963  0.0857973476  0.003192953   2.586629e-03      9.626155e-05         1  4.909225e-02    0.001040311      1.508674e-03            3.197023e-05
128 2013-07-31 10:29:45    151 316.7 170.1 170.4054 2.900832e-05 14.65748 0.06861963  0.0858894784  0.003192954   2.589407e-03      9.626158e-05         1  4.970326e-02    0.001038752      1.527451e-03            3.192231e-05
129 2013-07-31 10:30:00    152 317.0 170.1 170.4075 2.900832e-05 14.65960 0.06861963  0.0859816092  0.003192955   2.592184e-03      9.626160e-05         1  5.000877e-02    0.001037986      1.536840e-03            3.189878e-05
130 2013-07-31 10:30:15    153 317.5 170.0 170.3096 2.900832e-05 14.56172 0.06861963  0.0817290444  0.003192911   2.463977e-03      9.626028e-05         1  5.051795e-02    0.001036730      1.552488e-03            3.186017e-05
131 2013-07-31 10:30:30    154 318.1 170.1 170.4117 2.900832e-05 14.66384 0.06861963  0.0861658709  0.003192957   2.597739e-03      9.626166e-05         1  5.112896e-02    0.001035256      1.571265e-03            3.181488e-05
132 2013-07-31 10:30:45    155 318.4 170.0 170.3138 2.900832e-05 14.56596 0.06861963  0.0819133061  0.003192913   2.469532e-03      9.626033e-05         1  5.143446e-02    0.001034533      1.580653e-03            3.179266e-05
133 2013-07-31 10:31:00    156 318.8 170.1 170.4160 2.900832e-05 14.66808 0.06861963  0.0863501325  0.003192959   2.603294e-03      9.626172e-05         1  5.184181e-02    0.001033583      1.593172e-03            3.176347e-05
134 2013-07-31 10:31:15    157 319.5 170.1 170.4181 2.900832e-05 14.67020 0.06861963  0.0864422633  0.003192960   2.606072e-03      9.626175e-05         1  5.255465e-02    0.001031961      1.615078e-03            3.171361e-05
135 2013-07-31 10:31:30    158 319.9 170.1 170.4202 2.900832e-05 14.67232 0.06861963  0.0865343942  0.003192961   2.608850e-03      9.626178e-05         1  5.296199e-02    0.001031057      1.627597e-03            3.168582e-05
136 2013-07-31 10:31:45    159 320.3 170.1 170.4223 2.900832e-05 14.67444 0.06861963  0.0866265250  0.003192962   2.611627e-03      9.626181e-05         1  5.336933e-02    0.001030169      1.640115e-03            3.165854e-05
137 2013-07-31 10:32:00    160 320.8 170.2 170.5244 2.900832e-05 14.77656 0.06861963  0.0910633514  0.003193008   2.745389e-03      9.626320e-05         1  5.387851e-02    0.001029083      1.655762e-03            3.162516e-05
138 2013-07-31 10:32:15    161 321.3 170.2 170.5266 2.900832e-05 14.77868 0.06861963  0.0911554822  0.003193009   2.748167e-03      9.626323e-05         1  5.438769e-02    0.001028023      1.671410e-03            3.159258e-05
139 2013-07-31 10:32:30    162 321.8 170.4 170.7287 2.900832e-05 14.98080 0.06861963  0.0999370043  0.003193102   3.012913e-03      9.626603e-05         1  5.489686e-02    0.001026989      1.687058e-03            3.156080e-05
140 2013-07-31 10:32:45    163 322.2 170.2 170.5308 2.900832e-05 14.78292 0.06861963  0.0913397439  0.003193011   2.753722e-03      9.626329e-05         1  5.530421e-02    0.001026180      1.699576e-03            3.153596e-05
141 2013-07-31 10:33:00    164 322.9 170.2 170.5329 2.900832e-05 14.78504 0.06861963  0.0914318747  0.003193012   2.756499e-03      9.626332e-05         1  5.601705e-02    0.001024806      1.721483e-03            3.149374e-05
142 2013-07-31 10:33:15    165 323.3 170.4 170.7350 2.900832e-05 14.98717 0.06861963  0.1002133967  0.003193105   3.021246e-03      9.626612e-05         1  5.642439e-02    0.001024044      1.734001e-03            3.147032e-05
143 2013-07-31 10:33:30    166 323.7 170.5 170.8372 2.900832e-05 15.08929 0.06861963  0.1046502232  0.003193152   3.155008e-03      9.626754e-05         1  5.683174e-02    0.001023299      1.746519e-03            3.144743e-05
144 2013-07-31 10:33:45    167 324.2 170.4 170.7393 2.900832e-05 14.99141 0.06861963  0.1003976584  0.003193107   3.026801e-03      9.626618e-05         1  5.734091e-02    0.001022392      1.762167e-03            3.141955e-05
145 2013-07-31 10:34:00    168 324.8 170.4 170.7414 2.900832e-05 14.99353 0.06861963  0.1004897892  0.003193108   3.029579e-03      9.626621e-05         1  5.795192e-02    0.001021338      1.780944e-03            3.138717e-05
146 2013-07-31 10:34:15    169 325.1 170.4 170.7435 2.900832e-05 14.99565 0.06861963  0.1005819200  0.003193109   3.032356e-03      9.626624e-05         1  5.825743e-02    0.001020826      1.790333e-03            3.137142e-05
147 2013-07-31 10:34:30    170 325.6 170.4 170.7456 2.900832e-05 14.99777 0.06861963  0.1006740509  0.003193110   3.035134e-03      9.626627e-05         1  5.876661e-02    0.001019993      1.805981e-03            3.134583e-05
148 2013-07-31 10:34:45    171 326.2 170.4 170.7478 2.900832e-05 14.99989 0.06861963  0.1007661817  0.003193111   3.037911e-03      9.626629e-05         1  5.937762e-02    0.001019029      1.824758e-03            3.131621e-05
149 2013-07-31 10:35:00    172 326.5 170.4 170.7499 2.900832e-05 15.00201 0.06861963  0.1008583125  0.003193112   3.040689e-03      9.626632e-05         1  5.968312e-02    0.001018562      1.834146e-03            3.130184e-05
150 2013-07-31 10:35:15    173 327.0 170.4 170.7520 2.900832e-05 15.00413 0.06861963  0.1009504433  0.003193113   3.043466e-03      9.626635e-05         1  6.019230e-02    0.001017804      1.849794e-03            3.127856e-05
151 2013-07-31 10:35:30    174 327.6 170.5 170.8541 2.900832e-05 15.10625 0.06861963  0.1053872698  0.003193160   3.177228e-03      9.626778e-05         1  6.080331e-02    0.001016931      1.868571e-03            3.125172e-05
152 2013-07-31 10:35:45    175 328.1 170.5 170.8562 2.900832e-05 15.10837 0.06861963  0.1054794006  0.003193161   3.180006e-03      9.626781e-05         1  6.131249e-02    0.001016233      1.884219e-03            3.123027e-05
153 2013-07-31 10:36:00    176 328.5 170.4 170.7584 2.900832e-05 15.01049 0.06861963  0.1012268358  0.003193116   3.051799e-03      9.626644e-05         1  6.171983e-02    0.001015694      1.896737e-03            3.121370e-05
154 2013-07-31 10:36:15    177 329.0 170.4 170.7605 2.900832e-05 15.01261 0.06861963  0.1013189666  0.003193117   3.054577e-03      9.626647e-05         1  6.222901e-02    0.001015045      1.912385e-03            3.119375e-05
155 2013-07-31 10:36:30    178 329.6 170.4 170.7626 2.900832e-05 15.01473 0.06861963  0.1014110974  0.003193118   3.057354e-03      9.626650e-05         1  6.284002e-02    0.001014301      1.931162e-03            3.117091e-05
156 2013-07-31 10:36:45    179 330.2 170.3 170.6647 2.900832e-05 14.91685 0.06861963  0.0971585326  0.003193072   2.929147e-03      9.626514e-05         1  6.345103e-02    0.001013597      1.949939e-03            3.114927e-05
157 2013-07-31 10:37:00    180 330.4 170.4 170.7669 2.900832e-05 15.01897 0.06861963  0.1015953591  0.003193120   3.062909e-03      9.626656e-05         1  6.365470e-02    0.001013371      1.956199e-03            3.114232e-05
158 2013-07-31 10:37:15    181 331.0 170.4 170.7690 2.900832e-05 15.02109 0.06861963  0.1016874899  0.003193121   3.065687e-03      9.626659e-05         1  6.426571e-02    0.001012720      1.974976e-03            3.112230e-05
159 2013-07-31 10:37:30    182 331.6 170.4 170.7711 2.900832e-05 15.02321 0.06861963  0.1017796207  0.003193122   3.068465e-03      9.626662e-05         1  6.487672e-02    0.001012107      1.993753e-03            3.110348e-05
160 2013-07-31 10:37:45    183 332.0 170.5 170.8732 2.900832e-05 15.12533 0.06861963  0.1062164471  0.003193169   3.202227e-03      9.626805e-05         1  6.528407e-02    0.001011721      2.006271e-03            3.109161e-05
161 2013-07-31 10:38:00    184 332.4 170.4 170.7753 2.900832e-05 15.02746 0.06861963  0.1019638824  0.003193123   3.074020e-03      9.626668e-05         1  6.569141e-02    0.001011352      2.018789e-03            3.108028e-05
162 2013-07-31 10:38:15    185 333.0 170.3 170.6775 2.900832e-05 14.92958 0.06861963  0.0977113176  0.003193078   2.945813e-03      9.626532e-05         1  6.630242e-02    0.001010832      2.037567e-03            3.106430e-05
163 2013-07-31 10:38:30    186 333.3 170.5 170.8796 2.900832e-05 15.13170 0.06861963  0.1064928396  0.003193172   3.210559e-03      9.626814e-05         1  6.660793e-02    0.001010587      2.046955e-03            3.105677e-05
164 2013-07-31 10:38:45    187 333.8 170.6 170.9817 2.900832e-05 15.23382 0.06861963  0.1109296660  0.003193220   3.344321e-03      9.626958e-05         1  6.711710e-02    0.001010201      2.062603e-03            3.104489e-05
165 2013-07-31 10:39:00    188 334.4 170.6 170.9838 2.900832e-05 15.23594 0.06861963  0.1110217969  0.003193221   3.347099e-03      9.626961e-05         1  6.772811e-02    0.001009773      2.081380e-03            3.103175e-05
166 2013-07-31 10:39:15    189 334.9 170.7 171.0859 2.900832e-05 15.33806 0.06861963  0.1154586233  0.003193269   3.480861e-03      9.627106e-05         1  6.823729e-02    0.001009447      2.097028e-03            3.102174e-05
167 2013-07-31 10:39:30    190 335.3 170.6 170.9881 2.900832e-05 15.24018 0.06861963  0.1112060585  0.003193223   3.352654e-03      9.626967e-05         1  6.864463e-02    0.001009207      2.109546e-03            3.101434e-05
168 2013-07-31 10:39:45    191 335.8 170.7 171.0902 2.900832e-05 15.34230 0.06861963  0.1156428849  0.003193271   3.486416e-03      9.627112e-05         1  6.915381e-02    0.001008930      2.125194e-03            3.100585e-05
169 2013-07-31 10:40:00    192 336.4 170.7 171.0923 2.900832e-05 15.34442 0.06861963  0.1157350158  0.003193272   3.489193e-03      9.627115e-05         1  6.976482e-02    0.001008636      2.143971e-03            3.099679e-05
170 2013-07-31 10:40:15    193 337.0 170.6 170.9944 2.900832e-05 15.24654 0.06861963  0.1114824510  0.003193226   3.360987e-03      9.626976e-05         1  7.037583e-02    0.001008381      2.162748e-03            3.098896e-05
171 2013-07-31 10:40:30    194 337.3 170.8 171.1965 2.900832e-05 15.44866 0.06861963  0.1202639730  0.003193321   3.625733e-03      9.627264e-05         1  7.068134e-02    0.001008268      2.172137e-03            3.098550e-05
172 2013-07-31 10:40:45    195 337.8 170.8 171.1987 2.900832e-05 15.45078 0.06861963  0.1203561038  0.003193322   3.628511e-03      9.627267e-05         1  7.119051e-02    0.001008103      2.187785e-03            3.098043e-05
173 2013-07-31 10:41:00    196 338.5 170.8 171.2008 2.900832e-05 15.45290 0.06861963  0.1204482347  0.003193323   3.631288e-03      9.627270e-05         1  7.190336e-02    0.001007918      2.209691e-03            3.097475e-05
174 2013-07-31 10:41:15    197 338.9 170.8 171.2029 2.900832e-05 15.45502 0.06861963  0.1205403655  0.003193324   3.634066e-03      9.627274e-05         1  7.231070e-02    0.001007837      2.222210e-03            3.097225e-05
175 2013-07-31 10:41:30    198 339.4 170.8 171.2050 2.900832e-05 15.45714 0.06861963  0.1206324963  0.003193325   3.636843e-03      9.627277e-05         1  7.281988e-02    0.001007761      2.237857e-03            3.096990e-05
176 2013-07-31 10:41:45    199 339.9 170.9 171.3071 2.900832e-05 15.55926 0.06861963  0.1250693227  0.003193374   3.770605e-03      9.627424e-05         1  7.332906e-02    0.001007712      2.253505e-03            3.096841e-05
177 2013-07-31 10:42:00    200 340.4 170.8 171.2093 2.900832e-05 15.46138 0.06861963  0.1208167580  0.003193327   3.642398e-03      9.627283e-05         1  7.383823e-02    0.001007691      2.269153e-03            3.096777e-05
178 2013-07-31 10:42:15    201 340.9 170.9 171.3114 2.900832e-05 15.56350 0.06861963  0.1252535844  0.003193376   3.776160e-03      9.627430e-05         1  7.434741e-02    0.001007698      2.284801e-03            3.096798e-05
179 2013-07-31 10:42:30    202 341.2   NaN      NaN 2.900832e-05      NaN 0.06861963           NaN          NaN            NaN               NaN         0  7.465291e-02    0.001007716      2.294189e-03            3.096852e-05
180 2013-07-31 10:42:45    203 341.8 170.9 171.3156 2.900832e-05 15.56775 0.06861963  0.1254378460  0.003193378   3.781716e-03      9.627436e-05         1  7.526393e-02    0.001007780      2.312966e-03            3.097051e-05
181 2013-07-31 10:43:00    204 342.3 171.0 171.4177 2.900832e-05 15.66987 0.06861963  0.1298746725  0.003193427   3.915478e-03      9.627584e-05         1  7.577310e-02    0.001007865      2.328614e-03            3.097311e-05
182 2013-07-31 10:43:15    205 342.7 170.9 171.3199 2.900832e-05 15.57199 0.06861963  0.1256221077  0.003193380   3.787271e-03      9.627442e-05         1  7.618044e-02    0.001007953      2.341132e-03            3.097581e-05
183 2013-07-31 10:43:30    206 343.3 171.0 171.4220 2.900832e-05 15.67411 0.06861963  0.1300589341  0.003193429   3.921033e-03      9.627590e-05         1  7.679146e-02    0.001008118      2.359910e-03            3.098088e-05

$dryleafvolt
            timestamp record LWSmV  SEmV    CSEmV     CSEmV.sd   loadmV  loadmV.sd
1 2013-07-31 09:56:15     17 263.1 168.5 168.5212 2.900832e-05 12.77333 0.06861963
2 2013-07-31 09:56:30     18 263.1 168.6 168.6233 2.900832e-05 12.87545 0.06861963
3 2013-07-31 09:56:45     19 263.1 168.4 168.4254 2.900832e-05 12.67757 0.06861963
4 2013-07-31 09:57:00     20 263.1 168.3 168.3276 2.900832e-05 12.57969 0.06861963
5 2013-07-31 09:57:15     21 263.1   NaN      NaN 2.900832e-05      NaN 0.06861963
6 2013-07-31 09:57:30     22 263.1 168.4 168.4318 2.900832e-05 12.68393 0.06861963
7 2013-07-31 09:57:45     23 263.1 168.3 168.3339 2.900832e-05 12.58605 0.06861963
8 2013-07-31 09:58:00     24 263.1 168.3 168.3360 2.900832e-05 12.58817 0.06861963

$runtime
Time difference of 45.5 mins

$startcalibvolt
            timestamp record LWSmV  SEmV    CSEmV     CSEmV.sd   loadmV  loadmV.sd
1 2013-07-31 09:54:15      9 263.1 278.3 278.3042 2.900832e-05 122.5564 0.06861963
2 2013-07-31 09:54:30     10 263.1 278.3 278.3064 2.900832e-05 122.5585 0.06861963
3 2013-07-31 09:54:45     11 263.1 278.4 278.4085 2.900832e-05 122.6606 0.06861963
4 2013-07-31 09:55:00     12 263.1 278.6 278.6106 2.900832e-05 122.8627 0.06861963
5 2013-07-31 09:55:15     13 263.1 278.5 278.5127 2.900832e-05 122.7648 0.06861963
6 2013-07-31 09:55:30     14 263.1 278.4 278.4148 2.900832e-05 122.6670 0.06861963

$endcalibvolt
            timestamp record LWSmV  SEmV
1 2013-07-31 10:47:15    221 264.4 277.8
2 2013-07-31 10:47:30    222 264.4 277.7
3 2013-07-31 10:47:45    223 264.4 277.7
4 2013-07-31 10:48:00    224 264.4 277.9
5 2013-07-31 10:48:15    225 264.4 277.9

$lastLWSvolt
[1] 342.1

$maxLWSvolt
[1] 350.5

$species
[1] "valleyoak"

$trial
[1] "3"

$replicate
[1] "1"

$isvertical
[1] FALSE

$conversionfactor
         avg        stdev
1 0.04344696 9.921202e-06

$LWSwatermass
         avg      stdev
1 0.08015947 0.00227709

$dryleafmass
        avg       stdev
1 0.5509333 0.001133832

$lwsmodel

Call:
lm(formula = LWSsurfacedensity ~ record, data = rd[rd$runfilter == 
    1, ])

Coefficients:
(Intercept)       record  
 -6.634e-04    1.457e-05  


$leafmodel

Call:
lm(formula = surfacedensity ~ record, data = rd[rd$runfilter == 
    1, ])

Coefficients:
(Intercept)       record  
 -7.775e-04    2.219e-05  


