$name
[1] "valleyoak5"

$leafarea
[1] 26.90394

$startbasevolt
            timestamp record LWSmV  SEmV CSEmV CSEmV.sd      loadmV  loadmV.sd
1 2013-07-31 11:49:15      2 264.4 155.6 155.6        0  0.05442943 0.08589434
2 2013-07-31 11:49:30      3 264.4 155.5 155.5        0 -0.04557057 0.08589434
3 2013-07-31 11:49:45      4 264.4 155.5 155.5        0 -0.04557057 0.08589434
4 2013-07-31 11:50:00      5 264.4 155.6 155.6        0  0.05442943 0.08589434

$endbasevolt
            timestamp record LWSmV  SEmV    CSEmV     CSEmV.sd      loadmV  loadmV.sd
1 2013-07-31 12:44:15    222 265.1 155.0 155.5767 3.837896e-05  0.03114114 0.08589435
2 2013-07-31 12:44:30    223 265.1 155.1 155.6794 3.837896e-05  0.13379880 0.08589435
3 2013-07-31 12:44:45    224 265.1 155.0 155.5820 3.837896e-05  0.03645646 0.08589435
4 2013-07-31 12:45:00    225 265.1 154.9 155.4847 3.837896e-05 -0.06088589 0.08589435
5 2013-07-31 12:45:15    226 265.1 154.8 155.3873 3.837896e-05 -0.15822823 0.08589435

$dryragvolt
            timestamp record LWSmV  SEmV    CSEmV     CSEmV.sd   loadmV  loadmV.sd
1 2013-07-31 12:40:15    206 337.8 261.6 262.1342 3.837896e-05 106.5886 0.08589435
2 2013-07-31 12:40:30    207 337.3 261.4 261.9368 3.837896e-05 106.3913 0.08589435
3 2013-07-31 12:40:45    208 337.1 261.3 261.8395 3.837896e-05 106.2939 0.08589435
4 2013-07-31 12:41:00    209 337.0 261.1 261.6422 3.837896e-05 106.0966 0.08589435

$wetragvolt
            timestamp record LWSmV  SEmV    CSEmV     CSEmV.sd   loadmV  loadmV.sd
1 2013-07-31 12:41:45    212 266.0 263.1 263.6501 3.837896e-05 108.1046 0.08589435
2 2013-07-31 12:42:00    213 265.7 262.8 263.3528 3.837896e-05 107.8072 0.08589435
3 2013-07-31 12:42:15    214 265.1 262.7 263.2555 3.837896e-05 107.7099 0.08589435
4 2013-07-31 12:42:30    215 265.1 262.8 263.3581 3.837896e-05 107.8125 0.08589435

$rundata
              timestamp record LWSmV  SEmV    CSEmV     CSEmV.sd    loadmV  loadmV.sd     watermass watermass.sd surfacedensity surfacedensity.sd runfilter      LWSwater LWSwater.stdev LWSsurfacedensity LWSsurfacedensity.stdev
1   2013-07-31 11:55:00     25 265.1 163.3 163.3532 3.837896e-05  7.807583 0.08589435  0.0033709845  0.003881543   1.252971e-04      0.0001442742         0 -2.843756e-03    0.001285489     -8.739263e-05            3.950488e-05
2   2013-07-31 11:55:15     26 265.2 163.3 163.3558 3.837896e-05  7.810240 0.08589435  0.0034866068  0.003881544   1.295947e-04      0.0001442742         0 -2.741921e-03    0.001284832     -8.426309e-05            3.948469e-05
3   2013-07-31 11:55:30     27 265.8 163.4 163.4585 3.837896e-05  7.912898 0.08589435  0.0079527618  0.003881593   2.955984e-04      0.0001442760         0 -2.130909e-03    0.001280903     -6.548584e-05            3.936394e-05
4   2013-07-31 11:55:45     28 265.8 163.5 163.5611 3.837896e-05  8.015556 0.08589435  0.0124189168  0.003881642   4.616022e-04      0.0001442778         0 -2.130909e-03    0.001280903     -6.548584e-05            3.936394e-05
5   2013-07-31 11:56:00     29 266.2 163.5 163.5638 3.837896e-05  8.018213 0.08589435  0.0125345391  0.003881643   4.658998e-04      0.0001442779         0 -1.723568e-03    0.001278294     -5.296767e-05            3.928377e-05
6   2013-07-31 11:56:15     30 266.4 163.6 163.6664 3.837896e-05  8.120871 0.08589435  0.0170006941  0.003881693   6.319036e-04      0.0001442797         0 -1.519897e-03    0.001276993     -4.670858e-05            3.924379e-05
7   2013-07-31 11:56:30     31 266.6 163.2 163.2691 3.837896e-05  7.723529 0.08589435 -0.0002858146  0.003881504  -1.062352e-05      0.0001442727         0 -1.316227e-03    0.001275694     -4.044950e-05            3.920387e-05
8   2013-07-31 11:56:45     32 267.1 163.4 163.4718 3.837896e-05  7.926186 0.08589435  0.0085308731  0.003881599   3.170864e-04      0.0001442762         0 -8.070501e-04    0.001272456     -2.480179e-05            3.910438e-05
9   2013-07-31 11:57:00     33 267.3 163.4 163.4744 3.837896e-05  7.928844 0.08589435  0.0086464954  0.003881600   3.213840e-04      0.0001442763         0 -6.033795e-04    0.001271165     -1.854270e-05            3.906470e-05
10  2013-07-31 11:57:15     34 267.8 163.5 163.5771 3.837896e-05  8.031502 0.08589435  0.0131126504  0.003881649   4.873878e-04      0.0001442781         0 -9.420292e-05    0.001267947     -2.894988e-06            3.896579e-05
11  2013-07-31 11:57:30     35 267.9 163.6 163.6797 3.837896e-05  8.134159 0.08589435  0.0175788054  0.003881699   6.533916e-04      0.0001442800         0  7.632394e-06    0.001267305      2.345542e-07            3.894607e-05
12  2013-07-31 11:57:45     36 268.5 163.6 163.6824 3.837896e-05  8.136817 0.08589435  0.0176944277  0.003881700   6.576892e-04      0.0001442800         0  6.186443e-04    0.001263465      1.901181e-05            3.882805e-05
13  2013-07-31 11:58:00     37 268.8 163.6 163.6850 3.837896e-05  8.139474 0.08589435  0.0178100500  0.003881702   6.619868e-04      0.0001442801         0  9.241502e-04    0.001261552      2.840044e-05            3.876928e-05
14  2013-07-31 11:58:15     38 269.2 163.4 163.4877 3.837896e-05  7.942132 0.08589435  0.0092246067  0.003881607   3.428720e-04      0.0001442765         0  1.331491e-03    0.001259010      4.091861e-05            3.869116e-05
15  2013-07-31 11:58:30     39 269.6 163.4 163.4904 3.837896e-05  7.944790 0.08589435  0.0093402290  0.003881608   3.471696e-04      0.0001442766         0  1.738833e-03    0.001256477      5.343678e-05            3.861332e-05
16  2013-07-31 11:58:45     40 269.9 163.7 163.7930 3.837896e-05  8.247447 0.08589435  0.0225074495  0.003881755   8.365857e-04      0.0001442820         0  2.044339e-03    0.001254584      6.282540e-05            3.855512e-05
17  2013-07-31 11:59:00     41 270.5 163.5 163.5957 3.837896e-05  8.050105 0.08589435  0.0139220063  0.003881658   5.174710e-04      0.0001442785         0  2.655350e-03    0.001250812      8.160266e-05            3.843921e-05
18  2013-07-31 11:59:15     42 270.8 163.4 163.4983 3.837896e-05  7.952763 0.08589435  0.0096870958  0.003881612   3.600624e-04      0.0001442767         0  2.960856e-03    0.001248934      9.099128e-05            3.838150e-05
19  2013-07-31 11:59:30     43 271.2 163.6 163.7010 3.837896e-05  8.155420 0.08589435  0.0185037836  0.003881710   6.877723e-04      0.0001442804         0  3.368198e-03    0.001246438      1.035095e-04            3.830479e-05
20  2013-07-31 11:59:45     44 271.7 163.6 163.7036 3.837896e-05  8.158078 0.08589435  0.0186194058  0.003881711   6.920699e-04      0.0001442804         0  3.877374e-03    0.001243331      1.191572e-04            3.820932e-05
21  2013-07-31 12:00:00     45 271.9 163.7 163.8063 3.837896e-05  8.260736 0.08589435  0.0230855609  0.003881761   8.580737e-04      0.0001442823         0  4.081045e-03    0.001242093      1.254163e-04            3.817126e-05
22  2013-07-31 12:00:15     46 272.6 163.7 163.8090 3.837896e-05  8.263393 0.08589435  0.0232011831  0.003881763   8.623713e-04      0.0001442823         0  4.793892e-03    0.001237777      1.473230e-04            3.803862e-05
23  2013-07-31 12:00:30     47 272.8 163.7 163.8116 3.837896e-05  8.266051 0.08589435  0.0233168054  0.003881764   8.666689e-04      0.0001442824         0  4.997563e-03    0.001236549      1.535821e-04            3.800089e-05
24  2013-07-31 12:00:45     48 273.2 163.5 163.6143 3.837896e-05  8.068709 0.08589435  0.0147313622  0.003881667   5.475542e-04      0.0001442788         0  5.404904e-03    0.001234101      1.661003e-04            3.792565e-05
25  2013-07-31 12:01:00     49 273.8 163.6 163.7169 3.837896e-05  8.171366 0.08589435  0.0191975172  0.003881717   7.135579e-04      0.0001442806         0  6.015916e-03    0.001230446      1.848776e-04            3.781334e-05
26  2013-07-31 12:01:15     50 274.1 163.7 163.8196 3.837896e-05  8.274024 0.08589435  0.0236636722  0.003881768   8.795617e-04      0.0001442825         1  6.321422e-03    0.001228627      1.942662e-04            3.775744e-05
27  2013-07-31 12:01:30     51 274.6 163.6 163.7223 3.837896e-05  8.176682 0.08589435  0.0194287617  0.003881720   7.221531e-04      0.0001442807         1  6.830598e-03    0.001225608      2.099139e-04            3.766465e-05
28  2013-07-31 12:01:45     52 275.0 163.8 163.9249 3.837896e-05  8.379339 0.08589435  0.0282454495  0.003881820   1.049863e-03      0.0001442845         1  7.237939e-03    0.001223203      2.224321e-04            3.759077e-05
29  2013-07-31 12:02:00     53 275.4 163.5 163.6276 3.837896e-05  8.081997 0.08589435  0.0153094735  0.003881674   5.690421e-04      0.0001442790         1  7.645281e-03    0.001220809      2.349502e-04            3.751718e-05
30  2013-07-31 12:02:15     54 276.0 163.7 163.8302 3.837896e-05  8.284655 0.08589435  0.0241261613  0.003881773   8.967521e-04      0.0001442827         1  8.256292e-03    0.001217236      2.537275e-04            3.740738e-05
31  2013-07-31 12:02:30     55 276.3 163.7 163.8329 3.837896e-05  8.287312 0.08589435  0.0242417835  0.003881774   9.010497e-04      0.0001442828         1  8.561798e-03    0.001215458      2.631161e-04            3.735274e-05
32  2013-07-31 12:02:45     56 276.7 163.7 163.8355 3.837896e-05  8.289970 0.08589435  0.0243574058  0.003881776   9.053473e-04      0.0001442828         1  8.969140e-03    0.001213097      2.756343e-04            3.728017e-05
33  2013-07-31 12:03:00     57 277.3 163.8 163.9382 3.837896e-05  8.392628 0.08589435  0.0288235608  0.003881827   1.071351e-03      0.0001442847         1  9.580152e-03    0.001209573      2.944115e-04            3.717189e-05
34  2013-07-31 12:03:15     58 277.5 163.8 163.9409 3.837896e-05  8.395285 0.08589435  0.0289391831  0.003881828   1.075649e-03      0.0001442848         1  9.783822e-03    0.001208404      3.006706e-04            3.713595e-05
35  2013-07-31 12:03:30     59 278.0 163.9 164.0435 3.837896e-05  8.497943 0.08589435  0.0334053381  0.003881880   1.241652e-03      0.0001442867         1  1.029300e-02    0.001205492      3.163183e-04            3.704646e-05
36  2013-07-31 12:03:45     60 278.5 163.8 163.9462 3.837896e-05  8.400601 0.08589435  0.0291704276  0.003881831   1.084244e-03      0.0001442849         1  1.080218e-02    0.001202596      3.319660e-04            3.695747e-05
37  2013-07-31 12:04:00     61 278.7 164.2 164.3488 3.837896e-05  8.803258 0.08589435  0.0466881809  0.003882039   1.735366e-03      0.0001442926         1  1.100585e-02    0.001201442      3.382251e-04            3.692201e-05
38  2013-07-31 12:04:15     62 279.4 164.4 164.5515 3.837896e-05  9.005916 0.08589435  0.0555048686  0.003882147   2.063076e-03      0.0001442966         1  1.171869e-02    0.001197425      3.601319e-04            3.679855e-05
39  2013-07-31 12:04:30     63 279.7 164.5 164.6541 3.837896e-05  9.108574 0.08589435  0.0599710237  0.003882202   2.229080e-03      0.0001442987         1  1.202420e-02    0.001195713      3.695206e-04            3.674594e-05
40  2013-07-31 12:04:45     64 280.0 163.9 164.0568 3.837896e-05  8.511231 0.08589435  0.0339834494  0.003881887   1.263140e-03      0.0001442870         1  1.232970e-02    0.001194007      3.789092e-04            3.669352e-05
41  2013-07-31 12:05:00     65 280.6 163.9 164.0595 3.837896e-05  8.513889 0.08589435  0.0340990717  0.003881889   1.267438e-03      0.0001442870         1  1.294072e-02    0.001190613      3.976864e-04            3.658922e-05
42  2013-07-31 12:05:15     66 280.9 164.3 164.4621 3.837896e-05  8.916547 0.08589435  0.0516168250  0.003882099   1.918560e-03      0.0001442948         1  1.324622e-02    0.001188926      4.070751e-04            3.653736e-05
43  2013-07-31 12:05:30     67 281.4 163.6 163.7648 3.837896e-05  8.219204 0.08589435  0.0212787180  0.003881741   7.909147e-04      0.0001442815         1  1.375540e-02    0.001186126      4.227228e-04            3.645133e-05
44  2013-07-31 12:05:45     68 281.8 164.6 164.7674 3.837896e-05  9.221862 0.08589435  0.0648996677  0.003882265   2.412274e-03      0.0001443010         1  1.416274e-02    0.001183899      4.352409e-04            3.638288e-05
45  2013-07-31 12:06:00     69 282.1 164.3 164.4701 3.837896e-05  8.924520 0.08589435  0.0519636918  0.003882103   1.931453e-03      0.0001442950         1  1.446825e-02    0.001182236      4.446296e-04            3.633177e-05
46  2013-07-31 12:06:15     70 282.7 164.0 164.1727 3.837896e-05  8.627177 0.08589435  0.0390277158  0.003881947   1.450632e-03      0.0001442892         1  1.507926e-02    0.001178928      4.634068e-04            3.623011e-05
47  2013-07-31 12:06:30     71 282.9 163.9 164.0754 3.837896e-05  8.529835 0.08589435  0.0347928053  0.003881897   1.293224e-03      0.0001442873         1  1.528293e-02    0.001177831      4.696659e-04            3.619639e-05
48  2013-07-31 12:06:45     72 283.4 163.9 164.0781 3.837896e-05  8.532492 0.08589435  0.0349084276  0.003881898   1.297521e-03      0.0001442874         1  1.579211e-02    0.001175100      4.853136e-04            3.611248e-05
49  2013-07-31 12:07:00     73 283.9 164.1 164.2807 3.837896e-05  8.735150 0.08589435  0.0437251153  0.003882003   1.625231e-03      0.0001442913         1  1.630128e-02    0.001172387      5.009613e-04            3.602911e-05
50  2013-07-31 12:07:15     74 284.2 164.0 164.1834 3.837896e-05  8.637808 0.08589435  0.0394902048  0.003881952   1.467823e-03      0.0001442894         1  1.660679e-02    0.001170768      5.103500e-04            3.597934e-05
51  2013-07-31 12:07:30     75 284.8 163.9 164.0860 3.837896e-05  8.540465 0.08589435  0.0352552944  0.003881902   1.310414e-03      0.0001442875         1  1.721780e-02    0.001167548      5.291272e-04            3.588040e-05
52  2013-07-31 12:07:45     76 285.2 164.0 164.1887 3.837896e-05  8.643123 0.08589435  0.0397214494  0.003881955   1.476418e-03      0.0001442895         1  1.762514e-02    0.001165416      5.416454e-04            3.581488e-05
53  2013-07-31 12:08:00     77 285.5 163.9 164.0914 3.837896e-05  8.545781 0.08589435  0.0354865389  0.003881905   1.319009e-03      0.0001442876         1  1.793065e-02    0.001163825      5.510340e-04            3.576597e-05
54  2013-07-31 12:08:15     78 286.1 164.0 164.1940 3.837896e-05  8.648438 0.08589435  0.0399526939  0.003881958   1.485013e-03      0.0001442896         1  1.854166e-02    0.001160661      5.698113e-04            3.566875e-05
55  2013-07-31 12:08:30     79 286.5 163.9 164.0967 3.837896e-05  8.551096 0.08589435  0.0357177834  0.003881908   1.327604e-03      0.0001442877         1  1.894900e-02    0.001158567      5.823294e-04            3.560438e-05
56  2013-07-31 12:08:45     80 286.8 163.9 164.0993 3.837896e-05  8.553754 0.08589435  0.0358334057  0.003881909   1.331902e-03      0.0001442878         1  1.925451e-02    0.001157003      5.917181e-04            3.555634e-05
57  2013-07-31 12:09:00     81 287.4 164.0 164.2020 3.837896e-05  8.656411 0.08589435  0.0402995607  0.003881962   1.497906e-03      0.0001442897         1  1.986552e-02    0.001153897      6.104953e-04            3.546087e-05
58  2013-07-31 12:09:15     82 287.8 163.9 164.1046 3.837896e-05  8.559069 0.08589435  0.0360646502  0.003881912   1.340497e-03      0.0001442879         1  2.027286e-02    0.001151841      6.230135e-04            3.539768e-05
59  2013-07-31 12:09:30     83 288.2 164.1 164.3073 3.837896e-05  8.761727 0.08589435  0.0448813380  0.003882017   1.668207e-03      0.0001442918         1  2.068020e-02    0.001149796      6.355317e-04            3.533486e-05
60  2013-07-31 12:09:45     84 288.7 164.0 164.2100 3.837896e-05  8.664384 0.08589435  0.0406464275  0.003881966   1.510799e-03      0.0001442899         1  2.118938e-02    0.001147258      6.511794e-04            3.525684e-05
61  2013-07-31 12:10:00     85 289.1 163.9 164.1126 3.837896e-05  8.567042 0.08589435  0.0364115170  0.003881916   1.353390e-03      0.0001442880         1  2.159672e-02    0.001145240      6.636975e-04            3.519485e-05
62  2013-07-31 12:10:15     86 289.6 164.0 164.2153 3.837896e-05  8.669700 0.08589435  0.0408776720  0.003881969   1.519394e-03      0.0001442900         1  2.210589e-02    0.001142736      6.793453e-04            3.511788e-05
63  2013-07-31 12:10:30     87 290.0 163.9 164.1179 3.837896e-05  8.572357 0.08589435  0.0366427616  0.003881918   1.361985e-03      0.0001442881         1  2.251324e-02    0.001140746      6.918634e-04            3.505672e-05
64  2013-07-31 12:10:45     88 290.4 163.9 164.1206 3.837896e-05  8.575015 0.08589435  0.0367583838  0.003881920   1.366283e-03      0.0001442882         1  2.292058e-02    0.001138768      7.043816e-04            3.499594e-05
65  2013-07-31 12:11:00     89 290.9 163.7 163.9232 3.837896e-05  8.377673 0.08589435  0.0281729406  0.003881820   1.047168e-03      0.0001442844         1  2.342975e-02    0.001136313      7.200293e-04            3.492050e-05
66  2013-07-31 12:11:15     90 291.3 163.9 164.1259 3.837896e-05  8.580330 0.08589435  0.0369896284  0.003881923   1.374878e-03      0.0001442883         1  2.383709e-02    0.001134363      7.325475e-04            3.486058e-05
67  2013-07-31 12:11:30     91 291.6 164.3 164.5286 3.837896e-05  8.982988 0.08589435  0.0545073816  0.003882134   2.026000e-03      0.0001442961         1  2.414260e-02    0.001132909      7.419361e-04            3.481589e-05
68  2013-07-31 12:11:45     92 292.2 164.4 164.6312 3.837896e-05  9.085646 0.08589435  0.0589735366  0.003882190   2.192004e-03      0.0001442982         1  2.475361e-02    0.001130022      7.607134e-04            3.472716e-05
69  2013-07-31 12:12:00     93 292.6 163.5 163.7339 3.837896e-05  8.188303 0.08589435  0.0199343642  0.003881726   7.409460e-04      0.0001442810         1  2.516095e-02    0.001128112      7.732315e-04            3.466848e-05
70  2013-07-31 12:12:15     94 293.0 164.0 164.2365 3.837896e-05  8.690961 0.08589435  0.0418026502  0.003881980   1.553774e-03      0.0001442904         1  2.556830e-02    0.001126216      7.857497e-04            3.461020e-05
71  2013-07-31 12:12:30     95 293.5 164.0 164.2392 3.837896e-05  8.693619 0.08589435  0.0419182724  0.003881981   1.558072e-03      0.0001442905         1  2.607747e-02    0.001123863      8.013974e-04            3.453790e-05
72  2013-07-31 12:12:45     96 293.8 164.6 164.8418 3.837896e-05  9.296276 0.08589435  0.0681370912  0.003882306   2.532607e-03      0.0001443025         1  2.638298e-02    0.001122461      8.107860e-04            3.449481e-05
73  2013-07-31 12:13:00     97 294.3 164.6 164.8445 3.837896e-05  9.298934 0.08589435  0.0682527135  0.003882307   2.536904e-03      0.0001443026         1  2.689215e-02    0.001120141      8.264337e-04            3.442350e-05
74  2013-07-31 12:13:15     98 294.7 164.5 164.7472 3.837896e-05  9.201592 0.08589435  0.0640178030  0.003882253   2.379496e-03      0.0001443006         1  2.729950e-02    0.001118299      8.389519e-04            3.436689e-05
75  2013-07-31 12:13:30     99 295.1 163.8 164.0498 3.837896e-05  8.504249 0.08589435  0.0336796960  0.003881884   1.251850e-03      0.0001442868         1  2.770684e-02    0.001116470      8.514701e-04            3.431069e-05
76  2013-07-31 12:13:45    100 295.7 163.8 164.0525 3.837896e-05  8.506907 0.08589435  0.0337953183  0.003881885   1.256148e-03      0.0001442869         1  2.831785e-02    0.001113751      8.702473e-04            3.422713e-05
77  2013-07-31 12:14:00    101 296.1 163.7 163.9551 3.837896e-05  8.409565 0.08589435  0.0295604078  0.003881836   1.098739e-03      0.0001442850         1  2.872519e-02    0.001111955      8.827655e-04            3.417194e-05
78  2013-07-31 12:14:15    102 296.4 164.2 164.4578 3.837896e-05  8.912222 0.08589435  0.0514286938  0.003882096   1.911568e-03      0.0001442947         1  2.903070e-02    0.001110616      8.921541e-04            3.413080e-05
79  2013-07-31 12:14:30    103 297.0 163.9 164.1605 3.837896e-05  8.614880 0.08589435  0.0384927178  0.003881940   1.430747e-03      0.0001442889         1  2.964171e-02    0.001107962      9.109314e-04            3.404923e-05
80  2013-07-31 12:14:45    104 297.5 164.6 164.8631 3.837896e-05  9.317538 0.08589435  0.0690620693  0.003882318   2.566988e-03      0.0001443030         1  3.015088e-02    0.001105773      9.265791e-04            3.398196e-05
81  2013-07-31 12:15:00    105 297.7 164.2 164.4658 3.837896e-05  8.920195 0.08589435  0.0517755606  0.003882101   1.924460e-03      0.0001442949         1  3.035455e-02    0.001104903      9.328382e-04            3.395523e-05
82  2013-07-31 12:15:15    106 298.3 164.5 164.7684 3.837896e-05  9.222853 0.08589435  0.0649427811  0.003882265   2.413877e-03      0.0001443010         1  3.096557e-02    0.001102314      9.516154e-04            3.387567e-05
83  2013-07-31 12:15:30    107 298.6 164.4 164.6711 3.837896e-05  9.125511 0.08589435  0.0607078706  0.003882212   2.256468e-03      0.0001442990         1  3.127107e-02    0.001101031      9.610041e-04            3.383624e-05
84  2013-07-31 12:15:45    108 299.1 164.8 165.0737 3.837896e-05  9.528168 0.08589435  0.0782256239  0.003882437   2.907590e-03      0.0001443074         1  3.178025e-02    0.001098910      9.766518e-04            3.377105e-05
85  2013-07-31 12:16:00    109 299.5 164.3 164.5764 3.837896e-05  9.030826 0.08589435  0.0565885824  0.003882160   2.103357e-03      0.0001442971         1  3.218759e-02    0.001097228      9.891700e-04            3.371937e-05
86  2013-07-31 12:16:15    110 299.9 164.6 164.8791 3.837896e-05  9.333483 0.08589435  0.0697558029  0.003882327   2.592773e-03      0.0001443033         1  3.259493e-02    0.001095561      1.001688e-03            3.366812e-05
87  2013-07-31 12:16:30    111 300.4 164.4 164.6817 3.837896e-05  9.136141 0.08589435  0.0611703597  0.003882218   2.273658e-03      0.0001442992         1  3.310411e-02    0.001093495      1.017336e-03            3.360465e-05
88  2013-07-31 12:16:45    112 300.8 164.0 164.2844 3.837896e-05  8.738799 0.08589435  0.0438838510  0.003882005   1.631131e-03      0.0001442913         1  3.351145e-02    0.001091859      1.029854e-03            3.355435e-05
89  2013-07-31 12:17:00    113 301.2 164.1 164.3870 3.837896e-05  8.841456 0.08589435  0.0483500060  0.003882059   1.797135e-03      0.0001442933         1  3.391879e-02    0.001090236      1.042372e-03            3.350449e-05
90  2013-07-31 12:17:15    114 301.8 164.3 164.5897 3.837896e-05  9.044114 0.08589435  0.0571666938  0.003882167   2.124845e-03      0.0001442974         1  3.452980e-02    0.001087828      1.061149e-03            3.343050e-05
91  2013-07-31 12:17:30    115 302.1 164.3 164.5923 3.837896e-05  9.046772 0.08589435  0.0572823160  0.003882169   2.129143e-03      0.0001442974         1  3.483531e-02    0.001086636      1.070538e-03            3.339387e-05
92  2013-07-31 12:17:45    116 302.5 164.4 164.6950 3.837896e-05  9.149429 0.08589435  0.0617484710  0.003882225   2.295146e-03      0.0001442995         1  3.524265e-02    0.001085060      1.083056e-03            3.334541e-05
93  2013-07-31 12:18:00    117 303.1 164.6 164.8977 3.837896e-05  9.352087 0.08589435  0.0705651588  0.003882337   2.622856e-03      0.0001443037         1  3.585366e-02    0.001082721      1.101833e-03            3.327355e-05
94  2013-07-31 12:18:15    118 303.5 164.5 164.8003 3.837896e-05  9.254745 0.08589435  0.0663302483  0.003882283   2.465448e-03      0.0001443017         1  3.626100e-02    0.001081180      1.114352e-03            3.322619e-05
95  2013-07-31 12:18:30    119 303.8 164.6 164.9030 3.837896e-05  9.357402 0.08589435  0.0707964033  0.003882340   2.631451e-03      0.0001443038         1  3.656651e-02    0.001080034      1.123740e-03            3.319096e-05
96  2013-07-31 12:18:45    120 304.5 164.5 164.8056 3.837896e-05  9.260060 0.08589435  0.0665614929  0.003882286   2.474043e-03      0.0001443018         1  3.727936e-02    0.001077391      1.145647e-03            3.310973e-05
97  2013-07-31 12:19:00    121 304.8 164.3 164.6083 3.837896e-05  9.062718 0.08589435  0.0579760496  0.003882178   2.154928e-03      0.0001442978         1  3.758486e-02    0.001076271      1.155036e-03            3.307533e-05
98  2013-07-31 12:19:15    122 305.2 164.6 164.9109 3.837896e-05  9.365375 0.08589435  0.0711432701  0.003882345   2.644344e-03      0.0001443040         1  3.799220e-02    0.001074792      1.167554e-03            3.302987e-05
99  2013-07-31 12:19:30    123 305.8 164.4 164.7136 3.837896e-05  9.168033 0.08589435  0.0625578269  0.003882235   2.325230e-03      0.0001442999         1  3.860321e-02    0.001072600      1.186331e-03            3.296251e-05
100 2013-07-31 12:19:45    124 306.0 164.5 164.8163 3.837896e-05  9.270691 0.08589435  0.0670239819  0.003882292   2.491233e-03      0.0001443020         1  3.880689e-02    0.001071877      1.192590e-03            3.294029e-05
101 2013-07-31 12:20:00    125 306.6 164.6 164.9189 3.837896e-05  9.373348 0.08589435  0.0714901369  0.003882349   2.657237e-03      0.0001443041         1  3.941790e-02    0.001069729      1.211367e-03            3.287429e-05
102 2013-07-31 12:20:15    126 307.1 164.7 165.0216 3.837896e-05  9.476006 0.08589435  0.0759562920  0.003882407   2.823241e-03      0.0001443063         1  3.992707e-02    0.001067965      1.227015e-03            3.282008e-05
103 2013-07-31 12:20:30    127 307.3 164.6 164.9242 3.837896e-05  9.378664 0.08589435  0.0717213815  0.003882352   2.665832e-03      0.0001443042         1  4.013074e-02    0.001067266      1.233274e-03            3.279860e-05
104 2013-07-31 12:20:45    128 308.0 164.3 164.6269 3.837896e-05  9.081321 0.08589435  0.0587854055  0.003882188   2.185011e-03      0.0001442981         1  4.084359e-02    0.001064849      1.255181e-03            3.272431e-05
105 2013-07-31 12:21:00    129 308.6 164.7 165.0295 3.837896e-05  9.483979 0.08589435  0.0763031588  0.003882412   2.836134e-03      0.0001443064         1  4.145460e-02    0.001062814      1.273958e-03            3.266177e-05
106 2013-07-31 12:21:15    130 308.6 164.5 164.8322 3.837896e-05  9.286637 0.08589435  0.0677177155  0.003882301   2.517019e-03      0.0001443023         1  4.145460e-02    0.001062814      1.273958e-03            3.266177e-05
107 2013-07-31 12:21:30    131 309.3 164.7 165.0349 3.837896e-05  9.489294 0.08589435  0.0765344033  0.003882415   2.844729e-03      0.0001443066         1  4.216745e-02    0.001060483      1.295865e-03            3.259012e-05
108 2013-07-31 12:21:45    132 309.6 164.6 164.9375 3.837896e-05  9.391952 0.08589435  0.0722994928  0.003882360   2.687320e-03      0.0001443045         1  4.247296e-02    0.001059498      1.305254e-03            3.255986e-05
109 2013-07-31 12:22:00    133 310.0 164.5 164.8402 3.837896e-05  9.294610 0.08589435  0.0680645823  0.003882305   2.529912e-03      0.0001443025         1  4.288030e-02    0.001058198      1.317772e-03            3.251991e-05
110 2013-07-31 12:22:15    134 310.4 164.6 164.9428 3.837896e-05  9.397267 0.08589435  0.0725307373  0.003882363   2.695915e-03      0.0001443046         1  4.328764e-02    0.001056914      1.330290e-03            3.248044e-05
111 2013-07-31 12:22:30    135 310.8 164.6 164.9455 3.837896e-05  9.399925 0.08589435  0.0726463596  0.003882364   2.700213e-03      0.0001443047         1  4.369498e-02    0.001055645      1.342808e-03            3.244145e-05
112 2013-07-31 12:22:45    136 311.3 164.6 164.9482 3.837896e-05  9.402583 0.08589435  0.0727619819  0.003882365   2.704511e-03      0.0001443047         1  4.420416e-02    0.001054080      1.358456e-03            3.239337e-05
113 2013-07-31 12:23:00    137 311.7 164.5 164.8508 3.837896e-05  9.305240 0.08589435  0.0685270714  0.003882311   2.547102e-03      0.0001443027         1  4.461150e-02    0.001052846      1.370974e-03            3.235544e-05
114 2013-07-31 12:23:15    138 312.0 164.7 165.0535 3.837896e-05  9.507898 0.08589435  0.0773437592  0.003882425   2.874812e-03      0.0001443070         1  4.491700e-02    0.001051931      1.380363e-03            3.232731e-05
115 2013-07-31 12:23:30    139 312.6 164.7 165.0561 3.837896e-05  9.510556 0.08589435  0.0774593814  0.003882427   2.879110e-03      0.0001443070         1  4.552802e-02    0.001050126      1.399140e-03            3.227186e-05
116 2013-07-31 12:23:45    140 312.7 164.8 165.1588 3.837896e-05  9.613213 0.08589435  0.0819255364  0.003882485   3.045113e-03      0.0001443092         1  4.562985e-02    0.001049829      1.402270e-03            3.226273e-05
117 2013-07-31 12:24:00    141 313.3 164.7 165.0614 3.837896e-05  9.515871 0.08589435  0.0776906260  0.003882430   2.887705e-03      0.0001443071         1  4.624086e-02    0.001048066      1.421047e-03            3.220854e-05
118 2013-07-31 12:24:15    142 313.7 164.7 165.0641 3.837896e-05  9.518529 0.08589435  0.0778062482  0.003882431   2.892002e-03      0.0001443072         1  4.664820e-02    0.001046910      1.433565e-03            3.217303e-05
119 2013-07-31 12:24:30    143 314.0 164.8 165.1668 3.837896e-05  9.621186 0.08589435  0.0822724032  0.003882490   3.058006e-03      0.0001443094         1  4.695371e-02    0.001046054      1.442954e-03            3.214671e-05
120 2013-07-31 12:24:45    144 314.6 164.5 164.8694 3.837896e-05  9.323844 0.08589435  0.0693364273  0.003882321   2.577185e-03      0.0001443031         1  4.756472e-02    0.001044368      1.461731e-03            3.209491e-05
121 2013-07-31 12:25:00    145 314.8 164.9 165.2721 3.837896e-05  9.726502 0.08589435  0.0868541805  0.003882551   3.228308e-03      0.0001443116         1  4.776839e-02    0.001043814      1.467990e-03            3.207788e-05
122 2013-07-31 12:25:15    146 315.4 164.9 165.2747 3.837896e-05  9.729159 0.08589435  0.0869698028  0.003882553   3.232605e-03      0.0001443117         1  4.837940e-02    0.001042177      1.486767e-03            3.202755e-05
123 2013-07-31 12:25:30    147 315.7 165.2 165.5774 3.837896e-05 10.031817 0.08589435  0.1001370233  0.003882732   3.722021e-03      0.0001443184         1  4.868491e-02    0.001041371      1.496156e-03            3.200280e-05
124 2013-07-31 12:25:45    148 316.1 165.2 165.5800 3.837896e-05 10.034474 0.08589435  0.1002526456  0.003882733   3.726319e-03      0.0001443184         1  4.909225e-02    0.001040311      1.508674e-03            3.197023e-05
125 2013-07-31 12:26:00    149 316.6 164.9 165.2827 3.837896e-05  9.737132 0.08589435  0.0873166696  0.003882557   3.245498e-03      0.0001443119         1  4.960143e-02    0.001039009      1.524322e-03            3.193022e-05
126 2013-07-31 12:26:15    150 316.9 164.9 165.2854 3.837896e-05  9.739790 0.08589435  0.0874322919  0.003882559   3.249795e-03      0.0001443119         1  4.990693e-02    0.001038240      1.533710e-03            3.190659e-05
127 2013-07-31 12:26:30    151 317.4 165.0 165.3880 3.837896e-05  9.842447 0.08589435  0.0918984469  0.003882619   3.415799e-03      0.0001443142         1  5.041611e-02    0.001036979      1.549358e-03            3.186783e-05
128 2013-07-31 12:26:45    152 317.8 164.9 165.2907 3.837896e-05  9.745105 0.08589435  0.0876635364  0.003882562   3.258391e-03      0.0001443120         1  5.082345e-02    0.001035988      1.561876e-03            3.183738e-05
129 2013-07-31 12:27:00    153 318.1 164.9 165.2933 3.837896e-05  9.747763 0.08589435  0.0877791587  0.003882564   3.262688e-03      0.0001443121         1  5.112896e-02    0.001035256      1.571265e-03            3.181488e-05
130 2013-07-31 12:27:15    154 318.6 165.0 165.3960 3.837896e-05  9.850420 0.08589435  0.0922453137  0.003882624   3.428692e-03      0.0001443143         1  5.163813e-02    0.001034056      1.586913e-03            3.177800e-05
131 2013-07-31 12:27:30    155 318.9 164.8 165.1986 3.837896e-05  9.653078 0.08589435  0.0836598704  0.003882508   3.109577e-03      0.0001443101         1  5.194364e-02    0.001033348      1.596301e-03            3.175625e-05
132 2013-07-31 12:27:45    156 319.5 165.0 165.4013 3.837896e-05  9.855736 0.08589435  0.0924765582  0.003882627   3.437287e-03      0.0001443145         1  5.255465e-02    0.001031961      1.615078e-03            3.171361e-05
133 2013-07-31 12:28:00    157 319.8 164.9 165.3040 3.837896e-05  9.758393 0.08589435  0.0882416477  0.003882570   3.279879e-03      0.0001443123         1  5.286016e-02    0.001031281      1.624467e-03            3.169272e-05
134 2013-07-31 12:28:15    158 320.2 165.0 165.4066 3.837896e-05  9.861051 0.08589435  0.0927078027  0.003882630   3.445882e-03      0.0001443146         1  5.326750e-02    0.001030389      1.636985e-03            3.166531e-05
135 2013-07-31 12:28:30    159 320.8 165.0 165.4093 3.837896e-05  9.863709 0.08589435  0.0928234250  0.003882632   3.450180e-03      0.0001443146         1  5.387851e-02    0.001029083      1.655762e-03            3.162516e-05
136 2013-07-31 12:28:45    160 321.0 164.9 165.3119 3.837896e-05  9.766366 0.08589435  0.0885885145  0.003882574   3.292771e-03      0.0001443125         1  5.408218e-02    0.001028655      1.662022e-03            3.161203e-05
137 2013-07-31 12:29:00    161 321.5 165.0 165.4146 3.837896e-05  9.869024 0.08589435  0.0930546695  0.003882635   3.458775e-03      0.0001443147         1  5.459136e-02    0.001027606      1.677669e-03            3.157977e-05
138 2013-07-31 12:29:15    162 321.9 165.0 165.4173 3.837896e-05  9.871682 0.08589435  0.0931702918  0.003882636   3.463073e-03      0.0001443148         1  5.499870e-02    0.001026785      1.690187e-03            3.155455e-05
139 2013-07-31 12:29:30    163 322.2 165.7 166.1199 3.837896e-05 10.574339 0.08589435  0.1237396433  0.003883067   4.599314e-03      0.0001443308         1  5.530421e-02    0.001026180      1.699576e-03            3.153596e-05
140 2013-07-31 12:29:45    164 322.9 164.9 165.3226 3.837896e-05  9.776997 0.08589435  0.0890510036  0.003882581   3.309962e-03      0.0001443127         1  5.601705e-02    0.001024806      1.721483e-03            3.149374e-05
141 2013-07-31 12:30:00    165 323.2 164.9 165.3252 3.837896e-05  9.779655 0.08589435  0.0891666259  0.003882582   3.314259e-03      0.0001443128         1  5.632256e-02    0.001024233      1.730872e-03            3.147613e-05
142 2013-07-31 12:30:15    166 323.5 164.8 165.2279 3.837896e-05  9.682312 0.08589435  0.0849317154  0.003882525   3.156851e-03      0.0001443107         1  5.662806e-02    0.001023670      1.740260e-03            3.145881e-05
143 2013-07-31 12:30:30    167 324.0 164.8 165.2305 3.837896e-05  9.684970 0.08589435  0.0850473376  0.003882527   3.161148e-03      0.0001443107         1  5.713724e-02    0.001022752      1.755908e-03            3.143060e-05
144 2013-07-31 12:30:45    168 324.3 164.9 165.3332 3.837896e-05  9.787628 0.08589435  0.0895134927  0.003882587   3.327152e-03      0.0001443130         1  5.744275e-02    0.001022214      1.765296e-03            3.141407e-05
145 2013-07-31 12:31:00    169 324.9 165.0 165.4359 3.837896e-05  9.890285 0.08589435  0.0939796477  0.003882647   3.493156e-03      0.0001443152         1  5.805376e-02    0.001021166      1.784074e-03            3.138188e-05
146 2013-07-31 12:31:15    170 325.1 165.0 165.4385 3.837896e-05  9.892943 0.08589435  0.0940952699  0.003882649   3.497454e-03      0.0001443153         1  5.825743e-02    0.001020826      1.790333e-03            3.137142e-05
147 2013-07-31 12:31:30    171 325.6 165.0 165.4412 3.837896e-05  9.895601 0.08589435  0.0942108922  0.003882650   3.501751e-03      0.0001443153         1  5.876661e-02    0.001019993      1.805981e-03            3.134583e-05
148 2013-07-31 12:31:45    172 326.1 165.0 165.4438 3.837896e-05  9.898258 0.08589435  0.0943265145  0.003882652   3.506049e-03      0.0001443154         1  5.927578e-02    0.001019187      1.821628e-03            3.132106e-05
149 2013-07-31 12:32:00    173 326.3 164.8 165.2465 3.837896e-05  9.700916 0.08589435  0.0857410712  0.003882536   3.186934e-03      0.0001443111         1  5.947945e-02    0.001018873      1.827887e-03            3.131139e-05
150 2013-07-31 12:32:15    174 326.9 164.8 165.2491 3.837896e-05  9.703574 0.08589435  0.0858566935  0.003882538   3.191232e-03      0.0001443111         1  6.009047e-02    0.001017954      1.846665e-03            3.128315e-05
151 2013-07-31 12:32:30    175 327.3 165.0 165.4518 3.837896e-05  9.906231 0.08589435  0.0946733813  0.003882657   3.518942e-03      0.0001443156         1  6.049781e-02    0.001017363      1.859183e-03            3.126499e-05
152 2013-07-31 12:32:45    176 327.6 165.0 165.4545 3.837896e-05  9.908889 0.08589435  0.0947890035  0.003882658   3.523239e-03      0.0001443156         1  6.080331e-02    0.001016931      1.868571e-03            3.125172e-05
153 2013-07-31 12:33:00    177 328.1 165.0 165.4571 3.837896e-05  9.911547 0.08589435  0.0949046258  0.003882660   3.527537e-03      0.0001443157         1  6.131249e-02    0.001016233      1.884219e-03            3.123027e-05
154 2013-07-31 12:33:15    178 328.4 165.1 165.5598 3.837896e-05 10.014204 0.08589435  0.0993707808  0.003882721   3.693541e-03      0.0001443180         1  6.161799e-02    0.001015827      1.893608e-03            3.121779e-05
155 2013-07-31 12:33:30    179 329.0 165.0 165.4624 3.837896e-05  9.916862 0.08589435  0.0951358703  0.003882663   3.536132e-03      0.0001443158         1  6.222901e-02    0.001015045      1.912385e-03            3.119375e-05
156 2013-07-31 12:33:45    180 329.0 165.2 165.6651 3.837896e-05 10.119520 0.08589435  0.1039525581  0.003882785   3.863842e-03      0.0001443203         1  6.222901e-02    0.001015045      1.912385e-03            3.119375e-05
157 2013-07-31 12:34:00    181 329.7 165.0 165.4677 3.837896e-05  9.922177 0.08589435  0.0953671149  0.003882666   3.544727e-03      0.0001443159         1  6.294185e-02    0.001014181      1.934292e-03            3.116722e-05
158 2013-07-31 12:34:15    182 330.2 165.0 165.4704 3.837896e-05  9.924835 0.08589435  0.0954827371  0.003882668   3.549025e-03      0.0001443160         1  6.345103e-02    0.001013597      1.949939e-03            3.114927e-05
159 2013-07-31 12:34:30    183 330.3 165.2 165.6731 3.837896e-05 10.127492 0.08589435  0.1042994249  0.003882790   3.876735e-03      0.0001443205         1  6.355287e-02    0.001013484      1.953069e-03            3.114578e-05
160 2013-07-31 12:34:45    184 330.8 165.2 165.6757 3.837896e-05 10.130150 0.08589435  0.1044150472  0.003882791   3.881032e-03      0.0001443206         1  6.406204e-02    0.001012932      1.968717e-03            3.112884e-05
161 2013-07-31 12:35:00    185 331.0 165.0 165.4784 3.837896e-05  9.932808 0.08589435  0.0958296040  0.003882673   3.561918e-03      0.0001443162         1  6.426571e-02    0.001012720      1.974976e-03            3.112230e-05
162 2013-07-31 12:35:15    186 331.5 165.1 165.5810 3.837896e-05 10.035465 0.08589435  0.1002957590  0.003882734   3.727921e-03      0.0001443184         1  6.477489e-02    0.001012207      1.990624e-03            3.110653e-05
163 2013-07-31 12:35:30    187 331.8 165.2 165.6837 3.837896e-05 10.138123 0.08589435  0.1047619140  0.003882796   3.893925e-03      0.0001443207         1  6.508040e-02    0.001011912      2.000012e-03            3.109748e-05
164 2013-07-31 12:35:45    188 332.4 165.1 165.5864 3.837896e-05 10.040781 0.08589435  0.1005270035  0.003882737   3.736517e-03      0.0001443186         1  6.569141e-02    0.001011352      2.018789e-03            3.108028e-05
165 2013-07-31 12:36:00    189 332.7 165.3 165.7890 3.837896e-05 10.243438 0.08589435  0.1093436913  0.003882860   4.064226e-03      0.0001443231         1  6.599691e-02    0.001011087      2.028178e-03            3.107214e-05
166 2013-07-31 12:36:15    190 333.1 165.2 165.6917 3.837896e-05 10.146096 0.08589435  0.1051087808  0.003882801   3.906818e-03      0.0001443209         1  6.640425e-02    0.001010750      2.040696e-03            3.106176e-05
167 2013-07-31 12:36:30    191 333.6 165.3 165.7943 3.837896e-05 10.248754 0.08589435  0.1095749358  0.003882864   4.072822e-03      0.0001443232         1  6.691343e-02    0.001010352      2.056344e-03            3.104954e-05
168 2013-07-31 12:36:45    192 333.9 165.4 165.8970 3.837896e-05 10.351411 0.08589435  0.1140410908  0.003882927   4.238825e-03      0.0001443256         1  6.721894e-02    0.001010127      2.065733e-03            3.104261e-05
169 2013-07-31 12:37:00    193 334.4 165.3 165.7996 3.837896e-05 10.254069 0.08589435  0.1098061803  0.003882867   4.081417e-03      0.0001443234         1  6.772811e-02    0.001009773      2.081380e-03            3.103175e-05
170 2013-07-31 12:37:15    194 334.7 165.4 165.9023 3.837896e-05 10.356727 0.08589435  0.1142723353  0.003882930   4.247421e-03      0.0001443257         1  6.803362e-02    0.001009574      2.090769e-03            3.102564e-05
171 2013-07-31 12:37:30    195 335.1 165.5 166.0050 3.837896e-05 10.459384 0.08589435  0.1187384904  0.003882994   4.413424e-03      0.0001443281         1  6.844096e-02    0.001009325      2.103287e-03            3.101797e-05
172 2013-07-31 12:37:45    196 335.7 165.6 166.1076 3.837896e-05 10.562042 0.08589435  0.1232046454  0.003883059   4.579428e-03      0.0001443305         1  6.905197e-02    0.001008983      2.122064e-03            3.100748e-05
173 2013-07-31 12:38:00    197 335.9 165.6 166.1103 3.837896e-05 10.564700 0.08589435  0.1233202676  0.003883061   4.583726e-03      0.0001443306         1  6.925564e-02    0.001008879      2.128323e-03            3.100426e-05
174 2013-07-31 12:38:15    198 336.5 165.5 166.0129 3.837896e-05 10.467357 0.08589435  0.1190853572  0.003882999   4.426317e-03      0.0001443283         1  6.986665e-02    0.001008590      2.147101e-03            3.099540e-05
175 2013-07-31 12:38:30    199 337.0 165.5 166.0156 3.837896e-05 10.470015 0.08589435  0.1192009794  0.003883001   4.430615e-03      0.0001443284         1  7.037583e-02    0.001008381      2.162748e-03            3.098896e-05
176 2013-07-31 12:38:45    200 337.2 165.4 165.9182 3.837896e-05 10.372673 0.08589435  0.1149660690  0.003882940   4.273206e-03      0.0001443261         1  7.057950e-02    0.001008305      2.169007e-03            3.098662e-05
177 2013-07-31 12:39:00    201 337.8 165.5 166.0209 3.837896e-05 10.475330 0.08589435  0.1194322240  0.003883004   4.439210e-03      0.0001443285         1  7.119051e-02    0.001008103      2.187785e-03            3.098043e-05
178 2013-07-31 12:39:15    202 338.2 165.5 166.0236 3.837896e-05 10.477988 0.08589435  0.1195478462  0.003883006   4.443508e-03      0.0001443285         1  7.159786e-02    0.001007991      2.200303e-03            3.097698e-05
179 2013-07-31 12:39:30    203 338.5 165.4 165.9262 3.837896e-05 10.380646 0.08589435  0.1153129358  0.003882945   4.286099e-03      0.0001443263         1  7.190336e-02    0.001007918      2.209691e-03            3.097475e-05
180 2013-07-31 12:39:45    204 338.6 165.0 165.5289 3.837896e-05  9.983303 0.08589435  0.0980264270  0.003882703   3.643572e-03      0.0001443173         0  7.200520e-02    0.001007896      2.212821e-03            3.097407e-05

$dryleafvolt
             timestamp record LWSmV  SEmV    CSEmV     CSEmV.sd   loadmV  loadmV.sd
1  2013-07-31 11:52:00     13 264.4 163.5 163.5213 3.837896e-05 7.975691 0.08589435
2  2013-07-31 11:52:15     14 264.4 162.8 162.8239 3.837896e-05 7.278348 0.08589435
3  2013-07-31 11:52:30     15 264.5 163.3 163.3266 3.837896e-05 7.781006 0.08589435
4  2013-07-31 11:52:45     16 264.5 163.2 163.2292 3.837896e-05 7.683664 0.08589435
5  2013-07-31 11:53:00     17 264.7 163.2 163.2319 3.837896e-05 7.686321 0.08589435
6  2013-07-31 11:53:15     18 264.8 163.2 163.2345 3.837896e-05 7.688979 0.08589435
7  2013-07-31 11:53:30     19 264.9 163.3 163.3372 3.837896e-05 7.791637 0.08589435
8  2013-07-31 11:53:45     20 265.0 163.3 163.3399 3.837896e-05 7.794294 0.08589435
9  2013-07-31 11:54:00     21 265.1 163.3 163.3425 3.837896e-05 7.796952 0.08589435
10 2013-07-31 11:54:15     22 265.1 163.3 163.3452 3.837896e-05 7.799610 0.08589435
11 2013-07-31 11:54:30     23 265.1 163.1 163.1478 3.837896e-05 7.602267 0.08589435
12 2013-07-31 11:54:45     24 265.1 163.3 163.3505 3.837896e-05 7.804925 0.08589435
13 2013-07-31 11:55:00     25 265.1 163.3 163.3532 3.837896e-05 7.807583 0.08589435

$runtime
Time difference of 44.75 mins

$startcalibvolt
            timestamp record LWSmV  SEmV    CSEmV     CSEmV.sd   loadmV  loadmV.sd
1 2013-07-31 11:50:30      7 264.4 278.1 278.1053 3.837896e-05 122.5597 0.08589435
2 2013-07-31 11:50:45      8 264.4 278.0 278.0080 3.837896e-05 122.4624 0.08589435
3 2013-07-31 11:51:00      9 264.4 278.0 278.0106 3.837896e-05 122.4651 0.08589435
4 2013-07-31 11:51:15     10 264.4 278.1 278.1133 3.837896e-05 122.5677 0.08589435

$endcalibvolt
            timestamp record LWSmV  SEmV
1 2013-07-31 12:43:00    217 265.1 277.8
2 2013-07-31 12:43:15    218 265.1 277.7
3 2013-07-31 12:43:30    219 265.1 277.5
4 2013-07-31 12:43:45    220 265.1 277.6

$lastLWSvolt
[1] 337

$maxLWSvolt
[1] 338.6

$species
[1] "valleyoak"

$trial
[1] "5"

$replicate
[1] "1"

$isvertical
[1] FALSE

$conversionfactor
         avg        stdev
1 0.04350533 1.525079e-05

$LWSwatermass
         avg       stdev
1 0.06595172 0.002642462

$dryleafmass
        avg       stdev
1 0.3363005 0.001043102

$lwsmodel

Call:
lm(formula = LWSsurfacedensity ~ record, data = rd[rd$runfilter == 
    1, ])

Coefficients:
(Intercept)       record  
 -4.562e-04    1.322e-05  


$leafmodel

Call:
lm(formula = surfacedensity ~ record, data = rd[rd$runfilter == 
    1, ])

Coefficients:
(Intercept)       record  
 -2.316e-04    2.232e-05  


