$name
[1] "valleyoak2"

$leafarea
[1] 16.55343

$startbasevolt
            timestamp record LWSmV  SEmV CSEmV CSEmV.sd      loadmV  loadmV.sd
1 2013-07-20 13:01:15      2 263.7 150.4 150.4        0 -0.03418103 0.06740931
2 2013-07-20 13:01:30      3 263.7 150.4 150.4        0 -0.03418103 0.06740931
3 2013-07-20 13:01:45      4 263.7 150.4 150.4        0 -0.03418103 0.06740931
4 2013-07-20 13:02:00      5 263.7 150.5 150.5        0  0.06581897 0.06740931
5 2013-07-20 13:02:15      6 263.7 150.5 150.5        0  0.06581897 0.06740931

$endbasevolt
            timestamp record LWSmV  SEmV    CSEmV     CSEmV.sd      loadmV  loadmV.sd
1 2013-07-20 13:59:15    234 264.9 149.3 150.4941 3.169615e-05  0.05987069 0.06740931
2 2013-07-20 13:59:30    235 264.8 149.3 150.4993 3.169615e-05  0.06510776 0.06740931
3 2013-07-20 13:59:45    236 264.7 149.2 150.4045 3.169615e-05 -0.02965517 0.06740931
4 2013-07-20 14:00:00    237 264.6 149.1 150.3098 3.169615e-05 -0.12441810 0.06740931

$dryragvolt
            timestamp record LWSmV  SEmV    CSEmV     CSEmV.sd   loadmV  loadmV.sd
1 2013-07-20 13:56:30    223 406.1 241.0 242.1364 3.169615e-05 91.70226 0.06740931
2 2013-07-20 13:56:45    224 404.9 240.9 242.0417 3.169615e-05 91.60750 0.06740931
3 2013-07-20 13:57:00    225 403.5 240.9 242.0469 3.169615e-05 91.61274 0.06740931
4 2013-07-20 13:57:15    226 402.2 240.8 241.9522 3.169615e-05 91.51797 0.06740931
5 2013-07-20 13:57:30    227 400.9 240.7 241.8574 3.169615e-05 91.42321 0.06740931

$wetragvolt
            timestamp record LWSmV  SEmV    CSEmV     CSEmV.sd   loadmV  loadmV.sd
1 2013-07-20 13:58:15    230 265.1 243.9 245.0731 3.169615e-05 94.63892 0.06740931
2 2013-07-20 13:58:30    231 265.0 243.5 244.6783 3.169615e-05 94.24416 0.06740931
3 2013-07-20 13:58:45    232 264.8 243.6 244.7836 3.169615e-05 94.34940 0.06740931

$rundata
              timestamp record LWSmV  SEmV    CSEmV     CSEmV.sd   loadmV  loadmV.sd     watermass watermass.sd surfacedensity surfacedensity.sd runfilter      LWSwater LWSwater.stdev LWSsurfacedensity LWSsurfacedensity.stdev
1   2013-07-20 13:08:30     31 263.7 155.7 155.8309 3.169615e-05 5.396746 0.06740931 -1.946964e-02  0.003035627  -1.176169e-03      0.0001833835         0 -4.269451e-03    0.001294739     -1.312062e-04            3.978915e-05
2   2013-07-20 13:08:45     32 263.9 155.9 156.0362 3.169615e-05 5.601983 0.06740931 -1.056537e-02  0.003035650  -6.382589e-04      0.0001833849         0 -4.065780e-03    0.001293411     -1.249471e-04            3.974835e-05
3   2013-07-20 13:09:00     33 264.4 155.8 155.9414 3.169615e-05 5.507220 0.06740931 -1.467669e-02  0.003035639  -8.866251e-04      0.0001833843         0 -3.556603e-03    0.001290101     -1.092994e-04            3.964662e-05
4   2013-07-20 13:09:15     34 264.7 156.0 156.1466 3.169615e-05 5.712457 0.06740931 -5.772426e-03  0.003035663  -3.487147e-04      0.0001833857         0 -3.251098e-03    0.001288121     -9.991080e-05            3.958577e-05
5   2013-07-20 13:09:30     35 265.1 156.0 156.1519 3.169615e-05 5.717694 0.06740931 -5.545214e-03  0.003035663  -3.349888e-04      0.0001833858         0 -2.843756e-03    0.001285489     -8.739263e-05            3.950488e-05
6   2013-07-20 13:09:45     36 265.2 156.0 156.1571 3.169615e-05 5.722931 0.06740931 -5.318002e-03  0.003035664  -3.212628e-04      0.0001833858         0 -2.741921e-03    0.001284832     -8.426309e-05            3.948469e-05
7   2013-07-20 13:10:00     37 265.7 156.1 156.2623 3.169615e-05 5.828168 0.06740931 -7.522652e-04  0.003035677  -4.544467e-05      0.0001833866         0 -2.232744e-03    0.001281556     -6.861538e-05            3.938403e-05
8   2013-07-20 13:10:15     38 266.2 156.1 156.2676 3.169615e-05 5.833405 0.06740931 -5.250537e-04  0.003035677  -3.171872e-05      0.0001833866         0 -1.723568e-03    0.001278294     -5.296767e-05            3.928377e-05
9   2013-07-20 13:10:30     39 266.7 156.1 156.2728 3.169615e-05 5.838642 0.06740931 -2.978421e-04  0.003035678  -1.799277e-05      0.0001833866         0 -1.214391e-03    0.001275045     -3.731995e-05            3.918394e-05
10  2013-07-20 13:10:45     40 267.2 156.1 156.2781 3.169615e-05 5.843879 0.06740931 -7.063051e-05  0.003035679  -4.266820e-06      0.0001833867         0 -7.052148e-04    0.001271811     -2.167224e-05            3.908453e-05
11  2013-07-20 13:11:00     41 267.8 156.2 156.3833 3.169615e-05 5.949116 0.06740931  4.495107e-03  0.003035692   2.715514e-04      0.0001833874         0 -9.420292e-05    0.001267947     -2.894988e-06            3.896579e-05
12  2013-07-20 13:11:15     42 268.5 156.2 156.3885 3.169615e-05 5.954353 0.06740931  4.722318e-03  0.003035692   2.852773e-04      0.0001833875         0  6.186443e-04    0.001263465      1.901181e-05            3.882805e-05
13  2013-07-20 13:11:30     43 269.1 156.3 156.4938 3.169615e-05 6.059591 0.06740931  9.288055e-03  0.003035705   5.610955e-04      0.0001833883         0  1.229656e-03    0.001259645      3.778906e-05            3.871066e-05
14  2013-07-20 13:11:45     44 269.8 156.4 156.5990 3.169615e-05 6.164828 0.06740931  1.385379e-02  0.003035719   8.369136e-04      0.0001833891         0  1.942503e-03    0.001255214      5.969586e-05            3.857450e-05
15  2013-07-20 13:12:00     45 270.5 156.4 156.6042 3.169615e-05 6.170065 0.06740931  1.408100e-02  0.003035719   8.506396e-04      0.0001833891         0  2.655350e-03    0.001250812      8.160266e-05            3.843921e-05
16  2013-07-20 13:12:15     46 271.2 156.7 156.9095 3.169615e-05 6.475302 0.06740931  2.732379e-02  0.003035759   1.650642e-03      0.0001833915         0  3.368198e-03    0.001246438      1.035095e-04            3.830479e-05
17  2013-07-20 13:12:30     47 271.9 156.6 156.8147 3.169615e-05 6.380539 0.06740931  2.321248e-02  0.003035747   1.402276e-03      0.0001833908         0  4.081045e-03    0.001242093      1.254163e-04            3.817126e-05
18  2013-07-20 13:12:45     48 272.6 156.7 156.9200 3.169615e-05 6.485776 0.06740931  2.777822e-02  0.003035761   1.678094e-03      0.0001833916         0  4.793892e-03    0.001237777      1.473230e-04            3.803862e-05
19  2013-07-20 13:13:00     49 273.3 156.7 156.9252 3.169615e-05 6.491013 0.06740931  2.800543e-02  0.003035761   1.691820e-03      0.0001833917         0  5.506739e-03    0.001233490      1.692298e-04            3.790688e-05
20  2013-07-20 13:13:15     50 274.1 156.5 156.7304 3.169615e-05 6.296250 0.06740931  1.955559e-02  0.003035736   1.181362e-03      0.0001833901         1  6.321422e-03    0.001228627      1.942662e-04            3.775744e-05
21  2013-07-20 13:13:30     51 274.8 156.4 156.6357 3.169615e-05 6.201487 0.06740931  1.544427e-02  0.003035723   9.329953e-04      0.0001833894         1  7.034269e-03    0.001224404      2.161730e-04            3.762767e-05
22  2013-07-20 13:13:45     52 275.6 156.4 156.6409 3.169615e-05 6.206724 0.06740931  1.567149e-02  0.003035724   9.467213e-04      0.0001833894         1  7.848951e-03    0.001219616      2.412093e-04            3.748050e-05
23  2013-07-20 13:14:00     53 276.3 156.4 156.6461 3.169615e-05 6.211961 0.06740931  1.589870e-02  0.003035725   9.604472e-04      0.0001833895         1  8.561798e-03    0.001215458      2.631161e-04            3.735274e-05
24  2013-07-20 13:14:15     54 277.0 156.3 156.5514 3.169615e-05 6.117198 0.06740931  1.178738e-02  0.003035713   7.120809e-04      0.0001833887         1  9.274646e-03    0.001211332      2.850229e-04            3.722594e-05
25  2013-07-20 13:14:30     55 277.7 156.4 156.6566 3.169615e-05 6.222435 0.06740931  1.635312e-02  0.003035726   9.878991e-04      0.0001833895         1  9.987493e-03    0.001207237      3.069297e-04            3.710009e-05
26  2013-07-20 13:14:45     56 278.5 156.5 156.7619 3.169615e-05 6.327672 0.06740931  2.091886e-02  0.003035740   1.263717e-03      0.0001833904         1  1.080218e-02    0.001202596      3.319660e-04            3.695747e-05
27  2013-07-20 13:15:00     57 279.2 156.5 156.7671 3.169615e-05 6.332909 0.06740931  2.114607e-02  0.003035740   1.277443e-03      0.0001833904         1  1.151502e-02    0.001198569      3.538728e-04            3.683372e-05
28  2013-07-20 13:15:15     58 279.9 156.5 156.7723 3.169615e-05 6.338147 0.06740931  2.137328e-02  0.003035741   1.291169e-03      0.0001833904         1  1.222787e-02    0.001194575      3.757796e-04            3.671097e-05
29  2013-07-20 13:15:30     59 280.7 156.7 156.9776 3.169615e-05 6.543384 0.06740931  3.027754e-02  0.003035768   1.829080e-03      0.0001833921         1  1.304255e-02    0.001190050      4.008160e-04            3.657191e-05
30  2013-07-20 13:15:45     60 281.5 156.6 156.8828 3.169615e-05 6.448621 0.06740931  2.616623e-02  0.003035756   1.580713e-03      0.0001833913         1  1.385723e-02    0.001185568      4.258523e-04            3.643418e-05
31  2013-07-20 13:16:00     61 282.2 156.6 156.8880 3.169615e-05 6.453858 0.06740931  2.639344e-02  0.003035756   1.594439e-03      0.0001833914         1  1.457008e-02    0.001181683      4.477591e-04            3.631477e-05
32  2013-07-20 13:16:15     62 283.0 156.7 156.9933 3.169615e-05 6.559095 0.06740931  3.095918e-02  0.003035771   1.870257e-03      0.0001833922         1  1.538476e-02    0.001177283      4.727955e-04            3.617957e-05
33  2013-07-20 13:16:30     63 283.7 156.5 156.7985 3.169615e-05 6.364332 0.06740931  2.250934e-02  0.003035745   1.359799e-03      0.0001833907         1  1.609761e-02    0.001173470      4.947023e-04            3.606239e-05
34  2013-07-20 13:16:45     64 284.4 156.6 156.9038 3.169615e-05 6.469569 0.06740931  2.707508e-02  0.003035759   1.635617e-03      0.0001833915         1  1.681046e-02    0.001169692      5.166091e-04            3.594627e-05
35  2013-07-20 13:17:00     65 285.2 156.6 156.9090 3.169615e-05 6.474806 0.06740931  2.730229e-02  0.003035759   1.649343e-03      0.0001833915         1  1.762514e-02    0.001165416      5.416454e-04            3.581488e-05
36  2013-07-20 13:17:15     66 285.9 156.6 156.9142 3.169615e-05 6.480043 0.06740931  2.752950e-02  0.003035760   1.663069e-03      0.0001833916         1  1.833799e-02    0.001161713      5.635522e-04            3.570107e-05
37  2013-07-20 13:17:30     67 286.7 156.4 156.7195 3.169615e-05 6.285280 0.06740931  1.907966e-02  0.003035734   1.152611e-03      0.0001833900         1  1.915267e-02    0.001157524      5.885885e-04            3.557233e-05
38  2013-07-20 13:17:45     68 287.4 156.5 156.8247 3.169615e-05 6.390517 0.06740931  2.364540e-02  0.003035748   1.428429e-03      0.0001833909         1  1.986552e-02    0.001153897      6.104953e-04            3.546087e-05
39  2013-07-20 13:18:00     69 288.1 156.5 156.8299 3.169615e-05 6.395754 0.06740931  2.387261e-02  0.003035749   1.442155e-03      0.0001833909         1  2.057836e-02    0.001150306      6.324021e-04            3.535053e-05
40  2013-07-20 13:18:15     70 288.9 156.4 156.7352 3.169615e-05 6.300991 0.06740931  1.976129e-02  0.003035736   1.193788e-03      0.0001833901         1  2.139305e-02    0.001146247      6.574385e-04            3.522580e-05
41  2013-07-20 13:18:30     71 289.7 156.6 156.9404 3.169615e-05 6.506228 0.06740931  2.866556e-02  0.003035763   1.731699e-03      0.0001833918         1  2.220773e-02    0.001142237      6.824748e-04            3.510255e-05
42  2013-07-20 13:18:45     72 290.5 156.5 156.8456 3.169615e-05 6.411466 0.06740931  2.455424e-02  0.003035751   1.483332e-03      0.0001833910         1  2.302241e-02    0.001138276      7.075111e-04            3.498081e-05
43  2013-07-20 13:19:00     73 291.2 156.5 156.8509 3.169615e-05 6.416703 0.06740931  2.478145e-02  0.003035751   1.497058e-03      0.0001833911         1  2.373526e-02    0.001134850      7.294179e-04            3.487553e-05
44  2013-07-20 13:19:15     74 292.0 156.6 156.9561 3.169615e-05 6.521940 0.06740931  2.934719e-02  0.003035766   1.772877e-03      0.0001833919         1  2.454994e-02    0.001130981      7.544543e-04            3.475664e-05
45  2013-07-20 13:19:30     75 292.7 156.6 156.9614 3.169615e-05 6.527177 0.06740931  2.957440e-02  0.003035766   1.786603e-03      0.0001833920         1  2.526279e-02    0.001127637      7.763611e-04            3.465388e-05
46  2013-07-20 13:19:45     76 293.5 156.7 157.0666 3.169615e-05 6.632414 0.06740931  3.414014e-02  0.003035781   2.062421e-03      0.0001833928         1  2.607747e-02    0.001123863      8.013974e-04            3.453790e-05
47  2013-07-20 13:20:00     77 294.2 156.6 156.9718 3.169615e-05 6.537651 0.06740931  3.002883e-02  0.003035768   1.814054e-03      0.0001833921         1  2.679032e-02    0.001120603      8.233042e-04            3.443771e-05
48  2013-07-20 13:20:15     78 295.0 156.6 156.9771 3.169615e-05 6.542888 0.06740931  3.025604e-02  0.003035768   1.827780e-03      0.0001833921         1  2.760500e-02    0.001116926      8.483405e-04            3.432470e-05
49  2013-07-20 13:20:30     79 295.8 156.6 156.9823 3.169615e-05 6.548125 0.06740931  3.048325e-02  0.003035769   1.841506e-03      0.0001833921         1  2.841968e-02    0.001113301      8.733769e-04            3.421330e-05
50  2013-07-20 13:20:45     80 296.5 156.8 157.1875 3.169615e-05 6.753362 0.06740931  3.938751e-02  0.003035797   2.379417e-03      0.0001833938         1  2.913253e-02    0.001110172      8.952837e-04            3.411715e-05
51  2013-07-20 13:21:00     81 297.4 156.7 157.0928 3.169615e-05 6.658599 0.06740931  3.527620e-02  0.003035784   2.131050e-03      0.0001833931         1  3.004905e-02    0.001106209      9.234496e-04            3.399536e-05
52  2013-07-20 13:21:15     82 298.0 156.6 156.9980 3.169615e-05 6.563836 0.06740931  3.116488e-02  0.003035771   1.882684e-03      0.0001833923         1  3.066006e-02    0.001103605      9.422268e-04            3.391534e-05
53  2013-07-20 13:21:30     83 298.8 156.6 157.0033 3.169615e-05 6.569073 0.06740931  3.139210e-02  0.003035772   1.896410e-03      0.0001833923         1  3.147474e-02    0.001100180      9.672632e-04            3.381009e-05
54  2013-07-20 13:21:45     84 299.5 156.5 156.9085 3.169615e-05 6.474310 0.06740931  2.728078e-02  0.003035759   1.648044e-03      0.0001833915         1  3.218759e-02    0.001097228      9.891700e-04            3.371937e-05
55  2013-07-20 13:22:00     85 300.3 156.7 157.1137 3.169615e-05 6.679547 0.06740931  3.618504e-02  0.003035787   2.185954e-03      0.0001833932         1  3.300227e-02    0.001093907      1.014206e-03            3.361729e-05
56  2013-07-20 13:22:15     86 301.1 156.8 157.2190 3.169615e-05 6.784784 0.06740931  4.075078e-02  0.003035802   2.461772e-03      0.0001833941         1  3.381696e-02    0.001090640      1.039243e-03            3.351691e-05
57  2013-07-20 13:22:30     87 301.8 156.6 157.0242 3.169615e-05 6.590022 0.06740931  3.230094e-02  0.003035775   1.951314e-03      0.0001833925         1  3.452980e-02    0.001087828      1.061149e-03            3.343050e-05
58  2013-07-20 13:22:45     88 302.6 156.6 157.0294 3.169615e-05 6.595259 0.06740931  3.252815e-02  0.003035776   1.965040e-03      0.0001833925         1  3.534448e-02    0.001084668      1.086186e-03            3.333336e-05
59  2013-07-20 13:23:00     89 303.3 156.8 157.2347 3.169615e-05 6.800496 0.06740931  4.143242e-02  0.003035804   2.502950e-03      0.0001833942         1  3.605733e-02    0.001081949      1.108093e-03            3.324981e-05
60  2013-07-20 13:23:15     90 304.1 156.8 157.2399 3.169615e-05 6.805733 0.06740931  4.165963e-02  0.003035805   2.516676e-03      0.0001833943         1  3.687201e-02    0.001078895      1.133129e-03            3.315598e-05
61  2013-07-20 13:23:30     91 304.8 156.6 157.0452 3.169615e-05 6.610970 0.06740931  3.320979e-02  0.003035778   2.006218e-03      0.0001833927         1  3.758486e-02    0.001076271      1.155036e-03            3.307533e-05
62  2013-07-20 13:23:45     92 305.6 156.6 157.0504 3.169615e-05 6.616207 0.06740931  3.343700e-02  0.003035778   2.019944e-03      0.0001833927         1  3.839954e-02    0.001073327      1.180072e-03            3.298485e-05
63  2013-07-20 13:24:00     93 306.3 156.7 157.1556 3.169615e-05 6.721444 0.06740931  3.800274e-02  0.003035793   2.295762e-03      0.0001833936         1  3.911239e-02    0.001070799      1.201979e-03            3.290716e-05
64  2013-07-20 13:24:15     94 307.1 156.9 157.3609 3.169615e-05 6.926681 0.06740931  4.690700e-02  0.003035822   2.833672e-03      0.0001833953         1  3.992707e-02    0.001067965      1.227015e-03            3.282008e-05
65  2013-07-20 13:24:30     95 308.0 157.4 157.8661 3.169615e-05 7.431918 0.06740931  6.882684e-02  0.003035897   4.157859e-03      0.0001833999         1  4.084359e-02    0.001064849      1.255181e-03            3.272431e-05
66  2013-07-20 13:24:45     96 308.7 156.8 157.2713 3.169615e-05 6.837155 0.06740931  4.302290e-02  0.003035809   2.599032e-03      0.0001833946         1  4.155644e-02    0.001062478      1.277088e-03            3.265145e-05
67  2013-07-20 13:25:00     97 309.5 156.6 157.0766 3.169615e-05 6.642392 0.06740931  3.457306e-02  0.003035782   2.088573e-03      0.0001833929         1  4.237112e-02    0.001059825      1.302124e-03            3.256992e-05
68  2013-07-20 13:25:15     98 310.2 156.7 157.1818 3.169615e-05 6.747629 0.06740931  3.913879e-02  0.003035797   2.364392e-03      0.0001833938         1  4.308397e-02    0.001057554      1.324031e-03            3.250012e-05
69  2013-07-20 13:25:30     99 311.0 156.8 157.2870 3.169615e-05 6.852866 0.06740931  4.370453e-02  0.003035811   2.640210e-03      0.0001833947         1  4.389865e-02    0.001055016      1.349067e-03            3.242212e-05
70  2013-07-20 13:25:45    100 311.7 156.7 157.1923 3.169615e-05 6.758103 0.06740931  3.959322e-02  0.003035798   2.391844e-03      0.0001833939         1  4.461150e-02    0.001052846      1.370974e-03            3.235544e-05
71  2013-07-20 13:26:00    101 312.5 156.8 157.2975 3.169615e-05 6.863341 0.06740931  4.415895e-02  0.003035813   2.667662e-03      0.0001833948         1  4.542618e-02    0.001050425      1.396010e-03            3.228103e-05
72  2013-07-20 13:26:15    102 313.2 156.6 157.1028 3.169615e-05 6.668578 0.06740931  3.570912e-02  0.003035786   2.157203e-03      0.0001833931         1  4.613903e-02    0.001048357      1.417917e-03            3.221750e-05
73  2013-07-20 13:26:30    103 314.0 156.7 157.2080 3.169615e-05 6.773815 0.06740931  4.027485e-02  0.003035800   2.433021e-03      0.0001833940         1  4.695371e-02    0.001046054      1.442954e-03            3.214671e-05
74  2013-07-20 13:26:45    104 314.9 156.6 157.1132 3.169615e-05 6.679052 0.06740931  3.616354e-02  0.003035787   2.184655e-03      0.0001833932         1  4.787023e-02    0.001043539      1.471119e-03            3.206942e-05
75  2013-07-20 13:27:00    105 315.6 156.7 157.2185 3.169615e-05 6.784289 0.06740931  4.072928e-02  0.003035802   2.460473e-03      0.0001833941         1  4.858308e-02    0.001041639      1.493026e-03            3.201102e-05
76  2013-07-20 13:27:15    106 316.3 156.7 157.2237 3.169615e-05 6.789526 0.06740931  4.095649e-02  0.003035803   2.474199e-03      0.0001833942         1  4.929592e-02    0.001039788      1.514933e-03            3.195414e-05
77  2013-07-20 13:27:30    107 317.0 156.7 157.2289 3.169615e-05 6.794763 0.06740931  4.118370e-02  0.003035803   2.487925e-03      0.0001833942         1  5.000877e-02    0.001037986      1.536840e-03            3.189878e-05
78  2013-07-20 13:27:45    108 317.8 156.6 157.1342 3.169615e-05 6.700000 0.06740931  3.707238e-02  0.003035790   2.239559e-03      0.0001833934         1  5.082345e-02    0.001035988      1.561876e-03            3.183738e-05
79  2013-07-20 13:28:00    109 318.5 156.7 157.2394 3.169615e-05 6.805237 0.06740931  4.163812e-02  0.003035805   2.515377e-03      0.0001833943         1  5.153630e-02    0.001034294      1.583783e-03            3.178531e-05
80  2013-07-20 13:28:15    110 319.2 156.8 157.3447 3.169615e-05 6.910474 0.06740931  4.620386e-02  0.003035820   2.791195e-03      0.0001833952         1  5.224915e-02    0.001032650      1.605690e-03            3.173479e-05
81  2013-07-20 13:28:30    111 320.0 156.9 157.4499 3.169615e-05 7.015711 0.06740931  5.076960e-02  0.003035835   3.067013e-03      0.0001833961         1  5.306383e-02    0.001030833      1.630726e-03            3.167895e-05
82  2013-07-20 13:28:45    112 320.8 156.7 157.2551 3.169615e-05 6.820948 0.06740931  4.231976e-02  0.003035807   2.556555e-03      0.0001833944         1  5.387851e-02    0.001029083      1.655762e-03            3.162516e-05
83  2013-07-20 13:29:00    113 321.6 156.9 157.4604 3.169615e-05 7.026185 0.06740931  5.122402e-02  0.003035836   3.094465e-03      0.0001833962         1  5.469319e-02    0.001027399      1.680799e-03            3.157342e-05
84  2013-07-20 13:29:15    114 322.3 156.8 157.3656 3.169615e-05 6.931422 0.06740931  4.711271e-02  0.003035823   2.846099e-03      0.0001833954         1  5.540604e-02    0.001025981      1.702706e-03            3.152983e-05
85  2013-07-20 13:29:30    115 323.1 156.7 157.2708 3.169615e-05 6.836659 0.06740931  4.300139e-02  0.003035809   2.597733e-03      0.0001833946         1  5.622072e-02    0.001024423      1.727742e-03            3.148197e-05
86  2013-07-20 13:29:45    116 323.8 156.7 157.2761 3.169615e-05 6.841897 0.06740931  4.322860e-02  0.003035810   2.611459e-03      0.0001833946         1  5.693357e-02    0.001023116      1.749649e-03            3.144179e-05
87  2013-07-20 13:30:00    117 324.5 156.8 157.3813 3.169615e-05 6.947134 0.06740931  4.779434e-02  0.003035825   2.887277e-03      0.0001833955         1  5.764642e-02    0.001021860      1.771556e-03            3.140321e-05
88  2013-07-20 13:30:15    118 325.2 156.9 157.4866 3.169615e-05 7.052371 0.06740931  5.236008e-02  0.003035840   3.163095e-03      0.0001833964         1  5.835926e-02    0.001020657      1.793462e-03            3.136623e-05
89  2013-07-20 13:30:30    119 326.0 157.1 157.6918 3.169615e-05 7.257608 0.06740931  6.126434e-02  0.003035871   3.701005e-03      0.0001833983         1  5.917395e-02    0.001019346      1.818499e-03            3.132595e-05
90  2013-07-20 13:30:45    120 326.7 157.1 157.6970 3.169615e-05 7.262845 0.06740931  6.149155e-02  0.003035872   3.714731e-03      0.0001833983         1  5.988679e-02    0.001018256      1.840405e-03            3.129243e-05
91  2013-07-20 13:31:00    121 327.5 156.9 157.5023 3.169615e-05 7.068082 0.06740931  5.304171e-02  0.003035843   3.204273e-03      0.0001833966         1  6.070148e-02    0.001017074      1.865442e-03            3.125611e-05
92  2013-07-20 13:31:15    122 328.2 157.1 157.7075 3.169615e-05 7.273319 0.06740931  6.194597e-02  0.003035873   3.742183e-03      0.0001833984         1  6.141432e-02    0.001016097      1.887349e-03            3.122608e-05
93  2013-07-20 13:31:30    123 328.9 156.9 157.5127 3.169615e-05 7.078556 0.06740931  5.349613e-02  0.003035844   3.231725e-03      0.0001833967         1  6.212717e-02    0.001015172      1.909255e-03            3.119767e-05
94  2013-07-20 13:31:45    124 329.8 156.9 157.5180 3.169615e-05 7.083793 0.06740931  5.372335e-02  0.003035845   3.245451e-03      0.0001833967         1  6.304369e-02    0.001014062      1.937421e-03            3.116356e-05
95  2013-07-20 13:32:00    125 330.4 157.1 157.7232 3.169615e-05 7.289030 0.06740931  6.262761e-02  0.003035875   3.783361e-03      0.0001833986         1  6.365470e-02    0.001013371      1.956199e-03            3.114232e-05
96  2013-07-20 13:32:15    126 331.2 157.0 157.6284 3.169615e-05 7.194267 0.06740931  5.851630e-02  0.003035861   3.534995e-03      0.0001833977         1  6.446938e-02    0.001012511      1.981235e-03            3.111589e-05
97  2013-07-20 13:32:30    127 331.9 157.0 157.6337 3.169615e-05 7.199504 0.06740931  5.874351e-02  0.003035862   3.548721e-03      0.0001833977         1  6.518223e-02    0.001011816      2.003142e-03            3.109453e-05
98  2013-07-20 13:32:45    128 332.6 157.1 157.7389 3.169615e-05 7.304741 0.06740931  6.330924e-02  0.003035878   3.824539e-03      0.0001833987         1  6.589508e-02    0.001011175      2.025048e-03            3.107482e-05
99  2013-07-20 13:33:00    129 333.4 157.1 157.7442 3.169615e-05 7.309978 0.06740931  6.353646e-02  0.003035879   3.838265e-03      0.0001833988         1  6.670976e-02    0.001010508      2.050085e-03            3.105432e-05
100 2013-07-20 13:33:15    130 334.2 157.0 157.6494 3.169615e-05 7.215216 0.06740931  5.942514e-02  0.003035864   3.589899e-03      0.0001833979         1  6.752444e-02    0.001009911      2.075121e-03            3.103599e-05
101 2013-07-20 13:33:30    131 334.9 157.2 157.8546 3.169615e-05 7.420453 0.06740931  6.832940e-02  0.003035896   4.127809e-03      0.0001833998         1  6.823729e-02    0.001009447      2.097028e-03            3.102174e-05
102 2013-07-20 13:33:45    132 335.7 157.1 157.7599 3.169615e-05 7.325690 0.06740931  6.421809e-02  0.003035881   3.879443e-03      0.0001833989         1  6.905197e-02    0.001008983      2.122064e-03            3.100748e-05
103 2013-07-20 13:34:00    133 336.5 157.1 157.7651 3.169615e-05 7.330927 0.06740931  6.444530e-02  0.003035882   3.893169e-03      0.0001833989         1  6.986665e-02    0.001008590      2.147101e-03            3.099540e-05
104 2013-07-20 13:34:15    134 337.3 157.1 157.7703 3.169615e-05 7.336164 0.06740931  6.467251e-02  0.003035883   3.906895e-03      0.0001833990         1  7.068134e-02    0.001008268      2.172137e-03            3.098550e-05
105 2013-07-20 13:34:30    135 338.0 157.2 157.8756 3.169615e-05 7.441401 0.06740931  6.923825e-02  0.003035899   4.182713e-03      0.0001834000         1  7.139418e-02    0.001008045      2.194044e-03            3.097863e-05
106 2013-07-20 13:34:45    136 338.7 157.3 157.9808 3.169615e-05 7.546638 0.06740931  7.380399e-02  0.003035915   4.458531e-03      0.0001834010         1  7.210703e-02    0.001007875      2.215951e-03            3.097343e-05
107 2013-07-20 13:35:00    137 339.5 157.3 157.9861 3.169615e-05 7.551875 0.06740931  7.403120e-02  0.003035916   4.472257e-03      0.0001834010         1  7.292171e-02    0.001007749      2.240987e-03            3.096954e-05
108 2013-07-20 13:35:15    138 340.2 157.3 157.9913 3.169615e-05 7.557112 0.06740931  7.425841e-02  0.003035917   4.485983e-03      0.0001834011         1  7.363456e-02    0.001007696      2.262894e-03            3.096792e-05
109 2013-07-20 13:35:30    139 341.1 157.2 157.8965 3.169615e-05 7.462349 0.06740931  7.014710e-02  0.003035902   4.237617e-03      0.0001834002         1  7.455108e-02    0.001007709      2.291060e-03            3.096830e-05
110 2013-07-20 13:35:45    140 341.7 157.2 157.9018 3.169615e-05 7.467586 0.06740931  7.037431e-02  0.003035903   4.251343e-03      0.0001834002         1  7.516209e-02    0.001007767      2.309837e-03            3.097009e-05
111 2013-07-20 13:36:00    141 342.4 157.2 157.9070 3.169615e-05 7.472823 0.06740931  7.060152e-02  0.003035904   4.265069e-03      0.0001834003         1  7.587494e-02    0.001007885      2.331744e-03            3.097374e-05
112 2013-07-20 13:36:15    142 343.1 157.1 157.8122 3.169615e-05 7.378060 0.06740931  6.649021e-02  0.003035889   4.016702e-03      0.0001833994         1  7.658779e-02    0.001008058      2.353650e-03            3.097905e-05
113 2013-07-20 13:36:30    143 344.0 157.3 158.0175 3.169615e-05 7.583297 0.06740931  7.539447e-02  0.003035921   4.554613e-03      0.0001834013         1  7.750430e-02    0.001008361      2.381816e-03            3.098834e-05
114 2013-07-20 13:36:45    144 344.8 157.2 157.9227 3.169615e-05 7.488534 0.06740931  7.128315e-02  0.003035906   4.306246e-03      0.0001834004         1  7.831899e-02    0.001008705      2.406853e-03            3.099892e-05
115 2013-07-20 13:37:00    145 345.6 157.3 158.0280 3.169615e-05 7.593772 0.06740931  7.584889e-02  0.003035922   4.582065e-03      0.0001834014         1  7.913367e-02    0.001009120      2.431889e-03            3.101167e-05
116 2013-07-20 13:37:15    146 346.4 157.5 158.2332 3.169615e-05 7.799009 0.06740931  8.475315e-02  0.003035955   5.119975e-03      0.0001834034         1  7.994835e-02    0.001009606      2.456925e-03            3.102660e-05
117 2013-07-20 13:37:30    147 347.1 157.5 158.2384 3.169615e-05 7.804246 0.06740931  8.498037e-02  0.003035956   5.133701e-03      0.0001834034         1  8.066120e-02    0.001010089      2.478832e-03            3.104145e-05
118 2013-07-20 13:37:45    148 347.9 157.3 158.0437 3.169615e-05 7.609483 0.06740931  7.653053e-02  0.003035925   4.623242e-03      0.0001834016         1  8.147588e-02    0.001010707      2.503868e-03            3.106045e-05
119 2013-07-20 13:38:00    149 348.8 157.3 158.0489 3.169615e-05 7.614720 0.06740931  7.675774e-02  0.003035926   4.636968e-03      0.0001834016         1  8.239240e-02    0.001011487      2.532034e-03            3.108441e-05
120 2013-07-20 13:38:15    150 349.6 157.3 158.0541 3.169615e-05 7.619957 0.06740931  7.698495e-02  0.003035927   4.650694e-03      0.0001834017         1  8.320708e-02    0.001012255      2.557071e-03            3.110801e-05
121 2013-07-20 13:38:30    151 350.3 157.2 157.9594 3.169615e-05 7.525194 0.06740931  7.287364e-02  0.003035912   4.402328e-03      0.0001834008         1  8.391993e-02    0.001012984      2.578977e-03            3.113043e-05
122 2013-07-20 13:38:45    152 351.0 157.1 157.8646 3.169615e-05 7.430431 0.06740931  6.876232e-02  0.003035897   4.153962e-03      0.0001833999         1  8.463277e-02    0.001013767      2.600884e-03            3.115449e-05
123 2013-07-20 13:39:00    153 351.9 157.1 157.8698 3.169615e-05 7.435668 0.06740931  6.898953e-02  0.003035898   4.167688e-03      0.0001833999         1  8.554929e-02    0.001014853      2.629050e-03            3.118785e-05
124 2013-07-20 13:39:15    154 352.6 157.3 158.0751 3.169615e-05 7.640905 0.06740931  7.789380e-02  0.003035930   4.705598e-03      0.0001834019         1  8.626214e-02    0.001015758      2.650957e-03            3.121567e-05
125 2013-07-20 13:39:30    155 353.5 157.2 157.9803 3.169615e-05 7.546142 0.06740931  7.378248e-02  0.003035915   4.457232e-03      0.0001834010         1  8.717866e-02    0.001017000      2.679123e-03            3.125383e-05
126 2013-07-20 13:39:45    156 354.4 157.2 157.9856 3.169615e-05 7.551379 0.06740931  7.400969e-02  0.003035916   4.470958e-03      0.0001834010         1  8.809518e-02    0.001018329      2.707289e-03            3.129468e-05
127 2013-07-20 13:40:00    157 355.2 157.2 157.9908 3.169615e-05 7.556616 0.06740931  7.423691e-02  0.003035917   4.484684e-03      0.0001834010         1  8.890986e-02    0.001019584      2.732325e-03            3.133325e-05
128 2013-07-20 13:40:15    158 356.0 157.2 157.9960 3.169615e-05 7.561853 0.06740931  7.446412e-02  0.003035917   4.498410e-03      0.0001834011         1  8.972454e-02    0.001020907      2.757361e-03            3.137392e-05
129 2013-07-20 13:40:30    159 356.7 157.2 158.0013 3.169615e-05 7.567091 0.06740931  7.469133e-02  0.003035918   4.512136e-03      0.0001834011         1  9.043739e-02    0.001022122      2.779268e-03            3.141124e-05
130 2013-07-20 13:40:45    160 357.6 157.2 158.0065 3.169615e-05 7.572328 0.06740931  7.491854e-02  0.003035919   4.525862e-03      0.0001834012         1  9.135391e-02    0.001023759      2.807434e-03            3.146157e-05
131 2013-07-20 13:41:00    161 358.4 157.3 158.1117 3.169615e-05 7.677565 0.06740931  7.948428e-02  0.003035936   4.801680e-03      0.0001834022         1  9.216859e-02    0.001025287      2.832470e-03            3.150852e-05
132 2013-07-20 13:41:15    162 359.3 157.2 158.0170 3.169615e-05 7.582802 0.06740931  7.537296e-02  0.003035921   4.553314e-03      0.0001834013         1  9.308511e-02    0.001027087      2.860636e-03            3.156382e-05
133 2013-07-20 13:41:30    163 360.1 157.2 158.0222 3.169615e-05 7.588039 0.06740931  7.560017e-02  0.003035922   4.567040e-03      0.0001834013         1  9.389979e-02    0.001028758      2.885673e-03            3.161517e-05
134 2013-07-20 13:41:45    164 360.9 157.2 158.0275 3.169615e-05 7.593276 0.06740931  7.582739e-02  0.003035922   4.580765e-03      0.0001834014         1  9.471447e-02    0.001030496      2.910709e-03            3.166858e-05
135 2013-07-20 13:42:00    165 361.8 157.2 158.0327 3.169615e-05 7.598513 0.06740931  7.605460e-02  0.003035923   4.594491e-03      0.0001834014         1  9.563099e-02    0.001032530      2.938875e-03            3.173110e-05
136 2013-07-20 13:42:15    166 362.6 157.4 158.2379 3.169615e-05 7.803750 0.06740931  8.495886e-02  0.003035956   5.132402e-03      0.0001834034         1  9.644567e-02    0.001034409      2.963911e-03            3.178884e-05
137 2013-07-20 13:42:30    167 363.4 157.3 158.1432 3.169615e-05 7.708987 0.06740931  8.084755e-02  0.003035941   4.884036e-03      0.0001834025         1  9.726035e-02    0.001036353      2.988948e-03            3.184859e-05
138 2013-07-20 13:42:45    168 364.2 157.3 158.1484 3.169615e-05 7.714224 0.06740931  8.107476e-02  0.003035942   4.897762e-03      0.0001834026         1  9.807504e-02    0.001038363      3.013984e-03            3.191036e-05
139 2013-07-20 13:43:00    169 365.1 157.3 158.1536 3.169615e-05 7.719461 0.06740931  8.130197e-02  0.003035942   4.911487e-03      0.0001834026         1  9.899155e-02    0.001040702      3.042150e-03            3.198223e-05
140 2013-07-20 13:43:15    170 365.9 157.3 158.1589 3.169615e-05 7.724698 0.06740931  8.152918e-02  0.003035943   4.925213e-03      0.0001834027         1  9.980624e-02    0.001042849      3.067186e-03            3.204823e-05
141 2013-07-20 13:43:30    171 366.7 157.2 158.0641 3.169615e-05 7.629935 0.06740931  7.741787e-02  0.003035928   4.676847e-03      0.0001834017         1  1.006209e-01    0.001045061      3.092222e-03            3.211619e-05
142 2013-07-20 13:43:45    172 367.5 157.3 158.1694 3.169615e-05 7.735172 0.06740931  8.198360e-02  0.003035945   4.952665e-03      0.0001834028         1  1.014356e-01    0.001047336      3.117259e-03            3.218612e-05
143 2013-07-20 13:44:00    173 368.5 157.4 158.2746 3.169615e-05 7.840409 0.06740931  8.654934e-02  0.003035962   5.228483e-03      0.0001834038         1  1.024540e-01    0.001050270      3.148554e-03            3.227626e-05
144 2013-07-20 13:44:15    174 369.3 157.3 158.1798 3.169615e-05 7.745647 0.06740931  8.243803e-02  0.003035947   4.980117e-03      0.0001834029         1  1.032686e-01    0.001052687      3.173591e-03            3.235055e-05
145 2013-07-20 13:44:30    175 370.1 157.4 158.2851 3.169615e-05 7.850884 0.06740931  8.700376e-02  0.003035964   5.255935e-03      0.0001834039         1  1.040833e-01    0.001055167      3.198627e-03            3.242676e-05
146 2013-07-20 13:44:45    176 370.9 157.3 158.1903 3.169615e-05 7.756121 0.06740931  8.289245e-02  0.003035948   5.007569e-03      0.0001834030         1  1.048980e-01    0.001057708      3.223663e-03            3.250487e-05
147 2013-07-20 13:45:00    177 371.7 157.3 158.1955 3.169615e-05 7.761358 0.06740931  8.311966e-02  0.003035949   5.021295e-03      0.0001834030         1  1.057127e-01    0.001060311      3.248700e-03            3.258486e-05
148 2013-07-20 13:45:15    178 372.5 157.2 158.1008 3.169615e-05 7.666595 0.06740931  7.900835e-02  0.003035934   4.772929e-03      0.0001834021         1  1.065274e-01    0.001062976      3.273736e-03            3.266674e-05
149 2013-07-20 13:45:30    179 373.3 157.2 158.1060 3.169615e-05 7.671832 0.06740931  7.923556e-02  0.003035935   4.786655e-03      0.0001834021         1  1.073420e-01    0.001065700      3.298772e-03            3.275048e-05
150 2013-07-20 13:45:45    180 374.0 157.3 158.2113 3.169615e-05 7.777069 0.06740931  8.380130e-02  0.003035952   5.062473e-03      0.0001834032         1  1.080549e-01    0.001068134      3.320679e-03            3.282526e-05
151 2013-07-20 13:46:00    181 374.9 157.4 158.3165 3.169615e-05 7.882306 0.06740931  8.836703e-02  0.003035969   5.338291e-03      0.0001834042         1  1.089714e-01    0.001071330      3.348845e-03            3.292348e-05
152 2013-07-20 13:46:15    182 375.7 157.3 158.2217 3.169615e-05 7.787543 0.06740931  8.425572e-02  0.003035953   5.089925e-03      0.0001834033         1  1.097861e-01    0.001074234      3.373881e-03            3.301271e-05
153 2013-07-20 13:46:30    183 376.5 157.3 158.2270 3.169615e-05 7.792780 0.06740931  8.448293e-02  0.003035954   5.103651e-03      0.0001834033         1  1.106008e-01    0.001077196      3.398918e-03            3.310375e-05
154 2013-07-20 13:46:45    184 377.4 157.4 158.3322 3.169615e-05 7.898017 0.06740931  8.904867e-02  0.003035971   5.379469e-03      0.0001834044         1  1.115173e-01    0.001080598      3.427083e-03            3.320831e-05
155 2013-07-20 13:47:00    185 378.2 157.3 158.2374 3.169615e-05 7.803254 0.06740931  8.493735e-02  0.003035956   5.131103e-03      0.0001834034         1  1.123320e-01    0.001083684      3.452120e-03            3.330314e-05
156 2013-07-20 13:47:15    186 379.0 157.4 158.3427 3.169615e-05 7.908491 0.06740931  8.950309e-02  0.003035973   5.406921e-03      0.0001834045         1  1.131467e-01    0.001086827      3.477156e-03            3.339972e-05
157 2013-07-20 13:47:30    187 379.7 157.4 158.3479 3.169615e-05 7.913728 0.06740931  8.973030e-02  0.003035974   5.420647e-03      0.0001834045         1  1.138595e-01    0.001089623      3.499063e-03            3.348566e-05
158 2013-07-20 13:47:45    188 380.6 157.3 158.2531 3.169615e-05 7.818966 0.06740931  8.561899e-02  0.003035958   5.172281e-03      0.0001834036         1  1.147760e-01    0.001093282      3.527229e-03            3.359809e-05
159 2013-07-20 13:48:00    189 381.4 157.5 158.4584 3.169615e-05 8.024203 0.06740931  9.452325e-02  0.003035992   5.710191e-03      0.0001834056         1  1.155907e-01    0.001096593      3.552265e-03            3.369986e-05
160 2013-07-20 13:48:15    190 382.1 157.6 158.5636 3.169615e-05 8.129440 0.06740931  9.908899e-02  0.003036010   5.986009e-03      0.0001834067         1  1.163036e-01    0.001099536      3.574172e-03            3.379029e-05
161 2013-07-20 13:48:30    191 382.9 157.5 158.4689 3.169615e-05 8.034677 0.06740931  9.497768e-02  0.003035994   5.737643e-03      0.0001834057         1  1.171182e-01    0.001102950      3.599208e-03            3.389522e-05
162 2013-07-20 13:48:45    192 383.6 157.4 158.3741 3.169615e-05 7.939914 0.06740931  9.086636e-02  0.003035978   5.489277e-03      0.0001834048         1  1.178311e-01    0.001105982      3.621115e-03            3.398840e-05
163 2013-07-20 13:49:00    193 384.5 157.5 158.4793 3.169615e-05 8.045151 0.06740931  9.543210e-02  0.003035996   5.765095e-03      0.0001834058         1  1.187476e-01    0.001109941      3.649281e-03            3.411006e-05
164 2013-07-20 13:49:15    194 385.3 157.4 158.3846 3.169615e-05 7.950388 0.06740931  9.132078e-02  0.003035980   5.516728e-03      0.0001834049         1  1.195623e-01    0.001113517      3.674317e-03            3.421994e-05
165 2013-07-20 13:49:30    195 386.2 157.6 158.5898 3.169615e-05 8.155625 0.06740931  1.002250e-01  0.003036014   6.054639e-03      0.0001834069         1  1.204788e-01    0.001117602      3.702483e-03            3.434550e-05
166 2013-07-20 13:49:45    196 387.1 157.6 158.5950 3.169615e-05 8.160862 0.06740931  1.004523e-01  0.003036015   6.068365e-03      0.0001834070         1  1.213953e-01    0.001121754      3.730649e-03            3.447308e-05
167 2013-07-20 13:50:00    197 388.0 157.5 158.5003 3.169615e-05 8.066099 0.06740931  9.634094e-02  0.003035999   5.819999e-03      0.0001834060         1  1.223118e-01    0.001125971      3.758815e-03            3.460266e-05
168 2013-07-20 13:50:15    198 388.9 157.5 158.5055 3.169615e-05 8.071336 0.06740931  9.656816e-02  0.003036000   5.833724e-03      0.0001834061         1  1.232284e-01    0.001130252      3.786981e-03            3.473423e-05
169 2013-07-20 13:50:30    199 389.8 157.4 158.4108 3.169615e-05 7.976573 0.06740931  9.245684e-02  0.003035984   5.585358e-03      0.0001834051         1  1.241449e-01    0.001134597      3.815147e-03            3.486776e-05
170 2013-07-20 13:50:45    200 390.5 157.5 158.5160 3.169615e-05 8.081810 0.06740931  9.702258e-02  0.003036002   5.861176e-03      0.0001834062         1  1.248577e-01    0.001138020      3.837054e-03            3.497296e-05
171 2013-07-20 13:51:00    201 391.3 157.7 158.7212 3.169615e-05 8.287047 0.06740931  1.059268e-01  0.003036037   6.399087e-03      0.0001834083         1  1.256724e-01    0.001141978      3.862090e-03            3.509460e-05
172 2013-07-20 13:51:15    202 392.4 157.6 158.6265 3.169615e-05 8.192284 0.06740931  1.018155e-01  0.003036020   6.150720e-03      0.0001834073         1  1.267926e-01    0.001147501      3.896515e-03            3.526432e-05
173 2013-07-20 13:51:30    203 393.3 157.6 158.6317 3.169615e-05 8.197522 0.06740931  1.020427e-01  0.003036021   6.164446e-03      0.0001834074         1  1.277091e-01    0.001152087      3.924681e-03            3.540526e-05
174 2013-07-20 13:51:45    204 394.4 157.5 158.5369 3.169615e-05 8.102759 0.06740931  9.793143e-02  0.003036005   5.916080e-03      0.0001834064         1  1.288293e-01    0.001157774      3.959106e-03            3.558003e-05
175 2013-07-20 13:52:00    205 395.4 157.6 158.6422 3.169615e-05 8.207996 0.06740931  1.024972e-01  0.003036023   6.191898e-03      0.0001834075         1  1.298477e-01    0.001163021      3.990401e-03            3.574127e-05
176 2013-07-20 13:52:15    206 396.6 157.5 158.5474 3.169615e-05 8.113233 0.06740931  9.838585e-02  0.003036007   5.943532e-03      0.0001834065         1  1.310697e-01    0.001169413      4.027956e-03            3.593770e-05
177 2013-07-20 13:52:30    207 397.5 157.7 158.7527 3.169615e-05 8.318470 0.06740931  1.072901e-01  0.003036042   6.481442e-03      0.0001834086         1  1.319862e-01    0.001174274      4.056122e-03            3.608709e-05
178 2013-07-20 13:52:45    208 398.6 157.6 158.6579 3.169615e-05 8.223707 0.06740931  1.031788e-01  0.003036026   6.233076e-03      0.0001834076         1  1.331064e-01    0.001180292      4.090546e-03            3.627204e-05
179 2013-07-20 13:53:00    209 399.7 157.5 158.5631 3.169615e-05 8.128944 0.06740931  9.906748e-02  0.003036010   5.984710e-03      0.0001834067         1  1.342266e-01    0.001186394      4.124971e-03            3.645957e-05
180 2013-07-20 13:53:15    210 400.8 157.7 158.7684 3.169615e-05 8.334181 0.06740931  1.079717e-01  0.003036045   6.522620e-03      0.0001834088         1  1.353468e-01    0.001192579      4.159396e-03            3.664963e-05
181 2013-07-20 13:53:30    211 402.0 157.9 158.9736 3.169615e-05 8.539418 0.06740931  1.168760e-01  0.003036081   7.060531e-03      0.0001834110         1  1.365688e-01    0.001199418      4.196951e-03            3.685981e-05
182 2013-07-20 13:53:45    212 403.1 157.8 158.8788 3.169615e-05 8.444655 0.06740931  1.127647e-01  0.003036064   6.812164e-03      0.0001834100         1  1.376890e-01    0.001205771      4.231376e-03            3.705504e-05
183 2013-07-20 13:54:00    213 404.1 157.7 158.7841 3.169615e-05 8.349892 0.06740931  1.086534e-01  0.003036048   6.563798e-03      0.0001834090         1  1.387073e-01    0.001211614      4.262671e-03            3.723461e-05
184 2013-07-20 13:54:15    214 405.1 158.0 159.0893 3.169615e-05 8.655129 0.06740931  1.218962e-01  0.003036101   7.363801e-03      0.0001834122         1  1.397257e-01    0.001217522      4.293967e-03            3.741615e-05
185 2013-07-20 13:54:30    215 406.1 158.0 159.0945 3.169615e-05 8.660366 0.06740931  1.221234e-01  0.003036102   7.377527e-03      0.0001834123         1  1.407440e-01    0.001223492      4.325262e-03            3.759963e-05
186 2013-07-20 13:54:45    216 407.2 158.0 159.0998 3.169615e-05 8.665603 0.06740931  1.223506e-01  0.003036103   7.391253e-03      0.0001834123         1  1.418642e-01    0.001230131      4.359687e-03            3.780365e-05
187 2013-07-20 13:55:00    217 408.3 157.8 158.9050 3.169615e-05 8.470841 0.06740931  1.139008e-01  0.003036069   6.880794e-03      0.0001834102         0  1.429844e-01    0.001236844      4.394112e-03            3.800995e-05
188 2013-07-20 13:55:15    218 409.4 157.6 158.7103 3.169615e-05 8.276078 0.06740931  1.054509e-01  0.003036035   6.370336e-03      0.0001834082         0  1.441046e-01    0.001243629      4.428537e-03            3.821848e-05
189 2013-07-20 13:55:30    219 409.9 157.4 158.5155 3.169615e-05 8.081315 0.06740931  9.700107e-02  0.003036002   5.859877e-03      0.0001834062         0  1.446138e-01    0.001246737      4.444185e-03            3.831399e-05
190 2013-07-20 13:55:45    220 409.7 157.4 158.5207 3.169615e-05 8.086552 0.06740931  9.722829e-02  0.003036003   5.873603e-03      0.0001834062         0  1.444101e-01    0.001245492      4.437926e-03            3.827573e-05

$dryleafvolt
             timestamp record LWSmV  SEmV    CSEmV     CSEmV.sd   loadmV  loadmV.sd
1  2013-07-20 13:05:15     18 263.7 156.7 156.7628 3.169615e-05 6.328664 0.06740931
2  2013-07-20 13:05:30     19 263.7 156.2 156.2681 3.169615e-05 5.833901 0.06740931
3  2013-07-20 13:05:45     20 263.7 155.7 155.7733 3.169615e-05 5.339138 0.06740931
4  2013-07-20 13:06:00     21 263.7 156.6 156.6786 3.169615e-05 6.244375 0.06740931
5  2013-07-20 13:06:15     22 263.7 156.5 156.5838 3.169615e-05 6.149612 0.06740931
6  2013-07-20 13:06:30     23 263.7 156.3 156.3890 3.169615e-05 5.954849 0.06740931
7  2013-07-20 13:06:45     24 263.7 156.3 156.3943 3.169615e-05 5.960086 0.06740931
8  2013-07-20 13:07:00     25 263.7 155.9 155.9995 3.169615e-05 5.565323 0.06740931
9  2013-07-20 13:07:15     26 263.7 156.3 156.4047 3.169615e-05 5.970560 0.06740931
10 2013-07-20 13:07:30     27 263.7 156.1 156.2100 3.169615e-05 5.775797 0.06740931
11 2013-07-20 13:07:45     28 263.7 156.1 156.2152 3.169615e-05 5.781034 0.06740931
12 2013-07-20 13:08:00     29 263.7   NaN      NaN 3.169615e-05      NaN 0.06740931
13 2013-07-20 13:08:15     30 263.7 156.0 156.1257 3.169615e-05 5.691509 0.06740931
14 2013-07-20 13:08:30     31 263.7 155.7 155.8309 3.169615e-05 5.396746 0.06740931

$runtime
Time difference of 47.25 mins

$startcalibvolt
            timestamp record LWSmV  SEmV    CSEmV     CSEmV.sd   loadmV  loadmV.sd
1 2013-07-20 13:02:45      8 263.7 273.2 273.2105 3.169615e-05 122.7763 0.06740931
2 2013-07-20 13:03:00      9 263.7 273.2 273.2157 3.169615e-05 122.7815 0.06740931
3 2013-07-20 13:03:15     10 263.7 273.4 273.4209 3.169615e-05 122.9868 0.06740931
4 2013-07-20 13:03:30     11 263.7 273.2 273.2262 3.169615e-05 122.7920 0.06740931
5 2013-07-20 13:03:45     12 263.7 273.4 273.4314 3.169615e-05 122.9972 0.06740931
6 2013-07-20 13:04:00     13 263.7 273.2 273.2367 3.169615e-05 122.8025 0.06740931
7 2013-07-20 13:04:15     14 263.7 273.5 273.5419 3.169615e-05 123.1077 0.06740931
8 2013-07-20 13:04:30     15 263.7 273.2 273.2471 3.169615e-05 122.8130 0.06740931
9 2013-07-20 13:04:45     16 263.7 273.0 273.0524 3.169615e-05 122.6182 0.06740931

$endcalibvolt
[1] NA

$lastLWSvolt
[1] 400.9

$maxLWSvolt
[1] 409.9

$species
[1] "valleyoak"

$trial
[1] "2"

$replicate
[1] "1"

$isvertical
[1] FALSE

$conversionfactor
         avg        stdev
1 0.04338526 7.935161e-06

$LWSwatermass
        avg       stdev
1 0.1231312 0.002135923

$dryleafmass
        avg       stdev
1 0.2536088 0.000812455

$lwsmodel

Call:
lm(formula = LWSsurfacedensity ~ record, data = rd[rd$runfilter == 
    1, ])

Coefficients:
(Intercept)       record  
 -1.080e-03    2.453e-05  


$leafmodel

Call:
lm(formula = surfacedensity ~ record, data = rd[rd$runfilter == 
    1, ])

Coefficients:
(Intercept)       record  
 -7.788e-04    3.416e-05  


