$name
[1] "valleyoak7"

$leafarea
[1] 25.76457

$startbasevolt
             timestamp record LWSmV  SEmV CSEmV CSEmV.sd      loadmV  loadmV.sd
1  2013-08-02 12:36:30      2 262.4 149.2 149.2        0  0.01510098 0.06714478
2  2013-08-02 12:36:45      3 262.4 149.2 149.2        0  0.01510098 0.06714478
3  2013-08-02 12:37:00      4 262.4 149.1 149.1        0 -0.08489902 0.06714478
4  2013-08-02 12:37:15      5 262.4 149.2 149.2        0  0.01510098 0.06714478
5  2013-08-02 12:37:30      6 262.4 149.2 149.2        0  0.01510098 0.06714478
6  2013-08-02 12:37:45      7 262.4 149.1 149.1        0 -0.08489902 0.06714478
7  2013-08-02 12:38:00      8 262.4 149.3 149.3        0  0.11510098 0.06714478
8  2013-08-02 12:38:15      9 262.4 149.3 149.3        0  0.11510098 0.06714478
9  2013-08-02 12:38:30     10 262.4 149.1 149.1        0 -0.08489902 0.06714478
10 2013-08-02 12:38:45     11 262.4 149.2 149.2        0  0.01510098 0.06714478

$endbasevolt
            timestamp record LWSmV  SEmV    CSEmV     CSEmV.sd       loadmV  loadmV.sd
1 2013-08-02 13:34:30    234 263.8 148.3 149.1667 2.829186e-05 -0.018217795 0.06714478
2 2013-08-02 13:34:45    235 263.9 148.4 149.2706 2.829186e-05  0.085668668 0.06714478
3 2013-08-02 13:35:00    236 263.8 148.3 149.1745 2.829186e-05 -0.010444869 0.06714478
4 2013-08-02 13:35:15    237 263.8 148.3 149.1783 2.829186e-05 -0.006558406 0.06714478
5 2013-08-02 13:35:30    238 263.8 148.2 149.0822 2.829186e-05 -0.102671943 0.06714478
6 2013-08-02 13:35:45    239 263.8 148.3 149.1861 2.829186e-05  0.001214520 0.06714478

$dryragvolt
            timestamp record LWSmV  SEmV    CSEmV     CSEmV.sd   loadmV  loadmV.sd
1 2013-08-02 13:30:15    217 331.6 251.0 251.8006 2.829186e-05 102.6157 0.06714478
2 2013-08-02 13:30:30    218 331.1 251.1 251.9045 2.829186e-05 102.7196 0.06714478
3 2013-08-02 13:30:45    219 330.5 250.8 251.6084 2.829186e-05 102.4235 0.06714478
4 2013-08-02 13:31:00    220 330.4 250.8 251.6123 2.829186e-05 102.4274 0.06714478
5 2013-08-02 13:31:15    221 329.8 250.8 251.6162 2.829186e-05 102.4313 0.06714478

$wetragvolt
            timestamp record LWSmV  SEmV    CSEmV     CSEmV.sd   loadmV  loadmV.sd
1 2013-08-02 13:32:00    224 265.0 252.3 253.1278 2.829186e-05 103.9429 0.06714478
2 2013-08-02 13:32:15    225 264.4 252.3 253.1317 2.829186e-05 103.9468 0.06714478
3 2013-08-02 13:32:30    226 264.4 252.1 252.9356 2.829186e-05 103.7507 0.06714478
4 2013-08-02 13:32:45    227 264.3 251.9 252.7395 2.829186e-05 103.5546 0.06714478

$rundata
              timestamp record LWSmV  SEmV    CSEmV     CSEmV.sd   loadmV  loadmV.sd   watermass watermass.sd surfacedensity surfacedensity.sd runfilter      LWSwater LWSwater.stdev LWSsurfacedensity LWSsurfacedensity.stdev
1   2013-08-02 12:44:45     35 263.1 155.9 155.9933 2.829186e-05 6.808376 0.06714478 0.002338182  0.003020135   9.075185e-05      0.0001172205         0 -4.880462e-03    0.001298735     -1.499835e-04            3.991196e-05
2   2013-08-02 12:45:00     36 263.6 156.1 156.1972 2.829186e-05 7.012263 0.06714478 0.011193715  0.003020179   4.344615e-04      0.0001172222         0 -4.371286e-03    0.001295404     -1.343358e-04            3.980958e-05
3   2013-08-02 12:45:15     37 263.8 156.0 156.1010 2.829186e-05 6.916149 0.06714478 0.007019154  0.003020158   2.724343e-04      0.0001172214         0 -4.167615e-03    0.001294075     -1.280767e-04            3.976874e-05
4   2013-08-02 12:45:30     38 263.8 156.0 156.1049 2.829186e-05 6.920035 0.06714478 0.007187957  0.003020159   2.789861e-04      0.0001172214         0 -4.167615e-03    0.001294075     -1.280767e-04            3.976874e-05
5   2013-08-02 12:45:45     39 263.8 156.1 156.2088 2.829186e-05 7.023922 0.06714478 0.011700125  0.003020182   4.541168e-04      0.0001172223         0 -4.167615e-03    0.001294075     -1.280767e-04            3.976874e-05
6   2013-08-02 12:46:00     40 264.2 156.1 156.2127 2.829186e-05 7.027808 0.06714478 0.011868928  0.003020183   4.606686e-04      0.0001172223         0 -3.760274e-03    0.001291423     -1.155585e-04            3.968726e-05
7   2013-08-02 12:46:15     41 264.4 156.2 156.3166 2.829186e-05 7.131695 0.06714478 0.016381096  0.003020206   6.357993e-04      0.0001172232         0 -3.556603e-03    0.001290101     -1.092994e-04            3.964662e-05
8   2013-08-02 12:46:30     42 264.5 156.2 156.3205 2.829186e-05 7.135581 0.06714478 0.016549899  0.003020206   6.423511e-04      0.0001172232         0 -3.454768e-03    0.001289440     -1.061699e-04            3.962632e-05
9   2013-08-02 12:46:45     43 265.1 156.2 156.3244 2.829186e-05 7.139468 0.06714478 0.016718702  0.003020207   6.489028e-04      0.0001172233         0 -2.843756e-03    0.001285489     -8.739263e-05            3.950488e-05
10  2013-08-02 12:47:00     44 265.1 156.1 156.2283 2.829186e-05 7.043354 0.06714478 0.012544141  0.003020186   4.868756e-04      0.0001172225         0 -2.843756e-03    0.001285489     -8.739263e-05            3.950488e-05
11  2013-08-02 12:47:15     45 265.1 156.3 156.4321 2.829186e-05 7.247241 0.06714478 0.021399673  0.003020231   8.305853e-04      0.0001172242         0 -2.843756e-03    0.001285489     -8.739263e-05            3.950488e-05
12  2013-08-02 12:47:30     46 265.3 156.1 156.2360 2.829186e-05 7.051127 0.06714478 0.012881748  0.003020188   4.999791e-04      0.0001172225         0 -2.640086e-03    0.001284176     -8.113355e-05            3.946453e-05
13  2013-08-02 12:47:45     47 265.8 156.1 156.2399 2.829186e-05 7.055014 0.06714478 0.013050551  0.003020189   5.065309e-04      0.0001172225         0 -2.130909e-03    0.001280903     -6.548584e-05            3.936394e-05
14  2013-08-02 12:48:00     48 265.8 155.9 156.0438 2.829186e-05 6.858900 0.06714478 0.004532625  0.003020146   1.759247e-04      0.0001172209         0 -2.130909e-03    0.001280903     -6.548584e-05            3.936394e-05
15  2013-08-02 12:48:15     49 266.3 156.1 156.2477 2.829186e-05 7.062787 0.06714478 0.013388157  0.003020190   5.196344e-04      0.0001172226         0 -1.621733e-03    0.001277643     -4.983812e-05            3.926377e-05
16  2013-08-02 12:48:30     50 266.5 156.2 156.3516 2.829186e-05 7.166673 0.06714478 0.017900325  0.003020213   6.947651e-04      0.0001172235         0 -1.418062e-03    0.001276343     -4.357904e-05            3.922382e-05
17  2013-08-02 12:48:45     51 266.7 156.3 156.4555 2.829186e-05 7.270559 0.06714478 0.022412493  0.003020237   8.698959e-04      0.0001172244         0 -1.214391e-03    0.001275045     -3.731995e-05            3.918394e-05
18  2013-08-02 12:49:00     52 267.2 156.2 156.3593 2.829186e-05 7.174446 0.06714478 0.018237932  0.003020215   7.078687e-04      0.0001172236         0 -7.052148e-04    0.001271811     -2.167224e-05            3.908453e-05
19  2013-08-02 12:49:15     53 267.3 156.1 156.2632 2.829186e-05 7.078332 0.06714478 0.014063370  0.003020194   5.458415e-04      0.0001172227         0 -6.033795e-04    0.001271165     -1.854270e-05            3.906470e-05
20  2013-08-02 12:49:30     54 267.8 156.1 156.2671 2.829186e-05 7.082219 0.06714478 0.014232174  0.003020195   5.523932e-04      0.0001172228         0 -9.420292e-05    0.001267947     -2.894988e-06            3.896579e-05
21  2013-08-02 12:49:45     55 267.9 156.2 156.3710 2.829186e-05 7.186105 0.06714478 0.018744341  0.003020218   7.275239e-04      0.0001172237         0  7.632394e-06    0.001267305      2.345542e-07            3.894607e-05
22  2013-08-02 12:50:00     56 268.5 156.2 156.3749 2.829186e-05 7.189992 0.06714478 0.018913145  0.003020219   7.340757e-04      0.0001172237         0  6.186443e-04    0.001263465      1.901181e-05            3.882805e-05
23  2013-08-02 12:50:15     57 268.6 156.0 156.1788 2.829186e-05 6.993878 0.06714478 0.010395219  0.003020175   4.034695e-04      0.0001172220         0  7.204796e-04    0.001262827      2.214135e-05            3.880844e-05
24  2013-08-02 12:50:30     58 269.2 156.1 156.2827 2.829186e-05 7.097765 0.06714478 0.014907387  0.003020198   5.786002e-04      0.0001172229         0  1.331491e-03    0.001259010      4.091861e-05            3.869116e-05
25  2013-08-02 12:50:45     59 269.2 156.3 156.4866 2.829186e-05 7.301651 0.06714478 0.023762919  0.003020244   9.223099e-04      0.0001172247         0  1.331491e-03    0.001259010      4.091861e-05            3.869116e-05
26  2013-08-02 12:51:00     60 269.9 156.4 156.5904 2.829186e-05 7.405538 0.06714478 0.028275087  0.003020268   1.097441e-03      0.0001172256         0  2.044339e-03    0.001254584      6.282540e-05            3.855512e-05
27  2013-08-02 12:51:15     61 270.0 156.2 156.3943 2.829186e-05 7.209424 0.06714478 0.019757161  0.003020223   7.668345e-04      0.0001172239         0  2.146174e-03    0.001253954      6.595494e-05            3.853576e-05
28  2013-08-02 12:51:30     62 270.5 156.2 156.3982 2.829186e-05 7.213311 0.06714478 0.019925964  0.003020224   7.733863e-04      0.0001172239         0  2.655350e-03    0.001250812      8.160266e-05            3.843921e-05
29  2013-08-02 12:51:45     63 270.8 156.1 156.3021 2.829186e-05 7.117197 0.06714478 0.015751403  0.003020202   6.113590e-04      0.0001172231         0  2.960856e-03    0.001248934      9.099128e-05            3.838150e-05
30  2013-08-02 12:52:00     64 271.2 156.1 156.3060 2.829186e-05 7.121084 0.06714478 0.015920206  0.003020203   6.179108e-04      0.0001172231         0  3.368198e-03    0.001246438      1.035095e-04            3.830479e-05
31  2013-08-02 12:52:15     65 271.6 156.1 156.3099 2.829186e-05 7.124970 0.06714478 0.016089009  0.003020204   6.244626e-04      0.0001172231         0  3.775539e-03    0.001243951      1.160276e-04            3.822838e-05
32  2013-08-02 12:52:30     66 271.9 156.1 156.3138 2.829186e-05 7.128856 0.06714478 0.016257813  0.003020205   6.310143e-04      0.0001172232         0  4.081045e-03    0.001242093      1.254163e-04            3.817126e-05
33  2013-08-02 12:52:45     67 272.4 156.2 156.4176 2.829186e-05 7.232743 0.06714478 0.020769980  0.003020228   8.061450e-04      0.0001172241         0  4.590221e-03    0.001239007      1.410640e-04            3.807642e-05
34  2013-08-02 12:53:00     68 272.6 156.2 156.4215 2.829186e-05 7.236629 0.06714478 0.020938784  0.003020229   8.126968e-04      0.0001172241         0  4.793892e-03    0.001237777      1.473230e-04            3.803862e-05
35  2013-08-02 12:53:15     69 273.2 156.3 156.5254 2.829186e-05 7.340516 0.06714478 0.025450952  0.003020253   9.878275e-04      0.0001172250         0  5.404904e-03    0.001234101      1.661003e-04            3.792565e-05
36  2013-08-02 12:53:30     70 273.3 156.2 156.4293 2.829186e-05 7.244402 0.06714478 0.021276390  0.003020231   8.258003e-04      0.0001172242         0  5.506739e-03    0.001233490      1.692298e-04            3.790688e-05
37  2013-08-02 12:53:45     71 273.9 156.3 156.5332 2.829186e-05 7.348289 0.06714478 0.025788558  0.003020254   1.000931e-03      0.0001172251         0  6.117751e-03    0.001229839      1.880071e-04            3.779469e-05
38  2013-08-02 12:54:00     72 274.1 156.4 156.6371 2.829186e-05 7.452175 0.06714478 0.030300726  0.003020278   1.176062e-03      0.0001172260         1  6.321422e-03    0.001228627      1.942662e-04            3.775744e-05
39  2013-08-02 12:54:15     73 274.6 156.4 156.6410 2.829186e-05 7.456062 0.06714478 0.030469529  0.003020279   1.182614e-03      0.0001172261         1  6.830598e-03    0.001225608      2.099139e-04            3.766465e-05
40  2013-08-02 12:54:30     74 274.9 156.5 156.7448 2.829186e-05 7.559948 0.06714478 0.034981697  0.003020304   1.357744e-03      0.0001172270         1  7.136104e-03    0.001223804      2.193025e-04            3.760921e-05
41  2013-08-02 12:54:45     75 275.3 156.3 156.5487 2.829186e-05 7.363835 0.06714478 0.026463771  0.003020258   1.027138e-03      0.0001172252         1  7.543445e-03    0.001221407      2.318207e-04            3.753555e-05
42  2013-08-02 12:55:00     76 275.7 156.3 156.5526 2.829186e-05 7.367721 0.06714478 0.026632574  0.003020259   1.033690e-03      0.0001172253         1  7.950787e-03    0.001219020      2.443389e-04            3.746220e-05
43  2013-08-02 12:55:15     77 276.0 156.3 156.5565 2.829186e-05 7.371608 0.06714478 0.026801378  0.003020260   1.040242e-03      0.0001172253         1  8.256292e-03    0.001217236      2.537275e-04            3.740738e-05
44  2013-08-02 12:55:30     78 276.5 156.3 156.5604 2.829186e-05 7.375494 0.06714478 0.026970181  0.003020261   1.046793e-03      0.0001172253         1  8.765469e-03    0.001214276      2.693752e-04            3.731642e-05
45  2013-08-02 12:55:45     79 276.8 156.3 156.5643 2.829186e-05 7.379380 0.06714478 0.027138984  0.003020262   1.053345e-03      0.0001172254         1  9.070975e-03    0.001212508      2.787638e-04            3.726207e-05
46  2013-08-02 12:56:00     80 277.3 156.4 156.6682 2.829186e-05 7.483267 0.06714478 0.031651152  0.003020286   1.228476e-03      0.0001172263         1  9.580152e-03    0.001209573      2.944115e-04            3.717189e-05
47  2013-08-02 12:56:15     81 277.6 156.3 156.5721 2.829186e-05 7.387153 0.06714478 0.027476591  0.003020263   1.066449e-03      0.0001172255         1  9.885657e-03    0.001207820      3.038002e-04            3.711801e-05
48  2013-08-02 12:56:30     82 278.0 156.2 156.4759 2.829186e-05 7.291040 0.06714478 0.023302029  0.003020241   9.044214e-04      0.0001172246         1  1.029300e-02    0.001205492      3.163183e-04            3.704646e-05
49  2013-08-02 12:56:45     83 278.5 156.2 156.4798 2.829186e-05 7.294926 0.06714478 0.023470833  0.003020242   9.109732e-04      0.0001172246         1  1.080218e-02    0.001202596      3.319660e-04            3.695747e-05
50  2013-08-02 12:57:00     84 278.7 156.3 156.5837 2.829186e-05 7.398813 0.06714478 0.027983000  0.003020266   1.086104e-03      0.0001172256         1  1.100585e-02    0.001201442      3.382251e-04            3.692201e-05
51  2013-08-02 12:57:15     85 279.3 156.2 156.4876 2.829186e-05 7.302699 0.06714478 0.023808439  0.003020244   9.240767e-04      0.0001172247         1  1.161686e-02    0.001197997      3.570024e-04            3.681612e-05
52  2013-08-02 12:57:30     86 279.4 156.2 156.4915 2.829186e-05 7.306586 0.06714478 0.023977242  0.003020245   9.306285e-04      0.0001172247         1  1.171869e-02    0.001197425      3.601319e-04            3.679855e-05
53  2013-08-02 12:57:45     87 280.1 156.3 156.5954 2.829186e-05 7.410472 0.06714478 0.028489410  0.003020269   1.105759e-03      0.0001172257         1  1.243154e-02    0.001193440      3.820387e-04            3.667608e-05
54  2013-08-02 12:58:00     88 280.2 156.3 156.5993 2.829186e-05 7.414359 0.06714478 0.028658213  0.003020270   1.112311e-03      0.0001172257         1  1.253338e-02    0.001192873      3.851683e-04            3.665867e-05
55  2013-08-02 12:58:15     89 280.7 156.4 156.7031 2.829186e-05 7.518245 0.06714478 0.033170381  0.003020294   1.287442e-03      0.0001172266         1  1.304255e-02    0.001190050      4.008160e-04            3.657191e-05
56  2013-08-02 12:58:30     90 281.1 156.4 156.7070 2.829186e-05 7.522132 0.06714478 0.033339185  0.003020295   1.293993e-03      0.0001172267         1  1.344989e-02    0.001187804      4.133342e-04            3.650288e-05
57  2013-08-02 12:58:45     91 281.4 156.2 156.5109 2.829186e-05 7.326018 0.06714478 0.024821259  0.003020249   9.633873e-04      0.0001172249         1  1.375540e-02    0.001186126      4.227228e-04            3.645133e-05
58  2013-08-02 12:59:00     92 282.0 156.4 156.7148 2.829186e-05 7.529904 0.06714478 0.033676791  0.003020297   1.307097e-03      0.0001172267         1  1.436641e-02    0.001182789      4.415000e-04            3.634878e-05
59  2013-08-02 12:59:15     93 282.2 156.4 156.7187 2.829186e-05 7.533791 0.06714478 0.033845594  0.003020297   1.313649e-03      0.0001172268         1  1.457008e-02    0.001181683      4.477591e-04            3.631477e-05
60  2013-08-02 12:59:30     94 282.8 156.3 156.6226 2.829186e-05 7.437677 0.06714478 0.029671033  0.003020275   1.151622e-03      0.0001172259         1  1.518109e-02    0.001178379      4.665364e-04            3.621324e-05
61  2013-08-02 12:59:45     95 283.1 156.2 156.5265 2.829186e-05 7.341564 0.06714478 0.025496472  0.003020253   9.895943e-04      0.0001172250         1  1.548660e-02    0.001176736      4.759250e-04            3.616276e-05
62  2013-08-02 13:00:00     96 283.5 156.4 156.7303 2.829186e-05 7.545450 0.06714478 0.034352004  0.003020300   1.333304e-03      0.0001172269         1  1.589394e-02    0.001174556      4.884432e-04            3.609576e-05
63  2013-08-02 13:00:15     97 284.0 156.5 156.8342 2.829186e-05 7.649337 0.06714478 0.038864172  0.003020325   1.508435e-03      0.0001172278         1  1.640312e-02    0.001171847      5.040909e-04            3.601250e-05
64  2013-08-02 13:00:30     98 284.2 156.4 156.7381 2.829186e-05 7.553223 0.06714478 0.034689611  0.003020302   1.346408e-03      0.0001172270         1  1.660679e-02    0.001170768      5.103500e-04            3.597934e-05
65  2013-08-02 13:00:45     99 284.8 156.5 156.8420 2.829186e-05 7.657110 0.06714478 0.039201778  0.003020327   1.521538e-03      0.0001172279         1  1.721780e-02    0.001167548      5.291272e-04            3.588040e-05
66  2013-08-02 13:01:00    100 285.0 156.4 156.7459 2.829186e-05 7.560996 0.06714478 0.035027217  0.003020304   1.359511e-03      0.0001172270         1  1.742147e-02    0.001166481      5.353863e-04            3.584760e-05
67  2013-08-02 13:01:15    101 285.5 156.4 156.7498 2.829186e-05 7.564883 0.06714478 0.035196020  0.003020305   1.366063e-03      0.0001172271         1  1.793065e-02    0.001163825      5.510340e-04            3.576597e-05
68  2013-08-02 13:01:30    102 285.9 156.5 156.8537 2.829186e-05 7.668769 0.06714478 0.039708188  0.003020329   1.541194e-03      0.0001172280         1  1.833799e-02    0.001161713      5.635522e-04            3.570107e-05
69  2013-08-02 13:01:45    103 286.2 156.4 156.7576 2.829186e-05 7.572656 0.06714478 0.035533627  0.003020307   1.379166e-03      0.0001172271         1  1.864349e-02    0.001160136      5.729408e-04            3.565262e-05
70  2013-08-02 13:02:00    104 286.8 156.6 156.9614 2.829186e-05 7.776542 0.06714478 0.044389159  0.003020355   1.722876e-03      0.0001172290         1  1.925451e-02    0.001157003      5.917181e-04            3.555634e-05
71  2013-08-02 13:02:15    105 286.9 156.5 156.8653 2.829186e-05 7.680428 0.06714478 0.040214598  0.003020332   1.560849e-03      0.0001172281         1  1.935634e-02    0.001156484      5.948476e-04            3.554037e-05
72  2013-08-02 13:02:30    106 287.5 156.5 156.8692 2.829186e-05 7.684315 0.06714478 0.040383401  0.003020333   1.567401e-03      0.0001172282         1  1.996735e-02    0.001153382      6.136249e-04            3.544504e-05
73  2013-08-02 13:02:45    107 287.8 156.3 156.6731 2.829186e-05 7.488201 0.06714478 0.031865475  0.003020287   1.236794e-03      0.0001172264         1  2.027286e-02    0.001151841      6.230135e-04            3.539768e-05
74  2013-08-02 13:03:00    108 288.2 156.3 156.6770 2.829186e-05 7.492088 0.06714478 0.032034278  0.003020288   1.243346e-03      0.0001172264         1  2.068020e-02    0.001149796      6.355317e-04            3.533486e-05
75  2013-08-02 13:03:15    109 288.7 156.4 156.7809 2.829186e-05 7.595974 0.06714478 0.036546446  0.003020312   1.418477e-03      0.0001172273         1  2.118938e-02    0.001147258      6.511794e-04            3.525684e-05
76  2013-08-02 13:03:30    110 288.9 156.6 156.9848 2.829186e-05 7.799861 0.06714478 0.045401979  0.003020361   1.762187e-03      0.0001172292         1  2.139305e-02    0.001146247      6.574385e-04            3.522580e-05
77  2013-08-02 13:03:45    111 289.5 156.8 157.1886 2.829186e-05 8.003747 0.06714478 0.054257511  0.003020411   2.105896e-03      0.0001172312         1  2.200406e-02    0.001143235      6.762157e-04            3.513322e-05
78  2013-08-02 13:04:00    112 289.7 156.6 156.9925 2.829186e-05 7.807634 0.06714478 0.045739585  0.003020363   1.775290e-03      0.0001172293         1  2.220773e-02    0.001142237      6.824748e-04            3.510255e-05
79  2013-08-02 13:04:15    113 290.3 156.5 156.8964 2.829186e-05 7.711520 0.06714478 0.041565024  0.003020340   1.613263e-03      0.0001172284         1  2.281874e-02    0.001139261      7.012521e-04            3.501110e-05
80  2013-08-02 13:04:30    114 290.6 156.4 156.8003 2.829186e-05 7.615407 0.06714478 0.037390463  0.003020317   1.451236e-03      0.0001172275         1  2.312425e-02    0.001137784      7.106407e-04            3.496570e-05
81  2013-08-02 13:04:45    115 290.9 156.4 156.8042 2.829186e-05 7.619293 0.06714478 0.037559266  0.003020318   1.457787e-03      0.0001172276         1  2.342975e-02    0.001136313      7.200293e-04            3.492050e-05
82  2013-08-02 13:05:00    116 291.4 156.3 156.7081 2.829186e-05 7.523180 0.06714478 0.033384705  0.003020295   1.295760e-03      0.0001172267         1  2.393893e-02    0.001133878      7.356770e-04            3.484566e-05
83  2013-08-02 13:05:15    117 291.6 156.4 156.8120 2.829186e-05 7.627066 0.06714478 0.037896872  0.003020319   1.470891e-03      0.0001172276         1  2.414260e-02    0.001132909      7.419361e-04            3.481589e-05
84  2013-08-02 13:05:30    118 292.2 156.3 156.7159 2.829186e-05 7.530953 0.06714478 0.033722311  0.003020297   1.308864e-03      0.0001172267         1  2.475361e-02    0.001130022      7.607134e-04            3.472716e-05
85  2013-08-02 13:05:45    119 292.3 156.3 156.7197 2.829186e-05 7.534839 0.06714478 0.033891114  0.003020298   1.315415e-03      0.0001172268         1  2.485545e-02    0.001129543      7.638429e-04            3.471245e-05
86  2013-08-02 13:06:00    120 292.9 156.2 156.6236 2.829186e-05 7.438725 0.06714478 0.029716553  0.003020275   1.153388e-03      0.0001172259         1  2.546646e-02    0.001126689      7.826202e-04            3.462474e-05
87  2013-08-02 13:06:15    121 293.1 156.3 156.7275 2.829186e-05 7.542612 0.06714478 0.034228721  0.003020300   1.328519e-03      0.0001172269         1  2.567013e-02    0.001125744      7.888792e-04            3.459569e-05
88  2013-08-02 13:06:30    122 293.7 156.4 156.8314 2.829186e-05 7.646498 0.06714478 0.038740889  0.003020324   1.503650e-03      0.0001172278         1  2.628114e-02    0.001122928      8.076565e-04            3.450915e-05
89  2013-08-02 13:06:45    123 293.9 156.4 156.8353 2.829186e-05 7.650385 0.06714478 0.038909692  0.003020325   1.510201e-03      0.0001172278         1  2.648481e-02    0.001121996      8.139156e-04            3.448050e-05
90  2013-08-02 13:07:00    124 294.3 156.6 157.0392 2.829186e-05 7.854271 0.06714478 0.047765224  0.003020374   1.853911e-03      0.0001172298         1  2.689215e-02    0.001120141      8.264337e-04            3.442350e-05
91  2013-08-02 13:07:15    125 294.8 156.7 157.1431 2.829186e-05 7.958158 0.06714478 0.052277392  0.003020400   2.029042e-03      0.0001172308         1  2.740133e-02    0.001117840      8.420815e-04            3.435280e-05
92  2013-08-02 13:07:30    126 295.0 156.7 157.1469 2.829186e-05 7.962044 0.06714478 0.052446196  0.003020401   2.035594e-03      0.0001172308         1  2.760500e-02    0.001116926      8.483405e-04            3.432470e-05
93  2013-08-02 13:07:45    127 295.6 156.7 157.1508 2.829186e-05 7.965931 0.06714478 0.052614999  0.003020402   2.042145e-03      0.0001172308         1  2.821601e-02    0.001114202      8.671178e-04            3.424100e-05
94  2013-08-02 13:08:00    128 295.9 156.7 157.1547 2.829186e-05 7.969817 0.06714478 0.052783802  0.003020403   2.048697e-03      0.0001172309         1  2.852152e-02    0.001112851      8.765064e-04            3.419948e-05
95  2013-08-02 13:08:15    129 296.4 156.6 157.0586 2.829186e-05 7.873704 0.06714478 0.048609241  0.003020379   1.886670e-03      0.0001172299         1  2.903070e-02    0.001110616      8.921541e-04            3.413080e-05
96  2013-08-02 13:08:30    130 296.7 156.5 156.9625 2.829186e-05 7.777590 0.06714478 0.044434679  0.003020356   1.724643e-03      0.0001172290         1  2.933620e-02    0.001109285      9.015428e-04            3.408990e-05
97  2013-08-02 13:08:45    131 297.1 156.5 156.9664 2.829186e-05 7.781477 0.06714478 0.044603483  0.003020357   1.731195e-03      0.0001172291         1  2.974354e-02    0.001107523      9.140609e-04            3.403573e-05
98  2013-08-02 13:09:00    132 297.7 156.6 157.0703 2.829186e-05 7.885363 0.06714478 0.049115650  0.003020382   1.906325e-03      0.0001172301         1  3.035455e-02    0.001104903      9.328382e-04            3.395523e-05
99  2013-08-02 13:09:15    133 297.8 156.5 156.9741 2.829186e-05 7.789249 0.06714478 0.044941089  0.003020358   1.744298e-03      0.0001172291         1  3.045639e-02    0.001104470      9.359677e-04            3.394191e-05
100 2013-08-02 13:09:30    134 298.4 156.8 157.2780 2.829186e-05 8.093136 0.06714478 0.058139986  0.003020434   2.256587e-03      0.0001172321         1  3.106740e-02    0.001101886      9.547450e-04            3.386250e-05
101 2013-08-02 13:09:45    135 298.7 156.8 157.2819 2.829186e-05 8.097022 0.06714478 0.058308789  0.003020435   2.263138e-03      0.0001172321         1  3.137291e-02    0.001100605      9.641336e-04            3.382315e-05
102 2013-08-02 13:10:00    136 299.1 156.7 157.1858 2.829186e-05 8.000909 0.06714478 0.054134228  0.003020411   2.101111e-03      0.0001172312         1  3.178025e-02    0.001098910      9.766518e-04            3.377105e-05
103 2013-08-02 13:10:15    137 299.6 156.8 157.2897 2.829186e-05 8.104795 0.06714478 0.058646396  0.003020437   2.276242e-03      0.0001172322         1  3.228943e-02    0.001096810      9.922995e-04            3.370652e-05
104 2013-08-02 13:10:30    138 299.9 156.7 157.1936 2.829186e-05 8.008682 0.06714478 0.054471835  0.003020412   2.114215e-03      0.0001172312         1  3.259493e-02    0.001095561      1.001688e-03            3.366812e-05
105 2013-08-02 13:10:45    139 300.5 156.6 157.0975 2.829186e-05 7.912568 0.06714478 0.050297273  0.003020389   1.952188e-03      0.0001172303         1  3.320594e-02    0.001093085      1.020465e-03            3.359203e-05
106 2013-08-02 13:11:00    140 300.9 156.6 157.1014 2.829186e-05 7.916455 0.06714478 0.050466076  0.003020390   1.958739e-03      0.0001172303         1  3.361328e-02    0.001091452      1.032984e-03            3.354185e-05
107 2013-08-02 13:11:15    141 301.2 156.8 157.3052 2.829186e-05 8.120341 0.06714478 0.059321609  0.003020441   2.302449e-03      0.0001172323         1  3.391879e-02    0.001090236      1.042372e-03            3.350449e-05
108 2013-08-02 13:11:30    142 301.8 156.6 157.1091 2.829186e-05 7.924228 0.06714478 0.050803683  0.003020391   1.971843e-03      0.0001172304         1  3.452980e-02    0.001087828      1.061149e-03            3.343050e-05
109 2013-08-02 13:11:45    143 302.0 156.7 157.2130 2.829186e-05 8.028114 0.06714478 0.055315851  0.003020417   2.146974e-03      0.0001172314         1  3.473347e-02    0.001087033      1.067409e-03            3.340605e-05
110 2013-08-02 13:12:00    144 302.5 156.7 157.2169 2.829186e-05 8.032001 0.06714478 0.055484654  0.003020418   2.153525e-03      0.0001172315         1  3.524265e-02    0.001085060      1.083056e-03            3.334541e-05
111 2013-08-02 13:12:15    145 303.1 156.7 157.2208 2.829186e-05 8.035887 0.06714478 0.055653457  0.003020419   2.160077e-03      0.0001172315         1  3.585366e-02    0.001082721      1.101833e-03            3.327355e-05
112 2013-08-02 13:12:30    146 303.3 156.6 157.1247 2.829186e-05 7.939773 0.06714478 0.051478896  0.003020395   1.998050e-03      0.0001172306         1  3.605733e-02    0.001081949      1.108093e-03            3.324981e-05
113 2013-08-02 13:12:45    147 303.9 156.6 157.1286 2.829186e-05 7.943660 0.06714478 0.051647699  0.003020396   2.004602e-03      0.0001172306         1  3.666834e-02    0.001079653      1.126870e-03            3.317927e-05
114 2013-08-02 13:13:00    148 304.3 156.8 157.3324 2.829186e-05 8.147546 0.06714478 0.060503232  0.003020447   2.348311e-03      0.0001172326         1  3.707569e-02    0.001078141      1.139388e-03            3.313280e-05
115 2013-08-02 13:13:15    149 304.5 156.9 157.4363 2.829186e-05 8.251433 0.06714478 0.065015400  0.003020474   2.523442e-03      0.0001172336         1  3.727936e-02    0.001077391      1.145647e-03            3.310973e-05
116 2013-08-02 13:13:30    150 305.2 156.7 157.2402 2.829186e-05 8.055319 0.06714478 0.056497474  0.003020424   2.192836e-03      0.0001172317         1  3.799220e-02    0.001074792      1.167554e-03            3.302987e-05
117 2013-08-02 13:13:45    151 305.6 156.6 157.1441 2.829186e-05 7.959206 0.06714478 0.052322912  0.003020400   2.030809e-03      0.0001172308         1  3.839954e-02    0.001073327      1.180072e-03            3.298485e-05
118 2013-08-02 13:14:00    152 305.9 156.8 157.3480 2.829186e-05 8.163092 0.06714478 0.061178445  0.003020451   2.374518e-03      0.0001172327         1  3.870505e-02    0.001072238      1.189461e-03            3.295138e-05
119 2013-08-02 13:14:15    153 306.5 156.7 157.2519 2.829186e-05 8.066979 0.06714478 0.057003883  0.003020427   2.212491e-03      0.0001172318         1  3.931606e-02    0.001070085      1.208238e-03            3.288522e-05
120 2013-08-02 13:14:30    154 306.8 156.7 157.2558 2.829186e-05 8.070865 0.06714478 0.057172687  0.003020428   2.219043e-03      0.0001172318         1  3.962157e-02    0.001069021      1.217627e-03            3.285252e-05
121 2013-08-02 13:14:45    155 307.3 156.8 157.3597 2.829186e-05 8.174752 0.06714478 0.061684855  0.003020454   2.394174e-03      0.0001172329         1  4.013074e-02    0.001067266      1.233274e-03            3.279860e-05
122 2013-08-02 13:15:00    156 307.8 156.8 157.3635 2.829186e-05 8.178638 0.06714478 0.061853658  0.003020455   2.400725e-03      0.0001172329         1  4.063992e-02    0.001065535      1.248922e-03            3.274539e-05
123 2013-08-02 13:15:15    157 308.4 156.7 157.2674 2.829186e-05 8.082525 0.06714478 0.057679096  0.003020431   2.238698e-03      0.0001172320         1  4.125093e-02    0.001063489      1.267699e-03            3.268250e-05
124 2013-08-02 13:15:30    158 308.6 156.8 157.3713 2.829186e-05 8.186411 0.06714478 0.062191264  0.003020457   2.413829e-03      0.0001172330         1  4.145460e-02    0.001062814      1.273958e-03            3.266177e-05
125 2013-08-02 13:15:45    159 309.0 156.8 157.3752 2.829186e-05 8.190297 0.06714478 0.062360068  0.003020458   2.420381e-03      0.0001172330         1  4.186194e-02    0.001061476      1.286476e-03            3.262065e-05
126 2013-08-02 13:16:00    160 309.3 156.8 157.3791 2.829186e-05 8.194184 0.06714478 0.062528871  0.003020459   2.426932e-03      0.0001172331         1  4.216745e-02    0.001060483      1.295865e-03            3.259012e-05
127 2013-08-02 13:16:15    161 310.0 156.7 157.2830 2.829186e-05 8.098070 0.06714478 0.058354309  0.003020435   2.264905e-03      0.0001172321         1  4.288030e-02    0.001058198      1.317772e-03            3.251991e-05
128 2013-08-02 13:16:30    162 310.3 156.8 157.3869 2.829186e-05 8.201957 0.06714478 0.062866477  0.003020461   2.440036e-03      0.0001172331         1  4.318580e-02    0.001057233      1.327161e-03            3.249027e-05
129 2013-08-02 13:16:45    163 310.7 156.7 157.2907 2.829186e-05 8.105843 0.06714478 0.058691916  0.003020437   2.278009e-03      0.0001172322         1  4.359314e-02    0.001055960      1.339679e-03            3.245115e-05
130 2013-08-02 13:17:00    164 311.3 156.7 157.2946 2.829186e-05 8.109730 0.06714478 0.058860719  0.003020438   2.284561e-03      0.0001172322         1  4.420416e-02    0.001054080      1.358456e-03            3.239337e-05
131 2013-08-02 13:17:15    165 311.6 156.9 157.4985 2.829186e-05 8.313616 0.06714478 0.067716252  0.003020490   2.628270e-03      0.0001172342         1  4.450966e-02    0.001053153      1.367845e-03            3.236488e-05
132 2013-08-02 13:17:30    166 312.0 156.6 157.2024 2.829186e-05 8.017503 0.06714478 0.054854961  0.003020415   2.129085e-03      0.0001172313         1  4.491700e-02    0.001051931      1.380363e-03            3.232731e-05
133 2013-08-02 13:17:45    167 312.7 156.6 157.2063 2.829186e-05 8.021389 0.06714478 0.055023764  0.003020416   2.135637e-03      0.0001172314         1  4.562985e-02    0.001049829      1.402270e-03            3.226273e-05
134 2013-08-02 13:18:00    168 312.9 156.8 157.4102 2.829186e-05 8.225276 0.06714478 0.063879297  0.003020467   2.479347e-03      0.0001172334         1  4.583352e-02    0.001049237      1.408529e-03            3.224454e-05
135 2013-08-02 13:18:15    169 313.4 156.6 157.2141 2.829186e-05 8.029162 0.06714478 0.055361371  0.003020418   2.148740e-03      0.0001172314         1  4.634270e-02    0.001047776      1.424176e-03            3.219962e-05
136 2013-08-02 13:18:30    170 314.0 156.8 157.4179 2.829186e-05 8.233049 0.06714478 0.064216903  0.003020469   2.492450e-03      0.0001172334         1  4.695371e-02    0.001046054      1.442954e-03            3.214671e-05
137 2013-08-02 13:18:45    171 314.3 156.8 157.4218 2.829186e-05 8.236935 0.06714478 0.064385707  0.003020470   2.499002e-03      0.0001172335         1  4.725922e-02    0.001045207      1.452342e-03            3.212067e-05
138 2013-08-02 13:19:00    172 314.7 156.7 157.3257 2.829186e-05 8.140822 0.06714478 0.060211145  0.003020446   2.336975e-03      0.0001172325         1  4.766656e-02    0.001044091      1.464860e-03            3.208638e-05
139 2013-08-02 13:19:15    173 315.3 156.9 157.5296 2.829186e-05 8.344708 0.06714478 0.069066678  0.003020498   2.680684e-03      0.0001172346         1  4.827757e-02    0.001042447      1.483638e-03            3.203586e-05
140 2013-08-02 13:19:30    174 315.7 156.9 157.5335 2.829186e-05 8.348594 0.06714478 0.069235481  0.003020499   2.687236e-03      0.0001172346         1  4.868491e-02    0.001041371      1.496156e-03            3.200280e-05
141 2013-08-02 13:19:45    175 316.1 157.0 157.6374 2.829186e-05 8.452481 0.06714478 0.073747649  0.003020526   2.862367e-03      0.0001172357         1  4.909225e-02    0.001040311      1.508674e-03            3.197023e-05
142 2013-08-02 13:20:00    176 316.6 156.7 157.3413 2.829186e-05 8.156367 0.06714478 0.060886358  0.003020450   2.363182e-03      0.0001172327         1  4.960143e-02    0.001039009      1.524322e-03            3.193022e-05
143 2013-08-02 13:20:15    177 316.9 156.9 157.5452 2.829186e-05 8.360254 0.06714478 0.069741891  0.003020502   2.706891e-03      0.0001172347         1  4.990693e-02    0.001038240      1.533710e-03            3.190659e-05
144 2013-08-02 13:20:30    178 317.5 156.8 157.4490 2.829186e-05 8.264140 0.06714478 0.065567329  0.003020477   2.544864e-03      0.0001172338         1  5.051795e-02    0.001036730      1.552488e-03            3.186017e-05
145 2013-08-02 13:20:45    179 317.8 156.9 157.5529 2.829186e-05 8.368027 0.06714478 0.070079497  0.003020504   2.719995e-03      0.0001172348         1  5.082345e-02    0.001035988      1.561876e-03            3.183738e-05
146 2013-08-02 13:21:00    180 318.1 156.9 157.5568 2.829186e-05 8.371913 0.06714478 0.070248300  0.003020505   2.726547e-03      0.0001172348         1  5.112896e-02    0.001035256      1.571265e-03            3.181488e-05
147 2013-08-02 13:21:15    181 318.6 156.9 157.5607 2.829186e-05 8.375800 0.06714478 0.070417104  0.003020506   2.733098e-03      0.0001172349         1  5.163813e-02    0.001034056      1.586913e-03            3.177800e-05
148 2013-08-02 13:21:30    182 318.9 157.0 157.6646 2.829186e-05 8.479686 0.06714478 0.074929272  0.003020533   2.908229e-03      0.0001172359         1  5.194364e-02    0.001033348      1.596301e-03            3.175625e-05
149 2013-08-02 13:21:45    183 319.5 156.9 157.5685 2.829186e-05 8.383573 0.06714478 0.070754710  0.003020508   2.746202e-03      0.0001172350         1  5.255465e-02    0.001031961      1.615078e-03            3.171361e-05
150 2013-08-02 13:22:00    184 319.7 157.0 157.6724 2.829186e-05 8.487459 0.06714478 0.075266878  0.003020536   2.921333e-03      0.0001172360         1  5.275832e-02    0.001031507      1.621338e-03            3.169965e-05
151 2013-08-02 13:22:15    185 320.2 156.8 157.4762 2.829186e-05 8.291346 0.06714478 0.066748952  0.003020484   2.590726e-03      0.0001172340         1  5.326750e-02    0.001030389      1.636985e-03            3.166531e-05
152 2013-08-02 13:22:30    186 320.7 156.9 157.5801 2.829186e-05 8.395232 0.06714478 0.071261120  0.003020511   2.765857e-03      0.0001172351         1  5.377668e-02    0.001029298      1.652633e-03            3.163177e-05
153 2013-08-02 13:22:45    187 320.9 156.9 157.5840 2.829186e-05 8.399118 0.06714478 0.071429923  0.003020512   2.772409e-03      0.0001172351         1  5.398035e-02    0.001028869      1.658892e-03            3.161858e-05
154 2013-08-02 13:23:00    188 321.5 156.9 157.5879 2.829186e-05 8.403005 0.06714478 0.071598726  0.003020513   2.778961e-03      0.0001172352         1  5.459136e-02    0.001027606      1.677669e-03            3.157977e-05
155 2013-08-02 13:23:15    189 322.0 157.0 157.6918 2.829186e-05 8.506891 0.06714478 0.076110894  0.003020541   2.954091e-03      0.0001172362         1  5.510053e-02    0.001026582      1.693317e-03            3.154832e-05
156 2013-08-02 13:23:30    190 322.2 157.1 157.7957 2.829186e-05 8.610778 0.06714478 0.080623062  0.003020568   3.129222e-03      0.0001172373         1  5.530421e-02    0.001026180      1.699576e-03            3.153596e-05
157 2013-08-02 13:23:45    191 322.8 157.1 157.7996 2.829186e-05 8.614664 0.06714478 0.080791866  0.003020569   3.135774e-03      0.0001172373         1  5.591522e-02    0.001024999      1.718353e-03            3.149967e-05
158 2013-08-02 13:24:00    192 323.2 156.9 157.6034 2.829186e-05 8.418551 0.06714478 0.072273940  0.003020517   2.805168e-03      0.0001172353         1  5.632256e-02    0.001024233      1.730872e-03            3.147613e-05
159 2013-08-02 13:24:15    193 323.6 156.8 157.5073 2.829186e-05 8.322437 0.06714478 0.068099378  0.003020492   2.643140e-03      0.0001172343         1  5.672990e-02    0.001023484      1.743390e-03            3.145310e-05
160 2013-08-02 13:24:30    194 324.2 156.9 157.6112 2.829186e-05 8.426324 0.06714478 0.072611546  0.003020519   2.818271e-03      0.0001172354         1  5.734091e-02    0.001022392      1.762167e-03            3.141955e-05
161 2013-08-02 13:24:45    195 324.5 157.1 157.8151 2.829186e-05 8.630210 0.06714478 0.081467079  0.003020574   3.161981e-03      0.0001172375         1  5.764642e-02    0.001021860      1.771556e-03            3.140321e-05
162 2013-08-02 13:25:00    196 324.9 157.0 157.7190 2.829186e-05 8.534097 0.06714478 0.077292517  0.003020548   2.999954e-03      0.0001172365         1  5.805376e-02    0.001021166      1.784074e-03            3.138188e-05
163 2013-08-02 13:25:15    197 325.3 157.0 157.7229 2.829186e-05 8.537983 0.06714478 0.077461320  0.003020549   3.006505e-03      0.0001172365         1  5.846110e-02    0.001020490      1.796592e-03            3.136108e-05
164 2013-08-02 13:25:30    198 325.6 157.4 158.1268 2.829186e-05 8.941870 0.06714478 0.095003582  0.003020659   3.687373e-03      0.0001172408         1  5.876661e-02    0.001019993      1.805981e-03            3.134583e-05
165 2013-08-02 13:25:45    199 326.2 157.1 157.8307 2.829186e-05 8.645756 0.06714478 0.082142292  0.003020578   3.188188e-03      0.0001172377         1  5.937762e-02    0.001019029      1.824758e-03            3.131621e-05
166 2013-08-02 13:26:00    200 326.4 157.1 157.8345 2.829186e-05 8.649642 0.06714478 0.082311095  0.003020579   3.194740e-03      0.0001172377         1  5.958129e-02    0.001018717      1.831017e-03            3.130660e-05
167 2013-08-02 13:26:15    201 327.0 157.0 157.7384 2.829186e-05 8.553529 0.06714478 0.078136533  0.003020553   3.032712e-03      0.0001172367         1  6.019230e-02    0.001017804      1.849794e-03            3.127856e-05
168 2013-08-02 13:26:30    202 327.5 156.9 157.6423 2.829186e-05 8.457415 0.06714478 0.073961972  0.003020528   2.870685e-03      0.0001172357         1  6.070148e-02    0.001017074      1.865442e-03            3.125611e-05
169 2013-08-02 13:26:45    203 327.7 157.0 157.7462 2.829186e-05 8.561302 0.06714478 0.078474140  0.003020555   3.045816e-03      0.0001172368         1  6.090515e-02    0.001016789      1.871701e-03            3.124736e-05
170 2013-08-02 13:27:00    204 328.3 157.0 157.7501 2.829186e-05 8.565188 0.06714478 0.078642943  0.003020556   3.052368e-03      0.0001172368         1  6.151616e-02    0.001015961      1.890478e-03            3.122192e-05
171 2013-08-02 13:27:15    205 328.8 157.2 157.9540 2.829186e-05 8.769075 0.06714478 0.087498476  0.003020611   3.396077e-03      0.0001172390         1  6.202534e-02    0.001015301      1.906126e-03            3.120163e-05
172 2013-08-02 13:27:30    206 329.1 157.2 157.9579 2.829186e-05 8.772961 0.06714478 0.087667279  0.003020612   3.402629e-03      0.0001172390         1  6.233084e-02    0.001014918      1.915515e-03            3.118986e-05
173 2013-08-02 13:27:45    207 329.7 157.1 157.8617 2.829186e-05 8.676848 0.06714478 0.083492718  0.003020586   3.240602e-03      0.0001172380         1  6.294185e-02    0.001014181      1.934292e-03            3.116722e-05
174 2013-08-02 13:28:00    208 330.3 157.2 157.9656 2.829186e-05 8.780734 0.06714478 0.088004885  0.003020614   3.415733e-03      0.0001172391         1  6.355287e-02    0.001013484      1.953069e-03            3.114578e-05
175 2013-08-02 13:28:15    209 330.4 157.2 157.9695 2.829186e-05 8.784621 0.06714478 0.088173689  0.003020615   3.422285e-03      0.0001172391         1  6.365470e-02    0.001013371      1.956199e-03            3.114232e-05
176 2013-08-02 13:28:30    210 331.0 157.2 157.9734 2.829186e-05 8.788507 0.06714478 0.088342492  0.003020617   3.428836e-03      0.0001172392         1  6.426571e-02    0.001012720      1.974976e-03            3.112230e-05
177 2013-08-02 13:28:45    211 331.2 157.4 158.1773 2.829186e-05 8.992394 0.06714478 0.097198024  0.003020673   3.772546e-03      0.0001172414         1  6.446938e-02    0.001012511      1.981235e-03            3.111589e-05
178 2013-08-02 13:29:00    212 331.7 157.3 158.0812 2.829186e-05 8.896280 0.06714478 0.093023463  0.003020646   3.610519e-03      0.0001172403         1  6.497856e-02    0.001012009      1.996883e-03            3.110046e-05
179 2013-08-02 13:29:15    213 332.2 157.4 158.1851 2.829186e-05 9.000166 0.06714478 0.097535631  0.003020675   3.785649e-03      0.0001172414         1  6.548774e-02    0.001011535      2.012530e-03            3.108588e-05

$dryleafvolt
             timestamp record LWSmV  SEmV    CSEmV     CSEmV.sd   loadmV  loadmV.sd
1  2013-08-02 12:41:30     22 262.8 155.7 155.7428 2.829186e-05 6.557852 0.06714478
2  2013-08-02 12:41:45     23 262.7 155.8 155.8466 2.829186e-05 6.661739 0.06714478
3  2013-08-02 12:42:00     24 262.6 155.9 155.9505 2.829186e-05 6.765625 0.06714478
4  2013-08-02 12:42:15     25 262.5 155.9 155.9544 2.829186e-05 6.769511 0.06714478
5  2013-08-02 12:42:30     26 262.5 155.9 155.9583 2.829186e-05 6.773398 0.06714478
6  2013-08-02 12:42:45     27 262.5 155.9 155.9622 2.829186e-05 6.777284 0.06714478
7  2013-08-02 12:43:00     28 262.6 155.8 155.8661 2.829186e-05 6.681171 0.06714478
8  2013-08-02 12:43:15     29 262.9 155.8 155.8700 2.829186e-05 6.685057 0.06714478
9  2013-08-02 12:43:30     30 263.1 155.8 155.8738 2.829186e-05 6.688944 0.06714478
10 2013-08-02 12:43:45     31 263.1 155.9 155.9777 2.829186e-05 6.792830 0.06714478
11 2013-08-02 12:44:00     32 263.1 155.9 155.9816 2.829186e-05 6.796717 0.06714478
12 2013-08-02 12:44:15     33 263.1 155.9 155.9855 2.829186e-05 6.800603 0.06714478
13 2013-08-02 12:44:30     34 263.1 156.1 156.1894 2.829186e-05 7.004490 0.06714478
14 2013-08-02 12:44:45     35 263.1 155.9 155.9933 2.829186e-05 6.808376 0.06714478

$runtime
Time difference of 44.5 mins

$startcalibvolt
            timestamp record LWSmV  SEmV    CSEmV     CSEmV.sd   loadmV  loadmV.sd
1 2013-08-02 12:39:15     13 262.5 271.8 271.8078 2.829186e-05 122.6229 0.06714478
2 2013-08-02 12:39:30     14 262.5 271.9 271.9117 2.829186e-05 122.7268 0.06714478
3 2013-08-02 12:39:45     15 262.4 272.1 272.1155 2.829186e-05 122.9306 0.06714478
4 2013-08-02 12:40:00     16 262.4 271.6 271.6194 2.829186e-05 122.4345 0.06714478
5 2013-08-02 12:40:15     17 262.4 271.9 271.9233 2.829186e-05 122.7384 0.06714478
6 2013-08-02 12:40:30     18 262.4 272.0 272.0272 2.829186e-05 122.8423 0.06714478

$endcalibvolt
            timestamp record LWSmV  SEmV
1 2013-08-02 13:33:15    229 264.4 271.1
2 2013-08-02 13:33:30    230 264.3 271.1
3 2013-08-02 13:33:45    231 264.2 271.2
4 2013-08-02 13:34:00    232 264.0 271.2

$lastLWSvolt
[1] 329.8

$maxLWSvolt
[1] 332.4

$species
[1] "valleyoak"

$trial
[1] "7"

$replicate
[1] "1"

$isvertical
[1] FALSE

$conversionfactor
         avg        stdev
1 0.04343365 9.702017e-06

$LWSwatermass
         avg       stdev
1 0.05538928 0.001956381

$dryleafmass
        avg        stdev
1 0.2933744 0.0007821755

$lwsmodel

Call:
lm(formula = LWSsurfacedensity ~ record, data = rd[rd$runfilter == 
    1, ])

Coefficients:
(Intercept)       record  
 -7.595e-04    1.293e-05  


$leafmodel

Call:
lm(formula = surfacedensity ~ record, data = rd[rd$runfilter == 
    1, ])

Coefficients:
(Intercept)       record  
 -3.831e-04    1.743e-05  


