$name
[1] "valleyoak6"

$leafarea
[1] 24.63562

$startbasevolt
            timestamp record LWSmV  SEmV CSEmV CSEmV.sd      loadmV  loadmV.sd
1 2013-07-31 10:51:15      3 264.4 156.3 156.3        0 -0.02362268 0.04863047
2 2013-07-31 10:51:30      4 264.4 156.4 156.4        0  0.07637732 0.04863047
3 2013-07-31 10:51:45      5 264.3 156.3 156.3        0 -0.02362268 0.04863047
4 2013-07-31 10:52:00      6 264.3 156.3 156.3        0 -0.02362268 0.04863047

$endbasevolt
            timestamp record LWSmV  SEmV    CSEmV     CSEmV.sd      loadmV  loadmV.sd
1 2013-07-31 11:47:00    226 265.1 156.0 156.3535 2.283296e-05  0.02989003 0.04863048
2 2013-07-31 11:47:15    227 265.0 155.9 156.2551 2.283296e-05 -0.06850310 0.04863048
3 2013-07-31 11:47:30    228 265.0 156.0 156.3567 2.283296e-05  0.03310378 0.04863048

$dryragvolt
            timestamp record LWSmV  SEmV    CSEmV     CSEmV.sd   loadmV  loadmV.sd
1 2013-07-31 11:42:45    209 344.0 252.4 252.7262 2.283296e-05 96.40257 0.04863048
2 2013-07-31 11:43:00    210 343.9 252.3 252.6278 2.283296e-05 96.30418 0.04863048
3 2013-07-31 11:43:15    211 343.5 252.3 252.6294 2.283296e-05 96.30579 0.04863048
4 2013-07-31 11:43:30    212 343.3 252.3 252.6310 2.283296e-05 96.30739 0.04863048

$wetragvolt
            timestamp record LWSmV  SEmV    CSEmV     CSEmV.sd   loadmV  loadmV.sd
1 2013-07-31 11:44:15    215 266.4 254.3 254.6358 2.283296e-05 98.31221 0.04863048
2 2013-07-31 11:44:30    216 265.8 254.4 254.7374 2.283296e-05 98.41382 0.04863048
3 2013-07-31 11:44:45    217 265.7 254.3 254.6391 2.283296e-05 98.31543 0.04863048
4 2013-07-31 11:45:00    218 265.1 254.2 254.5407 2.283296e-05 98.21704 0.04863048

$rundata
              timestamp record LWSmV  SEmV    CSEmV     CSEmV.sd   loadmV  loadmV.sd     watermass watermass.sd surfacedensity surfacedensity.sd runfilter      LWSwater LWSwater.stdev LWSsurfacedensity LWSsurfacedensity.stdev
1   2013-07-31 10:56:30     24 264.4 163.3 163.3289 2.283296e-05 7.005301 0.04863048  0.0029226791  0.002218890   1.186363e-04      9.006835e-05         0 -3.556603e-03    0.001290101     -1.092994e-04            3.964662e-05
2   2013-07-31 10:56:45     25 264.9 163.5 163.5305 2.283296e-05 7.206908 0.04863048  0.0116869800  0.002218938   4.743935e-04      9.007029e-05         0 -3.047427e-03    0.001286804     -9.365172e-05            3.954529e-05
3   2013-07-31 10:57:00     26 265.1 163.1 163.1321 2.283296e-05 6.808515 0.04863048 -0.0056320583  0.002218844  -2.286144e-04      9.006650e-05         0 -2.843756e-03    0.001285489     -8.739263e-05            3.950488e-05
4   2013-07-31 10:57:15     27 265.1 163.2 163.2337 2.283296e-05 6.910122 0.04863048 -0.0012149807  0.002218868  -4.931804e-05      9.006744e-05         0 -2.843756e-03    0.001285489     -8.739263e-05            3.950488e-05
5   2013-07-31 10:57:30     28 265.1 163.2 163.2354 2.283296e-05 6.911729 0.04863048 -0.0011451262  0.002218868  -4.648254e-05      9.006746e-05         0 -2.843756e-03    0.001285489     -8.739263e-05            3.950488e-05
6   2013-07-31 10:57:45     29 265.6 163.3 163.3370 2.283296e-05 7.013335 0.04863048  0.0032719515  0.002218892   1.328138e-04      9.006842e-05         0 -2.334580e-03    0.001282210     -7.174492e-05            3.940413e-05
7   2013-07-31 10:58:00     30 265.8 163.5 163.5386 2.283296e-05 7.214942 0.04863048  0.0120362524  0.002218940   4.885711e-04      9.007037e-05         0 -2.130909e-03    0.001280903     -6.548584e-05            3.936394e-05
8   2013-07-31 10:58:15     31 266.0 163.6 163.6402 2.283296e-05 7.316549 0.04863048  0.0164533301  0.002218964   6.678675e-04      9.007138e-05         0 -1.927238e-03    0.001279597     -5.922675e-05            3.932383e-05
9   2013-07-31 10:58:30     32 266.4 163.5 163.5418 2.283296e-05 7.218156 0.04863048  0.0121759613  0.002218940   4.942421e-04      9.007040e-05         0 -1.519897e-03    0.001276993     -4.670858e-05            3.924379e-05
10  2013-07-31 10:58:45     33 266.6 163.2 163.2434 2.283296e-05 6.919763 0.04863048 -0.0007958538  0.002218870  -3.230500e-05      9.006754e-05         0 -1.316227e-03    0.001275694     -4.044950e-05            3.920387e-05
11  2013-07-31 10:59:00     34 267.1 163.2 163.2450 2.283296e-05 6.921370 0.04863048 -0.0007259993  0.002218870  -2.946949e-05      9.006755e-05         0 -8.070501e-04    0.001272456     -2.480179e-05            3.910438e-05
12  2013-07-31 10:59:15     35 267.3 163.2 163.2466 2.283296e-05 6.922977 0.04863048 -0.0006561448  0.002218870  -2.663399e-05      9.006757e-05         0 -6.033795e-04    0.001271165     -1.854270e-05            3.906470e-05
13  2013-07-31 10:59:30     36 267.8 163.3 163.3482 2.283296e-05 7.024584 0.04863048  0.0037609329  0.002218894   1.526624e-04      9.006853e-05         0 -9.420292e-05    0.001267947     -2.894988e-06            3.896579e-05
14  2013-07-31 10:59:45     37 268.0 163.4 163.4498 2.283296e-05 7.126190 0.04863048  0.0081780106  0.002218918   3.319588e-04      9.006951e-05         0  1.094677e-04    0.001266664      3.364097e-06            3.892635e-05
15  2013-07-31 11:00:00     38 268.5 163.2 163.2514 2.283296e-05 6.927797 0.04863048 -0.0004465813  0.002218872  -1.812746e-05      9.006761e-05         0  6.186443e-04    0.001263465      1.901181e-05            3.882805e-05
16  2013-07-31 11:00:15     39 268.9 163.2 163.2530 2.283296e-05 6.929404 0.04863048 -0.0003767269  0.002218872  -1.529196e-05      9.006763e-05         0  1.025985e-03    0.001260916      3.152998e-05            3.874972e-05
17  2013-07-31 11:00:30     40 269.2 163.2 163.2546 2.283296e-05 6.931011 0.04863048 -0.0003068724  0.002218872  -1.245645e-05      9.006764e-05         0  1.331491e-03    0.001259010      4.091861e-05            3.869116e-05
18  2013-07-31 11:00:45     41 269.7 163.4 163.4562 2.283296e-05 7.132618 0.04863048  0.0084574285  0.002218920   3.433008e-04      9.006957e-05         0  1.840668e-03    0.001255846      5.656632e-05            3.859390e-05
19  2013-07-31 11:01:00     42 270.0 163.6 163.6578 2.283296e-05 7.334225 0.04863048  0.0172217294  0.002218969   6.990580e-04      9.007155e-05         0  2.146174e-03    0.001253954      6.595494e-05            3.853576e-05
20  2013-07-31 11:01:15     43 270.5 163.3 163.3595 2.283296e-05 7.035832 0.04863048  0.0042499143  0.002218897   1.725109e-04      9.006864e-05         0  2.655350e-03    0.001250812      8.160266e-05            3.843921e-05
21  2013-07-31 11:01:30     44 270.9 163.4 163.4611 2.283296e-05 7.137439 0.04863048  0.0086669919  0.002218921   3.518073e-04      9.006962e-05         0  3.062692e-03    0.001248309      9.412083e-05            3.836229e-05
22  2013-07-31 11:01:45     45 271.2 163.4 163.4627 2.283296e-05 7.139045 0.04863048  0.0087368464  0.002218921   3.546428e-04      9.006963e-05         0  3.368198e-03    0.001246438      1.035095e-04            3.830479e-05
23  2013-07-31 11:02:00     46 271.9 163.4 163.4643 2.283296e-05 7.140652 0.04863048  0.0088067009  0.002218922   3.574783e-04      9.006965e-05         0  4.081045e-03    0.001242093      1.254163e-04            3.817126e-05
24  2013-07-31 11:02:15     47 272.1 163.6 163.6659 2.283296e-05 7.342259 0.04863048  0.0175710018  0.002218971   7.132356e-04      9.007163e-05         0  4.284715e-03    0.001240857      1.316753e-04            3.813327e-05
25  2013-07-31 11:02:30     48 272.6 163.6 163.6675 2.283296e-05 7.343866 0.04863048  0.0176408563  0.002218971   7.160711e-04      9.007165e-05         0  4.793892e-03    0.001237777      1.473230e-04            3.803862e-05
26  2013-07-31 11:02:45     49 273.1 163.7 163.7691 2.283296e-05 7.445473 0.04863048  0.0220579339  0.002218996   8.953674e-04      9.007267e-05         0  5.303069e-03    0.001234712      1.629708e-04            3.794443e-05
27  2013-07-31 11:03:00     50 273.4 163.6 163.6707 2.283296e-05 7.347080 0.04863048  0.0177805652  0.002218972   7.217421e-04      9.007168e-05         0  5.608574e-03    0.001232880      1.723594e-04            3.788814e-05
28  2013-07-31 11:03:15     51 273.9 163.5 163.5723 2.283296e-05 7.248687 0.04863048  0.0135031965  0.002218948   5.481167e-04      9.007070e-05         0  6.117751e-03    0.001229839      1.880071e-04            3.779469e-05
29  2013-07-31 11:03:30     52 274.5 163.6 163.6739 2.283296e-05 7.350294 0.04863048  0.0179202742  0.002218973   7.274131e-04      9.007171e-05         1  6.728763e-03    0.001226210      2.067844e-04            3.768317e-05
30  2013-07-31 11:03:45     53 274.7 163.4 163.4755 2.283296e-05 7.151900 0.04863048  0.0092956823  0.002218924   3.773269e-04      9.006976e-05         1  6.932433e-03    0.001225006      2.130434e-04            3.764615e-05
31  2013-07-31 11:04:00     54 275.3 163.5 163.5771 2.283296e-05 7.253507 0.04863048  0.0137127600  0.002218949   5.566233e-04      9.007075e-05         1  7.543445e-03    0.001221407      2.318207e-04            3.753555e-05
32  2013-07-31 11:04:15     55 275.7 163.7 163.7787 2.283296e-05 7.455114 0.04863048  0.0224770608  0.002218999   9.123805e-04      9.007277e-05         1  7.950787e-03    0.001219020      2.443389e-04            3.746220e-05
33  2013-07-31 11:04:30     56 276.1 163.6 163.6803 2.283296e-05 7.356721 0.04863048  0.0181996921  0.002218974   7.387551e-04      9.007178e-05         1  8.358128e-03    0.001216643      2.568570e-04            3.738915e-05
34  2013-07-31 11:04:45     57 276.6 163.4 163.4820 2.283296e-05 7.158328 0.04863048  0.0095751002  0.002218926   3.886689e-04      9.006982e-05         1  8.867304e-03    0.001213686      2.725047e-04            3.729828e-05
35  2013-07-31 11:05:00     58 277.2 163.6 163.6836 2.283296e-05 7.359935 0.04863048  0.0183394011  0.002218975   7.444261e-04      9.007181e-05         1  9.478316e-03    0.001210159      2.912820e-04            3.718988e-05
36  2013-07-31 11:05:15     59 277.5 163.5 163.5852 2.283296e-05 7.261542 0.04863048  0.0140620324  0.002218951   5.708008e-04      9.007083e-05         1  9.783822e-03    0.001208404      3.006706e-04            3.713595e-05
37  2013-07-31 11:05:30     60 278.0 163.7 163.7868 2.283296e-05 7.463149 0.04863048  0.0228263333  0.002219001   9.265580e-04      9.007285e-05         1  1.029300e-02    0.001205492      3.163183e-04            3.704646e-05
38  2013-07-31 11:05:45     61 278.6 163.7 163.7884 2.283296e-05 7.464755 0.04863048  0.0228961877  0.002219001   9.293935e-04      9.007287e-05         1  1.090401e-02    0.001202019      3.350956e-04            3.693973e-05
39  2013-07-31 11:06:00     62 278.9 163.6 163.6900 2.283296e-05 7.366362 0.04863048  0.0186188190  0.002218977   7.557682e-04      9.007187e-05         1  1.120952e-02    0.001200291      3.444842e-04            3.688663e-05
40  2013-07-31 11:06:15     63 279.4 163.6 163.6916 2.283296e-05 7.367969 0.04863048  0.0186886735  0.002218977   7.586037e-04      9.007189e-05         1  1.171869e-02    0.001197425      3.601319e-04            3.679855e-05
41  2013-07-31 11:06:30     64 280.0 163.4 163.4932 2.283296e-05 7.169576 0.04863048  0.0100640816  0.002218929   4.085175e-04      9.006993e-05         1  1.232970e-02    0.001194007      3.789092e-04            3.669352e-05
42  2013-07-31 11:06:45     65 280.3 163.7 163.7948 2.283296e-05 7.471183 0.04863048  0.0231756057  0.002219003   9.407356e-04      9.007293e-05         1  1.263521e-02    0.001192307      3.882978e-04            3.664128e-05
43  2013-07-31 11:07:00     66 280.8 163.6 163.6964 2.283296e-05 7.372790 0.04863048  0.0188982370  0.002218978   7.671102e-04      9.007194e-05         1  1.314439e-02    0.001189487      4.039455e-04            3.655462e-05
44  2013-07-31 11:07:15     67 281.4 163.7 163.7980 2.283296e-05 7.474397 0.04863048  0.0233153146  0.002219003   9.464066e-04      9.007296e-05         1  1.375540e-02    0.001186126      4.227228e-04            3.645133e-05
45  2013-07-31 11:07:30     68 281.7 163.7 163.7996 2.283296e-05 7.476004 0.04863048  0.0233851691  0.002219004   9.492421e-04      9.007298e-05         1  1.406091e-02    0.001184455      4.321114e-04            3.639996e-05
46  2013-07-31 11:07:45     69 282.1 163.5 163.6012 2.283296e-05 7.277611 0.04863048  0.0147605772  0.002218955   5.991559e-04      9.007099e-05         1  1.446825e-02    0.001182236      4.446296e-04            3.633177e-05
47  2013-07-31 11:08:00     70 282.7 163.7 163.8028 2.283296e-05 7.479217 0.04863048  0.0235248781  0.002219005   9.549131e-04      9.007301e-05         1  1.507926e-02    0.001178928      4.634068e-04            3.623011e-05
48  2013-07-31 11:08:15     71 283.0 163.8 163.9044 2.283296e-05 7.580824 0.04863048  0.0279419558  0.002219030   1.134209e-03      9.007405e-05         1  1.538476e-02    0.001177283      4.727955e-04            3.617957e-05
49  2013-07-31 11:08:30     72 283.5 163.6 163.7061 2.283296e-05 7.382431 0.04863048  0.0193173639  0.002218981   7.841232e-04      9.007203e-05         1  1.589394e-02    0.001174556      4.884432e-04            3.609576e-05
50  2013-07-31 11:08:45     73 284.1 163.8 163.9077 2.283296e-05 7.584038 0.04863048  0.0280816647  0.002219031   1.139880e-03      9.007409e-05         1  1.650495e-02    0.001171307      5.072204e-04            3.599591e-05
51  2013-07-31 11:09:00     74 284.4 163.9 164.0093 2.283296e-05 7.685645 0.04863048  0.0324987424  0.002219057   1.319177e-03      9.007514e-05         1  1.681046e-02    0.001169692      5.166091e-04            3.594627e-05
52  2013-07-31 11:09:15     75 284.9 164.1 164.2109 2.283296e-05 7.887252 0.04863048  0.0412630433  0.002219110   1.674934e-03      9.007727e-05         1  1.731964e-02    0.001167014      5.322568e-04            3.586399e-05
53  2013-07-31 11:09:30     76 285.5 163.7 163.8125 2.283296e-05 7.488859 0.04863048  0.0239440050  0.002219007   9.719261e-04      9.007311e-05         1  1.793065e-02    0.001163825      5.510340e-04            3.576597e-05
54  2013-07-31 11:09:45     77 285.8 163.5 163.6141 2.283296e-05 7.290466 0.04863048  0.0153194131  0.002218958   6.218399e-04      9.007112e-05         1  1.823615e-02    0.001162240      5.604226e-04            3.571726e-05
55  2013-07-31 11:10:00     78 286.3 163.5 163.6157 2.283296e-05 7.292072 0.04863048  0.0153892676  0.002218958   6.246754e-04      9.007113e-05         1  1.874533e-02    0.001159612      5.760704e-04            3.563652e-05
56  2013-07-31 11:10:15     79 286.8 163.4 163.5173 2.283296e-05 7.193679 0.04863048  0.0111118989  0.002218934   4.510501e-04      9.007016e-05         1  1.925451e-02    0.001157003      5.917181e-04            3.555634e-05
57  2013-07-31 11:10:30     80 287.2 163.5 163.6189 2.283296e-05 7.295286 0.04863048  0.0155289765  0.002218959   6.303464e-04      9.007116e-05         1  1.966185e-02    0.001154929      6.042362e-04            3.549261e-05
58  2013-07-31 11:10:45     81 287.6 163.5 163.6205 2.283296e-05 7.296893 0.04863048  0.0155988310  0.002218960   6.331819e-04      9.007118e-05         1  2.006919e-02    0.001152867      6.167544e-04            3.542923e-05
59  2013-07-31 11:11:00     82 288.2 163.5 163.6221 2.283296e-05 7.298500 0.04863048  0.0156686855  0.002218960   6.360175e-04      9.007120e-05         1  2.068020e-02    0.001149796      6.355317e-04            3.533486e-05
60  2013-07-31 11:11:15     83 288.6 163.7 163.8237 2.283296e-05 7.500107 0.04863048  0.0244329864  0.002219010   9.917747e-04      9.007322e-05         1  2.108754e-02    0.001147764      6.480498e-04            3.527240e-05
61  2013-07-31 11:11:30     84 289.0 163.4 163.5253 2.283296e-05 7.201714 0.04863048  0.0114611713  0.002218936   4.652276e-04      9.007024e-05         1  2.149488e-02    0.001145744      6.605680e-04            3.521031e-05
62  2013-07-31 11:11:45     85 289.6 163.4 163.5269 2.283296e-05 7.203321 0.04863048  0.0115310258  0.002218937   4.680631e-04      9.007026e-05         1  2.210589e-02    0.001142736      6.793453e-04            3.511788e-05
63  2013-07-31 11:12:00     86 289.9 163.4 163.5286 2.283296e-05 7.204927 0.04863048  0.0116008802  0.002218937   4.708986e-04      9.007027e-05         1  2.241140e-02    0.001141242      6.887339e-04            3.507198e-05
64  2013-07-31 11:12:15     87 290.3 163.4 163.5302 2.283296e-05 7.206534 0.04863048  0.0116707347  0.002218938   4.737341e-04      9.007029e-05         1  2.281874e-02    0.001139261      7.012521e-04            3.501110e-05
65  2013-07-31 11:12:30     88 290.9 163.5 163.6318 2.283296e-05 7.308141 0.04863048  0.0160878124  0.002218962   6.530305e-04      9.007129e-05         1  2.342975e-02    0.001136313      7.200293e-04            3.492050e-05
66  2013-07-31 11:12:45     89 291.3 163.6 163.7334 2.283296e-05 7.409748 0.04863048  0.0205048901  0.002218987   8.323269e-04      9.007231e-05         1  2.383709e-02    0.001134363      7.325475e-04            3.486058e-05
67  2013-07-31 11:13:00     90 291.6 163.7 163.8350 2.283296e-05 7.511355 0.04863048  0.0249219678  0.002219013   1.011623e-03      9.007334e-05         1  2.414260e-02    0.001132909      7.419361e-04            3.481589e-05
68  2013-07-31 11:13:15     91 292.3 163.7 163.8366 2.283296e-05 7.512962 0.04863048  0.0249918222  0.002219013   1.014459e-03      9.007336e-05         1  2.485545e-02    0.001129543      7.638429e-04            3.471245e-05
69  2013-07-31 11:13:30     92 292.6 163.7 163.8382 2.283296e-05 7.514569 0.04863048  0.0250616767  0.002219014   1.017294e-03      9.007337e-05         1  2.516095e-02    0.001128112      7.732315e-04            3.466848e-05
70  2013-07-31 11:13:45     93 293.1 163.6 163.7398 2.283296e-05 7.416176 0.04863048  0.0207843080  0.002218989   8.436689e-04      9.007237e-05         1  2.567013e-02    0.001125744      7.888792e-04            3.459569e-05
71  2013-07-31 11:14:00     94 293.6 163.7 163.8414 2.283296e-05 7.517782 0.04863048  0.0252013857  0.002219014   1.022965e-03      9.007341e-05         1  2.617931e-02    0.001123395      8.045270e-04            3.452351e-05
72  2013-07-31 11:14:15     95 294.1 163.8 163.9430 2.283296e-05 7.619389 0.04863048  0.0296184634  0.002219040   1.202262e-03      9.007445e-05         1  2.668848e-02    0.001121066      8.201747e-04            3.445195e-05
73  2013-07-31 11:14:30     96 294.5 163.8 163.9446 2.283296e-05 7.620996 0.04863048  0.0296883178  0.002219041   1.205097e-03      9.007447e-05         1  2.709582e-02    0.001119218      8.326928e-04            3.439515e-05
74  2013-07-31 11:14:45     97 295.0 163.7 163.8462 2.283296e-05 7.522603 0.04863048  0.0254109491  0.002219016   1.031472e-03      9.007345e-05         1  2.760500e-02    0.001116926      8.483405e-04            3.432470e-05
75  2013-07-31 11:15:00     98 295.5 163.9 164.0478 2.283296e-05 7.724210 0.04863048  0.0341752500  0.002219067   1.387229e-03      9.007554e-05         1  2.811418e-02    0.001114654      8.639883e-04            3.425488e-05
76  2013-07-31 11:15:15     99 295.9 163.9 164.0494 2.283296e-05 7.725817 0.04863048  0.0342451045  0.002219067   1.390065e-03      9.007556e-05         1  2.852152e-02    0.001112851      8.765064e-04            3.419948e-05
77  2013-07-31 11:15:30    100 296.4 163.7 163.8510 2.283296e-05 7.527424 0.04863048  0.0256205126  0.002219017   1.039978e-03      9.007350e-05         1  2.903070e-02    0.001110616      8.921541e-04            3.413080e-05
78  2013-07-31 11:15:45    101 296.9 163.9 164.0527 2.283296e-05 7.729031 0.04863048  0.0343848135  0.002219068   1.395736e-03      9.007559e-05         1  2.953987e-02    0.001108402      9.078019e-04            3.406276e-05
79  2013-07-31 11:16:00    102 297.4 163.9 164.0543 2.283296e-05 7.730637 0.04863048  0.0344546679  0.002219069   1.398571e-03      9.007561e-05         1  3.004905e-02    0.001106209      9.234496e-04            3.399536e-05
80  2013-07-31 11:16:15    103 297.8 164.0 164.1559 2.283296e-05 7.832244 0.04863048  0.0388717456  0.002219095   1.577867e-03      9.007669e-05         1  3.045639e-02    0.001104470      9.359677e-04            3.394191e-05
81  2013-07-31 11:16:30    104 298.4 163.9 164.0575 2.283296e-05 7.733851 0.04863048  0.0345943769  0.002219070   1.404242e-03      9.007565e-05         1  3.106740e-02    0.001101886      9.547450e-04            3.386250e-05
82  2013-07-31 11:16:45    105 298.9 164.0 164.1591 2.283296e-05 7.835458 0.04863048  0.0390114546  0.002219096   1.583538e-03      9.007672e-05         1  3.157658e-02    0.001099756      9.703927e-04            3.379705e-05
83  2013-07-31 11:17:00    106 299.2 164.0 164.1607 2.283296e-05 7.837065 0.04863048  0.0390813091  0.002219096   1.586374e-03      9.007674e-05         1  3.188208e-02    0.001098488      9.797813e-04            3.375809e-05
84  2013-07-31 11:17:15    107 299.7 164.1 164.2623 2.283296e-05 7.938672 0.04863048  0.0434983867  0.002219123   1.765670e-03      9.007783e-05         1  3.239126e-02    0.001096393      9.954290e-04            3.369369e-05
85  2013-07-31 11:17:30    108 300.2 164.1 164.2639 2.283296e-05 7.940279 0.04863048  0.0435682412  0.002219124   1.768506e-03      9.007784e-05         1  3.290044e-02    0.001094319      1.011077e-03            3.362996e-05
86  2013-07-31 11:17:45    109 300.5 164.0 164.1655 2.283296e-05 7.841886 0.04863048  0.0392908725  0.002219098   1.594880e-03      9.007679e-05         1  3.320594e-02    0.001093085      1.020465e-03            3.359203e-05
87  2013-07-31 11:18:00    110 301.1 164.1 164.2671 2.283296e-05 7.943492 0.04863048  0.0437079502  0.002219125   1.774177e-03      9.007788e-05         1  3.381696e-02    0.001090640      1.039243e-03            3.351691e-05
88  2013-07-31 11:18:15    111 301.6 164.1 164.2687 2.283296e-05 7.945099 0.04863048  0.0437778047  0.002219125   1.777012e-03      9.007790e-05         1  3.432613e-02    0.001088627      1.054890e-03            3.345505e-05
89  2013-07-31 11:18:30    112 301.9 164.1 164.2703 2.283296e-05 7.946706 0.04863048  0.0438476592  0.002219125   1.779848e-03      9.007791e-05         1  3.463164e-02    0.001087430      1.064279e-03            3.341826e-05
90  2013-07-31 11:18:45    113 302.5 164.0 164.1719 2.283296e-05 7.848313 0.04863048  0.0395702905  0.002219099   1.606223e-03      9.007686e-05         1  3.524265e-02    0.001085060      1.083056e-03            3.334541e-05
91  2013-07-31 11:19:00    114 303.0 164.1 164.2735 2.283296e-05 7.949920 0.04863048  0.0439873681  0.002219126   1.785519e-03      9.007795e-05         1  3.575183e-02    0.001083109      1.098704e-03            3.328545e-05
92  2013-07-31 11:19:15    115 303.3 164.0 164.1751 2.283296e-05 7.851527 0.04863048  0.0397099994  0.002219100   1.611894e-03      9.007689e-05         1  3.605733e-02    0.001081949      1.108093e-03            3.324981e-05
93  2013-07-31 11:19:30    116 303.8 163.9 164.0768 2.283296e-05 7.753134 0.04863048  0.0354326307  0.002219075   1.438268e-03      9.007585e-05         1  3.656651e-02    0.001080034      1.123740e-03            3.319096e-05
94  2013-07-31 11:19:45    117 304.3 163.9 164.0784 2.283296e-05 7.754741 0.04863048  0.0355024852  0.002219075   1.441104e-03      9.007587e-05         1  3.707569e-02    0.001078141      1.139388e-03            3.313280e-05
95  2013-07-31 11:20:00    118 304.6 164.1 164.2800 2.283296e-05 7.956347 0.04863048  0.0442667861  0.002219128   1.796861e-03      9.007802e-05         1  3.738119e-02    0.001077017      1.148777e-03            3.309823e-05
96  2013-07-31 11:20:15    119 305.2 164.0 164.1816 2.283296e-05 7.857954 0.04863048  0.0399894174  0.002219102   1.623236e-03      9.007696e-05         1  3.799220e-02    0.001074792      1.167554e-03            3.302987e-05
97  2013-07-31 11:20:30    120 305.7 164.1 164.2832 2.283296e-05 7.959561 0.04863048  0.0444064950  0.002219129   1.802532e-03      9.007805e-05         1  3.850138e-02    0.001072963      1.183202e-03            3.297367e-05
98  2013-07-31 11:20:45    121 306.0 164.0 164.1848 2.283296e-05 7.861168 0.04863048  0.0401291263  0.002219103   1.628907e-03      9.007700e-05         1  3.880689e-02    0.001071877      1.192590e-03            3.294029e-05
99  2013-07-31 11:21:00    122 306.6 164.1 164.2864 2.283296e-05 7.962775 0.04863048  0.0445462040  0.002219130   1.808203e-03      9.007809e-05         1  3.941790e-02    0.001069729      1.211367e-03            3.287429e-05
100 2013-07-31 11:21:15    123 307.1 164.2 164.3880 2.283296e-05 8.064382 0.04863048  0.0489632817  0.002219157   1.987499e-03      9.007920e-05         1  3.992707e-02    0.001067965      1.227015e-03            3.282008e-05
101 2013-07-31 11:21:30    124 307.4 164.2 164.3896 2.283296e-05 8.065989 0.04863048  0.0490331362  0.002219157   1.990335e-03      9.007921e-05         1  4.023258e-02    0.001066918      1.236404e-03            3.278790e-05
102 2013-07-31 11:21:45    125 308.1 164.2 164.3912 2.283296e-05 8.067596 0.04863048  0.0491029906  0.002219158   1.993170e-03      9.007923e-05         1  4.094543e-02    0.001064508      1.258311e-03            3.271382e-05
103 2013-07-31 11:22:00    126 308.6 164.1 164.2928 2.283296e-05 7.969202 0.04863048  0.0448256219  0.002219131   1.819545e-03      9.007816e-05         1  4.145460e-02    0.001062814      1.273958e-03            3.266177e-05
104 2013-07-31 11:22:15    127 308.8 164.3 164.4944 2.283296e-05 8.170809 0.04863048  0.0535899228  0.002219186   2.175302e-03      9.008037e-05         1  4.165827e-02    0.001062143      1.280217e-03            3.264115e-05
105 2013-07-31 11:22:30    128 309.3 164.2 164.3960 2.283296e-05 8.072416 0.04863048  0.0493125541  0.002219159   2.001677e-03      9.007928e-05         1  4.216745e-02    0.001060483      1.295865e-03            3.259012e-05
106 2013-07-31 11:22:45    129 309.8 164.1 164.2976 2.283296e-05 7.974023 0.04863048  0.0450351854  0.002219133   1.828051e-03      9.007821e-05         1  4.267663e-02    0.001058846      1.311513e-03            3.253983e-05
107 2013-07-31 11:23:00    130 310.1 164.3 164.4993 2.283296e-05 8.175630 0.04863048  0.0537994862  0.002219187   2.183809e-03      9.008042e-05         1  4.298213e-02    0.001057875      1.320901e-03            3.251000e-05
108 2013-07-31 11:23:15    131 310.6 164.3 164.5009 2.283296e-05 8.177237 0.04863048  0.0538693407  0.002219188   2.186644e-03      9.008044e-05         1  4.349131e-02    0.001056277      1.336549e-03            3.246089e-05
109 2013-07-31 11:23:30    132 311.2 164.4 164.6025 2.283296e-05 8.278844 0.04863048  0.0582864184  0.002219216   2.365941e-03      9.008158e-05         1  4.410232e-02    0.001054391      1.355326e-03            3.240292e-05
110 2013-07-31 11:23:45    133 311.4 164.1 164.3041 2.283296e-05 7.980451 0.04863048  0.0453146033  0.002219134   1.839394e-03      9.007828e-05         1  4.430599e-02    0.001053770      1.361585e-03            3.238384e-05
111 2013-07-31 11:24:00    134 312.0 164.3 164.5057 2.283296e-05 8.182057 0.04863048  0.0540789042  0.002219189   2.195151e-03      9.008049e-05         1  4.491700e-02    0.001051931      1.380363e-03            3.232731e-05
112 2013-07-31 11:24:15    135 312.5 164.2 164.4073 2.283296e-05 8.083664 0.04863048  0.0498015355  0.002219162   2.021525e-03      9.007941e-05         1  4.542618e-02    0.001050425      1.396010e-03            3.228103e-05
113 2013-07-31 11:24:30    136 312.9 164.3 164.5089 2.283296e-05 8.185271 0.04863048  0.0542186131  0.002219190   2.200822e-03      9.008053e-05         1  4.583352e-02    0.001049237      1.408529e-03            3.224454e-05
114 2013-07-31 11:24:45    137 313.4 164.3 164.5105 2.283296e-05 8.186878 0.04863048  0.0542884676  0.002219190   2.203657e-03      9.008055e-05         1  4.634270e-02    0.001047776      1.424176e-03            3.219962e-05
115 2013-07-31 11:25:00    138 313.9 164.4 164.6121 2.283296e-05 8.288485 0.04863048  0.0587055453  0.002219218   2.382954e-03      9.008169e-05         1  4.685187e-02    0.001046339      1.439824e-03            3.215546e-05
116 2013-07-31 11:25:15    139 314.2 164.5 164.7137 2.283296e-05 8.390092 0.04863048  0.0631226230  0.002219247   2.562250e-03      9.008284e-05         1  4.715738e-02    0.001045488      1.449213e-03            3.212932e-05
117 2013-07-31 11:25:30    140 314.7 164.5 164.7153 2.283296e-05 8.391699 0.04863048  0.0631924775  0.002219247   2.565086e-03      9.008286e-05         1  4.766656e-02    0.001044091      1.464860e-03            3.208638e-05
118 2013-07-31 11:25:45    141 315.4 164.5 164.7169 2.283296e-05 8.393306 0.04863048  0.0632623319  0.002219248   2.567921e-03      9.008287e-05         1  4.837940e-02    0.001042177      1.486767e-03            3.202755e-05
119 2013-07-31 11:26:00    142 315.7 164.5 164.7185 2.283296e-05 8.394912 0.04863048  0.0633321864  0.002219248   2.570757e-03      9.008289e-05         1  4.868491e-02    0.001041371      1.496156e-03            3.200280e-05
120 2013-07-31 11:26:15    143 316.1 164.5 164.7201 2.283296e-05 8.396519 0.04863048  0.0634020409  0.002219249   2.573592e-03      9.008291e-05         1  4.909225e-02    0.001040311      1.508674e-03            3.197023e-05
121 2013-07-31 11:26:30    144 316.7 164.5 164.7217 2.283296e-05 8.398126 0.04863048  0.0634718954  0.002219249   2.576428e-03      9.008293e-05         1  4.970326e-02    0.001038752      1.527451e-03            3.192231e-05
122 2013-07-31 11:26:45    145 317.1 164.6 164.8234 2.283296e-05 8.499733 0.04863048  0.0678889731  0.002219278   2.755724e-03      9.008410e-05         1  5.011060e-02    0.001037733      1.539969e-03            3.189099e-05
123 2013-07-31 11:27:00    146 317.5 164.5 164.7250 2.283296e-05 8.401340 0.04863048  0.0636116044  0.002219250   2.582099e-03      9.008297e-05         1  5.051795e-02    0.001036730      1.552488e-03            3.186017e-05
124 2013-07-31 11:27:15    147 318.1 164.4 164.6266 2.283296e-05 8.302947 0.04863048  0.0593342357  0.002219222   2.408473e-03      9.008185e-05         1  5.112896e-02    0.001035256      1.571265e-03            3.181488e-05
125 2013-07-31 11:27:30    148 318.4 164.5 164.7282 2.283296e-05 8.404554 0.04863048  0.0637513133  0.002219251   2.587770e-03      9.008300e-05         1  5.143446e-02    0.001034533      1.580653e-03            3.179266e-05
126 2013-07-31 11:27:45    149 318.8 164.3 164.5298 2.283296e-05 8.206161 0.04863048  0.0551267214  0.002219196   2.237683e-03      9.008076e-05         1  5.184181e-02    0.001033583      1.593172e-03            3.176347e-05
127 2013-07-31 11:28:00    150 319.5 164.4 164.6314 2.283296e-05 8.307767 0.04863048  0.0595437991  0.002219224   2.416980e-03      9.008190e-05         1  5.255465e-02    0.001031961      1.615078e-03            3.171361e-05
128 2013-07-31 11:28:15    151 319.8 164.3 164.5330 2.283296e-05 8.209374 0.04863048  0.0552664304  0.002219197   2.243354e-03      9.008080e-05         1  5.286016e-02    0.001031281      1.624467e-03            3.169272e-05
129 2013-07-31 11:28:30    152 320.2 164.5 164.7346 2.283296e-05 8.410981 0.04863048  0.0640307313  0.002219253   2.599112e-03      9.008308e-05         1  5.326750e-02    0.001030389      1.636985e-03            3.166531e-05
130 2013-07-31 11:28:45    153 320.8 164.5 164.7362 2.283296e-05 8.412588 0.04863048  0.0641005857  0.002219253   2.601947e-03      9.008310e-05         1  5.387851e-02    0.001029083      1.655762e-03            3.162516e-05
131 2013-07-31 11:29:00    154 321.3 164.6 164.8378 2.283296e-05 8.514195 0.04863048  0.0685176634  0.002219282   2.781244e-03      9.008426e-05         1  5.438769e-02    0.001028023      1.671410e-03            3.159258e-05
132 2013-07-31 11:29:15    155 321.7 164.5 164.7394 2.283296e-05 8.415802 0.04863048  0.0642402947  0.002219254   2.607618e-03      9.008313e-05         1  5.479503e-02    0.001027193      1.683928e-03            3.156709e-05
133 2013-07-31 11:29:30    156 322.2 164.6 164.8410 2.283296e-05 8.517409 0.04863048  0.0686573724  0.002219283   2.786915e-03      9.008430e-05         1  5.530421e-02    0.001026180      1.699576e-03            3.153596e-05
134 2013-07-31 11:29:45    157 322.8 164.5 164.7426 2.283296e-05 8.419016 0.04863048  0.0643800037  0.002219255   2.613289e-03      9.008317e-05         1  5.591522e-02    0.001024999      1.718353e-03            3.149967e-05
135 2013-07-31 11:30:00    158 323.2 164.5 164.7442 2.283296e-05 8.420622 0.04863048  0.0644498582  0.002219255   2.616125e-03      9.008319e-05         1  5.632256e-02    0.001024233      1.730872e-03            3.147613e-05
136 2013-07-31 11:30:15    159 323.6 164.6 164.8459 2.283296e-05 8.522229 0.04863048  0.0688669358  0.002219284   2.795421e-03      9.008436e-05         1  5.672990e-02    0.001023484      1.743390e-03            3.145310e-05
137 2013-07-31 11:30:30    160 324.2 164.4 164.6475 2.283296e-05 8.323836 0.04863048  0.0602423439  0.002219228   2.445335e-03      9.008209e-05         1  5.734091e-02    0.001022392      1.762167e-03            3.141955e-05
138 2013-07-31 11:30:45    161 324.6 164.4 164.6491 2.283296e-05 8.325443 0.04863048  0.0603121984  0.002219229   2.448170e-03      9.008210e-05         1  5.774825e-02    0.001021685      1.774685e-03            3.139783e-05
139 2013-07-31 11:31:00    162 324.9 164.6 164.8507 2.283296e-05 8.527050 0.04863048  0.0690764993  0.002219286   2.803928e-03      9.008441e-05         1  5.805376e-02    0.001021166      1.784074e-03            3.138188e-05
140 2013-07-31 11:31:15    163 325.5 164.7 164.9523 2.283296e-05 8.628657 0.04863048  0.0734935770  0.002219315   2.983224e-03      9.008560e-05         1  5.866477e-02    0.001020158      1.802851e-03            3.135088e-05
141 2013-07-31 11:31:30    164 325.9 164.7 164.9539 2.283296e-05 8.630264 0.04863048  0.0735634314  0.002219315   2.986059e-03      9.008562e-05         1  5.907211e-02    0.001019507      1.815369e-03            3.133087e-05
142 2013-07-31 11:31:45    165 326.3 164.7 164.9555 2.283296e-05 8.631871 0.04863048  0.0736332859  0.002219316   2.988895e-03      9.008564e-05         1  5.947945e-02    0.001018873      1.827887e-03            3.131139e-05
143 2013-07-31 11:32:00    166 326.8 164.7 164.9571 2.283296e-05 8.633477 0.04863048  0.0737031404  0.002219316   2.991730e-03      9.008565e-05         1  5.998863e-02    0.001018104      1.843535e-03            3.128778e-05
144 2013-07-31 11:32:15    167 327.2 164.7 164.9587 2.283296e-05 8.635084 0.04863048  0.0737729949  0.002219317   2.994566e-03      9.008567e-05         1  6.039597e-02    0.001017509      1.856053e-03            3.126948e-05
145 2013-07-31 11:32:30    168 327.6 164.8 165.0603 2.283296e-05 8.736691 0.04863048  0.0781900726  0.002219346   3.173862e-03      9.008687e-05         1  6.080331e-02    0.001016931      1.868571e-03            3.125172e-05
146 2013-07-31 11:32:45    169 328.1 164.6 164.8619 2.283296e-05 8.538298 0.04863048  0.0695654807  0.002219289   2.823776e-03      9.008454e-05         1  6.131249e-02    0.001016233      1.884219e-03            3.123027e-05
147 2013-07-31 11:33:00    170 328.6 164.6 164.8635 2.283296e-05 8.539905 0.04863048  0.0696353352  0.002219289   2.826612e-03      9.008456e-05         1  6.182167e-02    0.001015562      1.899867e-03            3.120965e-05
148 2013-07-31 11:33:15    171 329.0 164.6 164.8651 2.283296e-05 8.541512 0.04863048  0.0697051896  0.002219290   2.829447e-03      9.008458e-05         1  6.222901e-02    0.001015045      1.912385e-03            3.119375e-05
149 2013-07-31 11:33:30    172 329.5 164.7 164.9667 2.283296e-05 8.643119 0.04863048  0.0741222673  0.002219319   3.008743e-03      9.008577e-05         1  6.273818e-02    0.001014422      1.928033e-03            3.117463e-05
150 2013-07-31 11:33:45    173 330.1 164.8 165.0683 2.283296e-05 8.744726 0.04863048  0.0785393450  0.002219349   3.188040e-03      9.008697e-05         1  6.334920e-02    0.001013712      1.946810e-03            3.115279e-05
151 2013-07-31 11:34:00    174 330.3 164.7 164.9700 2.283296e-05 8.646332 0.04863048  0.0742619763  0.002219320   3.014415e-03      9.008581e-05         1  6.355287e-02    0.001013484      1.953069e-03            3.114578e-05
152 2013-07-31 11:34:15    175 330.7 164.7 164.9716 2.283296e-05 8.647939 0.04863048  0.0743318308  0.002219320   3.017250e-03      9.008582e-05         1  6.396021e-02    0.001013040      1.965587e-03            3.113216e-05
153 2013-07-31 11:34:30    176 331.1 164.8 165.0732 2.283296e-05 8.749546 0.04863048  0.0787489084  0.002219350   3.196546e-03      9.008703e-05         1  6.436755e-02    0.001012615      1.978105e-03            3.111908e-05
154 2013-07-31 11:34:45    177 331.7 164.8 165.0748 2.283296e-05 8.751153 0.04863048  0.0788187629  0.002219350   3.199382e-03      9.008705e-05         1  6.497856e-02    0.001012009      1.996883e-03            3.110046e-05
155 2013-07-31 11:35:00    178 332.1 164.8 165.0764 2.283296e-05 8.752760 0.04863048  0.0788886174  0.002219351   3.202217e-03      9.008706e-05         1  6.538590e-02    0.001011627      2.009401e-03            3.108873e-05
156 2013-07-31 11:35:15    179 332.4 164.8 165.0780 2.283296e-05 8.754367 0.04863048  0.0789584719  0.002219351   3.205053e-03      9.008708e-05         1  6.569141e-02    0.001011352      2.018789e-03            3.108028e-05
157 2013-07-31 11:35:30    180 333.0 164.8 165.0796 2.283296e-05 8.755974 0.04863048  0.0790283264  0.002219352   3.207888e-03      9.008710e-05         1  6.630242e-02    0.001010832      2.037567e-03            3.106430e-05
158 2013-07-31 11:35:45    181 333.3 164.7 164.9812 2.283296e-05 8.657581 0.04863048  0.0747509577  0.002219323   3.034263e-03      9.008594e-05         1  6.660793e-02    0.001010587      2.046955e-03            3.105677e-05
159 2013-07-31 11:36:00    182 333.8 164.6 164.8828 2.283296e-05 8.559187 0.04863048  0.0704735890  0.002219295   2.860638e-03      9.008479e-05         1  6.711710e-02    0.001010201      2.062603e-03            3.104489e-05
160 2013-07-31 11:36:15    183 334.4 164.6 164.8844 2.283296e-05 8.560794 0.04863048  0.0705434434  0.002219295   2.863473e-03      9.008481e-05         1  6.772811e-02    0.001009773      2.081380e-03            3.103175e-05
161 2013-07-31 11:36:30    184 334.7 164.6 164.8860 2.283296e-05 8.562401 0.04863048  0.0706132979  0.002219296   2.866309e-03      9.008482e-05         1  6.803362e-02    0.001009574      2.090769e-03            3.102564e-05
162 2013-07-31 11:36:45    185 335.1 164.8 165.0876 2.283296e-05 8.764008 0.04863048  0.0793775988  0.002219354   3.222066e-03      9.008720e-05         1  6.844096e-02    0.001009325      2.103287e-03            3.101797e-05
163 2013-07-31 11:37:00    186 335.8 164.8 165.0892 2.283296e-05 8.765615 0.04863048  0.0794474533  0.002219355   3.224901e-03      9.008722e-05         1  6.915381e-02    0.001008930      2.125194e-03            3.100585e-05
164 2013-07-31 11:37:15    187 336.2 164.8 165.0908 2.283296e-05 8.767222 0.04863048  0.0795173078  0.002219355   3.227737e-03      9.008724e-05         1  6.956115e-02    0.001008729      2.137712e-03            3.099968e-05
165 2013-07-31 11:37:30    188 336.5 164.7 164.9925 2.283296e-05 8.668829 0.04863048  0.0752399390  0.002219326   3.054112e-03      9.008607e-05         1  6.986665e-02    0.001008590      2.147101e-03            3.099540e-05
166 2013-07-31 11:37:45    189 337.1 164.8 165.0941 2.283296e-05 8.770436 0.04863048  0.0796570167  0.002219356   3.233408e-03      9.008727e-05         1  7.047767e-02    0.001008342      2.165878e-03            3.098777e-05
167 2013-07-31 11:38:00    190 337.6 164.8 165.0957 2.283296e-05 8.772042 0.04863048  0.0797268712  0.002219357   3.236243e-03      9.008729e-05         1  7.098684e-02    0.001008166      2.181526e-03            3.098235e-05
168 2013-07-31 11:38:15    191 337.9 165.0 165.2973 2.283296e-05 8.973649 0.04863048  0.0884911721  0.002219416   3.592001e-03      9.008973e-05         1  7.129235e-02    0.001008073      2.190914e-03            3.097951e-05
169 2013-07-31 11:38:30    192 338.5 164.8 165.0989 2.283296e-05 8.775256 0.04863048  0.0798665802  0.002219357   3.241915e-03      9.008733e-05         1  7.190336e-02    0.001007918      2.209691e-03            3.097475e-05
170 2013-07-31 11:38:45    193 338.9 164.8 165.1005 2.283296e-05 8.776863 0.04863048  0.0799364347  0.002219358   3.244750e-03      9.008735e-05         1  7.231070e-02    0.001007837      2.222210e-03            3.097225e-05
171 2013-07-31 11:39:00    194 339.3 164.9 165.2021 2.283296e-05 8.878470 0.04863048  0.0843535123  0.002219388   3.424046e-03      9.008857e-05         1  7.271804e-02    0.001007774      2.234728e-03            3.097031e-05
172 2013-07-31 11:39:15    195 339.9 164.9 165.2037 2.283296e-05 8.880077 0.04863048  0.0844233668  0.002219388   3.426882e-03      9.008859e-05         1  7.332906e-02    0.001007712      2.253505e-03            3.096841e-05
173 2013-07-31 11:39:30    196 340.2 164.9 165.2053 2.283296e-05 8.881684 0.04863048  0.0844932213  0.002219389   3.429717e-03      9.008861e-05         1  7.363456e-02    0.001007696      2.262894e-03            3.096792e-05
174 2013-07-31 11:39:45    197 340.7 165.2 165.5069 2.283296e-05 9.183291 0.04863048  0.0976047454  0.002219480   3.961936e-03      9.009231e-05         1  7.414374e-02    0.001007692      2.278541e-03            3.096779e-05
175 2013-07-31 11:40:00    198 341.2 164.9 165.2085 2.283296e-05 8.884898 0.04863048  0.0846329303  0.002219390   3.435388e-03      9.008865e-05         1  7.465291e-02    0.001007716      2.294189e-03            3.096852e-05
176 2013-07-31 11:40:15    199 341.6 164.9 165.2101 2.283296e-05 8.886504 0.04863048  0.0847027847  0.002219390   3.438224e-03      9.008867e-05         1  7.506026e-02    0.001007754      2.306707e-03            3.096971e-05
177 2013-07-31 11:40:30    200 342.1 165.0 165.3117 2.283296e-05 8.988111 0.04863048  0.0891198624  0.002219421   3.617520e-03      9.008990e-05         1  7.556943e-02    0.001007828      2.322355e-03            3.097197e-05
178 2013-07-31 11:40:45    201 342.6 165.0 165.3133 2.283296e-05 8.989718 0.04863048  0.0891897169  0.002219421   3.620356e-03      9.008992e-05         1  7.607861e-02    0.001007929      2.338003e-03            3.097508e-05
179 2013-07-31 11:41:00    202 343.1 165.1 165.4149 2.283296e-05 9.091325 0.04863048  0.0936067946  0.002219452   3.799652e-03      9.009117e-05         1  7.658779e-02    0.001008058      2.353650e-03            3.097905e-05
180 2013-07-31 11:41:15    203 343.6 164.9 165.2166 2.283296e-05 8.892932 0.04863048  0.0849822027  0.002219392   3.449566e-03      9.008875e-05         1  7.709696e-02    0.001008215      2.369298e-03            3.098387e-05
181 2013-07-31 11:41:30    204 343.9 165.0 165.3182 2.283296e-05 8.994539 0.04863048  0.0893992804  0.002219423   3.628862e-03      9.008998e-05         1  7.740247e-02    0.001008323      2.378687e-03            3.098717e-05
182 2013-07-31 11:41:45    205 344.5 165.0 165.3198 2.283296e-05 8.996146 0.04863048  0.0894691348  0.002219423   3.631698e-03      9.009000e-05         1  7.801348e-02    0.001008567      2.397464e-03            3.099469e-05

$dryleafvolt
             timestamp record LWSmV  SEmV    CSEmV     CSEmV.sd   loadmV  loadmV.sd
1  2013-07-31 10:54:15     15 264.4 163.7 163.7145 2.283296e-05 7.390839 0.04863048
2  2013-07-31 10:54:30     16 264.4 162.8 162.8161 2.283296e-05 6.492446 0.04863048
3  2013-07-31 10:54:45     17 264.4 163.2 163.2177 2.283296e-05 6.894053 0.04863048
4  2013-07-31 10:55:00     18 264.4 163.1 163.1193 2.283296e-05 6.795660 0.04863048
5  2013-07-31 10:55:15     19 264.4 163.2 163.2209 2.283296e-05 6.897267 0.04863048
6  2013-07-31 10:55:30     20 264.4 163.2 163.2225 2.283296e-05 6.898874 0.04863048
7  2013-07-31 10:55:45     21 264.4 163.3 163.3241 2.283296e-05 7.000480 0.04863048
8  2013-07-31 10:56:00     22 264.4 163.4 163.4257 2.283296e-05 7.102087 0.04863048
9  2013-07-31 10:56:15     23 264.4 163.2 163.2273 2.283296e-05 6.903694 0.04863048
10 2013-07-31 10:56:30     24 264.4 163.3 163.3289 2.283296e-05 7.005301 0.04863048

$runtime
Time difference of 45.25 mins

$startcalibvolt
            timestamp record LWSmV  SEmV    CSEmV     CSEmV.sd   loadmV  loadmV.sd
1 2013-07-31 10:52:30      8 264.4 279.0 279.0032 2.283296e-05 122.6796 0.04863048
2 2013-07-31 10:52:45      9 264.4 278.9 278.9048 2.283296e-05 122.5812 0.04863048
3 2013-07-31 10:53:00     10 264.3 278.9 278.9064 2.283296e-05 122.5828 0.04863048
4 2013-07-31 10:53:15     11 264.3 278.9 278.9080 2.283296e-05 122.5844 0.04863048

$endcalibvolt
            timestamp record LWSmV  SEmV
1 2013-07-31 11:45:30    220 265.1 278.7
2 2013-07-31 11:45:45    221 265.1 278.7
3 2013-07-31 11:46:00    222 265.1 278.6
4 2013-07-31 11:46:15    223 265.1 278.5
5 2013-07-31 11:46:30    224 265.1 278.5

$lastLWSvolt
[1] 343.3

$maxLWSvolt
[1] 345.3

$species
[1] "valleyoak"

$trial
[1] "6"

$replicate
[1] "1"

$isvertical
[1] FALSE

$conversionfactor
         avg        stdev
1 0.04347223 8.621348e-06

$LWSwatermass
         avg       stdev
1 0.08627678 0.001494975

$dryleafmass
        avg        stdev
1 0.3016134 0.0006711999

$lwsmodel

Call:
lm(formula = LWSsurfacedensity ~ record, data = rd[rd$runfilter == 
    1, ])

Coefficients:
(Intercept)       record  
 -5.411e-04    1.434e-05  


$leafmodel

Call:
lm(formula = surfacedensity ~ record, data = rd[rd$runfilter == 
    1, ])

Coefficients:
(Intercept)       record  
 -7.523e-04    2.156e-05  


