$name
[1] "valleyoak8"

$leafarea
[1] 14.87887

$startbasevolt
            timestamp record LWSmV  SEmV CSEmV CSEmV.sd     loadmV loadmV.sd
1 2013-07-20 16:13:30      2 265.1 159.2 159.2        0 -0.3026333 0.1936091
2 2013-07-20 16:13:45      3 265.1 159.4 159.4        0 -0.1026333 0.1936091
3 2013-07-20 16:14:00      4 265.1 159.7 159.7        0  0.1973667 0.1936091
4 2013-07-20 16:14:15      5 265.1 159.7 159.7        0  0.1973667 0.1936091

$endbasevolt
            timestamp record LWSmV  SEmV    CSEmV     CSEmV.sd      loadmV loadmV.sd
1 2013-07-20 17:07:45    219 265.1 160.0 159.3425 8.868668e-05 -0.16008339 0.1936091
2 2013-07-20 17:08:00    220 265.1 160.2 159.5395 8.868668e-05  0.03684442 0.1936091
3 2013-07-20 17:08:15    221 265.1 160.3 159.6364 8.868668e-05  0.13377222 0.1936091

$dryragvolt
            timestamp record LWSmV  SEmV    CSEmV     CSEmV.sd   loadmV loadmV.sd
1 2013-07-20 17:05:15    209 364.0 233.8 233.1733 8.868668e-05 73.67064 0.1936091
2 2013-07-20 17:05:30    210 363.4 233.3 232.6702 8.868668e-05 73.16757 0.1936091
3 2013-07-20 17:05:45    211 362.9 233.3 232.6671 8.868668e-05 73.16449 0.1936091
4 2013-07-20 17:06:00    212 362.3 233.1 232.4641 8.868668e-05 72.96142 0.1936091

$wetragvolt
            timestamp record LWSmV  SEmV    CSEmV     CSEmV.sd   loadmV loadmV.sd
1 2013-07-20 17:06:45    215 266.8 235.5 234.8548 8.868668e-05 75.35221 0.1936091
2 2013-07-20 17:07:00    216 266.3 235.3 234.6518 8.868668e-05 75.14913 0.1936091
3 2013-07-20 17:07:15    217 265.7 235.2 234.5487 8.868668e-05 75.04606 0.1936091

$rundata
              timestamp record LWSmV  SEmV    CSEmV     CSEmV.sd   loadmV loadmV.sd     watermass watermass.sd surfacedensity surfacedensity.sd runfilter      LWSwater LWSwater.stdev LWSsurfacedensity LWSsurfacedensity.stdev
1   2013-07-20 16:18:30     22 265.1 165.1 165.0478 8.868668e-05 5.545139 0.1936091  7.208829e-03  0.008812051   4.845010e-04      0.0005922525         0 -2.843756e-03    0.001285489     -8.739263e-05            3.950488e-05
2   2013-07-20 16:18:45     23 265.2 165.1 165.0447 8.868668e-05 5.542067 0.1936091  7.075555e-03  0.008812049   4.755437e-04      0.0005922524         0 -2.741921e-03    0.001284832     -8.426309e-05            3.948469e-05
3   2013-07-20 16:19:00     24 265.7 165.0 164.9416 8.868668e-05 5.438995 0.1936091  2.604188e-03  0.008811989   1.750259e-04      0.0005922483         0 -2.232744e-03    0.001281556     -6.861538e-05            3.938403e-05
4   2013-07-20 16:19:15     25 265.7 164.9 164.8386 8.868668e-05 5.335923 0.1936091 -1.867179e-03  0.008811930  -1.254919e-04      0.0005922444         0 -2.232744e-03    0.001281556     -6.861538e-05            3.938403e-05
5   2013-07-20 16:19:30     26 266.2 165.0 164.9355 8.868668e-05 5.432851 0.1936091  2.337638e-03  0.008811985   1.571112e-04      0.0005922481         0 -1.723568e-03    0.001278294     -5.296767e-05            3.928377e-05
6   2013-07-20 16:19:45     27 266.4 165.0 164.9324 8.868668e-05 5.429778 0.1936091  2.204364e-03  0.008811983   1.481539e-04      0.0005922480         0 -1.519897e-03    0.001276993     -4.670858e-05            3.924379e-05
7   2013-07-20 16:20:00     28 266.8 165.1 165.0293 8.868668e-05 5.526706 0.1936091  6.409181e-03  0.008812040   4.307571e-04      0.0005922518         0 -1.112556e-03    0.001274397     -3.419041e-05            3.916402e-05
8   2013-07-20 16:20:15     29 267.1 164.9 164.8263 8.868668e-05 5.323634 0.1936091 -2.400278e-03  0.008811923  -1.613212e-04      0.0005922439         0 -8.070501e-04    0.001272456     -2.480179e-05            3.910438e-05
9   2013-07-20 16:20:30     30 267.6 165.1 165.0232 8.868668e-05 5.520562 0.1936091  6.142632e-03  0.008812036   4.128425e-04      0.0005922515         0 -2.978735e-04    0.001269233     -9.154073e-06            3.900530e-05
10  2013-07-20 16:20:45     31 267.8 165.1 165.0201 8.868668e-05 5.517490 0.1936091  6.009357e-03  0.008812034   4.038852e-04      0.0005922514         0 -9.420292e-05    0.001267947     -2.894988e-06            3.896579e-05
11  2013-07-20 16:21:00     32 268.4 165.0 164.9171 8.868668e-05 5.414417 0.1936091  1.537990e-03  0.008811975   1.033674e-04      0.0005922474         0  5.168089e-04    0.001264103      1.588227e-05            3.884768e-05
12  2013-07-20 16:21:15     33 268.8 165.1 165.0140 8.868668e-05 5.511345 0.1936091  5.742807e-03  0.008812031   3.859705e-04      0.0005922511         0  9.241502e-04    0.001261552      2.840044e-05            3.876928e-05
13  2013-07-20 16:21:30     34 269.2 165.1 165.0109 8.868668e-05 5.508273 0.1936091  5.609533e-03  0.008812029   3.770132e-04      0.0005922510         0  1.331491e-03    0.001259010      4.091861e-05            3.869116e-05
14  2013-07-20 16:21:45     35 269.8 165.0 164.9078 8.868668e-05 5.405201 0.1936091  1.138166e-03  0.008811969   7.649544e-05      0.0005922470         0  1.942503e-03    0.001255214      5.969586e-05            3.857450e-05
15  2013-07-20 16:22:00     36 270.2 164.9 164.8048 8.868668e-05 5.302129 0.1936091 -3.333201e-03  0.008811911  -2.240224e-04      0.0005922431         0  2.349845e-03    0.001252695      7.221403e-05            3.849709e-05
16  2013-07-20 16:22:15     37 270.6 164.9 164.8017 8.868668e-05 5.299056 0.1936091 -3.466475e-03  0.008811909  -2.329797e-04      0.0005922430         0  2.757186e-03    0.001250185      8.473220e-05            3.841995e-05
17  2013-07-20 16:22:30     38 271.2 165.0 164.8986 8.868668e-05 5.395984 0.1936091  7.383419e-04  0.008811964   4.962350e-05      0.0005922467         0  3.368198e-03    0.001246438      1.035095e-04            3.830479e-05
18  2013-07-20 16:22:45     39 271.8 165.1 164.9955 8.868668e-05 5.492912 0.1936091  4.943159e-03  0.008812020   3.322267e-04      0.0005922504         0  3.979209e-03    0.001242712      1.222867e-04            3.819028e-05
19  2013-07-20 16:23:00     40 272.2 165.0 164.8925 8.868668e-05 5.389840 0.1936091  4.717925e-04  0.008811961   3.170888e-05      0.0005922464         0  4.386551e-03    0.001240239      1.348049e-04            3.811430e-05
20  2013-07-20 16:23:15     41 272.7 165.0 164.8894 8.868668e-05 5.386768 0.1936091  3.385178e-04  0.008811959   2.275157e-05      0.0005922463         0  4.895727e-03    0.001237162      1.504526e-04            3.801974e-05
21  2013-07-20 16:23:30     42 273.2 165.1 164.9863 8.868668e-05 5.483695 0.1936091  4.543335e-03  0.008812015   3.053547e-04      0.0005922501         0  5.404904e-03    0.001234101      1.661003e-04            3.792565e-05
22  2013-07-20 16:23:45     43 273.8 165.1 164.9833 8.868668e-05 5.480623 0.1936091  4.410060e-03  0.008812013   2.963974e-04      0.0005922499         0  6.015916e-03    0.001230446      1.848776e-04            3.781334e-05
23  2013-07-20 16:24:00     44 274.3 165.0 164.8802 8.868668e-05 5.377551 0.1936091 -6.130637e-05  0.008811953  -4.120363e-06      0.0005922460         0  6.525092e-03    0.001227418      2.005253e-04            3.772027e-05
24  2013-07-20 16:24:15     45 274.8 165.1 164.9771 8.868668e-05 5.474479 0.1936091  4.143511e-03  0.008812009   2.784828e-04      0.0005922497         0  7.034269e-03    0.001224404      2.161730e-04            3.762767e-05
25  2013-07-20 16:24:30     46 275.3 165.1 164.9740 8.868668e-05 5.471407 0.1936091  4.010236e-03  0.008812007   2.695255e-04      0.0005922496         0  7.543445e-03    0.001221407      2.318207e-04            3.753555e-05
26  2013-07-20 16:24:45     47 275.9 165.1 164.9710 8.868668e-05 5.468334 0.1936091  3.876961e-03  0.008812006   2.605682e-04      0.0005922495         0  8.154457e-03    0.001217830      2.505979e-04            3.742563e-05
27  2013-07-20 16:25:00     48 276.4 165.2 165.0679 8.868668e-05 5.565262 0.1936091  8.081779e-03  0.008812062   5.431714e-04      0.0005922533         0  8.663634e-03    0.001214867      2.662457e-04            3.733457e-05
28  2013-07-20 16:25:15     49 276.9 165.2 165.0648 8.868668e-05 5.562190 0.1936091  7.948504e-03  0.008812061   5.342140e-04      0.0005922532         0  9.172810e-03    0.001211920      2.818934e-04            3.724399e-05
29  2013-07-20 16:25:30     50 277.4 165.3 165.1618 8.868668e-05 5.659118 0.1936091  1.215332e-02  0.008812118   8.168172e-04      0.0005922570         0  9.681987e-03    0.001208988      2.975411e-04            3.715391e-05
30  2013-07-20 16:25:45     51 278.0 165.2 165.0587 8.868668e-05 5.556046 0.1936091  7.681954e-03  0.008812057   5.162994e-04      0.0005922529         0  1.029300e-02    0.001205492      3.163183e-04            3.704646e-05
31  2013-07-20 16:26:00     52 278.6 165.2 165.0556 8.868668e-05 5.552973 0.1936091  7.548680e-03  0.008812055   5.073421e-04      0.0005922528         0  1.090401e-02    0.001202019      3.350956e-04            3.693973e-05
32  2013-07-20 16:26:15     53 279.1 165.3 165.1525 8.868668e-05 5.649901 0.1936091  1.175350e-02  0.008812113   7.899453e-04      0.0005922567         0  1.141319e-02    0.001199143      3.507433e-04            3.685134e-05
33  2013-07-20 16:26:30     54 279.6 165.1 164.9495 8.868668e-05 5.446829 0.1936091  2.944038e-03  0.008811993   1.978670e-04      0.0005922486         0  1.192236e-02    0.001196283      3.663910e-04            3.676345e-05
34  2013-07-20 16:26:45     55 280.1 165.2 165.0464 8.868668e-05 5.543757 0.1936091  7.148856e-03  0.008812050   4.804702e-04      0.0005922524         0  1.243154e-02    0.001193440      3.820387e-04            3.667608e-05
35  2013-07-20 16:27:00     56 280.7 165.2 165.0433 8.868668e-05 5.540685 0.1936091  7.015581e-03  0.008812048   4.715129e-04      0.0005922523         0  1.304255e-02    0.001190050      4.008160e-04            3.657191e-05
36  2013-07-20 16:27:15     57 281.3 165.4 165.2402 8.868668e-05 5.737612 0.1936091  1.555849e-02  0.008812166   1.045677e-03      0.0005922602         0  1.365356e-02    0.001186685      4.195932e-04            3.646849e-05
37  2013-07-20 16:27:30     58 281.8 165.2 165.0372 8.868668e-05 5.534540 0.1936091  6.749031e-03  0.008812044   4.535982e-04      0.0005922521         0  1.416274e-02    0.001183899      4.352409e-04            3.638288e-05
38  2013-07-20 16:27:45     59 282.3 165.3 165.1341 8.868668e-05 5.631468 0.1936091  1.095385e-02  0.008812102   7.362014e-04      0.0005922559         0  1.467192e-02    0.001181130      4.508887e-04            3.629779e-05
39  2013-07-20 16:28:00     60 282.8 165.4 165.2310 8.868668e-05 5.728396 0.1936091  1.515867e-02  0.008812160   1.018805e-03      0.0005922598         0  1.518109e-02    0.001178379      4.665364e-04            3.621324e-05
40  2013-07-20 16:28:15     61 283.4 165.4 165.2280 8.868668e-05 5.725324 0.1936091  1.502539e-02  0.008812158   1.009847e-03      0.0005922597         0  1.579211e-02    0.001175100      4.853136e-04            3.611248e-05
41  2013-07-20 16:28:30     62 284.0 165.4 165.2249 8.868668e-05 5.722251 0.1936091  1.489212e-02  0.008812156   1.000890e-03      0.0005922596         0  1.640312e-02    0.001171847      5.040909e-04            3.601250e-05
42  2013-07-20 16:28:45     63 284.5 165.4 165.2218 8.868668e-05 5.719179 0.1936091  1.475884e-02  0.008812155   9.919326e-04      0.0005922595         0  1.691229e-02    0.001169155      5.197386e-04            3.592977e-05
43  2013-07-20 16:29:00     64 285.0 165.3 165.1187 8.868668e-05 5.616107 0.1936091  1.028748e-02  0.008812093   6.914149e-04      0.0005922553         0  1.742147e-02    0.001166481      5.353863e-04            3.584760e-05
44  2013-07-20 16:29:15     65 285.5 165.3 165.1157 8.868668e-05 5.613035 0.1936091  1.015420e-02  0.008812091   6.824575e-04      0.0005922552         0  1.793065e-02    0.001163825      5.510340e-04            3.576597e-05
45  2013-07-20 16:29:30     66 286.2 165.2 165.0126 8.868668e-05 5.509963 0.1936091  5.682834e-03  0.008812030   3.819397e-04      0.0005922511         0  1.864349e-02    0.001160136      5.729408e-04            3.565262e-05
46  2013-07-20 16:29:45     67 286.8 165.4 165.2095 8.868668e-05 5.706890 0.1936091  1.422574e-02  0.008812147   9.561034e-04      0.0005922590         0  1.925451e-02    0.001157003      5.917181e-04            3.555634e-05
47  2013-07-20 16:30:00     68 287.2 165.4 165.2065 8.868668e-05 5.703818 0.1936091  1.409247e-02  0.008812145   9.471461e-04      0.0005922588         0  1.966185e-02    0.001154929      6.042362e-04            3.549261e-05
48  2013-07-20 16:30:15     69 287.8 165.5 165.3034 8.868668e-05 5.800746 0.1936091  1.829729e-02  0.008812204   1.229749e-03      0.0005922628         0  2.027286e-02    0.001151841      6.230135e-04            3.539768e-05
49  2013-07-20 16:30:30     70 288.3 165.6 165.4003 8.868668e-05 5.897674 0.1936091  2.250210e-02  0.008812264   1.512352e-03      0.0005922669         1  2.078204e-02    0.001149287      6.386612e-04            3.531921e-05
50  2013-07-20 16:30:45     71 288.9 165.6 165.3972 8.868668e-05 5.894602 0.1936091  2.236883e-02  0.008812263   1.503395e-03      0.0005922667         0  2.139305e-02    0.001146247      6.574385e-04            3.522580e-05
51  2013-07-20 16:31:00     72 289.5 165.6 165.3942 8.868668e-05 5.891530 0.1936091  2.223555e-02  0.008812261   1.494438e-03      0.0005922666         0  2.200406e-02    0.001143235      6.762157e-04            3.513322e-05
52  2013-07-20 16:31:15     73 290.1 165.5 165.2911 8.868668e-05 5.788457 0.1936091  1.776419e-02  0.008812197   1.193920e-03      0.0005922623         0  2.261507e-02    0.001140250      6.949930e-04            3.504149e-05
53  2013-07-20 16:31:30     74 290.7 165.6 165.3880 8.868668e-05 5.885385 0.1936091  2.196900e-02  0.008812257   1.476523e-03      0.0005922663         0  2.322608e-02    0.001137293      7.137702e-04            3.495061e-05
54  2013-07-20 16:31:45     75 291.1 165.5 165.2849 8.868668e-05 5.782313 0.1936091  1.749764e-02  0.008812193   1.176005e-03      0.0005922621         0  2.363342e-02    0.001135337      7.262884e-04            3.489049e-05
55  2013-07-20 16:32:00     76 291.7 165.5 165.2819 8.868668e-05 5.779241 0.1936091  1.736436e-02  0.008812191   1.167048e-03      0.0005922619         0  2.424444e-02    0.001132426      7.450656e-04            3.480104e-05
56  2013-07-20 16:32:15     77 292.3 165.5 165.2788 8.868668e-05 5.776169 0.1936091  1.723109e-02  0.008812189   1.158091e-03      0.0005922618         0  2.485545e-02    0.001129543      7.638429e-04            3.471245e-05
57  2013-07-20 16:32:30     78 292.8 165.6 165.3757 8.868668e-05 5.873096 0.1936091  2.143590e-02  0.008812249   1.440694e-03      0.0005922658         0  2.536462e-02    0.001127163      7.794906e-04            3.463929e-05
58  2013-07-20 16:32:45     79 293.5 165.6 165.3727 8.868668e-05 5.870024 0.1936091  2.130263e-02  0.008812247   1.431737e-03      0.0005922657         0  2.607747e-02    0.001123863      8.013974e-04            3.453790e-05
59  2013-07-20 16:33:00     80 293.9 165.6 165.3696 8.868668e-05 5.866952 0.1936091  2.116936e-02  0.008812245   1.422779e-03      0.0005922656         0  2.648481e-02    0.001121996      8.139156e-04            3.448050e-05
60  2013-07-20 16:33:15     81 294.5 165.5 165.2665 8.868668e-05 5.763880 0.1936091  1.669799e-02  0.008812182   1.122262e-03      0.0005922613         0  2.709582e-02    0.001119218      8.326928e-04            3.439515e-05
61  2013-07-20 16:33:30     82 295.0 165.5 165.2634 8.868668e-05 5.760808 0.1936091  1.656471e-02  0.008812180   1.113304e-03      0.0005922612         0  2.760500e-02    0.001116926      8.483405e-04            3.432470e-05
62  2013-07-20 16:33:45     83 295.6 165.6 165.3604 8.868668e-05 5.857735 0.1936091  2.076953e-02  0.008812240   1.395907e-03      0.0005922652         0  2.821601e-02    0.001114202      8.671178e-04            3.424100e-05
63  2013-07-20 16:34:00     84 296.3 165.8 165.5573 8.868668e-05 6.054663 0.1936091  2.931244e-02  0.008812364   1.970071e-03      0.0005922735         1  2.892886e-02    0.001111062      8.890246e-04            3.414449e-05
64  2013-07-20 16:34:15     85 296.8 165.6 165.3542 8.868668e-05 5.851591 0.1936091  2.050298e-02  0.008812236   1.377993e-03      0.0005922649         0  2.943804e-02    0.001108843      9.046723e-04            3.407632e-05
65  2013-07-20 16:34:30     86 297.4 165.5 165.2512 8.868668e-05 5.748519 0.1936091  1.603162e-02  0.008812172   1.077475e-03      0.0005922607         0  3.004905e-02    0.001106209      9.234496e-04            3.399536e-05
66  2013-07-20 16:34:45     87 297.9 165.3 165.0481 8.868668e-05 5.545447 0.1936091  7.222157e-03  0.008812051   4.853967e-04      0.0005922525         0  3.055823e-02    0.001104037      9.390973e-04            3.392861e-05
67  2013-07-20 16:35:00     88 298.4 165.6 165.3450 8.868668e-05 5.842374 0.1936091  2.010316e-02  0.008812230   1.351121e-03      0.0005922645         0  3.106740e-02    0.001101886      9.547450e-04            3.386250e-05
68  2013-07-20 16:35:15     89 299.0 165.4 165.1419 8.868668e-05 5.639302 0.1936091  1.129370e-02  0.008812106   7.590426e-04      0.0005922562         0  3.167841e-02    0.001099333      9.735222e-04            3.378404e-05
69  2013-07-20 16:35:30     90 299.7 165.5 165.2389 8.868668e-05 5.736230 0.1936091  1.549852e-02  0.008812165   1.041646e-03      0.0005922602         0  3.239126e-02    0.001096393      9.954290e-04            3.369369e-05
70  2013-07-20 16:35:45     91 300.2 165.4 165.1358 8.868668e-05 5.633158 0.1936091  1.102715e-02  0.008812103   7.411279e-04      0.0005922560         0  3.290044e-02    0.001094319      1.011077e-03            3.362996e-05
71  2013-07-20 16:36:00     92 300.8 165.4 165.1327 8.868668e-05 5.630086 0.1936091  1.089388e-02  0.008812101   7.321706e-04      0.0005922559         0  3.351145e-02    0.001091859      1.029854e-03            3.355435e-05
72  2013-07-20 16:36:15     93 301.3 165.4 165.1296 8.868668e-05 5.627013 0.1936091  1.076060e-02  0.008812099   7.232133e-04      0.0005922557         0  3.402063e-02    0.001089833      1.045502e-03            3.349209e-05
73  2013-07-20 16:36:30     94 301.8 165.5 165.2266 8.868668e-05 5.723941 0.1936091  1.496542e-02  0.008812157   1.005816e-03      0.0005922597         0  3.452980e-02    0.001087828      1.061149e-03            3.343050e-05
74  2013-07-20 16:36:45     95 302.4 165.3 165.0235 8.868668e-05 5.520869 0.1936091  6.155959e-03  0.008812036   4.137382e-04      0.0005922515         0  3.514081e-02    0.001085453      1.079927e-03            3.335748e-05
75  2013-07-20 16:37:00     96 303.0 165.4 165.1204 8.868668e-05 5.617797 0.1936091  1.036078e-02  0.008812094   6.963414e-04      0.0005922554         0  3.575183e-02    0.001083109      1.098704e-03            3.328545e-05
76  2013-07-20 16:37:15     97 303.4 165.4 165.1174 8.868668e-05 5.614725 0.1936091  1.022750e-02  0.008812092   6.873841e-04      0.0005922552         0  3.615917e-02    0.001081564      1.111222e-03            3.323798e-05
77  2013-07-20 16:37:30     98 304.0 165.4 165.1143 8.868668e-05 5.611652 0.1936091  1.009423e-02  0.008812090   6.784268e-04      0.0005922551         0  3.677018e-02    0.001079274      1.129999e-03            3.316761e-05
78  2013-07-20 16:37:45     99 304.5 165.4 165.1112 8.868668e-05 5.608580 0.1936091  9.960952e-03  0.008812088   6.694694e-04      0.0005922550         0  3.727936e-02    0.001077391      1.145647e-03            3.310973e-05
79  2013-07-20 16:38:00    100 305.1 165.6 165.3081 8.868668e-05 5.805508 0.1936091  1.850386e-02  0.008812207   1.243633e-03      0.0005922630         0  3.789037e-02    0.001075160      1.164424e-03            3.304119e-05
80  2013-07-20 16:38:15    101 305.7 165.5 165.2051 8.868668e-05 5.702436 0.1936091  1.403249e-02  0.008812144   9.431153e-04      0.0005922588         0  3.850138e-02    0.001072963      1.183202e-03            3.297367e-05
81  2013-07-20 16:38:30    102 306.2 165.6 165.3020 8.868668e-05 5.799364 0.1936091  1.823731e-02  0.008812203   1.225718e-03      0.0005922628         0  3.901056e-02    0.001071157      1.198849e-03            3.291817e-05
82  2013-07-20 16:38:45    103 306.8 165.7 165.3989 8.868668e-05 5.896291 0.1936091  2.244213e-02  0.008812264   1.508322e-03      0.0005922668         0  3.962157e-02    0.001069021      1.217627e-03            3.285252e-05
83  2013-07-20 16:39:00    104 307.3 165.6 165.2959 8.868668e-05 5.793219 0.1936091  1.797076e-02  0.008812200   1.207804e-03      0.0005922625         0  4.013074e-02    0.001067266      1.233274e-03            3.279860e-05
84  2013-07-20 16:39:15    105 308.1 165.6 165.2928 8.868668e-05 5.790147 0.1936091  1.783749e-02  0.008812198   1.198847e-03      0.0005922624         0  4.094543e-02    0.001064508      1.258311e-03            3.271382e-05
85  2013-07-20 16:39:30    106 308.6 165.6 165.2897 8.868668e-05 5.787075 0.1936091  1.770421e-02  0.008812196   1.189889e-03      0.0005922623         0  4.145460e-02    0.001062814      1.273958e-03            3.266177e-05
86  2013-07-20 16:39:45    107 309.0 165.7 165.3866 8.868668e-05 5.884003 0.1936091  2.190903e-02  0.008812256   1.472492e-03      0.0005922663         0  4.186194e-02    0.001061476      1.286476e-03            3.262065e-05
87  2013-07-20 16:40:00    108 309.7 165.7 165.3836 8.868668e-05 5.880930 0.1936091  2.177576e-02  0.008812254   1.463535e-03      0.0005922662         0  4.257479e-02    0.001059171      1.308383e-03            3.254983e-05
88  2013-07-20 16:40:15    109 310.2 165.6 165.2805 8.868668e-05 5.777858 0.1936091  1.730439e-02  0.008812190   1.163017e-03      0.0005922619         0  4.308397e-02    0.001057554      1.324031e-03            3.250012e-05
89  2013-07-20 16:40:30    110 310.8 165.8 165.4774 8.868668e-05 5.974786 0.1936091  2.584730e-02  0.008812313   1.737181e-03      0.0005922701         1  4.369498e-02    0.001055645      1.342808e-03            3.244145e-05
90  2013-07-20 16:40:45    111 311.3 165.8 165.4743 8.868668e-05 5.971714 0.1936091  2.571402e-02  0.008812311   1.728224e-03      0.0005922700         1  4.420416e-02    0.001054080      1.358456e-03            3.239337e-05
91  2013-07-20 16:41:00    112 311.9 165.9 165.5713 8.868668e-05 6.068642 0.1936091  2.991884e-02  0.008812373   2.010827e-03      0.0005922741         1  4.481517e-02    0.001052235      1.377233e-03            3.233666e-05
92  2013-07-20 16:41:15    113 312.5 165.8 165.4682 8.868668e-05 5.965569 0.1936091  2.544747e-02  0.008812307   1.710309e-03      0.0005922697         1  4.542618e-02    0.001050425      1.396010e-03            3.228103e-05
93  2013-07-20 16:41:30    114 313.1 165.8 165.4651 8.868668e-05 5.962497 0.1936091  2.531420e-02  0.008812305   1.701352e-03      0.0005922696         1  4.603719e-02    0.001048650      1.414788e-03            3.222648e-05
94  2013-07-20 16:41:45    115 313.7 165.9 165.5621 8.868668e-05 6.059425 0.1936091  2.951902e-02  0.008812367   1.983955e-03      0.0005922737         1  4.664820e-02    0.001046910      1.433565e-03            3.217303e-05
95  2013-07-20 16:42:00    116 314.2 165.9 165.5590 8.868668e-05 6.056353 0.1936091  2.938574e-02  0.008812365   1.974998e-03      0.0005922736         1  4.715738e-02    0.001045488      1.449213e-03            3.212932e-05
96  2013-07-20 16:42:15    117 314.8 165.8 165.4559 8.868668e-05 5.953281 0.1936091  2.491437e-02  0.008812299   1.674480e-03      0.0005922692         1  4.776839e-02    0.001043814      1.467990e-03            3.207788e-05
97  2013-07-20 16:42:30    118 315.4 166.0 165.6528 8.868668e-05 6.150208 0.1936091  3.345728e-02  0.008812426   2.248643e-03      0.0005922777         1  4.837940e-02    0.001042177      1.486767e-03            3.202755e-05
98  2013-07-20 16:42:45    119 315.9 165.9 165.5498 8.868668e-05 6.047136 0.1936091  2.898592e-02  0.008812359   1.948126e-03      0.0005922732         1  4.888858e-02    0.001040839      1.502415e-03            3.198646e-05
99  2013-07-20 16:43:00    120 316.4 165.9 165.5467 8.868668e-05 6.044064 0.1936091  2.885264e-02  0.008812357   1.939168e-03      0.0005922731         1  4.939776e-02    0.001039527      1.518063e-03            3.194613e-05
100 2013-07-20 16:43:15    121 317.0 166.1 165.7436 8.868668e-05 6.240992 0.1936091  3.739555e-02  0.008812485   2.513332e-03      0.0005922817         1  5.000877e-02    0.001037986      1.536840e-03            3.189878e-05
101 2013-07-20 16:43:30    122 317.5 166.0 165.6406 8.868668e-05 6.137920 0.1936091  3.292419e-02  0.008812418   2.212814e-03      0.0005922772         1  5.051795e-02    0.001036730      1.552488e-03            3.186017e-05
102 2013-07-20 16:43:45    123 318.1 165.8 165.4375 8.868668e-05 5.934847 0.1936091  2.411473e-02  0.008812288   1.620736e-03      0.0005922684         1  5.112896e-02    0.001035256      1.571265e-03            3.181488e-05
103 2013-07-20 16:44:00    124 318.7 165.8 165.4344 8.868668e-05 5.931775 0.1936091  2.398145e-02  0.008812286   1.611779e-03      0.0005922683         1  5.173997e-02    0.001033819      1.590042e-03            3.177072e-05
104 2013-07-20 16:44:15    125 319.3 165.9 165.5313 8.868668e-05 6.028703 0.1936091  2.818627e-02  0.008812347   1.894382e-03      0.0005922724         1  5.235098e-02    0.001032419      1.608819e-03            3.172770e-05
105 2013-07-20 16:44:30    126 319.8 165.9 165.5283 8.868668e-05 6.025631 0.1936091  2.805299e-02  0.008812345   1.885424e-03      0.0005922723         1  5.286016e-02    0.001031281      1.624467e-03            3.169272e-05
106 2013-07-20 16:44:45    127 320.4 165.7 165.3252 8.868668e-05 5.822559 0.1936091  1.924354e-02  0.008812218   1.293346e-03      0.0005922637         0  5.347117e-02    0.001029950      1.643244e-03            3.165180e-05
107 2013-07-20 16:45:00    128 320.8 165.7 165.3221 8.868668e-05 5.819487 0.1936091  1.911026e-02  0.008812216   1.284389e-03      0.0005922636         0  5.387851e-02    0.001029083      1.655762e-03            3.162516e-05
108 2013-07-20 16:45:15    129 321.5 165.7 165.3190 8.868668e-05 5.816414 0.1936091  1.897699e-02  0.008812214   1.275432e-03      0.0005922635         0  5.459136e-02    0.001027606      1.677669e-03            3.157977e-05
109 2013-07-20 16:45:30    130 322.1 165.8 165.4160 8.868668e-05 5.913342 0.1936091  2.318180e-02  0.008812274   1.558035e-03      0.0005922675         1  5.520237e-02    0.001026381      1.696447e-03            3.154212e-05
110 2013-07-20 16:45:45    131 322.6 165.8 165.4129 8.868668e-05 5.910270 0.1936091  2.304853e-02  0.008812272   1.549077e-03      0.0005922674         1  5.571155e-02    0.001025389      1.712094e-03            3.151164e-05
111 2013-07-20 16:46:00    132 323.2 165.9 165.5098 8.868668e-05 6.007198 0.1936091  2.725335e-02  0.008812334   1.831681e-03      0.0005922715         1  5.632256e-02    0.001024233      1.730872e-03            3.147613e-05
112 2013-07-20 16:46:15    133 323.7 165.9 165.5068 8.868668e-05 6.004126 0.1936091  2.712007e-02  0.008812332   1.822723e-03      0.0005922714         1  5.683174e-02    0.001023299      1.746519e-03            3.144743e-05
113 2013-07-20 16:46:30    134 324.3 165.9 165.5037 8.868668e-05 6.001053 0.1936091  2.698680e-02  0.008812330   1.813766e-03      0.0005922712         1  5.744275e-02    0.001022214      1.765296e-03            3.141407e-05
114 2013-07-20 16:46:45    135 324.9 165.9 165.5006 8.868668e-05 5.997981 0.1936091  2.685352e-02  0.008812328   1.804809e-03      0.0005922711         1  5.805376e-02    0.001021166      1.784074e-03            3.138188e-05
115 2013-07-20 16:47:00    136 325.4 165.8 165.3975 8.868668e-05 5.894909 0.1936091  2.238216e-02  0.008812263   1.504291e-03      0.0005922667         0  5.856294e-02    0.001020323      1.799721e-03            3.135597e-05
116 2013-07-20 16:47:15    137 326.0 165.9 165.4945 8.868668e-05 5.991837 0.1936091  2.658697e-02  0.008812324   1.786894e-03      0.0005922708         1  5.917395e-02    0.001019346      1.818499e-03            3.132595e-05
117 2013-07-20 16:47:30    138 326.5 165.9 165.4914 8.868668e-05 5.988765 0.1936091  2.645370e-02  0.008812322   1.777937e-03      0.0005922707         1  5.968312e-02    0.001018562      1.834146e-03            3.130184e-05
118 2013-07-20 16:47:45    139 327.0 166.0 165.5883 8.868668e-05 6.085692 0.1936091  3.065851e-02  0.008812384   2.060540e-03      0.0005922749         1  6.019230e-02    0.001017804      1.849794e-03            3.127856e-05
119 2013-07-20 16:48:00    140 327.6 165.9 165.4853 8.868668e-05 5.982620 0.1936091  2.618715e-02  0.008812318   1.760022e-03      0.0005922705         1  6.080331e-02    0.001016931      1.868571e-03            3.125172e-05
120 2013-07-20 16:48:15    141 328.2 165.9 165.4822 8.868668e-05 5.979548 0.1936091  2.605387e-02  0.008812316   1.751065e-03      0.0005922703         1  6.141432e-02    0.001016097      1.887349e-03            3.122608e-05
121 2013-07-20 16:48:30    142 328.7 166.0 165.5791 8.868668e-05 6.076476 0.1936091  3.025869e-02  0.008812378   2.033668e-03      0.0005922745         1  6.192350e-02    0.001015431      1.902996e-03            3.120562e-05
122 2013-07-20 16:48:45    143 329.2 166.0 165.5760 8.868668e-05 6.073404 0.1936091  3.012542e-02  0.008812376   2.024711e-03      0.0005922744         1  6.243268e-02    0.001014792      1.918644e-03            3.118600e-05
123 2013-07-20 16:49:00    144 329.9 166.0 165.5730 8.868668e-05 6.070331 0.1936091  2.999214e-02  0.008812374   2.015753e-03      0.0005922742         1  6.314552e-02    0.001013944      1.940551e-03            3.115994e-05
124 2013-07-20 16:49:15    145 330.3 166.1 165.6699 8.868668e-05 6.167259 0.1936091  3.419696e-02  0.008812437   2.298356e-03      0.0005922784         1  6.355287e-02    0.001013484      1.953069e-03            3.114578e-05
125 2013-07-20 16:49:30    146 331.0 166.1 165.6668 8.868668e-05 6.164187 0.1936091  3.406368e-02  0.008812435   2.289399e-03      0.0005922783         1  6.426571e-02    0.001012720      1.974976e-03            3.112230e-05
126 2013-07-20 16:49:45    147 331.6 166.1 165.6637 8.868668e-05 6.161115 0.1936091  3.393041e-02  0.008812433   2.280442e-03      0.0005922782         1  6.487672e-02    0.001012107      1.993753e-03            3.110348e-05
127 2013-07-20 16:50:00    148 332.1 166.0 165.5607 8.868668e-05 6.058043 0.1936091  2.945904e-02  0.008812366   1.979924e-03      0.0005922737         1  6.538590e-02    0.001011627      2.009401e-03            3.108873e-05
128 2013-07-20 16:50:15    149 332.6 166.0 165.5576 8.868668e-05 6.054970 0.1936091  2.932577e-02  0.008812364   1.970967e-03      0.0005922736         1  6.589508e-02    0.001011175      2.025048e-03            3.107482e-05
129 2013-07-20 16:50:30    150 333.1 166.0 165.5545 8.868668e-05 6.051898 0.1936091  2.919249e-02  0.008812362   1.962009e-03      0.0005922734         1  6.640425e-02    0.001010750      2.040696e-03            3.106176e-05
130 2013-07-20 16:50:45    151 333.7 166.1 165.6515 8.868668e-05 6.148826 0.1936091  3.339731e-02  0.008812425   2.244613e-03      0.0005922776         1  6.701527e-02    0.001010276      2.059473e-03            3.104720e-05
131 2013-07-20 16:51:00    152 334.3 166.1 165.6484 8.868668e-05 6.145754 0.1936091  3.326404e-02  0.008812423   2.235655e-03      0.0005922775         1  6.762628e-02    0.001009842      2.078251e-03            3.103386e-05
132 2013-07-20 16:51:15    153 334.8 165.9 165.4453 8.868668e-05 5.942682 0.1936091  2.445458e-02  0.008812293   1.643577e-03      0.0005922688         1  6.813545e-02    0.001009510      2.093898e-03            3.102367e-05
133 2013-07-20 16:51:30    154 335.4 166.1 165.6422 8.868668e-05 6.139609 0.1936091  3.299749e-02  0.008812419   2.217741e-03      0.0005922772         1  6.874647e-02    0.001009149      2.112676e-03            3.101257e-05
134 2013-07-20 16:51:45    155 335.9 165.9 165.4392 8.868668e-05 5.936537 0.1936091  2.418803e-02  0.008812289   1.625662e-03      0.0005922685         1  6.925564e-02    0.001008879      2.128323e-03            3.100426e-05
135 2013-07-20 16:52:00    156 336.5 166.0 165.5361 8.868668e-05 6.033465 0.1936091  2.839284e-02  0.008812350   1.908266e-03      0.0005922726         1  6.986665e-02    0.001008590      2.147101e-03            3.099540e-05
136 2013-07-20 16:52:15    157 337.1 166.1 165.6330 8.868668e-05 6.130393 0.1936091  3.259766e-02  0.008812413   2.190869e-03      0.0005922768         1  7.047767e-02    0.001008342      2.165878e-03            3.098777e-05
137 2013-07-20 16:52:30    158 337.7 166.1 165.6300 8.868668e-05 6.127321 0.1936091  3.246439e-02  0.008812411   2.181911e-03      0.0005922767         1  7.108868e-02    0.001008134      2.184655e-03            3.098137e-05
138 2013-07-20 16:52:45    159 338.3 166.0 165.5269 8.868668e-05 6.024248 0.1936091  2.799302e-02  0.008812344   1.881394e-03      0.0005922722         1  7.169969e-02    0.001007966      2.203432e-03            3.097620e-05
139 2013-07-20 16:53:00    160 338.8 166.2 165.7238 8.868668e-05 6.221176 0.1936091  3.653593e-02  0.008812472   2.455557e-03      0.0005922808         1  7.220887e-02    0.001007856      2.219080e-03            3.097283e-05
140 2013-07-20 16:53:15    161 339.4 166.1 165.6207 8.868668e-05 6.118104 0.1936091  3.206456e-02  0.008812405   2.155040e-03      0.0005922763         1  7.281988e-02    0.001007761      2.237857e-03            3.096990e-05
141 2013-07-20 16:53:30    162 339.9 166.1 165.6177 8.868668e-05 6.115032 0.1936091  3.193129e-02  0.008812403   2.146082e-03      0.0005922762         1  7.332906e-02    0.001007712      2.253505e-03            3.096841e-05
142 2013-07-20 16:53:45    163 340.6 166.2 165.7146 8.868668e-05 6.211960 0.1936091  3.613611e-02  0.008812466   2.428685e-03      0.0005922804         1  7.404190e-02    0.001007691      2.275412e-03            3.096775e-05
143 2013-07-20 16:54:00    164 341.2 166.3 165.8115 8.868668e-05 6.308887 0.1936091  4.034092e-02  0.008812531   2.711289e-03      0.0005922847         1  7.465291e-02    0.001007716      2.294189e-03            3.096852e-05
144 2013-07-20 16:54:15    165 341.7 166.2 165.7084 8.868668e-05 6.205815 0.1936091  3.586956e-02  0.008812462   2.410771e-03      0.0005922801         1  7.516209e-02    0.001007767      2.309837e-03            3.097009e-05
145 2013-07-20 16:54:30    166 342.2 166.1 165.6054 8.868668e-05 6.102743 0.1936091  3.139819e-02  0.008812395   2.110253e-03      0.0005922756         1  7.567127e-02    0.001007846      2.325485e-03            3.097252e-05
146 2013-07-20 16:54:45    167 342.7 166.1 165.6023 8.868668e-05 6.099671 0.1936091  3.126491e-02  0.008812393   2.101296e-03      0.0005922755         1  7.618044e-02    0.001007953      2.341132e-03            3.097581e-05
147 2013-07-20 16:55:00    168 343.3 166.2 165.6992 8.868668e-05 6.196599 0.1936091  3.546973e-02  0.008812456   2.383899e-03      0.0005922797         1  7.679146e-02    0.001008118      2.359910e-03            3.098088e-05
148 2013-07-20 16:55:15    169 343.9 166.0 165.4962 8.868668e-05 5.993526 0.1936091  2.666027e-02  0.008812325   1.791821e-03      0.0005922709         1  7.740247e-02    0.001008323      2.378687e-03            3.098717e-05
149 2013-07-20 16:55:30    170 344.6 166.1 165.5931 8.868668e-05 6.090454 0.1936091  3.086509e-02  0.008812387   2.074424e-03      0.0005922751         1  7.811532e-02    0.001008612      2.400594e-03            3.099607e-05
150 2013-07-20 16:55:45    171 345.2 166.2 165.6900 8.868668e-05 6.187382 0.1936091  3.506991e-02  0.008812450   2.357027e-03      0.0005922793         1  7.872633e-02    0.001008903      2.419371e-03            3.100502e-05
151 2013-07-20 16:56:00    172 345.7 166.2 165.6869 8.868668e-05 6.184310 0.1936091  3.493663e-02  0.008812448   2.348070e-03      0.0005922792         1  7.923550e-02    0.001009177      2.435019e-03            3.101342e-05
152 2013-07-20 16:56:15    173 346.3 166.4 165.8839 8.868668e-05 6.381238 0.1936091  4.347954e-02  0.008812579   2.922233e-03      0.0005922880         1  7.984652e-02    0.001009541      2.453796e-03            3.102461e-05
153 2013-07-20 16:56:30    174 346.9 166.4 165.8808 8.868668e-05 6.378165 0.1936091  4.334627e-02  0.008812577   2.913276e-03      0.0005922879         1  8.045753e-02    0.001009945      2.472573e-03            3.103703e-05
154 2013-07-20 16:56:45    175 347.6 166.3 165.7777 8.868668e-05 6.275093 0.1936091  3.887490e-02  0.008812508   2.612758e-03      0.0005922832         1  8.117037e-02    0.001010467      2.494480e-03            3.105307e-05
155 2013-07-20 16:57:00    176 348.1 166.3 165.7747 8.868668e-05 6.272021 0.1936091  3.874163e-02  0.008812506   2.603801e-03      0.0005922831         1  8.167955e-02    0.001010873      2.510128e-03            3.106554e-05
156 2013-07-20 16:57:15    177 348.8 166.3 165.7716 8.868668e-05 6.268949 0.1936091  3.860835e-02  0.008812504   2.594843e-03      0.0005922830         1  8.239240e-02    0.001011487      2.532034e-03            3.108441e-05
157 2013-07-20 16:57:30    178 349.3 166.3 165.7685 8.868668e-05 6.265877 0.1936091  3.847508e-02  0.008812502   2.585886e-03      0.0005922828         1  8.290157e-02    0.001011958      2.547682e-03            3.109891e-05
158 2013-07-20 16:57:45    179 350.0 166.4 165.8654 8.868668e-05 6.362804 0.1936091  4.267989e-02  0.008812567   2.868489e-03      0.0005922872         1  8.361442e-02    0.001012665      2.569589e-03            3.112062e-05
159 2013-07-20 16:58:00    180 350.6 166.4 165.8624 8.868668e-05 6.359732 0.1936091  4.254662e-02  0.008812565   2.859532e-03      0.0005922870         1  8.422543e-02    0.001013313      2.588366e-03            3.114054e-05
160 2013-07-20 16:58:15    181 351.1 166.4 165.8593 8.868668e-05 6.356660 0.1936091  4.241334e-02  0.008812563   2.850575e-03      0.0005922869         1  8.473461e-02    0.001013883      2.604014e-03            3.115807e-05
161 2013-07-20 16:58:30    182 351.7 166.4 165.8562 8.868668e-05 6.353588 0.1936091  4.228007e-02  0.008812561   2.841617e-03      0.0005922868         1  8.534562e-02    0.001014604      2.622791e-03            3.118020e-05
162 2013-07-20 16:58:45    183 352.1 166.3 165.7531 8.868668e-05 6.250516 0.1936091  3.780870e-02  0.008812492   2.541100e-03      0.0005922821         1  8.575296e-02    0.001015106      2.635309e-03            3.119563e-05
163 2013-07-20 16:59:00    184 352.8 166.3 165.7501 8.868668e-05 6.247443 0.1936091  3.767543e-02  0.008812490   2.532142e-03      0.0005922820         1  8.646581e-02    0.001016026      2.657216e-03            3.122391e-05
164 2013-07-20 16:59:15    185 353.4 166.4 165.8470 8.868668e-05 6.344371 0.1936091  4.188025e-02  0.008812554   2.814745e-03      0.0005922863         1  8.707682e-02    0.001016857      2.675993e-03            3.124945e-05
165 2013-07-20 16:59:30    186 354.0 166.4 165.8439 8.868668e-05 6.341299 0.1936091  4.174697e-02  0.008812552   2.805788e-03      0.0005922862         1  8.768783e-02    0.001017727      2.694771e-03            3.127619e-05
166 2013-07-20 16:59:45    187 354.6 166.3 165.7409 8.868668e-05 6.238227 0.1936091  3.727560e-02  0.008812484   2.505270e-03      0.0005922816         1  8.829885e-02    0.001018636      2.713548e-03            3.130412e-05
167 2013-07-20 17:00:00    188 355.1 166.3 165.7378 8.868668e-05 6.235155 0.1936091  3.714233e-02  0.008812482   2.496313e-03      0.0005922814         1  8.880802e-02    0.001019423      2.729196e-03            3.132831e-05
168 2013-07-20 17:00:15    189 355.7 166.3 165.7347 8.868668e-05 6.232083 0.1936091  3.700906e-02  0.008812480   2.487356e-03      0.0005922813         1  8.941903e-02    0.001020403      2.747973e-03            3.135842e-05
169 2013-07-20 17:00:30    190 356.4 166.4 165.8316 8.868668e-05 6.329010 0.1936091  4.121387e-02  0.008812544   2.769959e-03      0.0005922857         1  9.013188e-02    0.001021595      2.769880e-03            3.139505e-05
170 2013-07-20 17:00:45    191 357.1 166.4 165.8286 8.868668e-05 6.325938 0.1936091  4.108060e-02  0.008812542   2.761002e-03      0.0005922855         1  9.084473e-02    0.001022839      2.791786e-03            3.143328e-05
171 2013-07-20 17:01:00    192 357.7 166.3 165.7255 8.868668e-05 6.222866 0.1936091  3.660923e-02  0.008812473   2.460484e-03      0.0005922809         1  9.145574e-02    0.001023947      2.810564e-03            3.146732e-05
172 2013-07-20 17:01:15    193 358.3 166.2 165.6224 8.868668e-05 6.119794 0.1936091  3.213786e-02  0.008812406   2.159966e-03      0.0005922764         1  9.206675e-02    0.001025093      2.829341e-03            3.150254e-05
173 2013-07-20 17:01:30    194 359.0 166.4 165.8194 8.868668e-05 6.316722 0.1936091  4.068077e-02  0.008812536   2.734130e-03      0.0005922851         1  9.277960e-02    0.001026477      2.851248e-03            3.154510e-05
174 2013-07-20 17:01:45    195 359.6 166.3 165.7163 8.868668e-05 6.213649 0.1936091  3.620941e-02  0.008812467   2.433612e-03      0.0005922805         1  9.339061e-02    0.001027706      2.870025e-03            3.158284e-05
175 2013-07-20 17:02:00    196 360.2 166.4 165.8132 8.868668e-05 6.310577 0.1936091  4.041422e-02  0.008812532   2.716215e-03      0.0005922848         1  9.400162e-02    0.001028971      2.888802e-03            3.162174e-05
176 2013-07-20 17:02:15    197 360.8 166.3 165.7101 8.868668e-05 6.207505 0.1936091  3.594286e-02  0.008812463   2.415697e-03      0.0005922802         1  9.461264e-02    0.001030275      2.907579e-03            3.166179e-05
177 2013-07-20 17:02:30    198 361.3 166.3 165.7071 8.868668e-05 6.204433 0.1936091  3.580958e-02  0.008812461   2.406740e-03      0.0005922801         1  9.512181e-02    0.001031389      2.923227e-03            3.169605e-05
178 2013-07-20 17:02:45    199 361.9 166.5 165.9040 8.868668e-05 6.401361 0.1936091  4.435249e-02  0.008812593   2.980904e-03      0.0005922889         1  9.573282e-02    0.001032761      2.942004e-03            3.173821e-05
179 2013-07-20 17:03:00    200 362.5 166.5 165.9009 8.868668e-05 6.398288 0.1936091  4.421922e-02  0.008812591   2.971946e-03      0.0005922888         1  9.634384e-02    0.001034170      2.960782e-03            3.178151e-05
180 2013-07-20 17:03:15    201 363.2 166.4 165.7978 8.868668e-05 6.295216 0.1936091  3.974785e-02  0.008812522   2.671428e-03      0.0005922841         1  9.705668e-02    0.001035861      2.982688e-03            3.183347e-05
181 2013-07-20 17:03:30    202 364.0 166.4 165.7948 8.868668e-05 6.292144 0.1936091  3.961458e-02  0.008812519   2.662471e-03      0.0005922840         1  9.787137e-02    0.001037854      3.007725e-03            3.189473e-05
182 2013-07-20 17:03:45    203 364.7 166.4 165.7917 8.868668e-05 6.289072 0.1936091  3.948130e-02  0.008812517   2.653514e-03      0.0005922839         1  9.858421e-02    0.001039652      3.029632e-03            3.194998e-05
183 2013-07-20 17:04:00    204 365.2   NaN      NaN 8.868668e-05      NaN 0.1936091           NaN          NaN            NaN               NaN         0  9.909339e-02    0.001040967      3.045279e-03            3.199037e-05
184 2013-07-20 17:04:15    205 365.7 166.5 165.8856 8.868668e-05 6.382927 0.1936091  4.355284e-02  0.008812580   2.927160e-03      0.0005922881         0  9.960257e-02    0.001042306      3.060927e-03            3.203154e-05
185 2013-07-20 17:04:30    206 365.6 166.4 165.7825 8.868668e-05 6.279855 0.1936091  3.908148e-02  0.008812511   2.626642e-03      0.0005922834         0  9.950073e-02    0.001042036      3.057797e-03            3.202325e-05
186 2013-07-20 17:04:45    207 365.0 166.4 165.7794 8.868668e-05 6.276783 0.1936091  3.894820e-02  0.008812509   2.617685e-03      0.0005922833         0  9.888972e-02    0.001040438      3.039020e-03            3.197412e-05

$dryleafvolt
             timestamp record LWSmV  SEmV    CSEmV     CSEmV.sd   loadmV loadmV.sd
1  2013-07-20 16:16:15     13 265.1 164.9 164.8754 8.868668e-05 5.372789 0.1936091
2  2013-07-20 16:16:30     14 265.1 164.5 164.4724 8.868668e-05 4.969717 0.1936091
3  2013-07-20 16:16:45     15 265.1 165.0 164.9693 8.868668e-05 5.466645 0.1936091
4  2013-07-20 16:17:00     16 265.1 164.9 164.8662 8.868668e-05 5.363573 0.1936091
5  2013-07-20 16:17:15     17 265.1 165.0 164.9631 8.868668e-05 5.460500 0.1936091
6  2013-07-20 16:17:30     18 265.1 165.0 164.9601 8.868668e-05 5.457428 0.1936091
7  2013-07-20 16:17:45     19 265.1 165.0 164.9570 8.868668e-05 5.454356 0.1936091
8  2013-07-20 16:18:00     20 265.1 164.9 164.8539 8.868668e-05 5.351284 0.1936091
9  2013-07-20 16:18:15     21 265.1 164.9 164.8508 8.868668e-05 5.348212 0.1936091
10 2013-07-20 16:18:30     22 265.1 165.1 165.0478 8.868668e-05 5.545139 0.1936091

$runtime
Time difference of 46.25 mins

$startcalibvolt
            timestamp record LWSmV  SEmV    CSEmV     CSEmV.sd   loadmV loadmV.sd
1 2013-07-20 16:14:45      7 265.1 282.3 282.2939 8.868668e-05 122.7912 0.1936091
2 2013-07-20 16:15:00      8 265.1 282.3 282.2908 8.868668e-05 122.7882 0.1936091
3 2013-07-20 16:15:15      9 265.1 282.3 282.2877 8.868668e-05 122.7851 0.1936091
4 2013-07-20 16:15:30     10 265.1 282.5 282.4846 8.868668e-05 122.9820 0.1936091
5 2013-07-20 16:15:45     11 265.1 282.5 282.4816 8.868668e-05 122.9789 0.1936091

$endcalibvolt
[1] NA

$lastLWSvolt
[1] 362.3

$maxLWSvolt
[1] 365.7

$species
[1] "valleyoak"

$trial
[1] "8"

$replicate
[1] "1"

$isvertical
[1] FALSE

$conversionfactor
         avg        stdev
1 0.04338092 3.057111e-05

$LWSwatermass
         avg       stdev
1 0.08422129 0.006415073

$dryleafmass
        avg       stdev
1 0.2333444 0.002661064

$lwsmodel

Call:
lm(formula = LWSsurfacedensity ~ record, data = rd[rd$runfilter == 
    1, ])

Coefficients:
(Intercept)       record  
 -6.329e-04    1.789e-05  


$leafmodel

Call:
lm(formula = surfacedensity ~ record, data = rd[rd$runfilter == 
    1, ])

Coefficients:
(Intercept)       record  
  5.765e-04    1.056e-05  


