$name
[1] "valleyoak1"

$leafarea
[1] 16.55587

$startbasevolt
            timestamp record LWSmV  SEmV CSEmV CSEmV.sd      loadmV loadmV.sd
1 2013-07-20 11:55:00      2 262.4 156.6 156.6        0  0.15333333 0.1793534
2 2013-07-20 11:55:15      3 262.4 156.4 156.4        0 -0.04666667 0.1793534

$endbasevolt
             timestamp record LWSmV  SEmV    CSEmV     CSEmV.sd       loadmV loadmV.sd
1  2013-07-20 12:50:15    223 264.5 155.5 156.5628 6.524722e-05  0.116135266 0.1793534
2  2013-07-20 12:50:30    224 264.4 155.4 156.4676 6.524722e-05  0.020966184 0.1793534
3  2013-07-20 12:50:45    225 264.4 155.5 156.5725 6.524722e-05  0.125797101 0.1793534
4  2013-07-20 12:51:00    226 264.4 155.2 156.2773 6.524722e-05 -0.169371981 0.1793534
5  2013-07-20 12:51:15    227 264.4 155.3 156.3821 6.524722e-05 -0.064541063 0.1793534
6  2013-07-20 12:51:30    228 264.4 155.4 156.4870 6.524722e-05  0.040289855 0.1793534
7  2013-07-20 12:51:45    229 264.4 155.1 156.1918 6.524722e-05 -0.254879227 0.1793534
8  2013-07-20 12:52:00    230 264.4 155.6 156.6966 6.524722e-05  0.249951691 0.1793534
9  2013-07-20 12:52:15    231 264.4 155.3 156.4014 6.524722e-05 -0.045217391 0.1793534
10 2013-07-20 12:52:30    232 264.4 155.4 156.5063 6.524722e-05  0.059613527 0.1793534
11 2013-07-20 12:52:45    233 264.3 155.4 156.5111 6.524722e-05  0.064444444 0.1793534
12 2013-07-20 12:53:00    234 264.2 155.3 156.4159 6.524722e-05 -0.030724638 0.1793534
13 2013-07-20 12:53:15    235 264.1 155.3 156.4208 6.524722e-05 -0.025893720 0.1793534
14 2013-07-20 12:53:30    236 264.0 155.4 156.5256 6.524722e-05  0.078937198 0.1793534
15 2013-07-20 12:53:45    237 263.8 155.3 156.4304 6.524722e-05 -0.016231884 0.1793534
16 2013-07-20 12:54:00    238 263.8 155.2 156.3353 6.524722e-05 -0.111400966 0.1793534
17 2013-07-20 12:54:15    239 263.8 155.7 156.8401 6.524722e-05  0.393429952 0.1793534
18 2013-07-20 12:54:30    240 263.8 155.4 156.5449 6.524722e-05  0.098260870 0.1793534
19 2013-07-20 12:54:45    241 263.8 155.3 156.4498 6.524722e-05  0.003091787 0.1793534
20 2013-07-20 12:55:00    242 263.8 154.9 156.0546 6.524722e-05 -0.392077295 0.1793534
21 2013-07-20 12:55:15    243 263.8 154.9 156.0594 6.524722e-05 -0.387246377 0.1793534
22 2013-07-20 12:55:30    244 263.8 155.2 156.3643 6.524722e-05 -0.082415459 0.1793534
23 2013-07-20 12:55:45    245 263.8 155.5 156.6691 6.524722e-05  0.222415459 0.1793534

$dryragvolt
            timestamp record LWSmV  SEmV    CSEmV     CSEmV.sd   loadmV loadmV.sd
1 2013-07-20 12:46:45    209 403.3 239.8 240.7952 6.524722e-05 84.34850 0.1793534
2 2013-07-20 12:47:00    210 402.2 239.1 240.1000 6.524722e-05 83.65333 0.1793534
3 2013-07-20 12:47:15    211 400.9 239.1 240.1048 6.524722e-05 83.65816 0.1793534
4 2013-07-20 12:47:30    212 399.6 238.8 239.8097 6.524722e-05 83.36300 0.1793534
5 2013-07-20 12:47:45    213 398.6 238.7 239.7145 6.524722e-05 83.26783 0.1793534
6 2013-07-20 12:48:00    214 397.3 238.6 239.6193 6.524722e-05 83.17266 0.1793534

$wetragvolt
            timestamp record LWSmV  SEmV    CSEmV     CSEmV.sd   loadmV loadmV.sd
1 2013-07-20 12:48:45    217 266.6 241.3 242.3338 6.524722e-05 85.88715 0.1793534
2 2013-07-20 12:49:00    218 265.9 241.1 242.1386 6.524722e-05 85.69198 0.1793534
3 2013-07-20 12:49:15    219 265.4 241.0 242.0435 6.524722e-05 85.59681 0.1793534
4 2013-07-20 12:49:30    220 265.1 240.8 241.8483 6.524722e-05 85.40164 0.1793534
5 2013-07-20 12:49:45    221 265.1 241.0 242.0531 6.524722e-05 85.60647 0.1793534

$rundata
              timestamp record LWSmV  SEmV    CSEmV     CSEmV.sd    loadmV loadmV.sd     watermass watermass.sd surfacedensity surfacedensity.sd runfilter      LWSwater LWSwater.stdev LWSsurfacedensity LWSsurfacedensity.stdev
1   2013-07-20 11:58:15     15 262.5 163.8 163.8580 6.524722e-05  7.411304 0.1793534 -0.0105232941  0.008324388  -6.356231e-04      0.0005028058         0 -0.0054914743    0.001302750     -1.687607e-04            4.003533e-05
2   2013-07-20 11:58:30     16 262.8 163.9 163.9628 6.524722e-05  7.516135 0.1793534 -0.0059769677  0.008324514  -3.610180e-04      0.0005028134         0 -0.0051859684    0.001300740     -1.593721e-04            3.997357e-05
3   2013-07-20 11:58:45     17 263.1 163.9 163.9676 6.524722e-05  7.520966 0.1793534 -0.0057674596  0.008324520  -3.483634e-04      0.0005028137         0 -0.0048804625    0.001298735     -1.499835e-04            3.991196e-05
4   2013-07-20 11:59:00     18 263.1 163.9 163.9725 6.524722e-05  7.525797 0.1793534 -0.0055579514  0.008324526  -3.357088e-04      0.0005028141         0 -0.0048804625    0.001298735     -1.499835e-04            3.991196e-05
5   2013-07-20 11:59:15     19 263.1 163.9 163.9773 6.524722e-05  7.530628 0.1793534 -0.0053484433  0.008324531  -3.230542e-04      0.0005028144         0 -0.0048804625    0.001298735     -1.499835e-04            3.991196e-05
6   2013-07-20 11:59:30     20 263.4 163.8 163.8821 6.524722e-05  7.435459 0.1793534 -0.0094757535  0.008324417  -5.723500e-04      0.0005028075         0 -0.0045749565    0.001296735     -1.405949e-04            3.985048e-05
7   2013-07-20 11:59:45     21 263.8 163.9 163.9870 6.524722e-05  7.540290 0.1793534 -0.0049294270  0.008324543  -2.977449e-04      0.0005028152         0 -0.0041676153    0.001294075     -1.280767e-04            3.976874e-05
8   2013-07-20 12:00:00     22 264.1 163.7 163.7918 6.524722e-05  7.345121 0.1793534 -0.0133935556  0.008324310  -8.089913e-04      0.0005028011         0 -0.0038621094    0.001292086     -1.186881e-04            3.970761e-05
9   2013-07-20 12:00:15     23 264.7 163.8 163.8966 6.524722e-05  7.449952 0.1793534 -0.0088472291  0.008324434  -5.343862e-04      0.0005028086         0 -0.0032510975    0.001288121     -9.991080e-05            3.958577e-05
10  2013-07-20 12:00:30     24 265.1 163.7 163.8014 6.524722e-05  7.354783 0.1793534 -0.0129745393  0.008324321  -7.836820e-04      0.0005028018         0 -0.0028437563    0.001285489     -8.739263e-05            3.950488e-05
11  2013-07-20 12:00:45     25 265.6 163.8 163.9063 6.524722e-05  7.459614 0.1793534 -0.0084282128  0.008324446  -5.090770e-04      0.0005028093         0 -0.0023345797    0.001282210     -7.174492e-05            3.940413e-05
12  2013-07-20 12:01:00     26 266.2 163.8 163.9111 6.524722e-05  7.464444 0.1793534 -0.0082187047  0.008324452  -4.964224e-04      0.0005028096         0 -0.0017235679    0.001278294     -5.296767e-05            3.928377e-05
13  2013-07-20 12:01:15     27 266.8 164.0 164.1159 6.524722e-05  7.669275 0.1793534  0.0006644401  0.008324700   4.013320e-05      0.0005028247         0 -0.0011125560    0.001274397     -3.419041e-05            3.916402e-05
14  2013-07-20 12:01:30     28 267.4 163.9 164.0208 6.524722e-05  7.574106 0.1793534 -0.0034628701  0.008324584  -2.091627e-04      0.0005028176         0 -0.0005015442    0.001270520     -1.541316e-05            3.904488e-05
15  2013-07-20 12:01:45     29 268.1 163.8 163.9256 6.524722e-05  7.478937 0.1793534 -0.0075901803  0.008324469  -4.584585e-04      0.0005028107         0  0.0002113030    0.001266023      6.493639e-06            3.890666e-05
16  2013-07-20 12:02:00     30 268.7 163.9 164.0304 6.524722e-05  7.583768 0.1793534 -0.0030438539  0.008324596  -1.838534e-04      0.0005028183         0  0.0008223149    0.001262189      2.527089e-05            3.878885e-05
17  2013-07-20 12:02:15     31 269.4 163.9 164.0353 6.524722e-05  7.588599 0.1793534 -0.0028343457  0.008324602  -1.711988e-04      0.0005028187         0  0.0015351620    0.001257743      4.717769e-05            3.865220e-05
18  2013-07-20 12:02:30     32 270.1 164.1 164.2401 6.524722e-05  7.793430 0.1793534  0.0060487991  0.008324854   3.653567e-04      0.0005028340         0  0.0022480092    0.001253324      6.908449e-05            3.851641e-05
19  2013-07-20 12:02:45     33 270.9 164.2 164.3449 6.524722e-05  7.898261 0.1793534  0.0105951255  0.008324986   6.399618e-04      0.0005028419         0  0.0030626917    0.001248309      9.412083e-05            3.836229e-05
20  2013-07-20 12:03:00     34 271.6 164.2 164.3498 6.524722e-05  7.903092 0.1793534  0.0108046336  0.008324992   6.526164e-04      0.0005028423         0  0.0037755389    0.001243951      1.160276e-04            3.822838e-05
21  2013-07-20 12:03:15     35 272.3 164.3 164.4546 6.524722e-05  8.007923 0.1793534  0.0153509601  0.008325126   9.272215e-04      0.0005028504         0  0.0044883860    0.001239623      1.379344e-04            3.809535e-05
22  2013-07-20 12:03:30     36 273.0 164.2 164.3594 6.524722e-05  7.912754 0.1793534  0.0112236499  0.008325005   6.779256e-04      0.0005028430         0  0.0052012332    0.001235323      1.598412e-04            3.796323e-05
23  2013-07-20 12:03:45     37 273.7 164.5 164.6643 6.524722e-05  8.217585 0.1793534  0.0244436130  0.008325399   1.476432e-03      0.0005028668         0  0.0059140804    0.001231054      1.817480e-04            3.783201e-05
24  2013-07-20 12:04:00     38 274.5 164.4 164.5691 6.524722e-05  8.122415 0.1793534  0.0203163028  0.008325274   1.227136e-03      0.0005028593         0  0.0067287628    0.001226210      2.067844e-04            3.768317e-05
25  2013-07-20 12:04:15     39 275.2 164.3 164.4739 6.524722e-05  8.027246 0.1793534  0.0161889926  0.008325151   9.778400e-04      0.0005028519         0  0.0074416100    0.001222005      2.286911e-04            3.755393e-05
26  2013-07-20 12:04:30     40 275.9 164.5 164.6787 6.524722e-05  8.232077 0.1793534  0.0250721374  0.008325418   1.514396e-03      0.0005028680         1  0.0081544572    0.001217830      2.505979e-04            3.742563e-05
27  2013-07-20 12:04:45     41 276.7 164.4 164.5836 6.524722e-05  8.136908 0.1793534  0.0209448272  0.008325293   1.265100e-03      0.0005028605         0  0.0089691397    0.001213097      2.756343e-04            3.728017e-05
28  2013-07-20 12:05:00     42 277.4 164.5 164.6884 6.524722e-05  8.241739 0.1793534  0.0254911537  0.008325431   1.539705e-03      0.0005028688         1  0.0096819868    0.001208988      2.975411e-04            3.715391e-05
29  2013-07-20 12:05:15     43 278.1 164.4 164.5932 6.524722e-05  8.146570 0.1793534  0.0213638435  0.008325306   1.290409e-03      0.0005028612         0  0.0103948340    0.001204911      3.194479e-04            3.702862e-05
30  2013-07-20 12:05:30     44 278.9 164.5 164.6981 6.524722e-05  8.251401 0.1793534  0.0259101699  0.008325444   1.565014e-03      0.0005028695         1  0.0112095165    0.001200291      3.444842e-04            3.688663e-05
31  2013-07-20 12:05:45     45 279.6 164.6 164.8029 6.524722e-05  8.356232 0.1793534  0.0304564964  0.008325583   1.839619e-03      0.0005028780         1  0.0119223636    0.001196283      3.663910e-04            3.676345e-05
32  2013-07-20 12:06:00     46 280.3 164.4 164.6077 6.524722e-05  8.161063 0.1793534  0.0219923679  0.008325325   1.328373e-03      0.0005028624         0  0.0126352108    0.001192307      3.882978e-04            3.664128e-05
33  2013-07-20 12:06:15     47 281.1 164.3 164.5126 6.524722e-05  8.065894 0.1793534  0.0178650577  0.008325201   1.079077e-03      0.0005028549         0  0.0134498933    0.001187804      4.133342e-04            3.650288e-05
34  2013-07-20 12:06:30     48 281.8 164.4 164.6174 6.524722e-05  8.170725 0.1793534  0.0224113841  0.008325337   1.353682e-03      0.0005028631         1  0.0141627405    0.001183899      4.352409e-04            3.638288e-05
35  2013-07-20 12:06:45     49 282.6 164.4 164.6222 6.524722e-05  8.175556 0.1793534  0.0226208923  0.008325344   1.366337e-03      0.0005028635         1  0.0149774229    0.001179477      4.602773e-04            3.624700e-05
36  2013-07-20 12:07:00     50 283.3 164.4 164.6271 6.524722e-05  8.180386 0.1793534  0.0228304004  0.008325350   1.378991e-03      0.0005028639         1  0.0156902701    0.001175645      4.821841e-04            3.612922e-05
37  2013-07-20 12:07:15     51 284.0 164.2 164.4319 6.524722e-05  7.985217 0.1793534  0.0143662719  0.008325097   8.677448e-04      0.0005028486         0  0.0164031173    0.001171847      5.040909e-04            3.601250e-05
38  2013-07-20 12:07:30     52 284.7 164.2 164.4367 6.524722e-05  7.990048 0.1793534  0.0145757800  0.008325103   8.803994e-04      0.0005028490         0  0.0171159644    0.001168083      5.259977e-04            3.589684e-05
39  2013-07-20 12:07:45     53 285.5 164.2 164.4415 6.524722e-05  7.994879 0.1793534  0.0147852881  0.008325109   8.930541e-04      0.0005028494         0  0.0179306469    0.001163825      5.510340e-04            3.576597e-05
40  2013-07-20 12:08:00     54 286.3 164.0 164.2464 6.524722e-05  7.799710 0.1793534  0.0063211596  0.008324862   3.818077e-04      0.0005028344         0  0.0187453294    0.001159612      5.760704e-04            3.563652e-05
41  2013-07-20 12:08:15     55 287.0 164.0 164.2512 6.524722e-05  7.804541 0.1793534  0.0065306678  0.008324868   3.944623e-04      0.0005028348         0  0.0194581766    0.001155965      5.979772e-04            3.552443e-05
42  2013-07-20 12:08:30     56 287.8 164.1 164.3560 6.524722e-05  7.909372 0.1793534  0.0110769942  0.008325000   6.690674e-04      0.0005028428         0  0.0202728590    0.001151841      6.230135e-04            3.539768e-05
43  2013-07-20 12:08:45     57 288.5 163.9 164.1609 6.524722e-05  7.714203 0.1793534  0.0026128657  0.008324756   1.578211e-04      0.0005028280         0  0.0209857062    0.001148271      6.449203e-04            3.528798e-05
44  2013-07-20 12:09:00     58 289.2 164.1 164.3657 6.524722e-05  7.919034 0.1793534  0.0114960105  0.008325013   6.943766e-04      0.0005028435         0  0.0216985534    0.001144738      6.668271e-04            3.517941e-05
45  2013-07-20 12:09:15     59 289.9 164.1 164.3705 6.524722e-05  7.923865 0.1793534  0.0117055186  0.008325019   7.070313e-04      0.0005028439         0  0.0224114006    0.001141242      6.887339e-04            3.507198e-05
46  2013-07-20 12:09:30     60 290.7 163.8 164.0754 6.524722e-05  7.628696 0.1793534 -0.0010954282  0.008324651  -6.616554e-05      0.0005028216         0  0.0232260830    0.001137293      7.137702e-04            3.495061e-05
47  2013-07-20 12:09:45     61 291.4 164.2 164.4802 6.524722e-05  8.033527 0.1793534  0.0164613532  0.008325159   9.942909e-04      0.0005028524         0  0.0239389302    0.001133878      7.356770e-04            3.484566e-05
48  2013-07-20 12:10:00     62 292.2 164.1 164.3850 6.524722e-05  7.938357 0.1793534  0.0123340430  0.008325037   7.449951e-04      0.0005028450         0  0.0247536127    0.001130022      7.607134e-04            3.472716e-05
49  2013-07-20 12:10:15     63 292.9 164.5 164.7899 6.524722e-05  8.343188 0.1793534  0.0298908244  0.008325566   1.805452e-03      0.0005028769         1  0.0254664598    0.001126689      7.826202e-04            3.462474e-05
50  2013-07-20 12:10:30     64 293.7 164.2 164.4947 6.524722e-05  8.048019 0.1793534  0.0170898776  0.008325178   1.032255e-03      0.0005028535         0  0.0262811423    0.001122928      8.076565e-04            3.450915e-05
51  2013-07-20 12:10:45     65 294.5 164.5 164.7995 6.524722e-05  8.352850 0.1793534  0.0303098407  0.008325579   1.830761e-03      0.0005028777         1  0.0270958248    0.001119218      8.326928e-04            3.439515e-05
52  2013-07-20 12:11:00     66 295.2 164.4 164.7043 6.524722e-05  8.257681 0.1793534  0.0261825305  0.008325452   1.581465e-03      0.0005028700         1  0.0278086720    0.001116015      8.545996e-04            3.429670e-05
53  2013-07-20 12:11:15     67 296.0 164.4 164.7092 6.524722e-05  8.262512 0.1793534  0.0263920386  0.008325458   1.594120e-03      0.0005028704         1  0.0286233544    0.001112403      8.796360e-04            3.418570e-05
54  2013-07-20 12:11:30     68 296.7 164.5 164.8140 6.524722e-05  8.367343 0.1793534  0.0309383651  0.008325598   1.868725e-03      0.0005028789         1  0.0293362016    0.001109285      9.015428e-04            3.408990e-05
55  2013-07-20 12:11:45     69 297.6 164.0 164.3188 6.524722e-05  7.872174 0.1793534  0.0094637816  0.008324953   5.716269e-04      0.0005028399         0  0.0302527194    0.001105338      9.297086e-04            3.396858e-05
56  2013-07-20 12:12:00     70 298.2 164.4 164.7237 6.524722e-05  8.277005 0.1793534  0.0270205630  0.008325478   1.632083e-03      0.0005028716         1  0.0308637313    0.001102744      9.484859e-04            3.388887e-05
57  2013-07-20 12:12:15     71 299.0 164.6 164.9285 6.524722e-05  8.481836 0.1793534  0.0359037078  0.008325753   2.168639e-03      0.0005028882         1  0.0316784137    0.001099333      9.735222e-04            3.378404e-05
58  2013-07-20 12:12:30     72 299.8 164.8 165.1333 6.524722e-05  8.686667 0.1793534  0.0447868526  0.008326035   2.705194e-03      0.0005029053         1  0.0324930962    0.001095976      9.985586e-04            3.368089e-05
59  2013-07-20 12:12:45     73 300.5 164.6 164.9382 6.524722e-05  8.491498 0.1793534  0.0363227241  0.008325766   2.193948e-03      0.0005028890         1  0.0332059434    0.001093085      1.020465e-03            3.359203e-05
60  2013-07-20 12:13:00     74 301.3 164.8 165.1430 6.524722e-05  8.696329 0.1793534  0.0452058688  0.008326048   2.730504e-03      0.0005029061         1  0.0340206259    0.001089833      1.045502e-03            3.349209e-05
61  2013-07-20 12:13:15     75 302.1 164.3 164.6478 6.524722e-05  8.201159 0.1793534  0.0237312854  0.008325377   1.433406e-03      0.0005028655         1  0.0348353083    0.001086636      1.070538e-03            3.339387e-05
62  2013-07-20 12:13:30     76 302.9 164.8 165.1527 6.524722e-05  8.705990 0.1793534  0.0456248851  0.008326062   2.755813e-03      0.0005029069         1  0.0356499908    0.001083497      1.095574e-03            3.329739e-05
63  2013-07-20 12:13:45     77 303.6 164.5 164.8575 6.524722e-05  8.410821 0.1793534  0.0328239383  0.008325657   1.982616e-03      0.0005028824         1  0.0363628380    0.001080797      1.117481e-03            3.321442e-05
64  2013-07-20 12:14:00     78 304.3 164.9 165.2623 6.524722e-05  8.815652 0.1793534  0.0503807197  0.008326216   3.043073e-03      0.0005029162         1  0.0370756852    0.001078141      1.139388e-03            3.313280e-05
65  2013-07-20 12:14:15     79 305.1 164.9 165.2671 6.524722e-05  8.820483 0.1793534  0.0505902278  0.008326223   3.055727e-03      0.0005029166         1  0.0378903676    0.001075160      1.164424e-03            3.304119e-05
66  2013-07-20 12:14:30     80 305.8 164.7 165.0720 6.524722e-05  8.625314 0.1793534  0.0421260993  0.008325950   2.544481e-03      0.0005029001         1  0.0386032148    0.001072600      1.186331e-03            3.296251e-05
67  2013-07-20 12:14:45     81 306.6 164.8 165.1768 6.524722e-05  8.730145 0.1793534  0.0466724258  0.008326095   2.819086e-03      0.0005029089         1  0.0394178973    0.001069729      1.211367e-03            3.287429e-05
68  2013-07-20 12:15:00     82 307.4 164.8 165.1816 6.524722e-05  8.734976 0.1793534  0.0468819339  0.008326102   2.831741e-03      0.0005029093         1  0.0402325798    0.001066918      1.236404e-03            3.278790e-05
69  2013-07-20 12:15:15     83 308.3 164.7 165.0865 6.524722e-05  8.639807 0.1793534  0.0427546237  0.008325970   2.582445e-03      0.0005029013         1  0.0411490976    0.001063827      1.264570e-03            3.269291e-05
70  2013-07-20 12:15:30     84 308.8 164.5 164.8913 6.524722e-05  8.444638 0.1793534  0.0342904952  0.008325702   2.071198e-03      0.0005028852         1  0.0416582741    0.001062143      1.280217e-03            3.264115e-05
71  2013-07-20 12:15:45     85 309.6 164.6 164.9961 6.524722e-05  8.549469 0.1793534  0.0388368216  0.008325845   2.345804e-03      0.0005028938         1  0.0424729566    0.001059498      1.305254e-03            3.255986e-05
72  2013-07-20 12:16:00     86 310.3 164.3 164.7010 6.524722e-05  8.254300 0.1793534  0.0260358748  0.008325447   1.572607e-03      0.0005028698         1  0.0431858037    0.001057233      1.327161e-03            3.249027e-05
73  2013-07-20 12:16:15     87 311.1 164.7 165.1058 6.524722e-05  8.659130 0.1793534  0.0435926562  0.008325996   2.633063e-03      0.0005029029         1  0.0440004862    0.001054703      1.352197e-03            3.241251e-05
74  2013-07-20 12:16:30     88 311.8 164.3 164.7106 6.524722e-05  8.263961 0.1793534  0.0264548911  0.008325460   1.597916e-03      0.0005028705         1  0.0447133334    0.001052540      1.374104e-03            3.234603e-05
75  2013-07-20 12:16:45     89 312.6 164.5 164.9155 6.524722e-05  8.468792 0.1793534  0.0353380358  0.008325735   2.134471e-03      0.0005028871         1  0.0455280159    0.001050126      1.399140e-03            3.227186e-05
76  2013-07-20 12:17:00     90 313.3 164.3 164.7203 6.524722e-05  8.273623 0.1793534  0.0268739073  0.008325473   1.623225e-03      0.0005028713         1  0.0462408630    0.001048066      1.421047e-03            3.220854e-05
77  2013-07-20 12:17:15     91 314.1 164.4 164.8251 6.524722e-05  8.378454 0.1793534  0.0314202338  0.008325613   1.897830e-03      0.0005028798         1  0.0470555455    0.001045771      1.446083e-03            3.213800e-05
78  2013-07-20 12:17:30     92 314.9 164.4 164.8300 6.524722e-05  8.383285 0.1793534  0.0316297419  0.008325619   1.910485e-03      0.0005028802         1  0.0478702280    0.001043539      1.471119e-03            3.206942e-05
79  2013-07-20 12:17:45     93 315.6 164.2 164.6348 6.524722e-05  8.188116 0.1793534  0.0231656134  0.008325360   1.399239e-03      0.0005028645         1  0.0485830752    0.001041639      1.493026e-03            3.201102e-05
80  2013-07-20 12:18:00     94 316.3 164.5 164.9396 6.524722e-05  8.492947 0.1793534  0.0363855765  0.008325768   2.197745e-03      0.0005028891         1  0.0492959223    0.001039788      1.514933e-03            3.195414e-05
81  2013-07-20 12:18:15     95 317.0 164.3 164.7444 6.524722e-05  8.297778 0.1793534  0.0279214480  0.008325505   1.686498e-03      0.0005028733         1  0.0500087695    0.001037986      1.536840e-03            3.189878e-05
82  2013-07-20 12:18:30     96 317.8 164.5 164.9493 6.524722e-05  8.502609 0.1793534  0.0368045928  0.008325781   2.223054e-03      0.0005028899         1  0.0508234520    0.001035988      1.561876e-03            3.183738e-05
83  2013-07-20 12:18:45     97 318.5 164.3 164.7541 6.524722e-05  8.307440 0.1793534  0.0283404642  0.008325518   1.711807e-03      0.0005028740         1  0.0515362992    0.001034294      1.583783e-03            3.178531e-05
84  2013-07-20 12:19:00     98 319.2 164.2 164.6589 6.524722e-05  8.212271 0.1793534  0.0242131541  0.008325392   1.462512e-03      0.0005028664         1  0.0522491463    0.001032650      1.605690e-03            3.173479e-05
85  2013-07-20 12:19:15     99 320.0 164.7 165.1638 6.524722e-05  8.717101 0.1793534  0.0461067538  0.008326077   2.784919e-03      0.0005029078         1  0.0530638288    0.001030833      1.630726e-03            3.167895e-05
86  2013-07-20 12:19:30    100 320.7 164.8 165.2686 6.524722e-05  8.821932 0.1793534  0.0506530803  0.008326225   3.059524e-03      0.0005029167         1  0.0537766760    0.001029298      1.652633e-03            3.163177e-05
87  2013-07-20 12:19:45    101 321.4 164.8 165.2734 6.524722e-05  8.826763 0.1793534  0.0508625884  0.008326231   3.072178e-03      0.0005029171         1  0.0544895231    0.001027814      1.674540e-03            3.158616e-05
88  2013-07-20 12:20:00    102 322.2 164.8 165.2783 6.524722e-05  8.831594 0.1793534  0.0510720965  0.008326238   3.084833e-03      0.0005029175         1  0.0553042056    0.001026180      1.699576e-03            3.153596e-05
89  2013-07-20 12:20:15    103 322.9 164.6 165.0831 6.524722e-05  8.636425 0.1793534  0.0426079680  0.008325965   2.573587e-03      0.0005029010         1  0.0560170528    0.001024806      1.721483e-03            3.149374e-05
90  2013-07-20 12:20:30    104 323.7 164.7 165.1879 6.524722e-05  8.741256 0.1793534  0.0471542945  0.008326111   2.848192e-03      0.0005029099         1  0.0568317353    0.001023299      1.746519e-03            3.144743e-05
91  2013-07-20 12:20:45    105 324.4 164.9 165.3928 6.524722e-05  8.946087 0.1793534  0.0560374392  0.008326401   3.384747e-03      0.0005029274         1  0.0575445824    0.001022037      1.768426e-03            3.140862e-05
92  2013-07-20 12:21:00    106 325.1 164.9 165.3976 6.524722e-05  8.950918 0.1793534  0.0562469474  0.008326408   3.397402e-03      0.0005029278         1  0.0582574296    0.001020826      1.790333e-03            3.137142e-05
93  2013-07-20 12:21:15    107 325.9 164.8 165.3024 6.524722e-05  8.855749 0.1793534  0.0521196372  0.008326273   3.148106e-03      0.0005029196         1  0.0590721121    0.001019507      1.815369e-03            3.133087e-05
94  2013-07-20 12:21:30    108 326.7 164.6 165.1072 6.524722e-05  8.660580 0.1793534  0.0436555087  0.008325998   2.636860e-03      0.0005029031         1  0.0598867946    0.001018256      1.840405e-03            3.129243e-05
95  2013-07-20 12:21:45    109 327.4 165.0 165.5121 6.524722e-05  9.065411 0.1793534  0.0612122901  0.008326574   3.697316e-03      0.0005029378         1  0.0605996417    0.001017218      1.862312e-03            3.126054e-05
96  2013-07-20 12:22:00    110 328.1 165.3 165.8169 6.524722e-05  9.370242 0.1793534  0.0744322532  0.008327024   4.495822e-03      0.0005029650         1  0.0613124889    0.001016233      1.884219e-03            3.123027e-05
97  2013-07-20 12:22:15    111 328.9 165.1 165.6217 6.524722e-05  9.175072 0.1793534  0.0659681247  0.008326734   3.984576e-03      0.0005029475         1  0.0621271714    0.001015172      1.909255e-03            3.119767e-05
98  2013-07-20 12:22:30    112 329.7 164.9 165.4266 6.524722e-05  8.979903 0.1793534  0.0575039962  0.008326450   3.473329e-03      0.0005029303         1  0.0629418539    0.001014181      1.934292e-03            3.116722e-05
99  2013-07-20 12:22:45    113 330.4 165.3 165.8314 6.524722e-05  9.384734 0.1793534  0.0750607776  0.008327046   4.533786e-03      0.0005029663         1  0.0636547010    0.001013371      1.956199e-03            3.114232e-05
100 2013-07-20 12:23:00    114 331.1 165.1 165.6362 6.524722e-05  9.189565 0.1793534  0.0665966491  0.008326755   4.022540e-03      0.0005029488         1  0.0643675482    0.001012615      1.978105e-03            3.111908e-05
101 2013-07-20 12:23:15    115 331.8 165.2 165.7411 6.524722e-05  9.294396 0.1793534  0.0711429755  0.008326911   4.297145e-03      0.0005029582         1  0.0650803954    0.001011912      2.000012e-03            3.109748e-05
102 2013-07-20 12:23:30    116 332.6 165.3 165.8459 6.524722e-05  9.399227 0.1793534  0.0756893020  0.008327068   4.571750e-03      0.0005029677         1  0.0658950778    0.001011175      2.025048e-03            3.107482e-05
103 2013-07-20 12:23:45    117 333.3 165.1 165.6507 6.524722e-05  9.204058 0.1793534  0.0672251735  0.008326777   4.060503e-03      0.0005029501         1  0.0666079250    0.001010587      2.046955e-03            3.105677e-05
104 2013-07-20 12:24:00    118 334.0 164.9 165.4556 6.524722e-05  9.008889 0.1793534  0.0587610449  0.008326492   3.549257e-03      0.0005029329         1  0.0673207722    0.001010054      2.068862e-03            3.104037e-05
105 2013-07-20 12:24:15    119 334.7 165.1 165.6604 6.524722e-05  9.213720 0.1793534  0.0676441897  0.008326791   4.085813e-03      0.0005029509         1  0.0680336193    0.001009574      2.090769e-03            3.102564e-05
106 2013-07-20 12:24:30    120 335.4 165.0 165.5652 6.524722e-05  9.118551 0.1793534  0.0635168795  0.008326651   3.836517e-03      0.0005029425         1  0.0687464665    0.001009149      2.112676e-03            3.101257e-05
107 2013-07-20 12:24:45    121 336.2 165.0 165.5700 6.524722e-05  9.123382 0.1793534  0.0637263877  0.008326658   3.849171e-03      0.0005029429         1  0.0695611490    0.001008729      2.137712e-03            3.099968e-05
108 2013-07-20 12:25:00    122 337.0 165.1 165.6749 6.524722e-05  9.228213 0.1793534  0.0682727141  0.008326813   4.123777e-03      0.0005029522         1  0.0703758315    0.001008381      2.162748e-03            3.098896e-05
109 2013-07-20 12:25:15    123 337.7 164.7 165.2797 6.524722e-05  8.833043 0.1793534  0.0511349490  0.008326240   3.088629e-03      0.0005029177         1  0.0710886786    0.001008134      2.184655e-03            3.098137e-05
110 2013-07-20 12:25:30    124 338.5 164.9 165.4845 6.524722e-05  9.037874 0.1793534  0.0600180937  0.008326534   3.625185e-03      0.0005029354         1  0.0719033611    0.001007918      2.209691e-03            3.097475e-05
111 2013-07-20 12:25:45    125 339.3 164.7 165.2894 6.524722e-05  8.842705 0.1793534  0.0515539652  0.008326254   3.113938e-03      0.0005029185         1  0.0727180436    0.001007774      2.234728e-03            3.097031e-05
112 2013-07-20 12:26:00    126 340.0 164.7 165.2942 6.524722e-05  8.847536 0.1793534  0.0517634733  0.008326261   3.126593e-03      0.0005029189         1  0.0734308908    0.001007706      2.256635e-03            3.096821e-05
113 2013-07-20 12:26:15    127 340.8 164.4 164.9990 6.524722e-05  8.552367 0.1793534  0.0389625265  0.008325849   2.353396e-03      0.0005028940         1  0.0742455732    0.001007694      2.281671e-03            3.096787e-05
114 2013-07-20 12:26:30    128 341.5 164.4 165.0039 6.524722e-05  8.557198 0.1793534  0.0391720346  0.008325856   2.366051e-03      0.0005028944         1  0.0749584204    0.001007743      2.303578e-03            3.096936e-05
115 2013-07-20 12:26:45    129 342.2 164.8 165.4087 6.524722e-05  8.962029 0.1793534  0.0567288161  0.008326424   3.426507e-03      0.0005029288         1  0.0756712676    0.001007846      2.325485e-03            3.097252e-05
116 2013-07-20 12:27:00    130 343.0 164.6 165.2135 6.524722e-05  8.766860 0.1793534  0.0482646876  0.008326147   2.915261e-03      0.0005029120         1  0.0764859501    0.001008030      2.350521e-03            3.097819e-05
117 2013-07-20 12:27:15    131 343.8 164.9 165.5184 6.524722e-05  9.071691 0.1793534  0.0614846507  0.008326583   3.713767e-03      0.0005029384         1  0.0773006325    0.001008286      2.375557e-03            3.098604e-05
118 2013-07-20 12:27:30    132 344.6 164.8 165.4232 6.524722e-05  8.976522 0.1793534  0.0573573405  0.008326445   3.464471e-03      0.0005029300         1  0.0781153150    0.001008612      2.400594e-03            3.099607e-05
119 2013-07-20 12:27:45    133 345.5 164.4 165.0280 6.524722e-05  8.581353 0.1793534  0.0402195753  0.008325889   2.429324e-03      0.0005028964         1  0.0790318328    0.001009064      2.428759e-03            3.100996e-05
120 2013-07-20 12:28:00    134 346.3 164.6 165.2329 6.524722e-05  8.786184 0.1793534  0.0491027201  0.008326174   2.965880e-03      0.0005029137         1  0.0798465153    0.001009541      2.453796e-03            3.102461e-05
121 2013-07-20 12:28:15    135 347.1 164.7 165.3377 6.524722e-05  8.891014 0.1793534  0.0536490465  0.008326323   3.240485e-03      0.0005029226         1  0.0806611978    0.001010089      2.478832e-03            3.104145e-05
122 2013-07-20 12:28:30    136 347.9 164.8 165.4425 6.524722e-05  8.995845 0.1793534  0.0581953730  0.008326473   3.515090e-03      0.0005029317         1  0.0814758802    0.001010707      2.503868e-03            3.106045e-05
123 2013-07-20 12:28:45    137 348.7 165.0 165.6473 6.524722e-05  9.200676 0.1793534  0.0670785178  0.008326772   4.051645e-03      0.0005029498         1  0.0822905627    0.001011396      2.528905e-03            3.108161e-05
124 2013-07-20 12:29:00    138 349.5 164.8 165.4522 6.524722e-05  9.005507 0.1793534  0.0586143892  0.008326487   3.540399e-03      0.0005029326         1  0.0831052452    0.001012155      2.553941e-03            3.110494e-05
125 2013-07-20 12:29:15    139 350.3 165.1 165.7570 6.524722e-05  9.310338 0.1793534  0.0718343523  0.008326935   4.338905e-03      0.0005029596         1  0.0839199277    0.001012984      2.578977e-03            3.113043e-05
126 2013-07-20 12:29:30    140 351.0 165.2 165.8618 6.524722e-05  9.415169 0.1793534  0.0763806788  0.008327092   4.613510e-03      0.0005029691         1  0.0846327748    0.001013767      2.600884e-03            3.115449e-05
127 2013-07-20 12:29:45    141 351.9 165.1 165.7667 6.524722e-05  9.320000 0.1793534  0.0722533686  0.008326949   4.364214e-03      0.0005029605         1  0.0855492926    0.001014853      2.629050e-03            3.118785e-05
128 2013-07-20 12:30:00    142 352.5 165.4 166.0715 6.524722e-05  9.624831 0.1793534  0.0854733317  0.008327412   5.162720e-03      0.0005029884         1  0.0861603045    0.001015625      2.647827e-03            3.121159e-05
129 2013-07-20 12:30:15    143 353.3 165.2 165.8763 6.524722e-05  9.429662 0.1793534  0.0770092032  0.008327114   4.651474e-03      0.0005029704         1  0.0869749870    0.001016716      2.672864e-03            3.124511e-05
130 2013-07-20 12:30:30    144 354.1 165.7 166.3812 6.524722e-05  9.934493 0.1793534  0.0989028029  0.008327898   5.973881e-03      0.0005030178         1  0.0877896694    0.001017876      2.697900e-03            3.128077e-05
131 2013-07-20 12:30:45    145 354.9 165.6 166.2860 6.524722e-05  9.839324 0.1793534  0.0947754927  0.008327747   5.724585e-03      0.0005030087         1  0.0886043519    0.001019105      2.722936e-03            3.131854e-05
132 2013-07-20 12:31:00    146 355.7 165.6 166.2908 6.524722e-05  9.844155 0.1793534  0.0949850009  0.008327754   5.737240e-03      0.0005030091         1  0.0894190344    0.001020403      2.747973e-03            3.135842e-05
133 2013-07-20 12:31:15    147 356.5 165.5 166.1957 6.524722e-05  9.748986 0.1793534  0.0908576907  0.008327605   5.487944e-03      0.0005030001         1  0.0902337169    0.001021769      2.773009e-03            3.140041e-05
134 2013-07-20 12:31:30    148 357.2 165.3 166.0005 6.524722e-05  9.553816 0.1793534  0.0823935622  0.008327303   4.976697e-03      0.0005029818         1  0.0909465640    0.001023021      2.794916e-03            3.143887e-05
135 2013-07-20 12:31:45    149 357.9 165.5 166.2053 6.524722e-05  9.758647 0.1793534  0.0912767070  0.008327620   5.513253e-03      0.0005030010         1  0.0916594112    0.001024324      2.816823e-03            3.147893e-05
136 2013-07-20 12:32:00    150 358.8 165.2 165.9101 6.524722e-05  9.463478 0.1793534  0.0784757601  0.008327165   4.740056e-03      0.0005029735         1  0.0925759290    0.001026077      2.844989e-03            3.153278e-05
137 2013-07-20 12:32:15    151 359.5 165.2 165.9150 6.524722e-05  9.468309 0.1793534  0.0786852682  0.008327172   4.752711e-03      0.0005029740         1  0.0932887762    0.001027498      2.866895e-03            3.157647e-05
138 2013-07-20 12:32:30    152 360.3 165.3 166.0198 6.524722e-05  9.573140 0.1793534  0.0832315947  0.008327332   5.027316e-03      0.0005029836         1  0.0941034586    0.001029186      2.891932e-03            3.162833e-05
139 2013-07-20 12:32:45    153 361.2 164.9 165.6246 6.524722e-05  9.177971 0.1793534  0.0660938295  0.008326738   3.992169e-03      0.0005029478         1  0.0950199764    0.001031164      2.920098e-03            3.168913e-05
140 2013-07-20 12:33:00    154 361.8 165.3 166.0295 6.524722e-05  9.582802 0.1793534  0.0836506110  0.008327347   5.052625e-03      0.0005029845         1  0.0956309883    0.001032530      2.938875e-03            3.173110e-05
141 2013-07-20 12:33:15    155 362.6 165.2 165.9343 6.524722e-05  9.487633 0.1793534  0.0795233008  0.008327202   4.803329e-03      0.0005029757         1  0.0964456708    0.001034409      2.963911e-03            3.178884e-05
142 2013-07-20 12:33:30    156 363.4 165.1 165.8391 6.524722e-05  9.392464 0.1793534  0.0753959906  0.008327058   4.554033e-03      0.0005029670         1  0.0972603533    0.001036353      2.988948e-03            3.184859e-05
143 2013-07-20 12:33:45    157 364.2 164.9 165.6440 6.524722e-05  9.197295 0.1793534  0.0669318621  0.008326767   4.042787e-03      0.0005029495         1  0.0980750357    0.001038363      3.013984e-03            3.191036e-05
144 2013-07-20 12:34:00    158 365.0 164.9 165.6488 6.524722e-05  9.202126 0.1793534  0.0671413702  0.008326774   4.055442e-03      0.0005029499         1  0.0988897182    0.001040438      3.039020e-03            3.197412e-05
145 2013-07-20 12:34:15    159 365.8 164.9 165.6536 6.524722e-05  9.206957 0.1793534  0.0673508783  0.008326781   4.068096e-03      0.0005029503         1  0.0997044007    0.001042577      3.064057e-03            3.203987e-05
146 2013-07-20 12:34:30    160 366.6 164.9 165.6585 6.524722e-05  9.211787 0.1793534  0.0675603865  0.008326788   4.080751e-03      0.0005029508         1  0.1005190832    0.001044781      3.089093e-03            3.210759e-05
147 2013-07-20 12:34:45    161 367.3 165.1 165.8633 6.524722e-05  9.416618 0.1793534  0.0764435312  0.008327094   4.617306e-03      0.0005029692         1  0.1012319303    0.001046762      3.111000e-03            3.216845e-05
148 2013-07-20 12:35:00    162 368.1 165.0 165.7681 6.524722e-05  9.321449 0.1793534  0.0723162211  0.008326951   4.368011e-03      0.0005029606         1  0.1020466128    0.001049084      3.136036e-03            3.223984e-05
149 2013-07-20 12:35:15    163 368.8 165.1 165.8729 6.524722e-05  9.426280 0.1793534  0.0768625475  0.008327109   4.642616e-03      0.0005029701         1  0.1027594600    0.001051169      3.157943e-03            3.230390e-05
150 2013-07-20 12:35:30    164 369.6 165.1 165.8778 6.524722e-05  9.431111 0.1793534  0.0770720556  0.008327116   4.655270e-03      0.0005029706         1  0.1035741425    0.001053610      3.182979e-03            3.237890e-05
151 2013-07-20 12:35:45    165 370.3 165.2 165.9826 6.524722e-05  9.535942 0.1793534  0.0816183821  0.008327275   4.929875e-03      0.0005029802         1  0.1042869896    0.001055796      3.204886e-03            3.244611e-05
152 2013-07-20 12:36:00    166 371.1 165.0 165.7874 6.524722e-05  9.340773 0.1793534  0.0731542536  0.008326980   4.418629e-03      0.0005029624         1  0.1051016721    0.001058353      3.229922e-03            3.252469e-05
153 2013-07-20 12:36:15    167 371.8 164.9 165.6923 6.524722e-05  9.245604 0.1793534  0.0690269434  0.008326838   4.169333e-03      0.0005029538         1  0.1058145193    0.001060641      3.251829e-03            3.259500e-05
154 2013-07-20 12:36:30    168 372.5 165.1 165.8971 6.524722e-05  9.450435 0.1793534  0.0779100882  0.008327145   4.705889e-03      0.0005029723         1  0.1065273664    0.001062976      3.273736e-03            3.266674e-05
155 2013-07-20 12:36:45    169 373.2 165.2 166.0019 6.524722e-05  9.555266 0.1793534  0.0824564146  0.008327305   4.980494e-03      0.0005029820         1  0.1072402136    0.001065357      3.295643e-03            3.273991e-05
156 2013-07-20 12:37:00    170 373.9 165.3 166.1068 6.524722e-05  9.660097 0.1793534  0.0870027411  0.008327467   5.255099e-03      0.0005029917         1  0.1079530608    0.001067784      3.317550e-03            3.281449e-05
157 2013-07-20 12:37:15    171 374.6 165.3 166.1116 6.524722e-05  9.664928 0.1793534  0.0872122492  0.008327474   5.267753e-03      0.0005029922         1  0.1086659080    0.001070256      3.339456e-03            3.289048e-05
158 2013-07-20 12:37:30    172 375.4 165.8 166.6164 6.524722e-05 10.169758 0.1793534  0.1091058489  0.008328277   6.590160e-03      0.0005030407         1  0.1094805904    0.001073138      3.364493e-03            3.297904e-05
159 2013-07-20 12:37:45    173 376.2 165.5 166.3213 6.524722e-05  9.874589 0.1793534  0.0963049021  0.008327802   5.816964e-03      0.0005030120         1  0.1102952729    0.001076078      3.389529e-03            3.306940e-05
160 2013-07-20 12:38:00    174 376.9 165.8 166.6261 6.524722e-05 10.179420 0.1793534  0.1095248652  0.008328292   6.615470e-03      0.0005030416         1  0.1110081201    0.001078699      3.411436e-03            3.314995e-05
161 2013-07-20 12:38:15    175 377.6 165.8 166.6309 6.524722e-05 10.184251 0.1793534  0.1097343733  0.008328300   6.628124e-03      0.0005030421         1  0.1117209672    0.001081365      3.433343e-03            3.323185e-05
162 2013-07-20 12:38:30    176 378.3 165.5 166.3357 6.524722e-05  9.889082 0.1793534  0.0969334265  0.008327825   5.854927e-03      0.0005030134         1  0.1124338144    0.001084074      3.455249e-03            3.331511e-05
163 2013-07-20 12:38:45    177 379.2 165.8 166.6406 6.524722e-05 10.193913 0.1793534  0.1101533896  0.008328316   6.653433e-03      0.0005030431         1  0.1133503322    0.001087621      3.483415e-03            3.342414e-05
164 2013-07-20 12:39:00    178 379.9 165.6 166.4454 6.524722e-05  9.998744 0.1793534  0.1016892611  0.008328000   6.142187e-03      0.0005030240         1  0.1140631794    0.001090430      3.505322e-03            3.351046e-05
165 2013-07-20 12:39:15    179 380.7 165.8 166.6502 6.524722e-05 10.203575 0.1793534  0.1105724059  0.008328332   6.678743e-03      0.0005030440         1  0.1148778618    0.001093693      3.530358e-03            3.361072e-05
166 2013-07-20 12:39:30    180 381.5 165.8 166.6551 6.524722e-05 10.208406 0.1793534  0.1107819140  0.008328340   6.691397e-03      0.0005030445         1  0.1156925443    0.001097011      3.555395e-03            3.371270e-05
167 2013-07-20 12:39:45    181 382.2 166.0 166.8599 6.524722e-05 10.413237 0.1793534  0.1196650588  0.008328678   7.227953e-03      0.0005030649         1  0.1164053915    0.001099960      3.577302e-03            3.380331e-05
168 2013-07-20 12:40:00    182 383.1 165.4 166.2647 6.524722e-05  9.818068 0.1793534  0.0938536570  0.008327713   5.668905e-03      0.0005030066         1  0.1173219093    0.001103812      3.605467e-03            3.392171e-05
169 2013-07-20 12:40:15    183 383.9 165.8 166.6696 6.524722e-05 10.222899 0.1793534  0.1114104384  0.008328364   6.729361e-03      0.0005030459         1  0.1181365918    0.001107295      3.630504e-03            3.402872e-05
170 2013-07-20 12:40:30    184 384.8 165.5 166.3744 6.524722e-05  9.927729 0.1793534  0.0986094916  0.008327887   5.956164e-03      0.0005030171         1  0.1190531096    0.001111276      3.658670e-03            3.415108e-05
171 2013-07-20 12:40:45    185 385.4 165.1 165.9792 6.524722e-05  9.532560 0.1793534  0.0814717264  0.008327270   4.921017e-03      0.0005029799         1  0.1196641214    0.001113968      3.677447e-03            3.423379e-05
172 2013-07-20 12:41:00    186 386.3 165.5 166.3841 6.524722e-05  9.937391 0.1793534  0.0990285078  0.008327902   5.981474e-03      0.0005030180         1  0.1205806392    0.001118060      3.705613e-03            3.435957e-05
173 2013-07-20 12:41:15    187 387.1 165.5 166.3889 6.524722e-05  9.942222 0.1793534  0.0992380159  0.008327910   5.994128e-03      0.0005030185         1  0.1213953217    0.001121754      3.730649e-03            3.447308e-05
174 2013-07-20 12:41:30    188 387.8 165.4 166.2937 6.524722e-05  9.847053 0.1793534  0.0951107058  0.008327759   5.744832e-03      0.0005030094         1  0.1221081688    0.001125028      3.752556e-03            3.457369e-05
175 2013-07-20 12:41:45    189 388.9 165.4 166.2986 6.524722e-05  9.851884 0.1793534  0.0953202139  0.008327767   5.757487e-03      0.0005030099         1  0.1232283573    0.001130252      3.786981e-03            3.473423e-05
176 2013-07-20 12:42:00    190 389.8 165.3 166.2034 6.524722e-05  9.756715 0.1793534  0.0911929037  0.008327617   5.508191e-03      0.0005030008         1  0.1241448750    0.001134597      3.815147e-03            3.486776e-05
177 2013-07-20 12:42:15    191 390.6 165.6 166.5082 6.524722e-05 10.061546 0.1793534  0.1044128668  0.008328101   6.306697e-03      0.0005030301         1  0.1249595575    0.001138512      3.840183e-03            3.498808e-05
178 2013-07-20 12:42:30    192 391.5 165.3 166.2130 6.524722e-05  9.766377 0.1793534  0.0916119200  0.008327632   5.533500e-03      0.0005030017         1  0.1258760753    0.001142976      3.868349e-03            3.512525e-05
179 2013-07-20 12:42:45    193 392.5 165.5 166.4179 6.524722e-05  9.971208 0.1793534  0.1004950647  0.008327956   6.070056e-03      0.0005030213         1  0.1268944284    0.001148007      3.899644e-03            3.527988e-05
180 2013-07-20 12:43:00    194 393.3 165.3 166.2227 6.524722e-05  9.776039 0.1793534  0.0920309362  0.008327647   5.558810e-03      0.0005030026         1  0.1277091109    0.001152087      3.924681e-03            3.540526e-05
181 2013-07-20 12:43:15    195 394.3 165.6 166.5275 6.524722e-05 10.080870 0.1793534  0.1052508993  0.008328132   6.357316e-03      0.0005030320         1  0.1287274640    0.001157253      3.955976e-03            3.556403e-05
182 2013-07-20 12:43:30    196 395.3 165.5 166.4324 6.524722e-05  9.985700 0.1793534  0.1011235891  0.008327979   6.108020e-03      0.0005030227         1  0.1297458171    0.001162493      3.987272e-03            3.572505e-05
183 2013-07-20 12:43:45    197 396.1 165.4 166.3372 6.524722e-05  9.890531 0.1793534  0.0969962789  0.008327828   5.858724e-03      0.0005030135         1  0.1305604996    0.001166737      4.012308e-03            3.585547e-05
184 2013-07-20 12:44:00    198 397.0 165.1 166.0420 6.524722e-05  9.595362 0.1793534  0.0841953321  0.008327367   5.085527e-03      0.0005029857         1  0.1314770173    0.001171566      4.040474e-03            3.600388e-05
185 2013-07-20 12:44:15    199 398.0 165.5 166.4469 6.524722e-05 10.000193 0.1793534  0.1017521135  0.008328003   6.145984e-03      0.0005030241         1  0.1324953704    0.001176999      4.071769e-03            3.617084e-05
186 2013-07-20 12:44:30    200 398.8 165.6 166.5517 6.524722e-05 10.105024 0.1793534  0.1062984400  0.008328171   6.420589e-03      0.0005030343         1  0.1333100529    0.001181396      4.096806e-03            3.630595e-05
187 2013-07-20 12:44:45    201 399.9 165.6 166.5565 6.524722e-05 10.109855 0.1793534  0.1065079481  0.008328179   6.433243e-03      0.0005030348         1  0.1344302413    0.001187513      4.131231e-03            3.649394e-05
188 2013-07-20 12:45:00    202 401.0 165.2 166.1614 6.524722e-05  9.714686 0.1793534  0.0893701830  0.008327551   5.398096e-03      0.0005029969         1  0.1355504297    0.001193712      4.165655e-03            3.668446e-05
189 2013-07-20 12:45:15    203 402.0 165.8 166.7662 6.524722e-05 10.319517 0.1793534  0.1156006010  0.008328523   6.982453e-03      0.0005030555         1  0.1365687828    0.001199418      4.196951e-03            3.685981e-05
190 2013-07-20 12:45:30    204 403.0 165.7 166.6710 6.524722e-05 10.224348 0.1793534  0.1114732908  0.008328366   6.733158e-03      0.0005030461         1  0.1375871359    0.001205190      4.228246e-03            3.703719e-05

$dryleafvolt
            timestamp record LWSmV  SEmV    CSEmV     CSEmV.sd   loadmV loadmV.sd
1 2013-07-20 11:56:45      9 262.5 164.2 164.2290 6.524722e-05 7.782319 0.1793534
2 2013-07-20 11:57:00     10 262.5 164.1 164.1338 6.524722e-05 7.687150 0.1793534
3 2013-07-20 11:57:15     11 262.5 164.0 164.0386 6.524722e-05 7.591981 0.1793534
4 2013-07-20 11:57:30     12 262.5 164.1 164.1435 6.524722e-05 7.696812 0.1793534
5 2013-07-20 11:57:45     13 262.4 164.1 164.1483 6.524722e-05 7.701643 0.1793534
6 2013-07-20 11:58:00     14 262.5 164.1 164.1531 6.524722e-05 7.706473 0.1793534
7 2013-07-20 11:58:15     15 262.5 163.8 163.8580 6.524722e-05 7.411304 0.1793534

$runtime
Time difference of 47.25 mins

$startcalibvolt
            timestamp record LWSmV  SEmV    CSEmV     CSEmV.sd   loadmV loadmV.sd
1 2013-07-20 11:55:45      5 262.5 279.7 279.7097 6.524722e-05 123.2630 0.1793534
2 2013-07-20 11:56:00      6 262.4 279.2 279.2145 6.524722e-05 122.7678 0.1793534
3 2013-07-20 11:56:15      7 262.4 279.1 279.1193 6.524722e-05 122.6727 0.1793534

$endcalibvolt
[1] NA

$lastLWSvolt
[1] 397.3

$maxLWSvolt
[1] 405

$species
[1] "valleyoak"

$trial
[1] "1"

$replicate
[1] "1"

$isvertical
[1] FALSE

$conversionfactor
         avg        stdev
1 0.04336818 3.653964e-05

$LWSwatermass
        avg       stdev
1 0.0893196 0.004710555

$dryleafmass
        avg       stdev
1 0.3319381 0.002953168

$lwsmodel

Call:
lm(formula = LWSsurfacedensity ~ record, data = rd[rd$runfilter == 
    1, ])

Coefficients:
(Intercept)       record  
 -7.351e-04    2.391e-05  


$leafmodel

Call:
lm(formula = surfacedensity ~ record, data = rd[rd$runfilter == 
    1, ])

Coefficients:
(Intercept)       record  
 -4.349e-04    3.362e-05  


